2.684608861497750922e+02 2.685269797020407623e+02 2.659451861749949444e+02 2.686000688076603069e+02
2.530630945970498544e+02 2.536627037046241355e+02 2.512618943911230360e+02 2.544553333248884144e+02
2.578392397881573288e+02 2.590288156512143019e+02 2.568931654830225852e+02 2.593897743141142200e+02
2.672535628941618029e+02 2.678460838130998809e+02 2.656383669760102748e+02 2.680183968526801550e+02
2.862527444145534901e+02 2.869347949124709771e+02 2.849769331073801482e+02 2.870560786850477371e+02
2.474134656394432170e+02 2.474360110261550858e+02 2.467082446577920223e+02 2.478447505492065375e+02
2.578687806516468868e+02 2.581320791529911958e+02 2.565947338186002185e+02 2.575618395003844512e+02
2.517431690131686821e+02 2.517684310384759101e+02 2.511788145529194765e+02 2.519686465079942650e+02
2.510013998972988531e+02 2.508992615078943800e+02 2.499753991184309712e+02 2.513278992815016011e+02
2.706582424459693357e+02 2.717796231206381776e+02 2.685442597068055193e+02 2.712001038369288608e+02
2.766872361036733423e+02 2.774797145840905159e+02 2.744364003653295185e+02 2.766458073762094045e+02
2.824446077116187439e+02 2.823070440121546767e+02 2.801873280915062878e+02 2.821861789426071141e+02
2.847642587843226352e+02 2.840461480118134432e+02 2.814876072320108165e+02 2.853530850693733782e+02
2.501897965318314903e+02 2.498333057928282130e+02 2.495848484411523600e+02 2.506933073865157553e+02
2.653896212527504304e+02 2.652909225387353445e+02 2.632583164732494652e+02 2.655215911513072911e+02
2.495128386784084569e+02 2.493799321498713084e+02 2.486015245787655203e+02 2.497451784639180801e+02
2.929483491125010346e+02 2.933227115316071263e+02 2.925317748129284041e+02 2.934991417198241379e+02
2.560887524956494872e+02 2.563087254025240327e+02 2.549088526283481144e+02 2.567174169223166018e+02
2.508021042105971219e+02 2.508658316042008494e+02 2.499144789373403626e+02 2.516930174576564525e+02
2.532033103341922242e+02 2.536846027674790491e+02 2.526014373636780590e+02 2.539125838758263853e+02
2.589509523039891405e+02 2.588076504572986778e+02 2.571460759609534534e+02 2.591403419953505818e+02
2.501122651427647838e+02 2.506542742942566520e+02 2.498171685833979438e+02 2.503709212346741992e+02
2.667513986314010026e+02 2.677107261201659867e+02 2.640920488364158700e+02 2.672695453813811923e+02
2.549559119500680993e+02 2.555119297448933366e+02 2.533955321672156344e+02 2.550271647311608660e+02
2.518495542986065345e+02 2.518865436008695156e+02 2.505270795059288673e+02 2.529628114254986997e+02
2.475930413320531898e+02 2.480416984758901435e+02 2.474803522272239888e+02 2.479672068540708949e+02
2.561066311562751139e+02 2.567586797522494066e+02 2.540901534180041494e+02 2.566770740383195175e+02
2.491447321244032480e+02 2.485598738726916110e+02 2.485323384200024748e+02 2.489688139810948542e+02
2.978645367222058553e+02 2.968031264692215814e+02 2.959789742143334479e+02 2.965000056258846257e+02
2.611794483159706601e+02 2.616737032174543174e+02 2.587296345993992190e+02 2.617254148780226615e+02
2.966974359645607819e+02 2.968179853967511121e+02 2.955981365936526686e+02 2.963259361219162429e+02
2.515530744385584967e+02 2.518268637172669457e+02 2.509421380982685434e+02 2.519605884618452478e+02
2.542080260518456214e+02 2.544518587514666876e+02 2.529708284747226230e+02 2.557308738198392177e+02
2.487356635377381906e+02 2.482774683743302262e+02 2.477323937580165989e+02 2.491554770485952588e+02
2.495353312916392667e+02 2.495923998212332435e+02 2.488016202445529359e+02 2.499332710037068921e+02
2.853466795946955585e+02 2.860240224363274706e+02 2.837611674630048242e+02 2.859353973837757508e+02
2.674521502549372372e+02 2.679380935990427020e+02 2.650090958403048944e+02 2.678729307033050873e+02
2.459221696394198489e+02 2.459484287874274457e+02 2.451190359335977291e+02 2.464931014865898078e+02
2.804513768907118560e+02 2.804326375856715003e+02 2.780505832751176172e+02 2.796798583938008846e+02
2.573026549543791361e+02 2.582091932890576231e+02 2.561216130468956180e+02 2.576812875160532599e+02
2.590299550952473169e+02 2.590022467416016525e+02 2.568223735450790741e+02 2.598045398633944387e+02
2.521383579264870036e+02 2.525933111317464181e+02 2.518797587843241388e+02 2.531662313471451000e+02
2.658049350453055695e+02 2.658267285707202063e+02 2.629284936780605904e+02 2.657197142321969068e+02
2.488183262484118075e+02 2.489114309924574115e+02 2.482181157000234180e+02 2.494726746857629962e+02
2.562754627579686257e+02 2.559571356198790397e+02 2.545583029111955966e+02 2.567798065975967461e+02
2.766772484102110070e+02 2.772630984549939512e+02 2.737314809338781743e+02 2.758115750129870207e+02
2.547360884174077285e+02 2.562818046403035055e+02 2.539988398758551398e+02 2.559847133605137515e+02
2.539170677918276624e+02 2.549623873475835012e+02 2.522493081489257065e+02 2.557715662451399794e+02
2.549038575555523778e+02 2.544938019806799616e+02 2.538691883124285766e+02 2.551018351345027497e+02
2.487900653294497886e+02 2.482941077951765863e+02 2.482621698645559718e+02 2.491621782603467921e+02
2.485186359522179202e+02 2.490105035395115749e+02 2.484788693335529217e+02 2.492693025094208963e+02
2.497002909990941362e+02 2.502707922176815885e+02 2.492871482884439160e+02 2.505216180036462106e+02
2.596949326471995505e+02 2.595973668262431033e+02 2.579555464532654128e+02 2.601636763169769324e+02
2.580880753328044648e+02 2.582450285178795184e+02 2.557889343365272339e+02 2.593142184413658811e+02
2.480908303409349571e+02 2.489374979934223120e+02 2.479056963893519310e+02 2.487960407295516063e+02
2.492600533280176762e+02 2.497289877112658871e+02 2.486140786120490418e+02 2.499364583348522331e+02
2.497050583125934224e+02 2.500960976597430943e+02 2.489999542332491274e+02 2.500376779820666115e+02
2.532430150427405522e+02 2.536622062588870676e+02 2.524599522767866517e+02 2.541288257143131659e+02
2.493771759610891081e+02 2.495454827734999981e+02 2.489903848399470689e+02 2.492343576732586712e+02
2.528764114932592690e+02 2.532907776982038399e+02 2.525557468717358631e+02 2.534894709721060337e+02
2.577058179954009347e+02 2.583546278088309691e+02 2.569239084857249509e+02 2.582219762134011489e+02
2.473588412298796015e+02 2.475015479170992592e+02 2.469173431345021754e+02 2.477832613205696077e+02
2.707859948076233536e+02 2.711798818540759157e+02 2.691307678031610635e+02 2.717360198755658303e+02
2.675907162062980547e+02 2.681673398569374172e+02 2.651541257967696197e+02 2.683534713667050369e+02
2.628767235034385408e+02 2.625651625574521972e+02 2.607717052422086113e+02 2.635564407517390464e+02
2.517579673128403783e+02 2.518516630212359360e+02 2.504953014231880672e+02 2.525818590078541774e+02
2.594379304610660597e+02 2.593411788475664821e+02 2.578421631116296453e+02 2.612276890424254816e+02
2.678520441173741915e+02 2.679411714363476449e+02 2.648584447026861426e+02 2.680843687175541845e+02
2.756726087714006894e+02 2.763052741991949119e+02 2.731551218700602703e+02 2.764841619648763640e+02
2.540293201020195966e+02 2.543845113202715140e+02 2.530395737489599810e+02 2.545847546260236243e+02
2.949328790981020916e+02 2.939370917957479037e+02 2.927240364145557123e+02 2.933978297791452974e+02
2.515328811168942025e+02 2.519548489871861250e+02 2.502422867363742967e+02 2.525235925385150892e+02
2.511865660130989966e+02 2.513187787475149548e+02 2.505909042841796293e+02 2.516112404847684445e+02
2.488991285765251291e+02 2.494045046144820503e+02 2.482979593377407070e+02 2.501585940397301613e+02
2.476185670430989205e+02 2.479461033750583283e+02 2.474931674817252372e+02 2.481218752791838256e+02
2.497386474853162213e+02 2.496417385205564301e+02 2.491767402268134219e+02 2.501374393488282522e+02
2.563289619444811365e+02 2.570902670370745682e+02 2.551249824135116455e+02 2.570732144674731217e+02
2.743102094021946868e+02 2.750214460269771735e+02 2.729861118098980342e+02 2.739971425723636571e+02
2.473915511322831833e+02 2.478488962002425922e+02 2.472973713590060925e+02 2.478938375714441804e+02
2.694319910856063984e+02 2.700498983426321615e+02 2.671146053242002836e+02 2.697078387676257876e+02
2.487958085679299529e+02 2.485601385433326982e+02 2.480196586459078958e+02 2.491883739213020306e+02
2.508865255816212425e+02 2.506581366790212542e+02 2.497693940099647705e+02 2.509481403636078198e+02
2.510782091263488951e+02 2.509477734718892350e+02 2.503094594270700384e+02 2.513611392804836839e+02
2.648515122181547667e+02 2.659014645499020730e+02 2.626170590527626700e+02 2.658602186696364811e+02
2.513012560277572334e+02 2.511778520188856021e+02 2.506890767830082041e+02 2.514213572706273965e+02
2.501480625521178354e+02 2.502151507907543078e+02 2.498015812911655473e+02 2.505580465293857060e+02
2.900023525476669874e+02 2.912860815611057888e+02 2.869722133048159662e+02 2.897887327339374792e+02
2.479875709436360580e+02 2.475923867938552689e+02 2.472559660600416578e+02 2.478700230208505104e+02
2.736637138014897346e+02 2.742531588968020628e+02 2.711688611933701054e+02 2.742113008204548805e+02
2.893539496939544051e+02 2.899811871253487539e+02 2.870681164313616023e+02 2.900565715495447989e+02
2.556149851858511681e+02 2.558529611732047044e+02 2.548426944536678036e+02 2.566414607500984175e+02
2.516772145007373069e+02 2.515389519945529457e+02 2.511606298188078767e+02 2.529239253887147356e+02
2.544869628845256671e+02 2.547104779263354999e+02 2.536322686823000367e+02 2.551268217835748260e+02
2.583266885787938918e+02 2.584073368039454976e+02 2.559900669989619928e+02 2.588034297522947327e+02
2.531476390759881099e+02 2.535345912003389230e+02 2.514060221967336872e+02 2.536381369774718166e+02
2.525765772820908523e+02 2.531049077689135345e+02 2.521486827893532450e+02 2.530571900339240585e+02
2.888735362705186844e+02 2.896736411141376379e+02 2.874762489534373913e+02 2.880139840106770066e+02
2.772150945710983478e+02 2.783784792747628103e+02 2.751091360510817481e+02 2.787602259815408843e+02
2.794700478584008465e+02 2.800766842186137637e+02 2.764359935155471248e+02 2.811029674340961719e+02
2.666330409457422093e+02 2.672427191860482480e+02 2.655362074367390619e+02 2.672142982304094971e+02
2.697024754662752457e+02 2.703154111104850585e+02 2.665364429297210904e+02 2.715453676038139861e+02
2.532301225297707674e+02 2.534587321985832205e+02 2.525162448903926986e+02 2.537346946279908479e+02
2.492477439829883963e+02 2.495095050995388988e+02 2.480426071359135847e+02 2.493649089590211361e+02
2.742316154462195072e+02 2.743289581001561146e+02 2.709282199223570728e+02 2.738757536268366266e+02
2.812810398965418699e+02 2.809336238027844388e+02 2.791882294812634200e+02 2.832043012717971351e+02
2.496187035497838167e+02 2.497590667499563040e+02 2.486028479136787723e+02 2.501869379811709564e+02
2.544958861358988997e+02 2.547510970573085558e+02 2.535559506946451336e+02 2.544310320014073739e+02
2.476849541502238026e+02 2.481521398516140096e+02 2.476835410266453437e+02 2.485265049435686535e+02
2.505220904320691488e+02 2.506695642358006637e+02 2.503441987186527626e+02 2.504087006343277437e+02
2.702907440897287188e+02 2.714930965714348190e+02 2.689143197929703319e+02 2.722578300650764049e+02
2.911710516399630251e+02 2.906072378147231348e+02 2.894182788583561887e+02 2.904554201447797936e+02
2.536694310478830516e+02 2.537868129832194484e+02 2.531298402626225368e+02 2.543653945850464595e+02
2.514137235243423447e+02 2.518416420926330943e+02 2.511112421161337522e+02 2.521239447304883754e+02
2.470640795238540477e+02 2.464135633369948835e+02 2.462679876107929715e+02 2.474531395536733100e+02
2.483792873251619255e+02 2.486657812638126188e+02 2.481461082824827429e+02 2.490071362491445086e+02
2.570341252067959772e+02 2.568034001299729425e+02 2.552482583493381583e+02 2.571011074103400347e+02
2.547455955057775725e+02 2.555189315140194424e+02 2.528797954561702568e+02 2.557624954410158580e+02
2.551325664037458978e+02 2.554401813483887054e+02 2.538843647963142587e+02 2.559983135475429776e+02
2.518564806888466308e+02 2.517853692105354924e+02 2.511804841940191011e+02 2.523927675975533873e+02
2.481423829641161092e+02 2.487968868788720727e+02 2.481319480172128920e+02 2.488660590171635363e+02
2.471987946355567942e+02 2.474638833940070128e+02 2.465807892714332183e+02 2.476762868812270995e+02
2.891691241796891063e+02 2.892509704020018830e+02 2.877261587159467240e+02 2.899659032991219192e+02
2.526296057053500022e+02 2.525618106970691485e+02 2.517095179856943616e+02 2.528334347257775789e+02
2.563628530179336735e+02 2.563180793820588406e+02 2.555393093564119056e+02 2.568573357361805165e+02
2.527071528142436136e+02 2.529939612130092712e+02 2.521390050801326197e+02 2.534086281913517951e+02
2.675723639690654068e+02 2.675467077324020693e+02 2.646831606723169443e+02 2.685347995227587035e+02
2.501015924907375165e+02 2.503195257903917366e+02 2.493640025667492353e+02 2.504694753398560749e+02
2.647951999063420203e+02 2.640101692066949681e+02 2.621689154225741731e+02 2.638877857193534737e+02
2.940157447845554088e+02 2.938685212015714683e+02 2.920930652595582160e+02 2.944673779941114731e+02
2.535085923594249664e+02 2.539939896998121469e+02 2.528094923946255506e+02 2.548700900594339203e+02
2.864139051196806918e+02 2.876780257126224569e+02 2.845910069875989166e+02 2.866851343834497925e+02
2.601699384262940384e+02 2.599499004418447043e+02 2.583836180464348331e+02 2.606375756998072006e+02
2.488266989202107879e+02 2.492452034469964133e+02 2.485196719430856831e+02 2.492528519600237189e+02
2.560835640405169329e+02 2.560726262451748880e+02 2.550184822237119988e+02 2.564225931008310795e+02
2.584153796462874766e+02 2.585633508251819990e+02 2.560841249002690461e+02 2.588984151638574076e+02
2.490028914136571814e+02 2.489711129917241408e+02 2.477879728652753784e+02 2.499749777883397144e+02
2.520579275913120227e+02 2.522892436836235674e+02 2.513017252432740634e+02 2.525710889936528076e+02
2.627259176125373301e+02 2.636291856004338001e+02 2.608447746464154875e+02 2.644671494752408307e+02
2.526524977697514487e+02 2.526508028724736619e+02 2.516984940078301634e+02 2.532078341370685166e+02
2.545083380149821437e+02 2.548421168792276603e+02 2.529723965427981511e+02 2.553031995176802411e+02
2.878056426864791320e+02 2.882542400830955103e+02 2.862634009988509547e+02 2.881473588152998104e+02
2.652605350926772871e+02 2.648192932599237110e+02 2.632597529747462772e+02 2.652084791386586744e+02
2.502227121875133946e+02 2.510228418788321108e+02 2.496896312728298142e+02 2.506542657450364118e+02
2.634912079455930325e+02 2.634428410698890843e+02 2.617448490802212291e+02 2.638380810335105480e+02
2.720730850054620760e+02 2.716398671805160348e+02 2.702329527109598075e+02 2.712061093819879716e+02
2.732204184030784972e+02 2.732086436539422607e+02 2.709189607777218498e+02 2.738181289498843398e+02
2.492164585497262692e+02 2.494807157470760046e+02 2.491503225208249432e+02 2.500612270229332239e+02
2.526129634544102203e+02 2.528100893543707173e+02 2.515622147108068134e+02 2.539562942512448274e+02
2.456945643676876045e+02 2.459735263471747260e+02 2.454113263086266272e+02 2.467837044630210244e+02
2.486080344447109383e+02 2.487426468610344159e+02 2.482208990469609375e+02 2.489640329522563889e+02
2.535205189627557729e+02 2.537057739065798785e+02 2.526431096021171925e+02 2.543093417934677802e+02
2.552128142072382957e+02 2.559578924231649637e+02 2.543172911014090971e+02 2.566013198180818335e+02
2.543685424925644440e+02 2.546252220081756832e+02 2.535445990700807499e+02 2.551846431596948435e+02
2.532029815682055300e+02 2.533861603075972369e+02 2.521914915676222790e+02 2.539684466862543957e+02
2.492092153322748516e+02 2.489092857005631743e+02 2.484196414611141392e+02 2.499585304250820457e+02
2.564896275906731375e+02 2.567050208558706004e+02 2.555690487512385971e+02 2.567546137699516748e+02
2.538365400887309420e+02 2.535475942413238499e+02 2.526353432204647049e+02 2.540422860626384818e+02
2.679891801633683031e+02 2.676865564021919113e+02 2.659182198996709872e+02 2.681449613905071487e+02
2.560478923864500302e+02 2.567200800876520361e+02 2.552221840280251115e+02 2.571400393725317031e+02
2.735116414757677603e+02 2.740110885615485472e+02 2.714987137363788179e+02 2.731048040983797591e+02
2.550041445618628018e+02 2.554779561340978660e+02 2.543315864137139215e+02 2.558851006538054378e+02
2.487326990224408405e+02 2.488525165081269677e+02 2.480630586146778569e+02 2.489219614892019763e+02
2.493820624038035874e+02 2.492150376641495484e+02 2.486946840056057795e+02 2.493918150240094747e+02
2.456477050143416818e+02 2.461033531957333196e+02 2.456089161677637094e+02 2.463888751486327351e+02
2.488627397430717565e+02 2.492834407803484282e+02 2.480602770778316710e+02 2.488628374200737881e+02
2.723999061623814555e+02 2.720474346842246973e+02 2.704297514758693524e+02 2.721612516443332765e+02
2.493073027297926387e+02 2.490788518536912761e+02 2.487215941203457703e+02 2.496709248765887992e+02
2.877200737623300029e+02 2.881234877905041571e+02 2.871588705466232909e+02 2.885021826284071267e+02
2.485327131315998770e+02 2.489847592208416245e+02 2.487256747050320200e+02 2.493866456350274063e+02
2.677490841952509868e+02 2.683440565032746576e+02 2.659255052835615629e+02 2.689656817308149357e+02
2.500667943239407407e+02 2.504961733461333324e+02 2.487246304821643434e+02 2.505819076428181802e+02
2.522776890503404559e+02 2.522466793920633847e+02 2.518774216980809229e+02 2.526106935863610943e+02
2.530309879121028303e+02 2.536639416552623629e+02 2.519839925354314971e+02 2.537118244610040563e+02
2.561379757206457271e+02 2.568584527526908801e+02 2.552324794066781237e+02 2.572240554407719628e+02
2.675321060152257928e+02 2.682399417539792807e+02 2.653200350639389740e+02 2.684030778452979007e+02
2.772510209206208174e+02 2.758926382707612674e+02 2.741962784093919367e+02 2.761739938421702050e+02
2.630874294938932394e+02 2.621035331505738100e+02 2.608158215640315802e+02 2.635264308460216398e+02
2.525918675180825517e+02 2.533570943036615120e+02 2.523677307615343182e+02 2.535832395741690846e+02
2.544085409775866822e+02 2.542254441419817681e+02 2.530789355334349580e+02 2.549794462252368987e+02
2.489024374599460145e+02 2.492681445580223567e+02 2.483244372931851842e+02 2.497509986208245323e+02
2.720905269383119389e+02 2.738379098232707634e+02 2.706519947673390334e+02 2.734442504496036008e+02
2.674918377056256986e+02 2.683778531455580492e+02 2.653876595370435325e+02 2.685402123053767127e+02
2.497137379586261545e+02 2.496695866644033117e+02 2.490180576045899841e+02 2.503308040412096034e+02
2.502283025038974245e+02 2.508743508737502736e+02 2.500592198621620526e+02 2.504139992072019538e+02
2.489069592765289656e+02 2.490138184743508134e+02 2.481647419673261084e+02 2.494245352022223301e+02
2.533834203303088657e+02 2.527839384482325613e+02 2.519399168512088920e+02 2.535554967368848054e+02
2.511978205057061189e+02 2.510673503502030428e+02 2.508910771248857259e+02 2.514018556380246423e+02
2.561125370556645180e+02 2.563867741482439442e+02 2.549686526814695924e+02 2.570264259953867167e+02
2.496129161354285770e+02 2.500891607054190899e+02 2.484906898056907494e+02 2.501547957482992501e+02
2.818318780230918605e+02 2.829950526962316530e+02 2.799933125708832335e+02 2.823298217798392784e+02
2.631942860239856259e+02 2.636739933042612165e+02 2.614835028016475462e+02 2.647137672791401428e+02
2.553152466521938777e+02 2.548338539947531842e+02 2.537493829136209911e+02 2.561866982846548240e+02
2.476680829591044244e+02 2.475703741581082795e+02 2.470301279451724668e+02 2.485717201355551254e+02
2.471597184955390958e+02 2.478071160325456788e+02 2.469636749015157307e+02 2.479035615826478818e+02
2.492352866796292119e+02 2.493353480005721110e+02 2.485581939428788019e+02 2.500360351481047871e+02
2.882454397777767667e+02 2.890552208050971785e+02 2.872720592683742780e+02 2.895813754787700418e+02
2.488093956611543831e+02 2.488415832863865944e+02 2.486544898938738868e+02 2.489737347832579530e+02
2.571580180736776811e+02 2.584208365669156251e+02 2.557589468518984006e+02 2.585031264030459965e+02
2.527416650530420839e+02 2.529444902102307822e+02 2.515392443331130892e+02 2.529130942201327343e+02
2.499041476186440605e+02 2.499646998505122610e+02 2.486683537604695573e+02 2.504608461174179865e+02
2.510463587111875086e+02 2.511707233707662965e+02 2.503093818225700602e+02 2.512990385980378107e+02
2.793484368175937220e+02 2.802264479989543133e+02 2.777934005413490013e+02 2.820880667024538866e+02
2.493123697730979984e+02 2.494585943996415835e+02 2.488071850565225134e+02 2.496770958545272379e+02
2.514973973942470025e+02 2.520490872356415935e+02 2.503461676071553370e+02 2.521221325287338573e+02
2.543922041009303143e+02 2.551858002997855692e+02 2.532670711048626231e+02 2.554226366486838629e+02
2.580857214273938780e+02 2.582992233219595732e+02 2.564869469231256289e+02 2.586102301780672406e+02
2.691005904409463483e+02 2.689165635873461042e+02 2.667446548940515640e+02 2.697260576932873164e+02
2.544601916700086974e+02 2.548723947634955778e+02 2.520862185256949033e+02 2.543856681457936872e+02
2.482179566967440110e+02 2.481389816843466747e+02 2.469471599664147448e+02 2.483672622285081673e+02
2.595328936835082345e+02 2.598752183840433077e+02 2.575789029720025383e+02 2.594958972637680858e+02
2.956880492565090321e+02 2.944668201833711123e+02 2.948331094980308080e+02 2.941953539083606302e+02
2.926524548209849854e+02 2.927320522930170341e+02 2.920564554959136103e+02 2.937623109894691993e+02
2.758831962102228772e+02 2.759804823679886567e+02 2.732606112341183007e+02 2.756329340223146573e+02
2.746944309610798882e+02 2.754918514450460520e+02 2.722628083168290800e+02 2.767333688763141595e+02
2.494963382879879248e+02 2.498657375973164960e+02 2.493072565702715906e+02 2.497214910750215893e+02
2.577404044310536051e+02 2.589479753480040927e+02 2.569381491871744743e+02 2.588721393020243227e+02
2.506330816673952029e+02 2.510721387206606607e+02 2.507700931167622400e+02 2.513850238251089024e+02
2.727764172511210745e+02 2.740062037913979793e+02 2.707320524649759932e+02 2.736535627094676215e+02
2.633887780020749574e+02 2.640644919655769058e+02 2.617640329449886849e+02 2.650194672850833513e+02
2.684109814333825170e+02 2.680018034913314295e+02 2.660925346880763414e+02 2.690934633569041239e+02
2.592446058494734302e+02 2.602359007667357105e+02 2.577961192267501929e+02 2.604881146899751343e+02
2.583768598733454382e+02 2.585125517463817459e+02 2.564359029959388749e+02 2.593514982660855708e+02
2.842845782294320998e+02 2.856356720600173844e+02 2.816020127640458099e+02 2.851809788367390297e+02
2.513286540379936582e+02 2.516474860462874119e+02 2.513704652283676069e+02 2.518957433675099367e+02
2.508917355977966963e+02 2.509610440155925062e+02 2.503198219912376601e+02 2.516322744110048006e+02
2.509941669078304187e+02 2.506670980681172409e+02 2.499506539769813003e+02 2.506987334168193229e+02
2.485842916168046770e+02 2.493299981885169245e+02 2.481723163927123892e+02 2.489801290851183637e+02
2.547476582637998206e+02 2.555775155148054694e+02 2.535097981159371443e+02 2.563529710155922885e+02
2.695627793874622284e+02 2.712762816696323398e+02 2.670452752567498464e+02 2.706977115707025519e+02
2.760901335000527297e+02 2.754998107597545527e+02 2.728121124050260278e+02 2.767145299345807530e+02
2.619576270978869275e+02 2.616344068671993455e+02 2.604763995415807472e+02 2.628183868277771467e+02
2.518023988515849965e+02 2.524176546667456194e+02 2.511425187792959264e+02 2.525265899254749513e+02
2.532686609260796047e+02 2.530526468832131854e+02 2.516193364639748040e+02 2.532527880109387297e+02
2.593653240808275768e+02 2.605637717134512172e+02 2.580234846938444662e+02 2.609117895977587978e+02
2.526917195860108052e+02 2.529163224365219094e+02 2.524116235359526286e+02 2.526616124684638862e+02
2.819961904051303918e+02 2.800275805494673023e+02 2.785012694345403474e+02 2.809322656488401435e+02
2.516376850020581344e+02 2.515669423420198711e+02 2.511820112396616196e+02 2.521089539005367612e+02
2.623766123818565461e+02 2.624761628746061319e+02 2.598641992810011629e+02 2.631078941464964487e+02
2.652427091025803065e+02 2.645781811948983204e+02 2.632606278561852378e+02 2.651764000596779169e+02
2.721649397917063880e+02 2.723640978759086693e+02 2.691460712019245989e+02 2.727793051362830852e+02
2.493911896603148932e+02 2.500025472561831350e+02 2.483683133865443438e+02 2.494225626737726316e+02
2.709433013554947820e+02 2.715203037603247367e+02 2.688685259379202535e+02 2.711829265910565141e+02
2.549677963042543638e+02 2.556273433103925470e+02 2.534993827942285520e+02 2.560998929966766582e+02
2.606892931753857283e+02 2.613633706302770747e+02 2.593954617569866059e+02 2.619044051254503529e+02
2.507715766423967239e+02 2.507727788082949303e+02 2.501938775684807013e+02 2.513396801744931111e+02
2.487320377624737660e+02 2.491364358484695742e+02 2.481884110843857911e+02 2.487779707872353185e+02
2.495418222257115985e+02 2.497855936843204745e+02 2.492310002479079287e+02 2.499164246291346672e+02
2.554340787366051586e+02 2.552810295804948169e+02 2.545555806197036475e+02 2.557747146239539688e+02
2.582264145459742508e+02 2.590324740182473988e+02 2.574842964031885799e+02 2.593060285334512969e+02
2.578406290854568397e+02 2.586015806732254987e+02 2.568368566646722115e+02 2.586965890592104529e+02
2.756159063374345237e+02 2.766655018002005590e+02 2.734346546957961550e+02 2.773401620554811871e+02
2.937521315328036735e+02 2.939672774514306184e+02 2.927833506433025832e+02 2.948332914732816334e+02
2.466450553697590635e+02 2.472174732215916038e+02 2.468449390036226703e+02 2.472193554055582467e+02
2.481138979198592835e+02 2.487166841956829728e+02 2.476267290488726474e+02 2.486515872792292328e+02
2.564345662359970106e+02 2.571286025278776606e+02 2.540475067376365246e+02 2.567521040215946186e+02
2.922837850632284358e+02 2.923908688180900981e+02 2.919075276092152080e+02 2.922919869145089820e+02
2.476755964095224556e+02 2.477358084495579362e+02 2.471821800244632925e+02 2.484904008245026148e+02
2.706294240671276725e+02 2.709220052026524854e+02 2.670427154674203507e+02 2.702706581061277689e+02
2.485616582696674755e+02 2.485219802346086908e+02 2.476547809679405532e+02 2.490077566972286718e+02
2.507007422718184273e+02 2.508876034382078331e+02 2.501093957427602845e+02 2.512070482245281653e+02
2.489395171866816838e+02 2.492834237828650430e+02 2.486407507450049366e+02 2.494484060168747988e+02
2.499004337293137326e+02 2.498935363750835563e+02 2.492689525949542713e+02 2.504105333988755149e+02
2.502544292911535138e+02 2.505919390769772122e+02 2.501712662246279422e+02 2.507564735538242644e+02
2.893303043181919634e+02 2.902274098715660102e+02 2.879603891362322088e+02 2.896509552664934972e+02
2.606647031576319478e+02 2.609587021457267610e+02 2.593005660928403699e+02 2.618898299085972212e+02
2.484086720323917632e+02 2.488784255072172868e+02 2.480770789684215458e+02 2.491011735941079621e+02
2.808645986588227288e+02 2.819738712758796169e+02 2.773086382996887096e+02 2.817836630061948426e+02
2.570964125810649534e+02 2.577553005386590712e+02 2.556995367152917709e+02 2.578839702741286715e+02
2.503027862571960895e+02 2.499545283793195551e+02 2.497904310267246331e+02 2.503193566469935263e+02
2.489325384607092531e+02 2.490628184747513387e+02 2.487438945656558076e+02 2.492254595301419045e+02
2.504591131749589294e+02 2.508830650306146879e+02 2.500930564932801303e+02 2.510914450198806662e+02
2.503632942978144627e+02 2.512188505724024594e+02 2.498861511226381253e+02 2.513384179605273516e+02
2.466798771697486643e+02 2.471348847244961746e+02 2.464996983612039685e+02 2.471957915962085508e+02
2.496222723530478902e+02 2.497910108993426945e+02 2.492798245829461621e+02 2.498005763687601473e+02
2.573251996020415504e+02 2.579254604120893646e+02 2.557683664152682468e+02 2.581035098557910032e+02
2.498455427558847646e+02 2.497620711225422667e+02 2.492313978302632052e+02 2.502527979902526454e+02
2.483859635818683671e+02 2.490036269439381442e+02 2.478588013559711101e+02 2.490081927866051785e+02
2.716429939791195807e+02 2.723342630069186043e+02 2.694603524484502373e+02 2.723344206130903444e+02
2.621692404676891215e+02 2.620036880377667785e+02 2.594210938031902742e+02 2.622907711546391738e+02
2.833030188014329269e+02 2.852881307610269346e+02 2.817806753670844842e+02 2.852425336515070171e+02
2.720046598979116084e+02 2.719058084588144766e+02 2.687236017512632316e+02 2.714573726355425833e+02
2.617933334910780445e+02 2.614593488538451425e+02 2.597469850732202872e+02 2.616865460744851362e+02
2.513252787860604087e+02 2.518726921944893888e+02 2.509001023018056458e+02 2.523543171226127981e+02
2.558801964134383695e+02 2.565095133308865911e+02 2.542887941974316846e+02 2.571232623128535124e+02
2.706243896652364356e+02 2.705756539527566247e+02 2.684504906970162779e+02 2.706659887614981130e+02
2.601108663932996592e+02 2.599848180921445078e+02 2.577413788938161474e+02 2.607121499793493058e+02
2.504193654401419451e+02 2.506212899151917100e+02 2.501239348715692472e+02 2.509615157776971728e+02
2.508640370849036856e+02 2.516314004263829531e+02 2.502119516629535667e+02 2.517289868538402118e+02
2.709841251063031677e+02 2.725816409993693128e+02 2.699096605679952745e+02 2.720453563420634850e+02
2.627084732073050191e+02 2.645263935343307935e+02 2.611766860161423551e+02 2.638124130135492464e+02
2.473959095750224719e+02 2.472781101011004239e+02 2.465980849779192852e+02 2.480753662750900332e+02
2.530652943205648739e+02 2.533358664162971934e+02 2.528141417447545507e+02 2.539882397239613283e+02
2.498939281195687272e+02 2.500945522268368677e+02 2.496070580125415290e+02 2.506032753772760202e+02
2.741522843897902249e+02 2.760244426060584146e+02 2.722658209634945479e+02 2.749397588340099787e+02
2.700808708764140533e+02 2.704284848279025368e+02 2.675611057713705918e+02 2.719870120752587468e+02
2.489745738761000666e+02 2.488992817370105683e+02 2.486649135993451978e+02 2.491216150634899407e+02
2.653929356726436595e+02 2.658396457971916220e+02 2.628454827282861288e+02 2.658557521208236381e+02
2.922822731511260486e+02 2.921457826146810248e+02 2.911231661147186855e+02 2.909877644006293735e+02
2.498828194072708584e+02 2.504410675658014327e+02 2.499228865866549256e+02 2.504000826551039154e+02
2.482210667215656770e+02 2.481981833868700562e+02 2.477022415424035273e+02 2.488092432928032167e+02
2.527494323155573852e+02 2.527224989603649021e+02 2.521429088159296441e+02 2.526837243715041836e+02
2.711296247938101374e+02 2.713675086595616222e+02 2.688735584235517990e+02 2.712401826274207792e+02
2.480717515380204929e+02 2.483102882733829233e+02 2.477258958365855221e+02 2.488548186032747083e+02
2.486630673830545106e+02 2.492086672984415259e+02 2.482687577709646121e+02 2.492826172700067957e+02
2.510499262880169624e+02 2.513292763630642526e+02 2.504407201636246327e+02 2.516976924386034682e+02
2.500529695971031856e+02 2.501240683519697541e+02 2.497201210632986488e+02 2.503697742134355906e+02
2.706293843825808949e+02 2.709764216638118342e+02 2.683023739950351683e+02 2.709367601965427070e+02
2.680077839074896247e+02 2.688077062522328333e+02 2.661440829368769982e+02 2.693562538507584350e+02
2.534884992261821992e+02 2.537887041492701314e+02 2.527299591608885692e+02 2.545370505040012574e+02
2.551545137781880328e+02 2.558924929085531232e+02 2.541053769997196241e+02 2.560818304204557307e+02
2.609569750611612449e+02 2.610440428458825295e+02 2.583172676010445343e+02 2.612769143033802379e+02
2.601644242727942355e+02 2.608704065497275906e+02 2.580933767394943743e+02 2.615946674607219506e+02
2.485199776873286339e+02 2.482621104960865637e+02 2.479865949281301880e+02 2.489581111288571549e+02
2.535753597872654552e+02 2.543662936045315064e+02 2.522343873865185628e+02 2.537825205103690109e+02
2.569370462222408946e+02 2.579132392348025746e+02 2.560771520689813769e+02 2.589241635650878948e+02
2.878264100770792311e+02 2.878911446839915129e+02 2.867473523043888122e+02 2.860003507587456397e+02
2.662656494397936058e+02 2.668262635771695273e+02 2.631293293826290665e+02 2.677531153523900116e+02
2.750950682630047481e+02 2.766106882648186343e+02 2.730183502683033225e+02 2.759067692154616225e+02
2.475949971381658941e+02 2.477271410133676568e+02 2.471575656903332003e+02 2.483444687246956164e+02
2.586985385364514514e+02 2.591907159773123226e+02 2.573761251556816774e+02 2.591458263908431832e+02
2.939731966990107139e+02 2.932669398837397239e+02 2.923649957698323760e+02 2.929731794289227764e+02
2.541648160363604347e+02 2.542538337123193628e+02 2.526672661869592389e+02 2.541832817138932512e+02
2.503956206729433518e+02 2.508128432765701632e+02 2.500542525773261104e+02 2.507788992584706591e+02
2.479774284728494536e+02 2.479546212531746221e+02 2.476028785782983448e+02 2.487335522608361771e+02
2.506210360476906089e+02 2.507666995706839828e+02 2.494370488189162813e+02 2.511759740722459640e+02
2.495768568165229340e+02 2.503782592949188484e+02 2.491485323477747897e+02 2.505602933908613466e+02
2.536052396871398287e+02 2.544616369885386291e+02 2.527414719943401451e+02 2.548380220305485295e+02
2.841903481707122410e+02 2.840621792695796444e+02 2.822115956371714560e+02 2.846593986459902226e+02
2.503235264994794136e+02 2.501402698001546696e+02 2.501046926216270663e+02 2.504807092298051714e+02
2.569650165761925109e+02 2.571625374583813937e+02 2.558883815508518467e+02 2.582374534409099738e+02
2.573598767895666128e+02 2.581446527681736143e+02 2.554926873501053990e+02 2.579430431873966540e+02
2.477137419869103780e+02 2.478832762210844294e+02 2.475566826346775429e+02 2.483909220262564475e+02
2.507697562915624871e+02 2.509081682737111407e+02 2.502331706339863899e+02 2.513829693159970873e+02
2.660854611091402830e+02 2.663923406226095949e+02 2.629541259317920776e+02 2.659666497779015799e+02
2.475824802090522496e+02 2.477058419626956436e+02 2.468664069809140926e+02 2.478905955508832619e+02
2.549993447568186582e+02 2.555192083710838347e+02 2.537922638141814957e+02 2.559175676244238105e+02
2.889312041538067319e+02 2.890940397214903896e+02 2.886368476612587415e+02 2.899550401379603954e+02
2.594519452912742850e+02 2.587084229185681465e+02 2.562536570669270759e+02 2.602418079787670422e+02
2.559667783973204962e+02 2.568538336389346455e+02 2.548038163775825353e+02 2.573690465087647681e+02
2.742361715075576285e+02 2.749516704844483570e+02 2.720513467103852463e+02 2.749244421740949633e+02
2.488557813008541757e+02 2.489793177296179181e+02 2.486795603715503660e+02 2.490041475141985359e+02
2.571231286225427084e+02 2.570292035466348466e+02 2.553975585405319464e+02 2.569918438323726946e+02
2.651724412321688078e+02 2.665044646803909245e+02 2.633057162080635294e+02 2.661032386871136737e+02
2.530572898322914739e+02 2.530814838913051688e+02 2.524109278557430116e+02 2.536703164627173237e+02
2.515668226022493457e+02 2.518210509046900540e+02 2.505296072475904054e+02 2.522778936959653038e+02
2.478550677711472758e+02 2.478946556329120199e+02 2.472124284870942006e+02 2.482327027771836754e+02
2.561398630581604152e+02 2.566124676824096014e+02 2.555787938274868907e+02 2.570646484891055934e+02
2.499723095024879171e+02 2.495785845179690909e+02 2.489992384999461308e+02 2.499777954910467770e+02
2.471540616868364566e+02 2.476321538084696670e+02 2.463473348991007867e+02 2.476574088357450023e+02
2.534012984409040996e+02 2.539166097042394483e+02 2.529529852062391342e+02 2.541228157828379892e+02
2.956134198969589875e+02 2.948507170932123245e+02 2.940810624650083014e+02 2.945114296061102550e+02
2.506456512600448718e+02 2.506195451372142884e+02 2.501871921725042967e+02 2.511016665916756949e+02
2.732409444873379698e+02 2.740939738911768018e+02 2.705377855250670223e+02 2.726496632005886909e+02
2.522962166056038313e+02 2.524333072280562931e+02 2.519919470100283263e+02 2.526990462353033422e+02
2.529983201086151894e+02 2.535439680254400230e+02 2.522634182283249800e+02 2.535393116518786201e+02
2.552019666636718114e+02 2.546874745053866604e+02 2.537728776010388287e+02 2.552766810648961098e+02
2.507959314994185149e+02 2.512251888066941774e+02 2.507513643954438862e+02 2.513580671689070982e+02
2.773998854046445786e+02 2.772074392755490067e+02 2.749873276106129083e+02 2.772275564926936227e+02
2.504295492084219177e+02 2.504336160719245470e+02 2.499670482407179577e+02 2.507979250950111236e+02
2.764168972543305358e+02 2.775184967493876229e+02 2.746815044363582388e+02 2.780549447699043526e+02
2.556574866293534569e+02 2.556950994823907024e+02 2.545767877750880359e+02 2.559220996408072892e+02
2.614599228021244244e+02 2.613858209110966868e+02 2.588661357500451459e+02 2.619756801228759855e+02
2.517085802833921662e+02 2.513116941442896461e+02 2.510429396461467491e+02 2.516831503615746612e+02
2.512701522623896722e+02 2.514193989790381920e+02 2.507038533515617758e+02 2.516321237249809144e+02
2.576560198538451232e+02 2.583280852381101340e+02 2.551673795679472221e+02 2.584405461869295095e+02
2.857205484274961123e+02 2.870753297940235029e+02 2.848045626766962641e+02 2.859602019017429484e+02
2.819840563023096252e+02 2.830561601685314486e+02 2.799575354458909260e+02 2.829498029018286047e+02
2.515459384408731580e+02 2.520054602339258736e+02 2.510223112041078366e+02 2.524011863126428352e+02
2.903825490260879292e+02 2.909013888423548906e+02 2.878004476747905755e+02 2.907061466751925423e+02
2.570711675114425248e+02 2.566269265378829800e+02 2.556080381304081470e+02 2.577597405363812300e+02
2.490002894363653638e+02 2.489162046353333437e+02 2.490056938686650483e+02 2.499909195759877605e+02
2.591862565166594550e+02 2.607046374305464838e+02 2.573550023467577716e+02 2.600899955888274349e+02
2.744906494415956217e+02 2.765636957446046154e+02 2.734490832269630118e+02 2.763961559272751742e+02
2.495558959498666809e+02 2.495051227741575701e+02 2.491901895627578938e+02 2.499633424440027625e+02
2.470219838267451280e+02 2.471826516804421772e+02 2.462930296371182521e+02 2.473953351429245515e+02
2.553273359684903028e+02 2.558987283574343792e+02 2.538888370275532793e+02 2.562459426968219418e+02
2.669770076693290548e+02 2.674226888865818523e+02 2.647536473839965083e+02 2.677376882577328274e+02
2.621169642850323953e+02 2.638908265003240103e+02 2.614781514105156361e+02 2.639206303864930874e+02
2.625040437004128648e+02 2.633001117369112762e+02 2.614183983824097481e+02 2.636636587361330726e+02
2.498925735447893715e+02 2.505392852975687674e+02 2.507139435331547475e+02 2.511876914222585810e+02
2.607155356780121451e+02 2.613596595180295026e+02 2.597366515036936789e+02 2.614137762438630261e+02
2.562539187654494413e+02 2.561417167844894607e+02 2.550333104564918187e+02 2.569345389781389599e+02
2.491765675090448156e+02 2.491936551705257159e+02 2.479434857352217421e+02 2.493820923958736842e+02
2.519082128759147565e+02 2.519705960651033081e+02 2.507000760937438884e+02 2.525969499469404411e+02
2.944023492861377918e+02 2.934566133531544665e+02 2.924195683693647538e+02 2.926881266400357617e+02
2.517572235657353588e+02 2.512081361432898632e+02 2.504409482911300984e+02 2.515419471163588696e+02
2.710449181033378068e+02 2.719753898555126739e+02 2.692153073345032794e+02 2.712755163049093312e+02
2.498385082733765614e+02 2.496234197212593244e+02 2.490064602829778266e+02 2.499525880675223561e+02
2.513730960605642792e+02 2.513275230783712857e+02 2.504089931950024663e+02 2.520999063386915395e+02
2.477580521551675758e+02 2.480110966257377072e+02 2.474453198257897668e+02 2.479625484105270345e+02
2.601783574690962837e+02 2.603491973624633147e+02 2.586603813555403235e+02 2.606478288449164324e+02
2.483635045878548055e+02 2.482201128516684889e+02 2.480237526400607919e+02 2.486216198509387993e+02
2.468160869728864384e+02 2.467255855939416733e+02 2.462399125519924326e+02 2.480881396589404346e+02
2.713803497936083886e+02 2.730834608013057050e+02 2.686373228911635351e+02 2.723544158006931752e+02
2.488288064657555481e+02 2.488894084184586859e+02 2.482352188737264953e+02 2.491109011737766536e+02
2.490672708837223865e+02 2.490457061287137037e+02 2.487467807752684621e+02 2.494697986412249691e+02
2.526268342500787014e+02 2.532270981262222449e+02 2.521397925817745715e+02 2.534224750487689164e+02
2.493147444248098736e+02 2.492765054230692101e+02 2.491095214753948142e+02 2.500140091327733955e+02
2.460453178352230452e+02 2.463191671283111930e+02 2.456622483552153824e+02 2.467632745185968588e+02
2.570183582459234799e+02 2.570168274398994299e+02 2.550635611854615661e+02 2.572801848392551278e+02
2.482909626473957019e+02 2.483801299516295558e+02 2.477076674214023342e+02 2.492376182533234896e+02
2.491196950261815743e+02 2.495340196957339742e+02 2.491166538371290642e+02 2.494729172469731111e+02
2.538302327473415687e+02 2.540325536395528729e+02 2.524532986245589541e+02 2.546574874419629850e+02
2.510251892213116776e+02 2.516385444535756903e+02 2.502949019049579817e+02 2.519620953560585690e+02
2.507332795027510031e+02 2.502170581112946195e+02 2.494834211949320490e+02 2.509421170334184126e+02
2.505224490165020370e+02 2.506620753691611299e+02 2.500357561691075148e+02 2.510321215248893907e+02
2.525655759207747053e+02 2.527263398064837645e+02 2.519683130076367092e+02 2.534008727992734293e+02
2.694545993317134389e+02 2.698332141834903268e+02 2.664178327884160353e+02 2.698826228846824620e+02
2.576239651262775396e+02 2.577405272243315721e+02 2.561893491400401786e+02 2.581413084746802156e+02
2.515368298446189215e+02 2.517647494687622611e+02 2.505161671050516361e+02 2.520613196296711749e+02
2.596058147585844722e+02 2.599637576761296600e+02 2.578897238402838070e+02 2.601501264189550966e+02
2.543992834210396836e+02 2.544123975021544481e+02 2.529447251137229955e+02 2.550972109670615282e+02
2.783196509452873784e+02 2.790271080697314687e+02 2.759121489472001940e+02 2.794782187852622428e+02
2.517719440209081085e+02 2.521640416732973051e+02 2.516323794616982354e+02 2.522212823156930597e+02
2.498437936936336996e+02 2.498055130986728614e+02 2.490159652615552943e+02 2.505680749048527218e+02
2.780765090350163860e+02 2.800815209778247663e+02 2.776507143743709776e+02 2.791506266786064430e+02
2.557734048530076336e+02 2.558513708320122362e+02 2.545874498022612613e+02 2.560098816056819260e+02
2.726619996999050386e+02 2.732826736952093256e+02 2.697192794919813537e+02 2.736412512865896360e+02
2.480500277524620287e+02 2.483056481797320600e+02 2.475730609117987626e+02 2.485960251972575179e+02
2.542270227104517915e+02 2.547809436781280112e+02 2.531076804294488340e+02 2.547076423565928280e+02
2.580109927086959942e+02 2.583896647750549391e+02 2.568149188995611780e+02 2.587236292877501000e+02
2.716046963752869488e+02 2.725788901546278566e+02 2.687994174820738067e+02 2.722232449360621445e+02
2.517767568892552390e+02 2.519666229835327158e+02 2.512591015959793026e+02 2.525757444005795378e+02
2.552428696394375152e+02 2.553228157374591660e+02 2.541884112055989817e+02 2.560651111822419352e+02
2.636290749691028168e+02 2.641903174459477555e+02 2.619196850832288987e+02 2.640934117759587139e+02
2.618266021906808874e+02 2.618722209612889742e+02 2.600990945642766405e+02 2.614010361748503897e+02
2.502028680858007590e+02 2.504179081772142581e+02 2.498316271100373456e+02 2.506978001634209932e+02
2.507045485874449184e+02 2.510155893093352972e+02 2.497509156737074250e+02 2.518889527452631967e+02
2.505069307426176408e+02 2.505992943389792913e+02 2.501033871308549408e+02 2.506363609334397893e+02
2.790635139735853727e+02 2.802024435930861159e+02 2.772005826035724567e+02 2.794907416252281678e+02
2.530265580013291355e+02 2.526759213918371074e+02 2.520059969975309286e+02 2.530503678563811434e+02
2.655897235254664679e+02 2.669115869264862226e+02 2.636423935425211198e+02 2.668819860190729401e+02
2.511331890156228610e+02 2.514847632919999114e+02 2.502741841837289485e+02 2.510531041936116310e+02
2.559251067762579339e+02 2.558678386666058202e+02 2.551059181946244507e+02 2.564586640527388113e+02
2.480782139909144917e+02 2.489814001000023325e+02 2.479678168467827959e+02 2.493310125703223150e+02
2.889334246326585571e+02 2.874741484025562954e+02 2.845772750980349315e+02 2.870500587477894783e+02
2.817101943700541824e+02 2.823569351951274484e+02 2.795898776232470482e+02 2.818907180381737589e+02
2.553921083361913702e+02 2.557842718444932189e+02 2.547726978506160265e+02 2.559419943776196931e+02
2.518250517385093303e+02 2.517991234383533481e+02 2.510168100850699489e+02 2.520669715745497115e+02
2.533421913717555469e+02 2.532744106508036452e+02 2.526664246904920219e+02 2.537389338741355118e+02
2.526395627407983397e+02 2.525951499388227433e+02 2.509679366251690169e+02 2.533053598219548803e+02
2.507021426390735428e+02 2.510026913940765212e+02 2.501642117418113571e+02 2.516286451232263630e+02
2.507776841070630951e+02 2.513370499699401819e+02 2.499943674138542349e+02 2.516377498711113958e+02
2.561477154262828435e+02 2.559925893921633246e+02 2.555224036498313183e+02 2.570076300553176907e+02
2.651415525522662051e+02 2.664711854400100606e+02 2.632453316783759760e+02 2.666281898489564810e+02
2.533835183013625567e+02 2.535186127185761791e+02 2.520785017235522787e+02 2.543390506943360663e+02
2.542617332845453006e+02 2.537514700294397016e+02 2.524675316456427936e+02 2.541615596786768378e+02
2.532397704456928693e+02 2.534458184737107445e+02 2.523898372032442694e+02 2.538307512038376217e+02
2.630235267358779652e+02 2.631605552312130385e+02 2.608509492955255951e+02 2.631796160205913679e+02
2.543872272589126737e+02 2.550152077951968010e+02 2.533824617902581622e+02 2.553764610138541684e+02
2.495561718603705117e+02 2.497418237290713989e+02 2.488421144761676373e+02 2.497529302196428773e+02
2.817067524548693882e+02 2.813224900858463116e+02 2.798042710829585644e+02 2.812428792660033992e+02
2.821395976159737984e+02 2.821742577299523873e+02 2.796196702645708001e+02 2.822835984370094593e+02
2.516078526284048280e+02 2.515685082290898151e+02 2.508740526479788571e+02 2.520434302631807668e+02
2.493625352927168137e+02 2.490571837082936213e+02 2.487863006482506876e+02 2.496469897137075122e+02
2.622678578224623607e+02 2.624597519340999270e+02 2.606081284760605854e+02 2.638758687445875921e+02
2.639395211473259906e+02 2.644950946587724729e+02 2.621460216445826745e+02 2.649592567091268620e+02
2.518475316487443649e+02 2.523633493131417254e+02 2.506876830028746781e+02 2.526556935846215595e+02
2.639329807602701408e+02 2.643677653586048564e+02 2.621701362746123891e+02 2.651006795337984272e+02
2.466782975949647891e+02 2.468363096824875811e+02 2.464824331220003444e+02 2.472200262185189388e+02
2.557619534721495995e+02 2.562801610063228850e+02 2.548210360128560978e+02 2.570934793908496090e+02
2.630341607837276570e+02 2.634457889473520709e+02 2.608186581472211856e+02 2.635353925395307328e+02
2.486235460678923914e+02 2.484047907996241236e+02 2.486258033226649218e+02 2.487052216235823323e+02
2.549314324933586136e+02 2.553576010651339061e+02 2.539409686097253882e+02 2.558300434170441804e+02
2.470419111743088649e+02 2.466967223488067020e+02 2.465703313323257646e+02 2.471480631262589043e+02
2.498344965737734640e+02 2.495618449483101813e+02 2.492225237814199090e+02 2.496525118987078713e+02
2.703738976427177931e+02 2.724089733927911539e+02 2.685961648021886390e+02 2.717852389843072842e+02
2.798996823205238798e+02 2.787106616703841837e+02 2.758219016888948545e+02 2.784549541371445684e+02
2.540664062832220225e+02 2.543399745054259995e+02 2.527809515744304178e+02 2.548150684119059974e+02
2.485677860579073979e+02 2.488131123158983655e+02 2.479648857891561420e+02 2.493161403233958993e+02
2.606728841568815938e+02 2.616684745193995809e+02 2.583368808122934297e+02 2.615490452695998442e+02
2.572592157588211421e+02 2.579324312683394851e+02 2.565115933785386915e+02 2.588836256882156022e+02
2.682746235899620615e+02 2.691629617772261440e+02 2.668993999690830492e+02 2.695567656864149626e+02
2.674442514555588559e+02 2.672883813630614895e+02 2.651706434448644814e+02 2.676323699825298945e+02
2.784706321412177772e+02 2.794695691256948180e+02 2.763637633116458687e+02 2.786952580369379575e+02
2.497997087821984223e+02 2.501070816589029278e+02 2.495852911079770706e+02 2.506452430711750310e+02
2.566229343843543234e+02 2.572555966512264831e+02 2.553564497784801119e+02 2.575069398606098616e+02
2.502146767498652764e+02 2.499978776861158849e+02 2.500040144319389412e+02 2.504583442483962585e+02
2.942203864859568512e+02 2.935697468335926033e+02 2.935119292966481908e+02 2.935926094213612600e+02
2.867820274753552212e+02 2.863276271994594708e+02 2.840809733503083976e+02 2.857773570162977990e+02
2.624740016307894166e+02 2.623432195506615017e+02 2.598326190076082298e+02 2.623590056691954260e+02
2.502858604331940455e+02 2.502421969130327852e+02 2.498895981611066475e+02 2.506525507507923578e+02
2.507171539706197620e+02 2.508582575583139374e+02 2.502277750559152025e+02 2.512380695058971583e+02
2.607905532008607565e+02 2.619049313446014366e+02 2.586470963643673713e+02 2.612863939035235035e+02
2.935249967861751657e+02 2.939500923055524595e+02 2.916263117346637159e+02 2.943527382809891151e+02
2.535652086105055218e+02 2.537393103031050714e+02 2.527676285406851946e+02 2.544233611033167222e+02
2.482947415126628812e+02 2.481064318656246996e+02 2.476468235822349868e+02 2.484092797799285393e+02
2.613429096654090813e+02 2.618778609886338700e+02 2.597739178128542221e+02 2.619788297887448039e+02
2.519415012115597960e+02 2.525930297049233104e+02 2.505448992290868659e+02 2.524158865523766622e+02
2.481829408561386856e+02 2.486119330524958002e+02 2.479966093327510350e+02 2.485644383270837352e+02
2.519874827398286357e+02 2.520724720324805617e+02 2.519871101306235062e+02 2.515795286704350247e+02
2.572028766210587492e+02 2.575108954983717240e+02 2.558807453210349081e+02 2.580072280950032564e+02
2.588044705468396955e+02 2.585520463558963797e+02 2.568072599554546400e+02 2.598730222850309701e+02
2.476619730807487088e+02 2.483704625650489675e+02 2.474209841090601287e+02 2.488628190362036889e+02
2.817803810255817893e+02 2.809257143908358216e+02 2.791499910155719135e+02 2.824782916852872745e+02
2.501864842889169154e+02 2.499714199923514286e+02 2.494349839758065457e+02 2.504521804456526866e+02
2.508452524540277295e+02 2.508234524685261420e+02 2.506048456128473845e+02 2.507178608816375913e+02
2.527021748154600402e+02 2.531874618290386820e+02 2.524357548530036297e+02 2.531378626418646718e+02
2.573113087232378575e+02 2.576638657627440807e+02 2.559994765354504409e+02 2.576420003192341142e+02
2.550429564403886786e+02 2.557396417143993688e+02 2.544402680501944758e+02 2.559486154147599279e+02
