2.740715112709807499e+02 2.741630867676597632e+02 2.720320517113150345e+02 2.744532717274659603e+02
2.568160456113048440e+02 2.573756260853675144e+02 2.560231802761240942e+02 2.574106820626621470e+02
2.637624422800167849e+02 2.643423241464902276e+02 2.642072670518846849e+02 2.643204431575359763e+02
2.616622951105351262e+02 2.616581499984304742e+02 2.597695647274051680e+02 2.624253874435436273e+02
2.674603946889598660e+02 2.679628587153515014e+02 2.662464014435483932e+02 2.687715215575607886e+02
2.650507318501160512e+02 2.656729184726981430e+02 2.636427259608963709e+02 2.650186036101995910e+02
2.634404163171082587e+02 2.640293374580681984e+02 2.626914737264548876e+02 2.638462177424545985e+02
2.592987606962221889e+02 2.594478780491389784e+02 2.591533406656334932e+02 2.594085652401060429e+02
2.717161680730768012e+02 2.715664420256761673e+02 2.705687991081988457e+02 2.723599923940316785e+02
2.640521388696814711e+02 2.648578436479492098e+02 2.635583732290412513e+02 2.649354979688627054e+02
2.668888046104364093e+02 2.669227810129852401e+02 2.661675858114206221e+02 2.663818310365281832e+02
2.622233744006683196e+02 2.621655620400866269e+02 2.619274350516845402e+02 2.621585417179418869e+02
2.701648667005554785e+02 2.703314356241043583e+02 2.695370435757678820e+02 2.701129258228329491e+02
2.584463603341342832e+02 2.586206073259972413e+02 2.583340192733115259e+02 2.590546740479757659e+02
2.609058114731949445e+02 2.615470595538374710e+02 2.613675399792592202e+02 2.616576335801229902e+02
2.538659098492183261e+02 2.538225037413263863e+02 2.533523027203329434e+02 2.540342967814036683e+02
2.587035532511012548e+02 2.586849158440644487e+02 2.585952718655775016e+02 2.592297925830842473e+02
2.575240223202133052e+02 2.575936417868911690e+02 2.570240018681140555e+02 2.574689021631917853e+02
2.566929785050693340e+02 2.568241371736611427e+02 2.555265306472625468e+02 2.572824129536672899e+02
2.643550841143625121e+02 2.643755455001425503e+02 2.638067151250037909e+02 2.648511166662788696e+02
2.713319711743361040e+02 2.716386275433415562e+02 2.702663382298791248e+02 2.713191611600294095e+02
2.813867278959531859e+02 2.821153529372184039e+02 2.800844318428883639e+02 2.818233272225454584e+02
2.603589605080793490e+02 2.603968791576018589e+02 2.604536684845231207e+02 2.608577542581746229e+02
2.623668535978678165e+02 2.629212157170524620e+02 2.616905332209698827e+02 2.630085152679266685e+02
2.918535876603557426e+02 2.919801486306340053e+02 2.897609830052068673e+02 2.910771143971940660e+02
2.606458317845729766e+02 2.610823390339521097e+02 2.602240103131562137e+02 2.609516121465274523e+02
2.591814826989655671e+02 2.592237773783728016e+02 2.591984975720047260e+02 2.602332226575767891e+02
2.631596711911287798e+02 2.626711950875243815e+02 2.624772328810410045e+02 2.631779035123251447e+02
2.657190546995261116e+02 2.664450720498332430e+02 2.649640974803122617e+02 2.657533767518618220e+02
2.625916865304312751e+02 2.621070193739254819e+02 2.611836733478295969e+02 2.625021935770416235e+02
2.596305406005069472e+02 2.597827665344505021e+02 2.599161470111122867e+02 2.596599670618036839e+02
2.604965661409610220e+02 2.609497341867203772e+02 2.601502190968494119e+02 2.609385586472229761e+02
2.712146459566229737e+02 2.714035949060590838e+02 2.699594493584702946e+02 2.718431859883230004e+02
2.746068637592388768e+02 2.739244980758862198e+02 2.728496245583383484e+02 2.740194794532093852e+02
2.592908761415151844e+02 2.593174541143507099e+02 2.576490725509700610e+02 2.597614626655967527e+02
2.807423495979718382e+02 2.816585237437501519e+02 2.793825201127600053e+02 2.816350356810056610e+02
2.683771846431755534e+02 2.685940736962037363e+02 2.673065018586898418e+02 2.686115419410125469e+02
2.831253323614191117e+02 2.832769303301517425e+02 2.818645511818883733e+02 2.843387558999522184e+02
2.861206637765233722e+02 2.866572842838563702e+02 2.838712773506836129e+02 2.861564732892468328e+02
2.643273260984869353e+02 2.650523665500389825e+02 2.629230331913493615e+02 2.653348805408332964e+02
2.622859888476099854e+02 2.620303775630515020e+02 2.612563385335603243e+02 2.625740680599328130e+02
2.643053944626812495e+02 2.640578394787907541e+02 2.644767576692463535e+02 2.647682758960008300e+02
2.548571201152420542e+02 2.551641220850727905e+02 2.542314208060431895e+02 2.548218348032927736e+02
2.852397238852045689e+02 2.849042499763648948e+02 2.835548282246174949e+02 2.851117584360950445e+02
2.715951852093661500e+02 2.715319183527348059e+02 2.701977857103335623e+02 2.710959445109605781e+02
2.850882964928056822e+02 2.854270376600214263e+02 2.836762530423554267e+02 2.859791915919630583e+02
2.577119179044718749e+02 2.580841798949119834e+02 2.577681983927872125e+02 2.580486708487495662e+02
2.615307471443260852e+02 2.612961431370907235e+02 2.610314728069782291e+02 2.615215986058371982e+02
2.916880106859365469e+02 2.931922986610405246e+02 2.909553685416143480e+02 2.923572332036529815e+02
2.848044378172845086e+02 2.843780165774470561e+02 2.817854153117900182e+02 2.855084424871699298e+02
2.689826541290951809e+02 2.688241703863537282e+02 2.674201735900261383e+02 2.686891788425741083e+02
2.713217880143995444e+02 2.720041980867184748e+02 2.708782777963089075e+02 2.715850009695274707e+02
2.891161456147218018e+02 2.894459706499859522e+02 2.873548094215849460e+02 2.898039631428106873e+02
2.634253027804413136e+02 2.642625281613180164e+02 2.624109505011630290e+02 2.644388900379760798e+02
2.570226120712134730e+02 2.573357386812812706e+02 2.567248245088410954e+02 2.576467871389100424e+02
2.780737585392537312e+02 2.790597370957812018e+02 2.771091709165070256e+02 2.777303274466148082e+02
2.588679549154730921e+02 2.590341156999564305e+02 2.580519946209019508e+02 2.594854955485230903e+02
2.595242805221336653e+02 2.596773826032550687e+02 2.587506489698805581e+02 2.598393709863674985e+02
2.670727822111996943e+02 2.675313822087315430e+02 2.662352698110559004e+02 2.673828865877842418e+02
2.582887637708008128e+02 2.583539555552902129e+02 2.581283868885680022e+02 2.584333972739208320e+02
2.669343832208539311e+02 2.661339039157015804e+02 2.654887618191908132e+02 2.662966635261043962e+02
2.603834548219932117e+02 2.615222927993235658e+02 2.596682575645438646e+02 2.606504730577715918e+02
2.740772891499117918e+02 2.746051225581193194e+02 2.723906210676390742e+02 2.738643680694498812e+02
2.595763079645956850e+02 2.600242094516779048e+02 2.590836369119070923e+02 2.594972494447973190e+02
2.622569320264788075e+02 2.629256586572247443e+02 2.614988626852571656e+02 2.625398138982646401e+02
2.624540574544706715e+02 2.631247782656529353e+02 2.615765413998971667e+02 2.633727203254727556e+02
2.601425519208847845e+02 2.607705234589216730e+02 2.602043839558583045e+02 2.611569074419498975e+02
2.626978493563464099e+02 2.627485911586651355e+02 2.618942420544372567e+02 2.627442494438650442e+02
2.825262370137136259e+02 2.832064488011669141e+02 2.802638168778386785e+02 2.823295731569602367e+02
2.646772814480056581e+02 2.645639982140040729e+02 2.636118301648908755e+02 2.647116274928262669e+02
2.877868543474035619e+02 2.872062104345504281e+02 2.849587895216407105e+02 2.870659030368388471e+02
2.627475546645429176e+02 2.625612354425686021e+02 2.616727123860880511e+02 2.629872056416503483e+02
2.587818417682617564e+02 2.587833749566727874e+02 2.587570031862317137e+02 2.587921795445894304e+02
2.591350379702279838e+02 2.593657047212851126e+02 2.591833479015001558e+02 2.593416461144672667e+02
2.592323157845819424e+02 2.597188307490247894e+02 2.587861063597615043e+02 2.597394999676814109e+02
2.777390878793959814e+02 2.783776483525770686e+02 2.760249642833898065e+02 2.776231308745344109e+02
2.634821568346322920e+02 2.634611302879274035e+02 2.628801220689403522e+02 2.647036891481295697e+02
2.767059017515345545e+02 2.773287855239203736e+02 2.750348988083877089e+02 2.772055180809850299e+02
2.726924257920792343e+02 2.741341164055363038e+02 2.716651478770731387e+02 2.740585151311940990e+02
2.613246001266390977e+02 2.611398226605331274e+02 2.617219814208007733e+02 2.612513122460686645e+02
2.709488010270339942e+02 2.715874145363619050e+02 2.697190763264079578e+02 2.716732427778773626e+02
2.599589207658193004e+02 2.599265554881328057e+02 2.589405945655234405e+02 2.598145523913239572e+02
2.628913004700827400e+02 2.632462635253202166e+02 2.630436094213297338e+02 2.637368871126917611e+02
2.630206085549521049e+02 2.634413360005094660e+02 2.622138979865155193e+02 2.635339400282027214e+02
2.613108395729360041e+02 2.612891187846410048e+02 2.614575752212959969e+02 2.618206894588902287e+02
2.693173856078269068e+02 2.697248022115056187e+02 2.680848864605509903e+02 2.703388105759246969e+02
2.599064822540923956e+02 2.595714797620292416e+02 2.592340456435453575e+02 2.600064105857962318e+02
2.620860990859503659e+02 2.625862834408691242e+02 2.615890377725705775e+02 2.629339425896122862e+02
2.572530158732062091e+02 2.570549993375518056e+02 2.565830732085375416e+02 2.574318131353574586e+02
2.746728491624156732e+02 2.741209929891761590e+02 2.726580456649705297e+02 2.741415614157934328e+02
2.594216112879977345e+02 2.594428820219618501e+02 2.576406926940011317e+02 2.603967701433900857e+02
2.653145453337024833e+02 2.657957457018908372e+02 2.646425185523848995e+02 2.662165551952896294e+02
2.635324944433207293e+02 2.638104278865508832e+02 2.626905552440001657e+02 2.643333695041624196e+02
2.734944031692684234e+02 2.731239432932603677e+02 2.708723876231619556e+02 2.730196672115743013e+02
2.618816675437402637e+02 2.616431285309591885e+02 2.615080067252086451e+02 2.614048263304550801e+02
2.643463824148055892e+02 2.646376821811126092e+02 2.634212519562513535e+02 2.646163722037932189e+02
2.562961675958930527e+02 2.564991976881634628e+02 2.560026956626941228e+02 2.564191337372195676e+02
2.657401517062201037e+02 2.661000773429658466e+02 2.655330255155874397e+02 2.660792340967703353e+02
2.722007625224517824e+02 2.730271019718718435e+02 2.710328417612012686e+02 2.725417412566490043e+02
2.592938165223644091e+02 2.592130434779381289e+02 2.595200801884590192e+02 2.594828027242408552e+02
2.588849717090097897e+02 2.592025877950698032e+02 2.585956476651726916e+02 2.599809373071331038e+02
2.636241112261766375e+02 2.634127167977022737e+02 2.614396780090095262e+02 2.634808666641939681e+02
2.599082081822710393e+02 2.598450738618431615e+02 2.596603598227455336e+02 2.603855215824930838e+02
2.875272366879739820e+02 2.889429475557523119e+02 2.864584818313973642e+02 2.891711411416908959e+02
2.611551171388969124e+02 2.610381286662773164e+02 2.608816103556639519e+02 2.610104805309818516e+02
2.627481320522865644e+02 2.625204819744678844e+02 2.611941540759037252e+02 2.631351799728880110e+02
2.919366881352726750e+02 2.924566469074625843e+02 2.891796062346140843e+02 2.908603126454228232e+02
2.695769378495635920e+02 2.700985103572144226e+02 2.673175919433506351e+02 2.693763815313381542e+02
2.680616683571195153e+02 2.680554545577886074e+02 2.666764737401099410e+02 2.683435691519203488e+02
2.662804413884416590e+02 2.666218589573856548e+02 2.648345901516248659e+02 2.666837352943408064e+02
2.766439462272947480e+02 2.760840134385932743e+02 2.747260673401513600e+02 2.768808363655495555e+02
2.570023226028172303e+02 2.561384302956325314e+02 2.560203200313000593e+02 2.565608436982356579e+02
2.677302368882782275e+02 2.680010083338827371e+02 2.665909299491443107e+02 2.679963034609117472e+02
2.553187888832600549e+02 2.556311022027443016e+02 2.549937307798726636e+02 2.553173798713045812e+02
2.600796557843832488e+02 2.603523379505513731e+02 2.596732550596520923e+02 2.601308602455438290e+02
2.582328160513875446e+02 2.586250073172710700e+02 2.578888542218137445e+02 2.590907809221124580e+02
2.859305225634257113e+02 2.869063998183969488e+02 2.849345352284843784e+02 2.873956734939574744e+02
2.579261237013726031e+02 2.580355178838076995e+02 2.575399876416802272e+02 2.581829696653553015e+02
2.910349292778734025e+02 2.917417998383547797e+02 2.895010115729695599e+02 2.930432242824827540e+02
2.610660672523730454e+02 2.609691698655107643e+02 2.606391189493842262e+02 2.615218810251549826e+02
2.632731677746280070e+02 2.632535783881943985e+02 2.627024146807083298e+02 2.634663543611297882e+02
2.932818233017590615e+02 2.935651944906983886e+02 2.915269715782849289e+02 2.929744446467492480e+02
2.650394682329281864e+02 2.656246304301698160e+02 2.638062466066941170e+02 2.654223693774449089e+02
2.942029297094651383e+02 2.940184573704628974e+02 2.914312017827567161e+02 2.919144015861519392e+02
2.572702285941222726e+02 2.576880271509670592e+02 2.568837865381096890e+02 2.571522238720152700e+02
2.648913217483439553e+02 2.650005340664244500e+02 2.637172842892103404e+02 2.653523033789953729e+02
2.617712412857922004e+02 2.609228739961311589e+02 2.610610431120035173e+02 2.616577343802395603e+02
2.691797545091062034e+02 2.691963126108282722e+02 2.677279936718002205e+02 2.691746547382419976e+02
2.795330138365952735e+02 2.800805362201000435e+02 2.780148220642858519e+02 2.800797745766642493e+02
2.596108210995616901e+02 2.599661606155152072e+02 2.588653011762173719e+02 2.602255038888358740e+02
2.660890379689169549e+02 2.659924183278748160e+02 2.649235644295097813e+02 2.660861444756282594e+02
2.630553796446873775e+02 2.628604972893256218e+02 2.616489866389353551e+02 2.631347362092923277e+02
2.684815365335812771e+02 2.682306867482844837e+02 2.666998260403373138e+02 2.690509176634727169e+02
2.572363055573861743e+02 2.573538287505205062e+02 2.570616219379177210e+02 2.575996427434786824e+02
2.667706617793224382e+02 2.663600924021653782e+02 2.658447301245481640e+02 2.668442654867066040e+02
2.833008125419875114e+02 2.828933627020442714e+02 2.805388157614648890e+02 2.825329175416168823e+02
2.681424299630346582e+02 2.685031974815411218e+02 2.676758394164189099e+02 2.685853787673393072e+02
2.656932022781553542e+02 2.656036347862383309e+02 2.653796491825168005e+02 2.667704525904869683e+02
2.635217695179339330e+02 2.634391568548598457e+02 2.635594540564841282e+02 2.634437829749488174e+02
2.614482484894693926e+02 2.619487075946192931e+02 2.608730716512019967e+02 2.618421447293085862e+02
2.619977944042278750e+02 2.623996628400802251e+02 2.615721552259878422e+02 2.628604801731269163e+02
2.571852653326806148e+02 2.576101189391087019e+02 2.570961534794731733e+02 2.576022047885407460e+02
2.689321066330319923e+02 2.692027729380694154e+02 2.682279646507137159e+02 2.696155511103604567e+02
2.586407980681075287e+02 2.589214174528711396e+02 2.584254011303623884e+02 2.593961580086586309e+02
2.716588570557020148e+02 2.724054702409404172e+02 2.709164331078303007e+02 2.725060959720113942e+02
2.616451654247976535e+02 2.627045512278524484e+02 2.614975877103311745e+02 2.630840721369416997e+02
2.819301076671718533e+02 2.826646688488119707e+02 2.799101727469690104e+02 2.822970848046585388e+02
2.567352680201794328e+02 2.566592352716040182e+02 2.566722422359483744e+02 2.569002417721919187e+02
2.611589981296104952e+02 2.613187971954089903e+02 2.603584763772016686e+02 2.613500553012508476e+02
2.598328922850473077e+02 2.600835767527083249e+02 2.597326594088150387e+02 2.599155119068532258e+02
2.851689408189434971e+02 2.859859729660171865e+02 2.840590811331730947e+02 2.861051044792424705e+02
2.640719712347896575e+02 2.637018500925379954e+02 2.637432386586461348e+02 2.642342320760267285e+02
2.689426361497220341e+02 2.691400733726140970e+02 2.675637369132188041e+02 2.688452269054522503e+02
2.622127537804012150e+02 2.616736332843941568e+02 2.610820657914342746e+02 2.616557375765000302e+02
2.913891585835056617e+02 2.921992211689059218e+02 2.887524322948687541e+02 2.918963988470502500e+02
2.606288811377257844e+02 2.605676503813963336e+02 2.595031432407454872e+02 2.605427169098057902e+02
2.672799780056893155e+02 2.668755621703777479e+02 2.663716421296817316e+02 2.672073991320343112e+02
2.683205685794745818e+02 2.689531152588906480e+02 2.675179212681642298e+02 2.690300493111197966e+02
2.614405220920743318e+02 2.614965135451693641e+02 2.607096316537597431e+02 2.615178527281809124e+02
2.916390439049761767e+02 2.922854498496359383e+02 2.898881037695432497e+02 2.909205040925752996e+02
2.648845679874536359e+02 2.650226415830625797e+02 2.637899512229168977e+02 2.648340549529405621e+02
2.983538514780684068e+02 2.981790104617375619e+02 2.964970278905948931e+02 2.973639548832960600e+02
2.639134808706369881e+02 2.637818076270048095e+02 2.622710980797889420e+02 2.642049066939216004e+02
2.579931012189585999e+02 2.583499948917012148e+02 2.569529566559852469e+02 2.585447472696685054e+02
2.592530938883983254e+02 2.589971621093080216e+02 2.583816936348262630e+02 2.589660560668028211e+02
2.581143198565082457e+02 2.580612830501541453e+02 2.573003849231297977e+02 2.581628945571101212e+02
2.599189722717404720e+02 2.602436022999090710e+02 2.595995012079622484e+02 2.606489587734638462e+02
2.592930548165935534e+02 2.592981740546766787e+02 2.590905056125689612e+02 2.588681994131400188e+02
2.837120707349025110e+02 2.831448811154106693e+02 2.828012845956663455e+02 2.842717968745084249e+02
2.612612758848829912e+02 2.616133976069095866e+02 2.604838218553896354e+02 2.614884110836890727e+02
2.683407584072193117e+02 2.692193728960266412e+02 2.675201401043052556e+02 2.687335217423313907e+02
2.639789548482390273e+02 2.646104940203459250e+02 2.637033725896839655e+02 2.647448455811380086e+02
2.580304150376750840e+02 2.590271018951526685e+02 2.577646564507888911e+02 2.579143812645031630e+02
2.723648491656885540e+02 2.720921589697045420e+02 2.701154769614262250e+02 2.718470037857840111e+02
2.577545184677883299e+02 2.576982610474348121e+02 2.576663827625467320e+02 2.579364943923638407e+02
2.976357873957420566e+02 2.973319251497768505e+02 2.962481526438865558e+02 2.958165431085778891e+02
2.635755319474397425e+02 2.634571957109873210e+02 2.630643764501498936e+02 2.635817568159333177e+02
2.640814474347828877e+02 2.641954541401871097e+02 2.634682452544068383e+02 2.644442384173031542e+02
2.621234112497625119e+02 2.620408410353388717e+02 2.618692877477702154e+02 2.622720893432741036e+02
2.560844436806480076e+02 2.560930790212800048e+02 2.557909089210207583e+02 2.562030254180634756e+02
2.597898856669026486e+02 2.595805371869759028e+02 2.591871569356080158e+02 2.601439018428688428e+02
2.929472719763513169e+02 2.945174324427565580e+02 2.916132842534763654e+02 2.935411238288766640e+02
2.621348323225050763e+02 2.614956138057830799e+02 2.612956200444712067e+02 2.618983817446853664e+02
2.635251978844238465e+02 2.637346921900839334e+02 2.627456811735899009e+02 2.639070016570198050e+02
2.760596642823874163e+02 2.761357193384712900e+02 2.743524715444358435e+02 2.760767855305382454e+02
2.615162990984236444e+02 2.621667420621333804e+02 2.616020534482399285e+02 2.620480313821813070e+02
2.596180728438302481e+02 2.594434298647437345e+02 2.589142940037216931e+02 2.597739566633997583e+02
2.595382037792520009e+02 2.597382581966477346e+02 2.589116213022040824e+02 2.601139765317295200e+02
2.893604877229809631e+02 2.889914108622941171e+02 2.874489871074168263e+02 2.895068553611998823e+02
2.578693841644138729e+02 2.581825150672888753e+02 2.575593717898975683e+02 2.579926678867773262e+02
2.671289738556485531e+02 2.672419399763942920e+02 2.651436775282888902e+02 2.671891653805545275e+02
2.545976374581754555e+02 2.548065304632797563e+02 2.538166870943078948e+02 2.550618807748661823e+02
2.863742880294874453e+02 2.866305668370238777e+02 2.845860750194390789e+02 2.864249539430390996e+02
2.631546684518763186e+02 2.636093322858410488e+02 2.623110707382970190e+02 2.638677244646384565e+02
2.591371892904139145e+02 2.594455661428634130e+02 2.589397906794011988e+02 2.595019006322067980e+02
2.625627390558477146e+02 2.619960296322774411e+02 2.617509395457126971e+02 2.623556727665553581e+02
2.699906438335315784e+02 2.702469548196140181e+02 2.687834341363561634e+02 2.702626758797234743e+02
2.580152195369200854e+02 2.583667774191421245e+02 2.580977228760899607e+02 2.581649951324306471e+02
2.625570251944743632e+02 2.626153338686377765e+02 2.622235098402304061e+02 2.626988824151432595e+02
2.600859813209428921e+02 2.610025419567949712e+02 2.603245932637360056e+02 2.609326510451836043e+02
2.631648357279669312e+02 2.633328116095719338e+02 2.621804133698407782e+02 2.632643451941427202e+02
2.719983752001637072e+02 2.722908909137340743e+02 2.699306510661576795e+02 2.727564867134551605e+02
2.610727079116850859e+02 2.611063661615743854e+02 2.610955687763603805e+02 2.610104924393477859e+02
2.946783146738849837e+02 2.966125932394199936e+02 2.942491179352223867e+02 2.951099885191557064e+02
2.588663744712002881e+02 2.586758874172305696e+02 2.582333258951213111e+02 2.591335625737095256e+02
2.667413400163310939e+02 2.672302720629511441e+02 2.652475014721011917e+02 2.671247218757918063e+02
2.927139714376360189e+02 2.930400218150922456e+02 2.903284027042080311e+02 2.929514118730821224e+02
2.740873840387415612e+02 2.744344360729880918e+02 2.724720245006777759e+02 2.750592740235817359e+02
2.588622840603571262e+02 2.593191262848108636e+02 2.589566101770072919e+02 2.588197386038724517e+02
2.675802630017985848e+02 2.671399257609072606e+02 2.656679528652051658e+02 2.674570367228079135e+02
2.590665150296364914e+02 2.592939614005274507e+02 2.583357364496405921e+02 2.592176229135560561e+02
2.593987527884137307e+02 2.597650494790850644e+02 2.592727271979817942e+02 2.599913846744898933e+02
2.736285409494314536e+02 2.748430564234882922e+02 2.716819190431395441e+02 2.742749940722941915e+02
2.618495415238017472e+02 2.620437334161376270e+02 2.607154379022427406e+02 2.621827777694494443e+02
2.613337854819386621e+02 2.617159154527499254e+02 2.603908058967012948e+02 2.613669517515872371e+02
2.633219696492617459e+02 2.642011703297085887e+02 2.628023268541588209e+02 2.643210801315863705e+02
2.732957088506695413e+02 2.732982726333115124e+02 2.713554033779752217e+02 2.732672867069845779e+02
2.896521095263394727e+02 2.889682260703008296e+02 2.877819850004922841e+02 2.889104642538304120e+02
2.587384989809562512e+02 2.588929462260790615e+02 2.588040545703855742e+02 2.588619523194396947e+02
2.753851013607078926e+02 2.755114171838496873e+02 2.741872212437766620e+02 2.758988584567321141e+02
2.723566247672239342e+02 2.730963912297419824e+02 2.707000840251417344e+02 2.727508191126444217e+02
2.629052262045904058e+02 2.629446626521673238e+02 2.626467848767059081e+02 2.634452268718653158e+02
2.781339524308591535e+02 2.783941739438237732e+02 2.761495232447135777e+02 2.787016481839874587e+02
2.593253347135803324e+02 2.595393497393872622e+02 2.588065127688638540e+02 2.602691004408913500e+02
2.572265098187627927e+02 2.579168020003386914e+02 2.570099808485849735e+02 2.574804976820738034e+02
2.640318551927657609e+02 2.652739898729457195e+02 2.628841178539797738e+02 2.647958142336970582e+02
2.570807624487285352e+02 2.570551359998863177e+02 2.569578087383368938e+02 2.572091832886195562e+02
2.641441710461118078e+02 2.637422016935897773e+02 2.630278328008354833e+02 2.639833500049708164e+02
3.043887056793677175e+02 3.040256114287510627e+02 3.040164674821313042e+02 3.016590619375156166e+02
2.777790246910437872e+02 2.773220202177615192e+02 2.753181440058605745e+02 2.781983211923996464e+02
2.611905513333610998e+02 2.613155775462906263e+02 2.614515793969586070e+02 2.612624309379088459e+02
2.589415014428621475e+02 2.592549671761343006e+02 2.593049314701925141e+02 2.594925184784855787e+02
2.673640470597551371e+02 2.675871877781283388e+02 2.661065779366431912e+02 2.675377267596234105e+02
2.607573582621382116e+02 2.609009222695252674e+02 2.609152904563488278e+02 2.610862854613850459e+02
2.717203108932653777e+02 2.710396917208863670e+02 2.695230666340578978e+02 2.718372738008525857e+02
2.658829950478359478e+02 2.662317238802294241e+02 2.659578237288786795e+02 2.657538253650697015e+02
2.596127266348831881e+02 2.591172386001684913e+02 2.592500951923674393e+02 2.594204877802756641e+02
2.732380725381573825e+02 2.735130027252440073e+02 2.715265729165099060e+02 2.745768656511945096e+02
2.734442193161187333e+02 2.734021385605293517e+02 2.720216350198674604e+02 2.735904832555036137e+02
2.627026079443616027e+02 2.625167694173676978e+02 2.631448750332672830e+02 2.630709667718201104e+02
3.064887610186074198e+02 3.058468086574997074e+02 3.056875641102618033e+02 3.049763704928996049e+02
2.599694107436818626e+02 2.598974024424854292e+02 2.596103186207041063e+02 2.600161847905364993e+02
2.661696509180540602e+02 2.661725339331007945e+02 2.656163717651291449e+02 2.662488112547440551e+02
2.652433312436731967e+02 2.653378365461929320e+02 2.634544476249659510e+02 2.658273597542292919e+02
2.687835317007307481e+02 2.689713239256528823e+02 2.674776965926677121e+02 2.691516042584118509e+02
2.721117228026694761e+02 2.725698464968473900e+02 2.714346451781280507e+02 2.729956772840609460e+02
2.612450718796950468e+02 2.609141609440174534e+02 2.600746066418211626e+02 2.614207856832342145e+02
2.949658571329606502e+02 2.947321043275865122e+02 2.942855051307673193e+02 2.955087952395818434e+02
2.612884706640789432e+02 2.611934876707736635e+02 2.614502187919721905e+02 2.616593589344930706e+02
2.597283631379488611e+02 2.598391660751374843e+02 2.601921257644643788e+02 2.604267976103416231e+02
2.944264770074434523e+02 2.950398467592052612e+02 2.932222049087487221e+02 2.951985978356233318e+02
2.677001692952215990e+02 2.682468884082970817e+02 2.671041210453906842e+02 2.684087513818830075e+02
2.804626640002963995e+02 2.805684030463309000e+02 2.781434888842910595e+02 2.799876405392891456e+02
2.606778902312073001e+02 2.610024225564036442e+02 2.595051336549547614e+02 2.609598887970960277e+02
2.675681700019269442e+02 2.675136997255312963e+02 2.665244622795306668e+02 2.680195126692389636e+02
2.596138248432189357e+02 2.604091876561480490e+02 2.596233684293422925e+02 2.601818350970908114e+02
2.806162728932074515e+02 2.808386960932581360e+02 2.788045054456807748e+02 2.789408970672055830e+02
2.714763583283964863e+02 2.721641535214739065e+02 2.699702838506595413e+02 2.718443233569078643e+02
2.621684304947904138e+02 2.620743126816532254e+02 2.611010408112398409e+02 2.624539626279932349e+02
2.592905122012576271e+02 2.591213016796703528e+02 2.590136644514311683e+02 2.589459829326937665e+02
2.624036049464605753e+02 2.628932883923453119e+02 2.626909482768801922e+02 2.633419099886080517e+02
2.653087700184464666e+02 2.654562046815651115e+02 2.642176617421072251e+02 2.662105759066014912e+02
2.749091801398676580e+02 2.748060336702264408e+02 2.733097373657739695e+02 2.763830549329845780e+02
2.568193074389083677e+02 2.565736704492463218e+02 2.558624424322359516e+02 2.570795635994193162e+02
2.597378052977614402e+02 2.600338987655813412e+02 2.592595962147484556e+02 2.600173107024421029e+02
2.609972557183656932e+02 2.613429132676908466e+02 2.608355731093375312e+02 2.616057305756483515e+02
2.583465518704885540e+02 2.587116789960733172e+02 2.581183566641557832e+02 2.588329285455810123e+02
2.730224729579487644e+02 2.733754254204504264e+02 2.716321332872677203e+02 2.737749585691416314e+02
2.618940129251918734e+02 2.622004604797880916e+02 2.613743774881896229e+02 2.624589036809603613e+02
2.626717286765647827e+02 2.626613275882747871e+02 2.612629353783964916e+02 2.626139709012740582e+02
2.948590747673242731e+02 2.947892831708851418e+02 2.933989138357812863e+02 2.943422210370127345e+02
2.629952459950744128e+02 2.637658571525262801e+02 2.627035182967343871e+02 2.635912839869766344e+02
2.602733119782614040e+02 2.609235361875792591e+02 2.599963652268990586e+02 2.607763889921604914e+02
2.621755507326376460e+02 2.622867718701740500e+02 2.618104069393855866e+02 2.617696160500121323e+02
2.750668948060273351e+02 2.751306992930287265e+02 2.727426462270102547e+02 2.745372386214964990e+02
2.904155665607369201e+02 2.907087204455445999e+02 2.879517798788750156e+02 2.894665317426264437e+02
2.601804522148095771e+02 2.600400814630672244e+02 2.592992421480487906e+02 2.603098581613091937e+02
2.561209612935329574e+02 2.563397382879724660e+02 2.548782852036632676e+02 2.566701769482441478e+02
2.621335768079522381e+02 2.625592220273197199e+02 2.609399613475536626e+02 2.626613640325228971e+02
2.598204199578532325e+02 2.602567135160427370e+02 2.595997045424660428e+02 2.605656306659170696e+02
2.593518899815366012e+02 2.596222068787843114e+02 2.585955179833792386e+02 2.598448537830258829e+02
2.684157572523280919e+02 2.695913869251982078e+02 2.676396490232451129e+02 2.691012626074113427e+02
2.565903119674483150e+02 2.565303238580470406e+02 2.565607808801055967e+02 2.567267919711536024e+02
3.030745585921125098e+02 3.032752737058992238e+02 3.024698612168306227e+02 3.028932612619597649e+02
2.644403899938047289e+02 2.647239057645094817e+02 2.635272045182433089e+02 2.648505821714247190e+02
2.810992839231563494e+02 2.810686131525446285e+02 2.787741519827512207e+02 2.806932968718504640e+02
2.844048624383809738e+02 2.839429589581142181e+02 2.827936124790453505e+02 2.840817297675182544e+02
2.624837223750506041e+02 2.624029142156063585e+02 2.613397251847829921e+02 2.622721070437886510e+02
2.596545241878159800e+02 2.594735898176920159e+02 2.588371203272969296e+02 2.598389773138596297e+02
2.681396769545172560e+02 2.682930832436321111e+02 2.667517628045401921e+02 2.683554786361410720e+02
2.722147173521020136e+02 2.730915676085815562e+02 2.703636223894945374e+02 2.731713915058432463e+02
2.672151339452107095e+02 2.674849255141468802e+02 2.662442600248488134e+02 2.684471242653945069e+02
2.587765488873154709e+02 2.586650874932311694e+02 2.584350174249242400e+02 2.595075503668099373e+02
2.593454691433638573e+02 2.591139688272525632e+02 2.588206187655251824e+02 2.589294375001018125e+02
2.607628059637440288e+02 2.608738214757928517e+02 2.603363049209625046e+02 2.608372201610189336e+02
2.603071884881870233e+02 2.605892792000760210e+02 2.605232451311873660e+02 2.605357867086124202e+02
2.890872006640108793e+02 2.905298916273569034e+02 2.872461119865303658e+02 2.894884397000554372e+02
2.895286398365823288e+02 2.899761026049928887e+02 2.884939680813269547e+02 2.896165023536827334e+02
2.600359758112966801e+02 2.601155823950014110e+02 2.587238780804489124e+02 2.599698559469436532e+02
3.019211602929214564e+02 3.024998931263870077e+02 3.018586845163198973e+02 3.009913027682125062e+02
2.585812980137112049e+02 2.584434577332615959e+02 2.583903502625283863e+02 2.589422726513893736e+02
2.897702482011445682e+02 2.898849698867443294e+02 2.880273529310024969e+02 2.903222230046920345e+02
2.616781905114787605e+02 2.618091518101686574e+02 2.618827598660824947e+02 2.623591430455874729e+02
2.664129007768717656e+02 2.666399737297933257e+02 2.652705189452177592e+02 2.667815445289341483e+02
2.664129708490504527e+02 2.664575851576771015e+02 2.648221420120351581e+02 2.666658559637315875e+02
2.723116819248585330e+02 2.727539224085379601e+02 2.691758374065303769e+02 2.721956618792951872e+02
2.674761207264629093e+02 2.683128599382860671e+02 2.668436500141695547e+02 2.682784479329605460e+02
2.806664936974564739e+02 2.807125542935731914e+02 2.781803420303832581e+02 2.813163389203696170e+02
2.652954810612812366e+02 2.654695729451062789e+02 2.641935392169057764e+02 2.657756311682308592e+02
2.620314774533334230e+02 2.624434000998618330e+02 2.614388717789374255e+02 2.623497932749694428e+02
2.580350976636547671e+02 2.582696711246788936e+02 2.575435313721819170e+02 2.577469050738326928e+02
2.628581527767324246e+02 2.628844493112525811e+02 2.633015811771876429e+02 2.627915692506380196e+02
2.578220650320827758e+02 2.583838797928137865e+02 2.571106085016446627e+02 2.584601997476398765e+02
2.643986392253227109e+02 2.644939721844503993e+02 2.635240352075439887e+02 2.647412849974713254e+02
2.629592713785731348e+02 2.630527034000287472e+02 2.629587650307525450e+02 2.627313881508261488e+02
2.596516373595027289e+02 2.596263778214973854e+02 2.594611698716520323e+02 2.600299010757894962e+02
2.920808654547931269e+02 2.915520015217157948e+02 2.897645439450525942e+02 2.905506638625855658e+02
2.617125300456267496e+02 2.618515574956745695e+02 2.606821606999527603e+02 2.616669943674287424e+02
2.759565695190018459e+02 2.761903678675313358e+02 2.737421483709431982e+02 2.756880330503075243e+02
2.623638808701368248e+02 2.625164353768646492e+02 2.607453173241045192e+02 2.629982640726354930e+02
2.683746890260840132e+02 2.688602332372357751e+02 2.667245131483203977e+02 2.689919257607579652e+02
2.618516059903384985e+02 2.611029331565927123e+02 2.609850515951861212e+02 2.613403136504065287e+02
2.705255479187512719e+02 2.707690726817732525e+02 2.695161008203491519e+02 2.704742710358872273e+02
2.576559870090886193e+02 2.576602399701945387e+02 2.569980743180158811e+02 2.584350309259535265e+02
2.582040481194882204e+02 2.583748150272098769e+02 2.579285410830091223e+02 2.583544191591987556e+02
2.625188846166731196e+02 2.624485177235928859e+02 2.614735021592974249e+02 2.625002244618341933e+02
2.605612275376749949e+02 2.610970227352244706e+02 2.602691029509571763e+02 2.605710224574888230e+02
2.808846554836723044e+02 2.809496283589681980e+02 2.789019769298006395e+02 2.805126232662412349e+02
2.665225620269650335e+02 2.670517889546501351e+02 2.660693368947423210e+02 2.669898077737381641e+02
2.592554630075460977e+02 2.593470895535063505e+02 2.584014421637834857e+02 2.597370256881092132e+02
2.708841269511607379e+02 2.712702121992897446e+02 2.692095885067418521e+02 2.708251606966803706e+02
2.694716798251027967e+02 2.698592470590855328e+02 2.684821297166492968e+02 2.702488142839595184e+02
2.598103915924990019e+02 2.592350675052148290e+02 2.588580566774484737e+02 2.588771267950876904e+02
2.707721469455298688e+02 2.710373114860588544e+02 2.694731782645172302e+02 2.708635272375074692e+02
3.056970626293202145e+02 3.057481741547717320e+02 3.061691527083734172e+02 3.052610463678145152e+02
2.658734182679672813e+02 2.664824480188246980e+02 2.648425495660115416e+02 2.669560677453015387e+02
2.636297569702655323e+02 2.633188669436801774e+02 2.629319770849036217e+02 2.636680868909437550e+02
2.994925035326454577e+02 2.992793654838187081e+02 2.986441868252518930e+02 2.982812340493143211e+02
2.628053993963637822e+02 2.632342068434996349e+02 2.618949854866914961e+02 2.629456129884015922e+02
2.665746272213158932e+02 2.670057979615204431e+02 2.660677110763974724e+02 2.672361723970239495e+02
2.680046093088523094e+02 2.684545562428331209e+02 2.669487086089121135e+02 2.690957057907051535e+02
2.677443518155949960e+02 2.671572770685416458e+02 2.659845660706619128e+02 2.671296228206870182e+02
2.591050776325824927e+02 2.591797413662307576e+02 2.582074903367847583e+02 2.597785941457563013e+02
2.596594566082945335e+02 2.601025891555731846e+02 2.590649147450329792e+02 2.598607003142400913e+02
2.929862365369423856e+02 2.931204405213209156e+02 2.895830675870488449e+02 2.920796957940124798e+02
2.845762461328855579e+02 2.847373848652808306e+02 2.822858742869036632e+02 2.855497810829313039e+02
2.620685091237037909e+02 2.621105486218178839e+02 2.617112738202013702e+02 2.614714345492402003e+02
2.782781140296744411e+02 2.783075291384958518e+02 2.766131372092276024e+02 2.780848951408593166e+02
2.978457367237415951e+02 2.984749255025375874e+02 2.972379133348493383e+02 2.976635695743401584e+02
2.604604492930707238e+02 2.602213455945808391e+02 2.593898009122362396e+02 2.599882182403350726e+02
2.943351632214361757e+02 2.944147191122603431e+02 2.933155336514604983e+02 2.952320496350060353e+02
2.630165541603716406e+02 2.632421269155055938e+02 2.634656293331472625e+02 2.637277450043615659e+02
2.656652101689764436e+02 2.664816542577768246e+02 2.652484533662345143e+02 2.661642807263808663e+02
2.857911479910823118e+02 2.858185146335438276e+02 2.833771589678854639e+02 2.845233860231162453e+02
2.615562676651857146e+02 2.613323826001590078e+02 2.613758066464299645e+02 2.612676894188765573e+02
2.915967544839591596e+02 2.930015157063294282e+02 2.910215355794380798e+02 2.915304281986314550e+02
2.910475443557048152e+02 2.903148152430855475e+02 2.885251938131022484e+02 2.902403535013407350e+02
2.714642193378491015e+02 2.720532160476736863e+02 2.698539709181826538e+02 2.716421441233680980e+02
2.828977465574581629e+02 2.829719048300894997e+02 2.797290095998956190e+02 2.829381919092333533e+02
2.759796395704000815e+02 2.758056197173274882e+02 2.739918608137284650e+02 2.763018312158852154e+02
2.613751902744399445e+02 2.621404505864192629e+02 2.604493477108353545e+02 2.623766309943653141e+02
2.570525355400336025e+02 2.568312501963018235e+02 2.564001243363715048e+02 2.573078635529176950e+02
2.579364766876620365e+02 2.583836206227544494e+02 2.579021150220052618e+02 2.585656104158328503e+02
2.962353091110510945e+02 2.957614815536934429e+02 2.941651390513548563e+02 2.948512371248677937e+02
2.621356710741310394e+02 2.628295076757817128e+02 2.615339311238822688e+02 2.628796600351965367e+02
2.605542494815270516e+02 2.603237233435690996e+02 2.606186073670400560e+02 2.600100895514233343e+02
2.637648810966998667e+02 2.637223460433620517e+02 2.629620026113409494e+02 2.636787809013486594e+02
2.680773687882945637e+02 2.681675620543892933e+02 2.659607412950031176e+02 2.689133437794732799e+02
2.922191019707978512e+02 2.917259842452700696e+02 2.905873057456141737e+02 2.916439339454744299e+02
2.626972032405399773e+02 2.626004808379433371e+02 2.620836352048676190e+02 2.633763961084488301e+02
2.612617725118878411e+02 2.613273108701117735e+02 2.607267089218199203e+02 2.606621771675714285e+02
2.751748100925649396e+02 2.755797326065886637e+02 2.728746756013189838e+02 2.750901103761643753e+02
2.586778428481839001e+02 2.582983788805678955e+02 2.581543704211832733e+02 2.583855660628556166e+02
2.584139544255749570e+02 2.588822781442528935e+02 2.587785081476034179e+02 2.590380150651158715e+02
2.756524610294605395e+02 2.759729626400425104e+02 2.739750519557848634e+02 2.755983650689166211e+02
2.574242188843110739e+02 2.571563947664386092e+02 2.566694661712422203e+02 2.573597182618351553e+02
2.780458572681989153e+02 2.777593922634990804e+02 2.754519689744483344e+02 2.775788248746248996e+02
2.704379961459211472e+02 2.713568859249064644e+02 2.693109394095409357e+02 2.710872680428163335e+02
2.647232335073275635e+02 2.651965332498340899e+02 2.642279151616933177e+02 2.642532725633636232e+02
2.607954274083732571e+02 2.608810949420131351e+02 2.605709211818233371e+02 2.604572787704112216e+02
2.607058857390092612e+02 2.608752502070208834e+02 2.606646858846251575e+02 2.614846015763907872e+02
2.858534384532773061e+02 2.866664906888429982e+02 2.842921924393841095e+02 2.866978906593827219e+02
2.745432388808808923e+02 2.744592666612174412e+02 2.727776836497706654e+02 2.744848664170310144e+02
2.595850323999696911e+02 2.595732660652262211e+02 2.591078564825772901e+02 2.599328411882763135e+02
2.735725138815597575e+02 2.742921897316362561e+02 2.720591663424297622e+02 2.743120465235655843e+02
3.040235534814943890e+02 3.027360132014130727e+02 3.035826625165811379e+02 3.024980984694238941e+02
2.668525010542884957e+02 2.674076231681169133e+02 2.662845104713287583e+02 2.674598514230627302e+02
2.564636912003873022e+02 2.567392510580227167e+02 2.563305078643541606e+02 2.574260950485315220e+02
2.561876584487901596e+02 2.562989430628298919e+02 2.555065499919706156e+02 2.566578327941813882e+02
2.608819398680455492e+02 2.610795365788958975e+02 2.601501484523604404e+02 2.607461486279884184e+02
2.596327438787841402e+02 2.606113081970274834e+02 2.592950941798328017e+02 2.605594997983003509e+02
2.646417458263699700e+02 2.642672284922060726e+02 2.634609474589623801e+02 2.643152806400574946e+02
2.687243808359377226e+02 2.688257587638626660e+02 2.669800939073086283e+02 2.691226026208040025e+02
2.647335026371881099e+02 2.646045793129401318e+02 2.639734160757138284e+02 2.646071142786905739e+02
2.737908867594777576e+02 2.751742210889544253e+02 2.724962829232850936e+02 2.753038938958580957e+02
2.635014486997863514e+02 2.641574645551618232e+02 2.624723867676281088e+02 2.643455714661109823e+02
2.618939743312779456e+02 2.618904878645440704e+02 2.610730864444066128e+02 2.619397471419759995e+02
2.609914342722263427e+02 2.612104783018417038e+02 2.606666594570420443e+02 2.617425961397863716e+02
2.594274452504934061e+02 2.590106980955416702e+02 2.592362912005438602e+02 2.599012379280756022e+02
2.588548933331012449e+02 2.590103354150849668e+02 2.583219200369379678e+02 2.595504817654432941e+02
2.671812340572611220e+02 2.673627956319806458e+02 2.661617231922862743e+02 2.674280340956617010e+02
2.621584879422395602e+02 2.622986901365235326e+02 2.608166513950812373e+02 2.624231503619959653e+02
2.805035167468345207e+02 2.820224330593910054e+02 2.787723846042472928e+02 2.802584741535051194e+02
3.002538266618327043e+02 3.002300228672417575e+02 2.997102977649707896e+02 2.991035109487766590e+02
2.614711175342648062e+02 2.617256517888744156e+02 2.612776372596246688e+02 2.617125568597120946e+02
2.709331079621301797e+02 2.709989766052516416e+02 2.688791425002584674e+02 2.712707570649969853e+02
2.697284063032732888e+02 2.699957875568031227e+02 2.693061920763140620e+02 2.700722757396894167e+02
2.640674266870163365e+02 2.645678995556986592e+02 2.630348636489170531e+02 2.648485856565777112e+02
2.588814335404142639e+02 2.582781310869281128e+02 2.583666309378296546e+02 2.586887504089129948e+02
2.653816516780062216e+02 2.656536922835908854e+02 2.644609550646350726e+02 2.658404372366137522e+02
2.625365966609079464e+02 2.629447457385103348e+02 2.616664306072956379e+02 2.627822629051515264e+02
2.605999015842380118e+02 2.610135523739652399e+02 2.605747466549912588e+02 2.609047568775323498e+02
2.799978818471191744e+02 2.801617094641169956e+02 2.778019530899483129e+02 2.801468127111258468e+02
2.587966564154065168e+02 2.594169075638533286e+02 2.583928903291767938e+02 2.591346897034699737e+02
2.624282227733408490e+02 2.621420461643011777e+02 2.621636555325186464e+02 2.625085634441935554e+02
2.612407851422963176e+02 2.615175444166512193e+02 2.599914705564485189e+02 2.612096046675821981e+02
2.927348412118677174e+02 2.924255792243328074e+02 2.901255505820665235e+02 2.925039560815242794e+02
2.800353243170011410e+02 2.816523420187994589e+02 2.790241546071471248e+02 2.812756071206864021e+02
2.612387527678515085e+02 2.609881206917391410e+02 2.611870057412498340e+02 2.609307804879171044e+02
2.818055747752741809e+02 2.822552549381813947e+02 2.794182911031802519e+02 2.818069326498372789e+02
2.592281315679100544e+02 2.589212385144048767e+02 2.589970141507526478e+02 2.590103908311764371e+02
2.593406354953447703e+02 2.598711477706158348e+02 2.594104294466158649e+02 2.595107471261371757e+02
2.585880477494330876e+02 2.586170762537253154e+02 2.584628870701008623e+02 2.584527774839790482e+02
2.714537020218301677e+02 2.717388249471163704e+02 2.707498413026787603e+02 2.719103303748808003e+02
2.601714026178171366e+02 2.604184846129172684e+02 2.599624356991662921e+02 2.605717236185400907e+02
2.559177182078171597e+02 2.564284178521859303e+02 2.555867319856425297e+02 2.565561219395495414e+02
2.553500665483358318e+02 2.557236961487263329e+02 2.551961075954077955e+02 2.560314568766351044e+02
2.829651793896954928e+02 2.833829447096793501e+02 2.811230588384528915e+02 2.834336773724361365e+02
2.610513690730151097e+02 2.602822135735995630e+02 2.599144404395033803e+02 2.601211745533699400e+02
2.895167856796835508e+02 2.897837118938747949e+02 2.880349684279526059e+02 2.907254728970318070e+02
2.624632457248071660e+02 2.635449314618775816e+02 2.626321932840175464e+02 2.631565431365289669e+02
2.579035523721568097e+02 2.578968887578487852e+02 2.572962223679364229e+02 2.576861249569109873e+02
2.663774070004070040e+02 2.665837870948835757e+02 2.648834553433244992e+02 2.659387281040389439e+02
2.909701393276196200e+02 2.919694628722847938e+02 2.900779384922449253e+02 2.914790598755527640e+02
2.727604579794402184e+02 2.734378879559921529e+02 2.712008408338450067e+02 2.730997644752335987e+02
2.640861900944362901e+02 2.644961040302561628e+02 2.625777395703514685e+02 2.642640531771364749e+02
2.749417908138681810e+02 2.758690920281462695e+02 2.732095993650299306e+02 2.751645252928429954e+02
2.631926461436441969e+02 2.635960707161797814e+02 2.627893872633949286e+02 2.632048333508113274e+02
2.604521325849191840e+02 2.604522226534352853e+02 2.600741662100772373e+02 2.602332382423750801e+02
2.670416433223729769e+02 2.683247953610003833e+02 2.657418497335587517e+02 2.672474014015513717e+02
2.600509657266729278e+02 2.600526721991240038e+02 2.593832095652576299e+02 2.608693478740613045e+02
2.746024140626687426e+02 2.747406753694937152e+02 2.714789491112721862e+02 2.757616616118286856e+02
2.582935387221947963e+02 2.584024449020704992e+02 2.579848798311111295e+02 2.585518087304063783e+02
2.581992233598658117e+02 2.584657365425561579e+02 2.576538625177814197e+02 2.582132932196755064e+02
2.753206458609946594e+02 2.761097689503220067e+02 2.737348803358198097e+02 2.761291165340516045e+02
2.626117411972595619e+02 2.630296182245636487e+02 2.630174977176833409e+02 2.633036036502256820e+02
2.904574735849754461e+02 2.909040876976583831e+02 2.881518688419188834e+02 2.903612914750920595e+02
2.593928826327533557e+02 2.591366695145994186e+02 2.593708516143733505e+02 2.593048492880566869e+02
2.642057590840939838e+02 2.640030623488408423e+02 2.634423411974396458e+02 2.638049650623362368e+02
2.555441566476315813e+02 2.557444019396645842e+02 2.554529174478074935e+02 2.552449602615863569e+02
2.625449828808937127e+02 2.633373833881150290e+02 2.619388080556241221e+02 2.630511802660890339e+02
2.577479432329498081e+02 2.587971972372362757e+02 2.577455131724742614e+02 2.583024415525522954e+02
2.762100781226186541e+02 2.759258382484853200e+02 2.746037604499312010e+02 2.764954472058770989e+02
2.693785969460927276e+02 2.692311199139792848e+02 2.676611962824222815e+02 2.693854522948091130e+02
2.613942547801227079e+02 2.619134390001539145e+02 2.602175989303048596e+02 2.618869841124958953e+02
2.601350349199034326e+02 2.607201898215848246e+02 2.598895195662121296e+02 2.603477332819938397e+02
2.587647607811421722e+02 2.591782207203087296e+02 2.588633174209192589e+02 2.592206478848837037e+02
2.573931048719584282e+02 2.577390352391265651e+02 2.566922994939945397e+02 2.576312338673796489e+02
2.616461543951970157e+02 2.620199522637101381e+02 2.616779392394570323e+02 2.616609692621638601e+02
2.556012523676957926e+02 2.558517967340538917e+02 2.549665642399546641e+02 2.565525146742410811e+02
2.955098835256487746e+02 2.962203888998419643e+02 2.945267887952580850e+02 2.951310964018388177e+02
2.600956127364827921e+02 2.597306487900588650e+02 2.597894995787983135e+02 2.592898169308337515e+02
2.702537252051101291e+02 2.700386125841622516e+02 2.677506003868176094e+02 2.710398509715442970e+02
2.581393732884939709e+02 2.578733430369450730e+02 2.572458527281544889e+02 2.583020830615813566e+02
2.820062841217653045e+02 2.817202637373872562e+02 2.799790784298560311e+02 2.820356339982437817e+02
2.605889840951621750e+02 2.608236583386840266e+02 2.602532217323123405e+02 2.612029617632996406e+02
2.763643600553407396e+02 2.775401426493850181e+02 2.750822749054050291e+02 2.777357962801568192e+02
2.859790440815405645e+02 2.877744769011835047e+02 2.844638147303929827e+02 2.862540318372215324e+02
2.575011077059632498e+02 2.576976328854682947e+02 2.577484684631760956e+02 2.579913014262639308e+02
2.654516052510667237e+02 2.653150684039927683e+02 2.646938118640289872e+02 2.654537654601347185e+02
2.640850513953065501e+02 2.641771031313023741e+02 2.632824330818141902e+02 2.636784400383722868e+02
2.726387988244576945e+02 2.734091925836326027e+02 2.708575430418294445e+02 2.729965724355668044e+02
2.636688942538727929e+02 2.636714409142657018e+02 2.635575800961316872e+02 2.632131485072853252e+02
2.647839043269765398e+02 2.648775364931950094e+02 2.632192139297198992e+02 2.652068849440536269e+02
2.619359196165180492e+02 2.626906941130574182e+02 2.614648444888902645e+02 2.619896550321121822e+02
2.598437881434435894e+02 2.601970511710882192e+02 2.595484663534335823e+02 2.602445513590213864e+02
2.736599376184707353e+02 2.742212960461445164e+02 2.714471486901345543e+02 2.738360744293672155e+02
2.574761411459968485e+02 2.575308371614090106e+02 2.570409931614907464e+02 2.583214093665139899e+02
2.652388188197917884e+02 2.656608378982167551e+02 2.647525521698810280e+02 2.659200147966552095e+02
2.632478076639550864e+02 2.638826886358841648e+02 2.618408070473116140e+02 2.644462288011151827e+02
2.640252422269659860e+02 2.637816821828620846e+02 2.639731747826420474e+02 2.639067487043756728e+02
2.606027694563679802e+02 2.607415834301409632e+02 2.612190065850424503e+02 2.614278143202730575e+02
2.591785702325287275e+02 2.590681721112700870e+02 2.586681982656571108e+02 2.598058494192929970e+02
2.627307630451024920e+02 2.629730489302969545e+02 2.623567597880902440e+02 2.632204300774253056e+02
2.616414183784680745e+02 2.614869498125539735e+02 2.603017667508705131e+02 2.613885467652660282e+02
2.570756832149277784e+02 2.572352547814343211e+02 2.572612822386252560e+02 2.576053949173149249e+02
2.603927963851203344e+02 2.597889321206596378e+02 2.594678842899435836e+02 2.601905046056721176e+02
2.776753239629459813e+02 2.781218080650860429e+02 2.757802985689079946e+02 2.787622385761845862e+02
2.603766952856434500e+02 2.605595901290863594e+02 2.610144748370902334e+02 2.611593559122965758e+02
2.620578861255752372e+02 2.622746762510530516e+02 2.613547697801871550e+02 2.619921818254569530e+02
2.784890676766427191e+02 2.789819760154131814e+02 2.763941298969327249e+02 2.791379006921048358e+02
2.978018581006238605e+02 2.965616333679129184e+02 2.949348047632863654e+02 2.959005412350442725e+02
2.630789315756101132e+02 2.635672618130072919e+02 2.628749068087059868e+02 2.641165570819745767e+02
2.653528228070322825e+02 2.661193131144474364e+02 2.652683125012537744e+02 2.661524162800365616e+02
2.607977655736468705e+02 2.608476517973679165e+02 2.608428877536516666e+02 2.612740008075564333e+02
2.594198034366761476e+02 2.592296853033424782e+02 2.586537130219841742e+02 2.595806974396163582e+02
2.629786301018690438e+02 2.626423597937954355e+02 2.620138932986646978e+02 2.631959756769866203e+02
2.627809576480510145e+02 2.625704952394613088e+02 2.621941560791423171e+02 2.629996838724894133e+02
2.714016453464132042e+02 2.716620042975994807e+02 2.703812793008934818e+02 2.721111920667439108e+02
2.947787330028580755e+02 2.957849891292297571e+02 2.942333942605010861e+02 2.953521011905532987e+02
