2.460776649307215962e+02 2.462782001769059264e+02 2.456613814041268995e+02 2.469822068545798288e+02
2.640294733698807477e+02 2.654425611564457199e+02 2.620622498848057944e+02 2.654763683976616448e+02
2.486089501691035935e+02 2.490951690274510781e+02 2.470613600294731214e+02 2.486795643649247154e+02
2.504922634567146247e+02 2.504529737713225757e+02 2.491971351636954353e+02 2.509796945449637917e+02
2.503020489102835597e+02 2.499262734509431141e+02 2.486242884595972384e+02 2.510610473237128986e+02
2.509861204811497259e+02 2.524039490419971514e+02 2.496782738034692954e+02 2.524055115484505336e+02
2.504981582325563352e+02 2.506946744099186049e+02 2.501763287783916780e+02 2.511543899911856954e+02
2.467122827262327291e+02 2.477281264606660613e+02 2.465130132313879301e+02 2.476833117995730618e+02
2.458384617297646457e+02 2.459504993663119876e+02 2.454329664102435231e+02 2.464806546916512389e+02
2.478699229837435780e+02 2.479194089715780365e+02 2.473169060989812351e+02 2.483410841874293453e+02
2.676610703178005792e+02 2.678680948528976273e+02 2.647397283051661248e+02 2.682106079023960774e+02
2.535094358143537079e+02 2.540538397704356157e+02 2.523885682632244709e+02 2.542705018639037178e+02
2.646741861857494769e+02 2.647986942843067482e+02 2.608322662964098413e+02 2.654374667726319785e+02
2.514713799521799729e+02 2.521605197273534600e+02 2.509831826947714148e+02 2.524494321122274982e+02
2.466186470299052189e+02 2.466326793164965636e+02 2.457293415934964855e+02 2.471791612524453114e+02
2.593290708090838734e+02 2.597379497785553895e+02 2.568576324098021928e+02 2.593651427110045233e+02
2.896686397148762353e+02 2.890284887432258074e+02 2.877327311502795055e+02 2.900053518035470006e+02
2.591342186704706592e+02 2.592114799569215506e+02 2.570778068633844100e+02 2.602701447030709687e+02
2.606788120614070863e+02 2.609431574713910322e+02 2.575932525999056111e+02 2.611603283545869658e+02
2.453378071818602848e+02 2.456141513468937774e+02 2.445283620411809693e+02 2.458714439079085423e+02
2.537628863709921063e+02 2.546562610747576230e+02 2.525929988303582547e+02 2.550382197272156475e+02
2.486203092253910825e+02 2.492402368365668792e+02 2.489323957077712635e+02 2.491061077332294929e+02
2.459388687260872643e+02 2.462226864431004856e+02 2.450810699087813305e+02 2.468734649844249134e+02
2.519280437925859246e+02 2.523300092710270235e+02 2.508635873688763525e+02 2.529365381151413317e+02
2.650161344922065609e+02 2.651128218356175239e+02 2.626949300115739447e+02 2.658390149427935398e+02
2.464417080685292092e+02 2.466596935313718291e+02 2.454942331284500483e+02 2.466911162395701638e+02
2.535855102793780702e+02 2.541380207802542373e+02 2.519857942616705202e+02 2.545808016510146956e+02
2.515570958652949685e+02 2.512933630694824387e+02 2.496149693311793101e+02 2.527032831486130817e+02
2.520929310132598857e+02 2.523509623940497306e+02 2.508036679156842865e+02 2.528337526304949563e+02
2.559054247021702793e+02 2.566785874871096667e+02 2.542417352878987344e+02 2.569467334006976671e+02
2.471482965859447916e+02 2.474383246504208387e+02 2.461039334385588688e+02 2.476307652920673945e+02
2.537007143852085278e+02 2.542260117121951737e+02 2.526890192127530383e+02 2.546710074970941093e+02
2.497814053832892682e+02 2.496865343126160894e+02 2.489617011448911512e+02 2.500584047267632855e+02
2.492440171613730229e+02 2.492096157674507992e+02 2.485185065580848516e+02 2.493281988705497270e+02
2.577293234680354885e+02 2.581550883101783711e+02 2.552971070306235220e+02 2.592864790007144506e+02
2.719625945633493416e+02 2.726648451819428374e+02 2.691786248520797358e+02 2.724823935068753258e+02
2.467631098157509939e+02 2.467516353228017181e+02 2.463539607537150573e+02 2.478023409829027059e+02
2.545701635249001242e+02 2.552325006436735180e+02 2.529040476028035584e+02 2.550399348127475037e+02
2.700663904722703705e+02 2.706050201732320488e+02 2.659785527226878799e+02 2.707178104907478655e+02
2.586433704889242904e+02 2.597454487590957797e+02 2.574320177780372205e+02 2.599001806487885915e+02
2.893270752970320245e+02 2.895531089435439753e+02 2.877704986590300109e+02 2.901994413163604918e+02
2.488736936919893310e+02 2.491559271224379870e+02 2.484669490546882855e+02 2.495486106647389590e+02
2.494429955506376757e+02 2.497594029172563523e+02 2.490383291009777338e+02 2.506136731515377960e+02
2.874965372117309812e+02 2.878366896042352892e+02 2.845268260044543922e+02 2.876509636148740583e+02
2.643293805237593119e+02 2.642703450698169263e+02 2.625029804462444645e+02 2.647915680297958261e+02
2.563403953030769458e+02 2.571898888694475431e+02 2.541150966185367110e+02 2.569185807247101820e+02
2.483023206788759296e+02 2.483676320189837270e+02 2.479971389768483903e+02 2.484000367175444808e+02
2.490118045449595741e+02 2.490915983116740904e+02 2.484369408382318341e+02 2.496427353999123966e+02
2.497166434110358466e+02 2.497566302341646463e+02 2.487637549562081745e+02 2.507312827854310058e+02
2.524125165748080235e+02 2.536048459871866214e+02 2.513749184116690856e+02 2.540681203276382121e+02
2.497127826900442926e+02 2.503341439145098093e+02 2.484946459167495618e+02 2.501679089421054698e+02
2.464228602258306466e+02 2.465128569538244960e+02 2.457560739147271534e+02 2.472791966300040372e+02
2.511810905354261934e+02 2.514948482101973184e+02 2.499560810877360382e+02 2.519003187990661274e+02
2.572007052331725276e+02 2.575094268160365232e+02 2.552642097394690097e+02 2.580969053528028780e+02
2.774825876889769916e+02 2.781631115510199379e+02 2.728271648379954968e+02 2.765524081181944211e+02
2.508803231544992798e+02 2.510690705306287214e+02 2.497337213387773147e+02 2.507214799179055831e+02
2.522687007773210155e+02 2.528436027098761087e+02 2.512368459153402682e+02 2.533166817568945532e+02
2.539019069986821648e+02 2.541822609971642351e+02 2.522393439093119412e+02 2.549007557434079274e+02
2.504407594863944837e+02 2.506143483037277235e+02 2.496264467721156848e+02 2.514782115911855556e+02
2.458570295957463259e+02 2.457646382448629652e+02 2.451277682725645377e+02 2.464670481471353582e+02
2.569750392444608451e+02 2.573454124445837579e+02 2.557800322085030302e+02 2.580616746696799737e+02
2.502359627249662992e+02 2.512410788312470231e+02 2.504009428432239872e+02 2.509490120398891975e+02
2.473620432224841181e+02 2.474724320416030139e+02 2.470360387924870622e+02 2.484059249879042284e+02
2.506699824644296086e+02 2.502095912816515408e+02 2.501145648689232814e+02 2.507217554817636653e+02
2.672211213118421824e+02 2.685404099670890332e+02 2.642266802586561312e+02 2.683219878931762992e+02
2.487638720951544258e+02 2.490898952161693671e+02 2.481664630716393560e+02 2.490487547107550768e+02
2.864667716501297150e+02 2.862256448886610656e+02 2.825060671924217672e+02 2.870613732810962802e+02
2.561852346016274282e+02 2.564080593919325679e+02 2.539083241576385603e+02 2.573488768604897245e+02
2.500168209694161874e+02 2.510446620076590705e+02 2.489932025746255988e+02 2.514610091929760642e+02
2.742945386754830110e+02 2.742904017401954206e+02 2.709336372917928770e+02 2.746844853099492525e+02
2.492357598714173434e+02 2.493940152965704726e+02 2.493598885215480436e+02 2.495524882765755592e+02
2.449850540671466774e+02 2.450031391350639183e+02 2.445663395972933927e+02 2.451220558195331023e+02
2.501019206645640338e+02 2.502851756864710353e+02 2.497089279258431418e+02 2.508745370577748304e+02
2.473365747310696179e+02 2.473938279409302936e+02 2.470517613728617050e+02 2.476322609850580818e+02
2.652306461637977009e+02 2.649516255048016546e+02 2.638988607671101363e+02 2.679580770940100365e+02
2.519236675781479846e+02 2.528352050003734632e+02 2.512027985921349682e+02 2.531215790252965974e+02
2.750488524772035817e+02 2.773088933111118308e+02 2.727809760054259982e+02 2.760629251601227452e+02
2.659843186193886595e+02 2.658378931114118586e+02 2.634349031054220518e+02 2.667845915542785065e+02
2.613069755088864667e+02 2.607138583301085077e+02 2.587740116476263097e+02 2.617018249324374892e+02
2.584818781797821430e+02 2.592520484033527168e+02 2.571964618894440946e+02 2.598672029141587814e+02
2.511660345010740514e+02 2.513229911917070467e+02 2.500643313904204206e+02 2.515328460641459003e+02
2.520920403407433525e+02 2.520013615136445537e+02 2.518299154753937330e+02 2.529253506381395482e+02
2.550494220264390037e+02 2.559153850533554078e+02 2.527221012371518327e+02 2.565512252796900157e+02
2.545665548227295005e+02 2.541548709578110561e+02 2.521577301925134407e+02 2.550096301629504865e+02
2.474004530246801892e+02 2.478598300515534731e+02 2.472152021329122249e+02 2.482818831624035454e+02
2.465550161350963663e+02 2.465945643035055923e+02 2.463203724212032171e+02 2.476212968329860473e+02
2.439343137662488061e+02 2.440463377317395270e+02 2.425396009624215594e+02 2.443204973082706886e+02
2.494554761005435068e+02 2.497174974287024440e+02 2.483168902219339884e+02 2.507427251819193543e+02
2.684913705618798758e+02 2.689725758693694502e+02 2.664504146068358637e+02 2.696834760718678012e+02
2.546476729261765684e+02 2.546530358402589513e+02 2.532165180960670057e+02 2.557902620749487994e+02
2.482459372817778558e+02 2.482539802561268232e+02 2.476619280145467599e+02 2.487779707819210557e+02
2.521867140242932521e+02 2.520401637634400345e+02 2.508684772753335324e+02 2.529565281149929206e+02
2.547878083189537222e+02 2.552530885670464613e+02 2.532746910350890914e+02 2.558368178545806870e+02
2.704775961263761133e+02 2.710387344923626642e+02 2.678529073790974735e+02 2.726753214320923462e+02
2.606617154459334529e+02 2.613950757289359785e+02 2.581904308883850376e+02 2.607420778089888245e+02
2.494009640561809533e+02 2.498687630538173892e+02 2.488539892150774904e+02 2.498477198010254767e+02
2.909413359469110105e+02 2.925237525120789428e+02 2.895019654311664112e+02 2.912395693075217764e+02
2.499060998044347173e+02 2.501977000379133074e+02 2.495833436080855847e+02 2.504050595451520564e+02
2.831303681045062035e+02 2.827952818570090017e+02 2.786678240048360635e+02 2.810800616340478086e+02
2.554055285617126572e+02 2.551185750592602517e+02 2.542471616930496054e+02 2.555185321552545190e+02
2.512832497694373899e+02 2.519219486082254207e+02 2.506912795844152413e+02 2.520917830685595789e+02
2.608204933648643760e+02 2.608182021506356136e+02 2.584527189529291036e+02 2.625618471869101995e+02
2.597159890378501927e+02 2.604020973838357236e+02 2.580333473157263597e+02 2.601081059058134315e+02
2.963525041135158631e+02 2.962996713196633323e+02 2.962165127995966714e+02 2.980323953689337486e+02
2.459355550273507163e+02 2.458954711360873659e+02 2.458421899075571844e+02 2.466014888582507467e+02
2.496901376435116902e+02 2.498305617866874400e+02 2.495424678793010855e+02 2.499470828917474989e+02
2.490079773034469781e+02 2.495193945595721345e+02 2.485037957123915078e+02 2.494276188720704965e+02
2.957063342310610210e+02 2.950918765069137066e+02 2.943434725456569367e+02 2.940369246675051613e+02
2.588115992421423357e+02 2.591618686994377185e+02 2.568662553192832547e+02 2.590360159958096347e+02
2.456810626862231572e+02 2.458600742635550489e+02 2.450629149592185740e+02 2.463827340353987836e+02
2.483719459387473592e+02 2.488280263009059468e+02 2.476352586118335068e+02 2.485784769874015012e+02
2.505719490742565938e+02 2.507556406676946779e+02 2.500982843279224426e+02 2.508404088729468242e+02
2.456270249930578871e+02 2.451587291323817794e+02 2.444201759169460217e+02 2.461292440032492550e+02
2.439971619188146406e+02 2.441898558398789305e+02 2.432695035689049803e+02 2.444893070472072907e+02
2.684995060017600963e+02 2.675410650051219932e+02 2.639304412250928635e+02 2.684488006186844586e+02
2.464851299230720940e+02 2.468744400714598441e+02 2.454240603372382452e+02 2.471645346101913674e+02
2.482399846837141979e+02 2.479890456292752958e+02 2.477006041902909885e+02 2.489613685926750293e+02
2.518184235050616451e+02 2.526460973754295480e+02 2.505111770595696612e+02 2.525168953150757432e+02
2.829818313774662215e+02 2.829574772549938757e+02 2.804774339565879586e+02 2.832135569072089538e+02
2.971192829784282594e+02 2.989859048112677442e+02 2.976973847104324591e+02 2.976351969232387091e+02
2.580360650540438314e+02 2.593589820621323838e+02 2.566588430612449656e+02 2.588910894174583177e+02
2.509242349952706661e+02 2.517371372974858730e+02 2.504424865488252294e+02 2.524197389705164483e+02
2.493121696241116183e+02 2.494827197667480050e+02 2.490052010168444099e+02 2.499568031617911572e+02
2.507093447702127662e+02 2.507130456244205732e+02 2.498724746719580310e+02 2.516218060044106721e+02
2.498153606708439440e+02 2.498278366927073932e+02 2.489566833737987395e+02 2.499635005560044476e+02
2.553048809471387131e+02 2.553681180397271362e+02 2.538837179709435645e+02 2.560346880196922825e+02
2.482094970241807914e+02 2.482092670018881790e+02 2.479924962428599713e+02 2.490003752000627060e+02
2.664182436556676521e+02 2.666362288899031228e+02 2.635404912831458546e+02 2.675829262242650657e+02
2.450287730486157614e+02 2.450976495368402084e+02 2.441135670977679979e+02 2.453130598895707806e+02
2.474049195895119340e+02 2.476716303851256953e+02 2.469275277507561555e+02 2.477071948394405752e+02
2.481904791850767253e+02 2.480396242605068835e+02 2.471226793646254976e+02 2.491264500997443747e+02
2.486610591833257899e+02 2.487913773948260712e+02 2.479247100108879920e+02 2.490266377278335597e+02
2.491105224762101500e+02 2.494221026964800672e+02 2.486695717011538420e+02 2.497003582645103279e+02
2.692109506555465259e+02 2.680545360137898001e+02 2.655249874290132084e+02 2.694153972374463706e+02
2.646646139855183151e+02 2.641021438571260092e+02 2.611287477473004515e+02 2.647302078667830187e+02
2.463086179416858386e+02 2.464066936450557250e+02 2.456667533424229930e+02 2.463288818297928060e+02
2.888741555578969269e+02 2.887394251357523558e+02 2.862808823194985735e+02 2.894439841947717014e+02
2.732520874878832728e+02 2.724622876550927799e+02 2.690907367082689348e+02 2.733216683373614160e+02
2.516759154354793679e+02 2.516678655433412075e+02 2.499532921022087919e+02 2.524777216873196153e+02
2.677715829981171964e+02 2.686771750686846758e+02 2.651123200843083509e+02 2.687084718345087708e+02
2.457216717653144258e+02 2.455233131621907603e+02 2.450113761177379672e+02 2.461661871230958525e+02
2.465088479157317067e+02 2.462831081926871946e+02 2.459051218054933372e+02 2.469649936188606603e+02
2.673298072591011305e+02 2.680890163969914965e+02 2.647707423704930534e+02 2.682748323364585303e+02
2.473756142101383659e+02 2.474166181564781368e+02 2.462166636287071242e+02 2.478238067460158049e+02
2.505855877209482117e+02 2.507079586705699512e+02 2.502337803758621249e+02 2.509688540949678952e+02
2.487164108130157842e+02 2.489088321170673339e+02 2.482486100877980562e+02 2.490779338542789390e+02
2.553861746969916453e+02 2.559701109844103257e+02 2.545014385835480937e+02 2.560103889348279722e+02
2.502506384642986745e+02 2.507705603314268217e+02 2.495605054123580544e+02 2.508383309563187993e+02
2.470511986565688574e+02 2.472441378033041701e+02 2.469045035363609202e+02 2.477104317655503678e+02
2.604226226931461952e+02 2.608740893828208982e+02 2.581810316018248272e+02 2.610417190829559217e+02
2.491835760586876916e+02 2.486511086480399229e+02 2.482663307360379576e+02 2.494472121527807360e+02
2.595143326680986320e+02 2.593297734713069644e+02 2.573320775233460722e+02 2.606483375542757699e+02
2.618649798567179232e+02 2.623731815251242097e+02 2.600682197651458409e+02 2.628068910087748122e+02
2.531897645763547473e+02 2.536790137294557042e+02 2.520785836719047666e+02 2.540477013444213696e+02
2.489290201609281894e+02 2.489553183300044452e+02 2.486114394972290711e+02 2.494965726364592911e+02
2.527829171925689593e+02 2.529823881315965366e+02 2.520177733592893787e+02 2.535491438496712817e+02
2.522293956708893745e+02 2.524036559639382915e+02 2.512087543928548143e+02 2.534489007366730959e+02
2.711316037179350928e+02 2.704140305489701746e+02 2.678393572772012021e+02 2.706785019554472456e+02
2.876526086692014701e+02 2.877827541467867718e+02 2.864342188317231717e+02 2.884540386705849642e+02
2.893128097082756653e+02 2.898955327217787499e+02 2.873837153612436168e+02 2.887178537393276656e+02
2.643632922523534035e+02 2.640494289495902080e+02 2.617792525466821871e+02 2.662422047267614857e+02
2.536265028428411483e+02 2.535908839125560235e+02 2.525932440254095468e+02 2.546663165063968108e+02
2.622785677972111671e+02 2.610255457221699658e+02 2.588058094310197816e+02 2.620350018896197071e+02
2.783709756671258333e+02 2.782442366311577757e+02 2.746829886792680213e+02 2.780797672528097451e+02
2.491483037987550802e+02 2.492000450386008197e+02 2.488369412024660789e+02 2.491066294628519131e+02
2.626100715626178044e+02 2.634037163719752925e+02 2.599079412560795959e+02 2.632214029973545735e+02
2.494322078108547771e+02 2.494601745164582098e+02 2.490922730520254618e+02 2.493808121295049602e+02
2.713990515111118498e+02 2.715241706788535225e+02 2.695340380553130899e+02 2.735507065703059197e+02
2.464049629096572005e+02 2.468395778690261011e+02 2.454518200823190170e+02 2.472819319765316664e+02
2.456974065941754759e+02 2.460688605462139833e+02 2.454250352995921958e+02 2.468211861602761701e+02
2.478084690913860868e+02 2.475620470787749241e+02 2.469897779192930614e+02 2.477892173825340763e+02
2.946939392535101092e+02 2.952070359176849479e+02 2.932354890842707391e+02 2.947507251522360434e+02
2.638489351388064961e+02 2.636548256292014685e+02 2.603095414943352353e+02 2.639396612244133848e+02
2.491561899964139570e+02 2.489843928540161926e+02 2.479589414669067367e+02 2.496752643464866992e+02
2.793547630295286694e+02 2.798246011010936627e+02 2.762292359038184486e+02 2.798925295991748499e+02
2.790576848533423799e+02 2.800709267260969568e+02 2.762907726313223407e+02 2.804338616613808881e+02
2.523089318824185341e+02 2.528642802159170344e+02 2.500594049258388054e+02 2.524932426559748819e+02
2.588729593927844803e+02 2.591868611151937216e+02 2.568924341382567036e+02 2.600632300224343112e+02
2.535841398625344141e+02 2.535571424227680097e+02 2.531657205997954065e+02 2.542967703228771654e+02
2.802677554637112394e+02 2.794749225897346037e+02 2.777595265880435136e+02 2.810339602315328875e+02
2.469458648096683930e+02 2.467261732558361018e+02 2.461613138827125340e+02 2.479236157501884747e+02
2.498747106424428353e+02 2.499975038207795990e+02 2.486919021209808989e+02 2.503388042937451416e+02
2.463865887213487156e+02 2.463566121275982255e+02 2.459184308299244037e+02 2.473697126841835541e+02
2.502496962475771909e+02 2.513048857116805550e+02 2.496021157137735145e+02 2.514934116108107673e+02
2.493438964261827664e+02 2.489926299212264098e+02 2.486542502793625431e+02 2.492565953510051031e+02
2.709552583851706800e+02 2.715512077904524517e+02 2.682080219741828273e+02 2.708236608722473875e+02
2.534630625973209419e+02 2.534675984830659274e+02 2.523371303953388178e+02 2.542052630544484373e+02
2.557214769589194248e+02 2.561047153156688978e+02 2.534929210718536012e+02 2.560077904464720859e+02
2.700359864180223894e+02 2.710262041154206258e+02 2.672263856255918313e+02 2.715490833224546350e+02
2.657471447293049778e+02 2.659102085105760693e+02 2.636665563817014686e+02 2.655818878659534334e+02
2.771054579729957368e+02 2.783930897904937183e+02 2.744780618629739593e+02 2.793612764363012957e+02
2.497071205339766777e+02 2.502948380736684442e+02 2.491986210388027985e+02 2.505386311512800148e+02
2.943523273392308965e+02 2.956616660460042567e+02 2.932977274727415988e+02 2.954402394238479701e+02
2.491212170300774176e+02 2.488848212538700864e+02 2.487473297270344688e+02 2.494910068413736326e+02
2.466611248435078494e+02 2.467023239937217909e+02 2.461423978759456759e+02 2.470536356979488346e+02
2.780189602070845467e+02 2.783960329146967752e+02 2.757521489515547159e+02 2.797261754263382159e+02
2.520540811101614622e+02 2.517003743147348587e+02 2.510578457909054748e+02 2.524982424637283316e+02
2.545627332380251744e+02 2.550103734706364094e+02 2.535579813567837277e+02 2.547867609962373479e+02
2.494794006177642416e+02 2.495916488980280121e+02 2.478082578784586190e+02 2.500313822824483339e+02
2.517014921125097260e+02 2.515394415673580681e+02 2.504071312224562291e+02 2.521094285811986992e+02
2.723464761089427384e+02 2.734888997359707332e+02 2.710021596347721697e+02 2.743713008480253848e+02
2.459862109911958044e+02 2.461607423027224399e+02 2.453174301741487966e+02 2.462458597771471887e+02
2.492108596547146817e+02 2.490581003251455456e+02 2.479040714562576397e+02 2.497371944262584975e+02
2.705025650712832430e+02 2.725905539051496476e+02 2.692077795027609568e+02 2.724376545866109041e+02
2.821250230467375104e+02 2.829652490857572502e+02 2.794428618976282337e+02 2.823899749058136877e+02
2.569175612823974575e+02 2.572317147320597428e+02 2.555177002751398163e+02 2.576014014055853636e+02
2.545382977173947268e+02 2.552227713207051636e+02 2.534554511083166233e+02 2.556914201788243872e+02
2.724322932401576622e+02 2.726686276620658873e+02 2.694955153701230870e+02 2.738188314682832356e+02
2.480301364572954697e+02 2.475695100657102898e+02 2.470333211444681751e+02 2.484648120886425033e+02
2.945712211603498645e+02 2.938614870928052483e+02 2.931348911384797589e+02 2.926801213663079579e+02
2.453551451060090756e+02 2.455050645887531005e+02 2.450247758766372215e+02 2.461549861909163610e+02
2.516076228783523447e+02 2.517264667448903310e+02 2.507653455583298410e+02 2.518242408208067786e+02
2.474411047530518317e+02 2.473559397653105236e+02 2.470169092967395272e+02 2.475815621639319488e+02
2.575607547591084767e+02 2.574621951544888248e+02 2.554142916997887482e+02 2.588846504538683462e+02
2.493015659272603273e+02 2.494030123258522167e+02 2.485717430143219531e+02 2.500481238980086971e+02
2.484739706070407692e+02 2.484745868713345089e+02 2.473136441942111503e+02 2.485274059941267524e+02
2.495794071478818523e+02 2.498882452244502588e+02 2.494823843926687346e+02 2.499146770447550807e+02
2.637547583540040250e+02 2.648550959224332360e+02 2.616741773143447745e+02 2.650995125453032415e+02
2.543717070422333677e+02 2.541014245940091882e+02 2.525406326779544202e+02 2.542086779819890978e+02
2.528275509180684253e+02 2.531254154860281176e+02 2.521729585665991067e+02 2.534256147204270633e+02
2.616568183531485374e+02 2.629884275981784185e+02 2.600572544238177102e+02 2.633359070252471383e+02
2.538727926006480970e+02 2.542500040345058778e+02 2.525664453599756882e+02 2.553953481863634352e+02
2.493473317711263633e+02 2.492627735318774853e+02 2.487420941674070036e+02 2.498440421899729245e+02
2.542675195311553011e+02 2.542329116120513959e+02 2.526872051429302530e+02 2.546339995558469695e+02
2.667263930497355204e+02 2.679276366642092739e+02 2.641330858206773655e+02 2.675817993856467751e+02
2.487239822498482624e+02 2.484560064560248236e+02 2.479693056085348815e+02 2.487481195463209360e+02
2.475262556403501719e+02 2.476599102146143991e+02 2.463763244797531513e+02 2.480335546285272699e+02
2.794180551303189191e+02 2.789919452101383399e+02 2.760560421129703741e+02 2.793904940894823881e+02
2.480534244654983524e+02 2.488823083500658697e+02 2.475342112562405816e+02 2.489021491909340966e+02
2.935248435021987348e+02 2.955244225233112729e+02 2.934218738396231743e+02 2.928184278066032675e+02
2.460753123211552236e+02 2.467102325061968884e+02 2.450592127130659890e+02 2.473869735925988493e+02
2.777678415125066635e+02 2.778937536086904174e+02 2.744733568280624354e+02 2.775966613434000578e+02
2.621336120782008834e+02 2.622751457633682435e+02 2.597955499481228117e+02 2.622762245417771396e+02
2.564001799910654427e+02 2.572408118924615792e+02 2.546488322558514028e+02 2.583424227629261622e+02
2.504957230752210648e+02 2.507134925902688565e+02 2.504519198765819681e+02 2.510745720833924111e+02
2.487613222176306351e+02 2.494898182147786940e+02 2.486526395018453002e+02 2.499237533626636605e+02
2.559626207406356286e+02 2.562434812762611500e+02 2.545664547662876771e+02 2.566041607005635683e+02
2.566727663455000084e+02 2.570785433107315612e+02 2.549656814604552153e+02 2.582280221944984646e+02
2.596711277171314691e+02 2.614357518110289789e+02 2.579621012374969382e+02 2.620850670358568095e+02
2.501346827443557572e+02 2.507764228981647250e+02 2.495268109419642997e+02 2.511052829365920047e+02
2.543669031978355690e+02 2.538716819328591043e+02 2.524260430769736274e+02 2.547724796941082275e+02
2.645160143451652175e+02 2.639700608688763737e+02 2.607794602218230580e+02 2.656005393069675620e+02
2.483188686252888715e+02 2.487401659117650752e+02 2.477825643654205408e+02 2.484484159307946243e+02
2.473518797695523119e+02 2.477882638410587788e+02 2.461677009972584074e+02 2.488720002083688314e+02
2.541261086931249054e+02 2.550727600016197982e+02 2.533786442056355668e+02 2.554203420572866605e+02
2.487415768663600204e+02 2.490628843620257840e+02 2.482248530173636993e+02 2.493348755498886931e+02
2.815996301769158663e+02 2.819786620289119128e+02 2.793947525558339180e+02 2.825042408881784013e+02
2.628848058203341793e+02 2.640847897224065832e+02 2.608773404328641163e+02 2.648623832622621421e+02
2.499800400113425951e+02 2.496922704422075014e+02 2.497592788661370378e+02 2.508728186586508571e+02
2.491040107617533579e+02 2.492032717442998262e+02 2.487265643612569477e+02 2.495885061459910901e+02
2.662640951297939296e+02 2.661926150668849118e+02 2.630719590789747713e+02 2.668669763782501718e+02
2.766392535615358383e+02 2.757654189411006200e+02 2.727211289259104205e+02 2.757164160985633998e+02
2.463585010188522517e+02 2.466190331410341798e+02 2.458535949331808297e+02 2.465204181083858543e+02
2.489496891770310469e+02 2.495081878759472147e+02 2.485674675670293254e+02 2.496840470690815152e+02
2.470923898166107620e+02 2.468542046692551537e+02 2.465948658768743940e+02 2.475884076242711274e+02
2.505707511497060409e+02 2.509854643175005435e+02 2.503237271544313955e+02 2.509950625044721164e+02
2.907217945828848542e+02 2.919080912695794723e+02 2.879551580070161663e+02 2.906161865488231797e+02
2.477538500346774981e+02 2.481456961155512602e+02 2.468921770304075949e+02 2.487518632841186275e+02
2.509562688363031384e+02 2.505692991468806383e+02 2.505382621640855518e+02 2.512005981563055741e+02
2.449398597092191494e+02 2.452236772881893501e+02 2.444113684869413987e+02 2.454592017737803644e+02
2.496748823599051548e+02 2.499169992147837434e+02 2.484555476930727593e+02 2.499515085559955878e+02
2.473355242845237001e+02 2.476338252435486140e+02 2.463612173620383032e+02 2.476432389801121587e+02
2.884136713545901216e+02 2.879774798416088402e+02 2.886808792058315021e+02 2.899382013834973577e+02
2.693824133716945539e+02 2.696607567287773009e+02 2.666482658430921902e+02 2.707239193259957233e+02
2.866193123375353480e+02 2.869061163493107642e+02 2.852323399734214604e+02 2.873625467804452569e+02
2.621958287591673411e+02 2.628117451998436991e+02 2.592407942646531183e+02 2.626842037327566004e+02
2.479485079231463942e+02 2.484638861676033343e+02 2.479222291583225513e+02 2.483747798464277707e+02
2.563709509595084910e+02 2.568205251096801476e+02 2.553902422780120389e+02 2.569145500272688878e+02
2.506062913847888751e+02 2.509478653511124833e+02 2.503558025949661499e+02 2.512277241145472146e+02
2.523000259125342097e+02 2.526996383365300005e+02 2.514098290955522543e+02 2.533449731687454971e+02
2.711982259882906305e+02 2.723995433133123356e+02 2.678353720177855735e+02 2.709216040038380697e+02
2.557439686358322035e+02 2.556488974970649508e+02 2.540270815802213633e+02 2.562165882072637828e+02
2.622179819480538185e+02 2.631799627674510020e+02 2.599766998052148210e+02 2.632657110970214376e+02
2.627201263824459829e+02 2.623629515399744037e+02 2.598434313691152511e+02 2.639599641223616118e+02
2.886755186737995587e+02 2.896904024355931710e+02 2.870523998991461667e+02 2.885422139904741243e+02
2.497708443635653452e+02 2.501565104071622443e+02 2.490919428677258338e+02 2.506161904644885396e+02
2.479859852673713192e+02 2.480204761064281342e+02 2.474427328469778615e+02 2.485061182158276551e+02
2.653172191630130783e+02 2.667073066907474299e+02 2.640495251338917342e+02 2.671530502496462987e+02
2.546715381738988242e+02 2.548732840200421208e+02 2.530158813990900342e+02 2.553470132578605387e+02
2.715822507642887444e+02 2.724904942832085339e+02 2.700078917254729163e+02 2.726447722140508176e+02
2.556950981654122756e+02 2.566964146468063745e+02 2.544802378185901262e+02 2.561738484926661386e+02
2.482019294124790179e+02 2.483460639902475293e+02 2.474439358490518259e+02 2.492048135189778577e+02
2.645949486611825137e+02 2.656716337935769729e+02 2.632434020646609838e+02 2.655403183981042048e+02
2.461505119967312964e+02 2.461446579746288137e+02 2.456457215932572069e+02 2.465759764146897624e+02
2.883787917572427091e+02 2.894692277400378089e+02 2.859458542475316563e+02 2.890099565821159899e+02
2.558412744483628956e+02 2.565323879319677189e+02 2.538323911440952259e+02 2.576680822400927013e+02
2.531723101709834793e+02 2.529287870371734073e+02 2.526255534603883461e+02 2.529407318020457183e+02
2.455258736333173601e+02 2.462010631679068808e+02 2.451331813387834302e+02 2.458747067562462121e+02
2.487409130840286480e+02 2.485200018236143933e+02 2.478733541154414581e+02 2.494614704909417640e+02
2.501114533524718127e+02 2.506420667613772082e+02 2.493169839350387349e+02 2.501029689331865882e+02
2.516457102645227621e+02 2.524649541075183095e+02 2.495643027715625806e+02 2.521950628874506322e+02
2.480461661095247905e+02 2.481213653504005094e+02 2.476941553023008566e+02 2.483640942165358751e+02
2.576967915130135793e+02 2.569731374148201439e+02 2.551723041804853267e+02 2.577200165805257370e+02
2.470942757989664642e+02 2.471321089215908842e+02 2.465863054306438187e+02 2.477598520081956224e+02
2.537420547327616589e+02 2.544654429258076789e+02 2.529766849277717427e+02 2.549443732020604898e+02
2.550027469368483253e+02 2.555883120696359185e+02 2.544183202673060009e+02 2.566046321429752766e+02
2.495356240729115314e+02 2.496996406326769602e+02 2.491458998561160740e+02 2.497598401125208625e+02
2.512147625159912820e+02 2.517603252507581999e+02 2.510406813082067288e+02 2.516012167704417948e+02
2.465459234374118864e+02 2.463336322285639142e+02 2.458781798884049863e+02 2.469544643419560828e+02
2.460471002751799006e+02 2.463912951760657961e+02 2.451896556511765368e+02 2.465909002779912669e+02
2.558843437627130299e+02 2.569808134930427741e+02 2.544026676979383410e+02 2.568090499667976019e+02
2.545193574010460225e+02 2.554783089712685751e+02 2.542232208646066169e+02 2.561880668605389815e+02
2.624170331988966609e+02 2.623432840787602345e+02 2.594486511550404657e+02 2.624708860100604966e+02
2.985161179814326147e+02 2.990111222352199434e+02 2.977646348208541554e+02 2.988891447069706260e+02
2.485933147234109413e+02 2.490726969077845467e+02 2.481879171505652550e+02 2.494574303937453976e+02
2.514481677907351695e+02 2.516250018123003827e+02 2.507497439994132264e+02 2.516196058501961659e+02
2.507822389530967087e+02 2.515537840031715291e+02 2.497713779322607763e+02 2.529615930382595366e+02
2.488854710095073983e+02 2.491694714051245967e+02 2.488437307688086833e+02 2.495374980140229582e+02
2.477462568292975220e+02 2.480059476509838419e+02 2.472111331617880410e+02 2.480800777918937001e+02
2.741689536865338255e+02 2.733407092303133368e+02 2.708057007911357914e+02 2.745368733396671814e+02
2.537251400295139376e+02 2.537974783336199494e+02 2.523971501445278989e+02 2.543864213309545619e+02
2.512152624685235480e+02 2.518245302384881938e+02 2.506610763460655278e+02 2.522329765014435452e+02
2.622828690750800433e+02 2.622224803600225300e+02 2.588600179299801880e+02 2.622824169918404209e+02
2.798243024811809505e+02 2.820733136893694564e+02 2.780567976174745581e+02 2.810671107957496702e+02
2.536772414882482281e+02 2.537347583638570825e+02 2.528216928533688019e+02 2.543643578683401643e+02
2.507806384481517341e+02 2.509751886824052178e+02 2.494665364299139583e+02 2.517147931671255492e+02
2.726570713538808945e+02 2.741405336055577777e+02 2.706274546744276108e+02 2.741213990424896565e+02
2.671592656425202676e+02 2.676401293698957033e+02 2.649335595718501395e+02 2.689264319930740612e+02
2.525871898099706527e+02 2.521171632650717527e+02 2.508868021596850610e+02 2.525560566524266619e+02
2.512900589329681225e+02 2.520455795565178505e+02 2.500135124590281634e+02 2.525949272214782013e+02
2.508305858497434713e+02 2.510745444093626020e+02 2.504607147485230882e+02 2.514990835355231127e+02
2.483977063549912145e+02 2.484073570986166430e+02 2.477332703536282850e+02 2.486805997055904527e+02
2.929317126507995113e+02 2.941978937249099886e+02 2.925332287931487940e+02 2.939165486508225626e+02
2.498789826911014700e+02 2.500252347360536191e+02 2.495095248940025101e+02 2.507714588464325232e+02
2.498572618505857008e+02 2.497605514967009412e+02 2.495934039929132666e+02 2.504773346793732287e+02
2.714819241634190234e+02 2.736080763624926249e+02 2.695951288512283099e+02 2.725678764424304177e+02
2.636060434973244355e+02 2.641062357838491721e+02 2.612250301696165025e+02 2.649288465133105319e+02
2.510427862249734403e+02 2.516635289577952221e+02 2.506402558435184176e+02 2.516171324192183363e+02
2.856228814949042771e+02 2.862517021263002448e+02 2.836160152613278456e+02 2.854912301047169194e+02
2.495387034821854968e+02 2.501117042193601208e+02 2.493859067346895984e+02 2.501605563506011265e+02
2.696583340759431735e+02 2.711800279216745935e+02 2.684372462391889371e+02 2.717135327409854995e+02
2.518871749585940449e+02 2.514946562858140169e+02 2.501780671259815279e+02 2.522558807034495203e+02
2.527256037387562628e+02 2.529365601623927091e+02 2.514243550297262857e+02 2.536906172241707509e+02
2.549476945373708077e+02 2.555275626776861770e+02 2.536317982864008229e+02 2.556211966635902115e+02
2.650886552662727240e+02 2.651557477201224060e+02 2.614009012145737643e+02 2.663263346628683053e+02
2.475897983383225096e+02 2.480201994292874872e+02 2.472464366997263880e+02 2.482002920690344183e+02
2.702215390274003539e+02 2.717909977132519543e+02 2.683597969114608759e+02 2.711878675322209347e+02
2.479229726925159127e+02 2.479848342519157143e+02 2.473488595472577174e+02 2.484147038301967427e+02
2.491774032682062625e+02 2.495769004872799712e+02 2.486760975798236473e+02 2.492068789427046340e+02
2.494173578304502712e+02 2.501205901167665502e+02 2.488851010845839937e+02 2.501595157241682159e+02
2.483629907682563385e+02 2.483080919279288992e+02 2.477757866149001984e+02 2.480989853702488404e+02
2.597451835843578465e+02 2.605179626106309456e+02 2.580453538164874772e+02 2.599447393039327494e+02
2.866474799026162827e+02 2.868412118006801848e+02 2.834974385476745056e+02 2.866683451543217984e+02
2.670748406419033358e+02 2.675484076442992887e+02 2.649252787436656718e+02 2.680968544881660591e+02
2.485491395555004601e+02 2.490382797417023824e+02 2.474609055098316617e+02 2.494939337437652114e+02
2.687190718257293724e+02 2.697411184116243703e+02 2.666057534202243460e+02 2.698713474205633815e+02
2.521229034217767833e+02 2.524294545852509088e+02 2.505591028693241356e+02 2.532616931782468441e+02
2.899324048982843465e+02 2.915426005030671490e+02 2.872661060564904574e+02 2.887059575692350677e+02
2.761784804660764507e+02 2.784604948581995245e+02 2.746602032292154831e+02 2.766907343643354125e+02
2.542626401468816084e+02 2.543071494212709922e+02 2.536367543955460349e+02 2.555547109751249195e+02
2.470080081410445700e+02 2.478703438760301481e+02 2.469740420997701449e+02 2.480573946981223514e+02
2.585694847221797659e+02 2.595342409752455524e+02 2.567708869188971903e+02 2.601685942307162236e+02
2.508619499602775136e+02 2.511996826051462222e+02 2.504088644417311116e+02 2.515885375988939643e+02
2.515678785667318493e+02 2.516963949651103292e+02 2.504833042907649485e+02 2.525728845192703886e+02
2.484879311839077900e+02 2.487270440785290759e+02 2.480586973287335866e+02 2.494476869431304635e+02
2.528064588901114860e+02 2.528813647742934450e+02 2.520760563614845182e+02 2.530486328080438057e+02
2.492909527138521071e+02 2.493796993875220380e+02 2.486516956030797871e+02 2.496820717162860603e+02
2.929983114815876775e+02 2.932598900131765731e+02 2.908515219483469423e+02 2.921400789246524710e+02
2.550914153571730481e+02 2.544998461125725555e+02 2.530301983165998649e+02 2.558896699582216172e+02
2.564983608692594430e+02 2.570600980696732449e+02 2.553064930348251949e+02 2.571432525641509415e+02
2.494768609510407487e+02 2.499234280696418296e+02 2.487815032413045913e+02 2.504645706131303200e+02
2.917204462663559070e+02 2.920003928225227696e+02 2.900806883651891894e+02 2.918520039918216753e+02
2.546400945280390715e+02 2.540848117153193471e+02 2.526684491581917484e+02 2.545686997207572801e+02
2.506649095255756095e+02 2.515564699338061132e+02 2.499966846722873868e+02 2.519471364356054437e+02
2.561928050932512519e+02 2.563684577614092177e+02 2.548345247123721720e+02 2.568461613142030728e+02
2.543652266310856760e+02 2.552169245135459050e+02 2.534778374390870681e+02 2.564933217030209107e+02
2.459610898607591594e+02 2.465235757129637477e+02 2.450815484533507629e+02 2.467742949583599454e+02
2.501266099911174194e+02 2.509108553542614573e+02 2.494995213744776947e+02 2.509956731503633591e+02
2.547865961077576742e+02 2.548185398392230354e+02 2.538389936207160531e+02 2.557339509542520375e+02
2.522717389585914418e+02 2.530224647241818445e+02 2.511542837632470651e+02 2.532088240455984192e+02
2.751888802626451707e+02 2.762203055338731019e+02 2.723200373153935629e+02 2.771536434889573570e+02
2.578504678086143826e+02 2.584010567086122023e+02 2.559473006090324816e+02 2.593099621660223875e+02
2.548238971418660697e+02 2.555752345061856943e+02 2.532965088348153131e+02 2.554819496789639857e+02
2.704896189927258092e+02 2.709939792863945058e+02 2.677031926248254763e+02 2.722260470841757751e+02
2.895059797279279792e+02 2.901456613745295954e+02 2.880146411062824541e+02 2.901487507800424055e+02
2.511555933674530365e+02 2.509113574566354430e+02 2.502228650511761430e+02 2.515613946313412441e+02
2.471145426728809014e+02 2.477579284996877504e+02 2.469262752680334359e+02 2.481179198241651136e+02
2.954274681748403850e+02 2.965970377063567298e+02 2.944835963667060241e+02 2.960164027685915471e+02
2.883043798217730682e+02 2.867429612936275021e+02 2.844756038022826488e+02 2.868037754807556325e+02
2.980987215416902814e+02 2.976409226245112336e+02 2.947057949717526526e+02 2.967045723472638770e+02
2.504109859980265185e+02 2.506162743479173116e+02 2.497997399579773798e+02 2.509492408805161290e+02
2.832613953546296557e+02 2.832104396709988237e+02 2.814560774570088597e+02 2.841979074845187938e+02
2.649257023893154042e+02 2.656020319845026734e+02 2.625611007684872789e+02 2.649057482522806595e+02
2.723988774330917408e+02 2.724436059261851710e+02 2.699417558418603562e+02 2.732505810812141362e+02
2.538019766633173049e+02 2.542042002763468815e+02 2.531908803371002250e+02 2.543880604177295197e+02
2.744689813144372010e+02 2.749011184954320015e+02 2.708195611452362641e+02 2.750432486964914460e+02
2.659284669784718176e+02 2.653402326500993240e+02 2.636992474989674520e+02 2.662846037236716370e+02
2.834741423570935126e+02 2.840871770790700452e+02 2.806380324509890443e+02 2.847672612378274835e+02
2.515738696009728983e+02 2.508842846912159814e+02 2.513250637621763985e+02 2.517646091813360272e+02
2.490928929104789518e+02 2.487256600229650587e+02 2.487269590775846098e+02 2.495948760199234187e+02
2.481646332914471600e+02 2.487770622769359647e+02 2.474390140800042275e+02 2.492977408398534180e+02
2.558263889549346288e+02 2.559904095352927698e+02 2.545256070137847360e+02 2.573246919863445896e+02
2.578668540367869468e+02 2.577328732400936815e+02 2.558497503763275063e+02 2.584959503335348359e+02
2.588510032800805334e+02 2.592961628890120664e+02 2.568614264669217846e+02 2.598732031631433870e+02
2.469791908735292054e+02 2.473153811945884684e+02 2.465149638321548196e+02 2.481070909490406109e+02
2.747175478601330951e+02 2.758002618277176339e+02 2.725327067349125514e+02 2.760922195883815675e+02
2.647307954130602070e+02 2.645555879651010400e+02 2.615601500815880058e+02 2.653524065558520988e+02
2.494677925973713286e+02 2.496025162527967609e+02 2.490361051694289642e+02 2.506267302068478386e+02
2.477304861882838907e+02 2.481679781173389756e+02 2.474311336079587704e+02 2.486561105222641004e+02
2.512686066692481575e+02 2.517896071725616309e+02 2.503728800027613772e+02 2.515815559319444503e+02
2.476791135892630678e+02 2.476742299608985149e+02 2.474687378339286568e+02 2.480651170724379710e+02
2.637822236979549189e+02 2.646885877063864427e+02 2.616801409898220641e+02 2.655056696903102988e+02
2.489037748986949055e+02 2.488622230894205245e+02 2.485235271234375034e+02 2.488059983268028077e+02
2.479738635768298991e+02 2.485628066084596526e+02 2.477945331032252909e+02 2.489058283417855364e+02
2.564082509993628491e+02 2.563647576462194593e+02 2.538168918803042118e+02 2.570177047065627107e+02
2.546850319212757938e+02 2.545985216874658477e+02 2.530839574027467620e+02 2.556385895191701252e+02
2.534486954713983380e+02 2.533771207646715311e+02 2.521255925212229840e+02 2.537037770389730156e+02
2.578176098559230240e+02 2.575420324835642987e+02 2.559183533343459942e+02 2.584232992038682823e+02
2.511630958982529478e+02 2.519456128223440032e+02 2.502355781279202631e+02 2.520038558100735315e+02
2.578889230086332418e+02 2.588886760523856196e+02 2.565429671467780395e+02 2.587455958073778675e+02
2.524733136988896831e+02 2.534499895086682670e+02 2.521349021248852580e+02 2.533198788454221244e+02
2.518745394474022987e+02 2.528539171594786694e+02 2.505754544989893589e+02 2.533861321936829825e+02
2.563117321455395654e+02 2.573106530477924139e+02 2.549188909584609348e+02 2.577399433764591095e+02
2.466838563435092340e+02 2.467034522540675709e+02 2.460864411998867922e+02 2.470007681173526350e+02
2.484896241741975871e+02 2.485044942540443742e+02 2.475229362703377660e+02 2.500765222697874037e+02
2.468120991776594622e+02 2.466615157700788359e+02 2.456426085982350287e+02 2.476573719943342553e+02
2.652151494005364611e+02 2.660420662484061154e+02 2.625989329192966579e+02 2.664747185725840950e+02
2.504327157667161430e+02 2.503404211611928361e+02 2.498841686628457524e+02 2.505421893585447890e+02
2.525256563548254292e+02 2.527375430522708371e+02 2.514454051851427323e+02 2.534896067118262408e+02
2.511200379852751325e+02 2.515237009718152592e+02 2.501542489888232694e+02 2.523718212085562413e+02
2.494265517058411490e+02 2.495149078506626665e+02 2.490404972113878728e+02 2.498565288474954116e+02
2.608310369082018383e+02 2.613959696263700607e+02 2.588279972799541042e+02 2.626525438585484267e+02
2.455643546989238928e+02 2.458570174960791235e+02 2.451761435318541373e+02 2.460787323967767861e+02
2.480839570390853055e+02 2.478220452720734102e+02 2.472772234832912090e+02 2.485195092354439055e+02
2.798732785044251159e+02 2.796912154059407953e+02 2.763444660214187820e+02 2.801330666523733157e+02
2.550611429804493469e+02 2.556386445243394974e+02 2.538147012843475352e+02 2.554966320815055667e+02
2.611594899575017052e+02 2.613543310981578998e+02 2.590770967210665958e+02 2.626051602416513333e+02
2.585668568857428227e+02 2.587509587259575596e+02 2.573343884935032406e+02 2.587831535332736621e+02
2.500666011020064445e+02 2.503400258537371599e+02 2.497204928625204161e+02 2.507671084111890991e+02
2.703489780145133068e+02 2.706624033634720945e+02 2.677909188942405763e+02 2.726270575490229362e+02
2.663933410929004140e+02 2.667153536543231098e+02 2.650861032699668272e+02 2.676229639140643144e+02
2.621566170077339279e+02 2.642967336231316722e+02 2.604567955321920181e+02 2.643860474754035863e+02
2.507478643146636443e+02 2.510453067616846567e+02 2.498999008732835705e+02 2.517274702377659423e+02
2.489572023454963414e+02 2.489487278284209140e+02 2.478340063883806863e+02 2.492597601515851977e+02
2.498453876170746071e+02 2.498312712428204350e+02 2.489910993032500244e+02 2.505110595312015391e+02
2.655450425583912306e+02 2.657558647918758652e+02 2.638305899587618910e+02 2.666820665931370513e+02
2.547093799041467719e+02 2.551191376568788769e+02 2.528073971827508899e+02 2.555204940173143484e+02
2.600962627682380912e+02 2.601861379773874319e+02 2.569758053556868163e+02 2.609430098849477417e+02
2.924260386421509565e+02 2.913833998697992911e+02 2.897043784205262114e+02 2.918996318221225579e+02
2.768071784015722301e+02 2.798381025503338719e+02 2.755372871860722057e+02 2.786200778113184811e+02
2.473687389446635621e+02 2.473171196074974603e+02 2.473272193026572836e+02 2.481428452643784794e+02
2.481662013088451317e+02 2.480699202036005033e+02 2.477440187670843557e+02 2.483655866820085407e+02
2.527083222546290813e+02 2.532617924253121373e+02 2.516036058840425369e+02 2.531784593348206727e+02
2.555783701786157280e+02 2.559240738394100561e+02 2.546970681393453333e+02 2.564070114823501854e+02
2.540522608582130886e+02 2.552183725024511034e+02 2.519653143541854377e+02 2.548518003783624408e+02
2.648734816838622805e+02 2.645150893814526967e+02 2.613074472688430774e+02 2.649657401016940526e+02
2.479863102456992010e+02 2.490153057020185656e+02 2.479800784612547488e+02 2.490024423338862221e+02
2.458393522488794360e+02 2.458706405342298638e+02 2.450000036839740289e+02 2.463191117700075097e+02
2.561928633434117160e+02 2.568048611820700557e+02 2.545461376548972794e+02 2.576353961418136009e+02
2.478153850611132611e+02 2.477777676480847902e+02 2.465869963007107799e+02 2.484407228887043857e+02
2.487206563363160399e+02 2.487948511503935833e+02 2.484605023398270021e+02 2.493854652033487582e+02
2.587878551026740297e+02 2.585520499164058492e+02 2.567560867055878475e+02 2.592737501048576405e+02
2.963004564186302332e+02 2.964956003388164163e+02 2.967028391924717425e+02 2.986915053727920508e+02
2.636651768649734890e+02 2.650870700475360877e+02 2.610800063730146121e+02 2.656920310939535739e+02
2.499995189235064288e+02 2.500705502639214046e+02 2.496035522337720067e+02 2.505499403825353113e+02
2.481782588270684471e+02 2.484580931422391359e+02 2.476327166320212712e+02 2.486380090289035252e+02
2.472209883348838844e+02 2.471159232814311792e+02 2.465628665986350256e+02 2.482031509331129655e+02
2.835180873733410749e+02 2.839061058393043027e+02 2.798065188569428301e+02 2.836087001686383928e+02
2.478772740293184143e+02 2.478309062908566034e+02 2.471331119316924401e+02 2.482649522959339947e+02
2.493773359737047315e+02 2.496212858061655311e+02 2.484496800390049600e+02 2.500000686910159970e+02
2.934864178051408317e+02 2.926953079035394580e+02 2.917274716052141912e+02 2.916227140427650966e+02
2.494097687298698531e+02 2.493805685276016675e+02 2.485408066180466164e+02 2.500661972069021033e+02
2.547013752702259239e+02 2.551310083889875671e+02 2.532846156495788819e+02 2.551445852531925311e+02
2.556237702347388279e+02 2.549032451481355395e+02 2.538499097240876381e+02 2.564851884121293892e+02
2.545212994089038148e+02 2.555697777897248386e+02 2.532900087818449322e+02 2.557735879450538619e+02
2.489138540092209269e+02 2.496225303474332122e+02 2.485719689559548726e+02 2.502195339833437231e+02
2.772542008999373024e+02 2.772434956562627235e+02 2.744482960433261383e+02 2.776799164408189995e+02
2.568659853198066685e+02 2.565239940033083030e+02 2.535728347357776329e+02 2.572898278131438587e+02
2.460846194399980220e+02 2.464847882763851601e+02 2.456980773405498439e+02 2.470192557078630955e+02
2.510092323856499377e+02 2.513562563754644827e+02 2.513268200006752977e+02 2.512695488399762951e+02
2.533737660988658718e+02 2.536918999009904212e+02 2.531826149803648036e+02 2.533439047823133023e+02
2.714517302261706959e+02 2.713430303041648699e+02 2.679721687245039448e+02 2.716973171514333671e+02
2.774499557080596333e+02 2.789387921846615086e+02 2.765415865779432920e+02 2.788994689218491203e+02
2.769640673445229027e+02 2.776863055939106175e+02 2.751009895084077357e+02 2.784821234491922155e+02
2.934669135286642927e+02 2.936561993732543669e+02 2.906003384761981465e+02 2.933661025678222813e+02
2.612308855394635430e+02 2.612103603276311219e+02 2.589975665210443481e+02 2.625463904838608187e+02
2.483464751475353580e+02 2.483374825895812137e+02 2.478766329187951669e+02 2.484591025286419494e+02
2.480058324158203504e+02 2.479609824657957802e+02 2.476244230650567886e+02 2.485349543191756823e+02
2.512591326386965704e+02 2.516091794799461923e+02 2.506883328813663923e+02 2.518271301689585471e+02
2.500529732366162818e+02 2.501762380239951824e+02 2.498287159612899302e+02 2.508039180895077891e+02
2.506334670943658693e+02 2.505668276481165151e+02 2.494130505887037543e+02 2.510709646658450254e+02
2.671412622535665946e+02 2.675436946362515300e+02 2.643810741825169544e+02 2.677984084958021072e+02
2.490604462537455390e+02 2.495471481959656899e+02 2.476021527408580312e+02 2.497955436634051978e+02
2.502532643331924760e+02 2.504137210409232921e+02 2.487647594846397965e+02 2.505724902436300567e+02
2.479745515983857445e+02 2.479531080985801452e+02 2.466531790827310715e+02 2.489227432812597556e+02
2.466068481096151856e+02 2.466917179196651375e+02 2.464923394530175642e+02 2.473962565591650957e+02
2.675823577220123184e+02 2.678259174717600786e+02 2.651219648517385394e+02 2.681562770492411119e+02
2.520824676357505609e+02 2.519822018949180062e+02 2.510047519040684278e+02 2.522712712563886157e+02
2.525461726096862094e+02 2.530002543748759933e+02 2.508116868388110845e+02 2.539085386625102387e+02
2.473856970991171238e+02 2.471601036112762984e+02 2.467278021674950708e+02 2.480441336796186249e+02
2.492166623707555573e+02 2.490191289783511195e+02 2.477776749878774183e+02 2.499622753490799596e+02
2.526790050118867725e+02 2.538675863762958897e+02 2.516748724688359573e+02 2.536990949283722330e+02
2.806287596482564481e+02 2.816385522540143143e+02 2.774900825945664451e+02 2.806354149822302588e+02
2.720546555181094277e+02 2.730192238622269088e+02 2.692906386260617637e+02 2.728722909505475513e+02
2.790558182007349615e+02 2.795268785766823498e+02 2.767736488600084499e+02 2.788992154635930660e+02
2.544218788949701775e+02 2.550837893794148101e+02 2.534232816566543818e+02 2.551911213231747411e+02
2.453870353294724680e+02 2.455435959271225101e+02 2.451067428539290631e+02 2.461040609545104019e+02
2.542443751498948643e+02 2.547788419998812515e+02 2.529143663035328871e+02 2.555291887553468371e+02
2.531090223576994731e+02 2.532705620386126668e+02 2.521891095775544898e+02 2.537637584807575877e+02
2.522748348628128952e+02 2.529225449914450223e+02 2.507911367518060786e+02 2.536909002762751868e+02
