2.596190665651137692e+02 2.607005152120001412e+02 2.587112395280552732e+02 2.600399835794721639e+02
2.646948900248196992e+02 2.647018192616567944e+02 2.638553422089179321e+02 2.648980697617569149e+02
2.645916700052432020e+02 2.642171024044337173e+02 2.628534292163144528e+02 2.649162379859830594e+02
2.810581336935093191e+02 2.814769411848321283e+02 2.788383921560534304e+02 2.812171648250032376e+02
2.811525402242406244e+02 2.805594492787903960e+02 2.783439002506368070e+02 2.810854981845127440e+02
2.602469316142976368e+02 2.602258178686860219e+02 2.595183806874216543e+02 2.607942331579431539e+02
2.608180154881773092e+02 2.615555119864308722e+02 2.592479340142168098e+02 2.622148275050961388e+02
2.571383094341990727e+02 2.573204086721647741e+02 2.560554028866581007e+02 2.577314388640598395e+02
2.675499523419476304e+02 2.684621801471998879e+02 2.663169524674827358e+02 2.687857121508469618e+02
2.568425039198634749e+02 2.571026307091980811e+02 2.564251823721084520e+02 2.569004685723805324e+02
2.648806941798180787e+02 2.649103371259033111e+02 2.635270882184406105e+02 2.656390647124948146e+02
2.853242602180011431e+02 2.853164338187284557e+02 2.837692307329078290e+02 2.853526472315422780e+02
2.608207222185284309e+02 2.608910950414760919e+02 2.603332931361258034e+02 2.613721201155049130e+02
2.952767467516131887e+02 2.944058623481846553e+02 2.939514923136720768e+02 2.949815828035403911e+02
2.606111281008867877e+02 2.611230108327138169e+02 2.602568367515997920e+02 2.611065593254844543e+02
2.650419890163713603e+02 2.645998513766656401e+02 2.638223027488484718e+02 2.650649966576777388e+02
2.692492937114881215e+02 2.692438657800970532e+02 2.680248103248395637e+02 2.692310755557041375e+02
2.829536083720375927e+02 2.840021516331074167e+02 2.802082521006266802e+02 2.827829269919080843e+02
2.785805798742825914e+02 2.801314259251803378e+02 2.765889957559421077e+02 2.803648832509861677e+02
2.675980077955850902e+02 2.677448913293403621e+02 2.663265148180903452e+02 2.674760664891228998e+02
2.613755068584342780e+02 2.620152913861969637e+02 2.602764106471570926e+02 2.624050001326600636e+02
2.593544525072094302e+02 2.594483401315023912e+02 2.594928891991681326e+02 2.596808844165323649e+02
2.700242467780313405e+02 2.695405125555500376e+02 2.682538707956651365e+02 2.705506803861904359e+02
2.569824912638906653e+02 2.572987840375332098e+02 2.559871888643079956e+02 2.569373156863699137e+02
2.811065201088443928e+02 2.818575373052477175e+02 2.799662347050716562e+02 2.825856448787839099e+02
2.549876706013665455e+02 2.550866165818804348e+02 2.541084255568277968e+02 2.556029474878362464e+02
2.575261608358716785e+02 2.567313688873280171e+02 2.560280117126840764e+02 2.577626894690149584e+02
2.775058651540122128e+02 2.775038104616251076e+02 2.755900295568382603e+02 2.786494485931978033e+02
2.545514727429689685e+02 2.549017601156049579e+02 2.534131684714629671e+02 2.545702268959466608e+02
2.718522076503373341e+02 2.716395418130154553e+02 2.688086107089526422e+02 2.730239065476707765e+02
2.783294473753383045e+02 2.792457095455209810e+02 2.766645766416705783e+02 2.786335473900684860e+02
2.775579411898568196e+02 2.787484817672932422e+02 2.766381102396232450e+02 2.782566330084763422e+02
2.553333759511795620e+02 2.559223595962674835e+02 2.550325299999897766e+02 2.559334300354767606e+02
2.591182626521233487e+02 2.597088418900637521e+02 2.590749814667740907e+02 2.591624187787632536e+02
2.586820004697463560e+02 2.581874595294742676e+02 2.578090143311474662e+02 2.582584353989972215e+02
2.520366231215560617e+02 2.517994176951024770e+02 2.505170041453590386e+02 2.525607421602782381e+02
2.537856084064717663e+02 2.533801212135687422e+02 2.526210511907219995e+02 2.532613937397331370e+02
2.586397578720926731e+02 2.588080184952448803e+02 2.575031083492006019e+02 2.596097410270091927e+02
2.734139686155176605e+02 2.741295843967840824e+02 2.716262792202178957e+02 2.752253030983613371e+02
2.576187605860203007e+02 2.572294688086407746e+02 2.564155700780759162e+02 2.572863478673813233e+02
2.569956353843908232e+02 2.567597587213177235e+02 2.565330753302726521e+02 2.578287075603926155e+02
2.804732762177145560e+02 2.815578397215870154e+02 2.788109654928155692e+02 2.822591199959652499e+02
2.941702293030671171e+02 2.958542043891945923e+02 2.927787981412290037e+02 2.937205286155182762e+02
2.608033887077473310e+02 2.612806819880804596e+02 2.603791088389687047e+02 2.618214440841243231e+02
2.621935175054491651e+02 2.622853208624403578e+02 2.612693773128155499e+02 2.621652388529795985e+02
2.559542696325607949e+02 2.556976105621223780e+02 2.547800417607872134e+02 2.554471493482603535e+02
2.582165824872146231e+02 2.585371525617069324e+02 2.578573707626901523e+02 2.584635578349926277e+02
2.577136951179718949e+02 2.588036665121434226e+02 2.582129914083694189e+02 2.578243229818873488e+02
2.867898561823834598e+02 2.864099692521488123e+02 2.837114865976712963e+02 2.866365478306621526e+02
2.998091752812713366e+02 2.991628958119355843e+02 2.976707110469065469e+02 2.991166009354340645e+02
2.583529179404945353e+02 2.590876351558079023e+02 2.580657715938016281e+02 2.589026181016776036e+02
2.607262696538850832e+02 2.605143954422472916e+02 2.599210460580078461e+02 2.615069653694247904e+02
2.603240893576654571e+02 2.603378339955445995e+02 2.600854661194641722e+02 2.608416605088385154e+02
2.616990703084399570e+02 2.614650815726633368e+02 2.594160312297510700e+02 2.619857549108697867e+02
2.574252735357007396e+02 2.576665126754844550e+02 2.570727934115483322e+02 2.580956101507530889e+02
2.542783962548923284e+02 2.545241177147251221e+02 2.537506873916697998e+02 2.542784727807276397e+02
2.562164451495714843e+02 2.570053497258811035e+02 2.556170731165244376e+02 2.573437925110424089e+02
2.587321582518099490e+02 2.579542290894718803e+02 2.576117844433243818e+02 2.588515776214969151e+02
2.582381443924284099e+02 2.584241371988672995e+02 2.566069524918839306e+02 2.584865797428087149e+02
2.680390648814818633e+02 2.680415491398925383e+02 2.659429426448658091e+02 2.688369319054162929e+02
2.936934498655409698e+02 2.936016536864577802e+02 2.908924222358259044e+02 2.927748351795219151e+02
2.660756632320223503e+02 2.663555898701980027e+02 2.642224194243782449e+02 2.671578430637455313e+02
2.676558247128576227e+02 2.678222955243923593e+02 2.657518600145496066e+02 2.674642570111142277e+02
2.570038866229506880e+02 2.569640724238964822e+02 2.564686977050290579e+02 2.569824459485370198e+02
3.034362985164186739e+02 3.045895608728034176e+02 3.021623935583602929e+02 3.023456851769246896e+02
2.551372676869899863e+02 2.547807917752064952e+02 2.541622959843340936e+02 2.550844089546713747e+02
2.783555963380246112e+02 2.791217042587643391e+02 2.769468918116871237e+02 2.793821147403783129e+02
3.049150811192977812e+02 3.055802191344188827e+02 3.039792273135750520e+02 3.036842438494839485e+02
2.595168699906737402e+02 2.598338072586264502e+02 2.595669380769441545e+02 2.597482333389205564e+02
2.630206029700985368e+02 2.638543529042376008e+02 2.618729894331759738e+02 2.643898427471795571e+02
2.937033763980997492e+02 2.944080207887668053e+02 2.925578614567243676e+02 2.936400481038132284e+02
2.539788591914791596e+02 2.543506624546198225e+02 2.531476852775861346e+02 2.542376535382174154e+02
2.558905991391862358e+02 2.559502252370559461e+02 2.552709125867867215e+02 2.567604203377691761e+02
2.890589213956385493e+02 2.898863793938816684e+02 2.864820719228351891e+02 2.883131381012694305e+02
2.654961353634290617e+02 2.648202257156697215e+02 2.628158685590088908e+02 2.661012349028163158e+02
2.604063126856137274e+02 2.601476345801270895e+02 2.596794977468968568e+02 2.607042142703897980e+02
2.727536994418081804e+02 2.736087071710921919e+02 2.706053364735385571e+02 2.731639172064747640e+02
2.674506616651434570e+02 2.679577003518846823e+02 2.665858755515512826e+02 2.680244766718552114e+02
2.531399830718838757e+02 2.537713237357615128e+02 2.520975723817306857e+02 2.533389898461685732e+02
2.565702535239368558e+02 2.568772326353516178e+02 2.563232328163761053e+02 2.568962613288577472e+02
2.524429123783538387e+02 2.531660645839651806e+02 2.521118035690089982e+02 2.529816041021680348e+02
2.665241209954248802e+02 2.675304191723409986e+02 2.642325506033506031e+02 2.671645112391106522e+02
2.584226296564164613e+02 2.586549217769718325e+02 2.575629190833425355e+02 2.581009316839306962e+02
2.726748981533933716e+02 2.738201382281970382e+02 2.701811531062662084e+02 2.732819293283139928e+02
2.591977102484374313e+02 2.590671812441557904e+02 2.586998808708894444e+02 2.596189133636680708e+02
2.610391927894664832e+02 2.612524960161456988e+02 2.599157120918936243e+02 2.614671319025028424e+02
2.707885028843313648e+02 2.714823971759137748e+02 2.675772242831856147e+02 2.710968399057654779e+02
2.595313802256868030e+02 2.591083301335427791e+02 2.576053321827095033e+02 2.597157667328453954e+02
2.610126382310288591e+02 2.612513686717682049e+02 2.607884564880312155e+02 2.611519560815461887e+02
3.017955153882970762e+02 3.009418785304619632e+02 3.003068399301599811e+02 3.013422593897172987e+02
2.607914664591177711e+02 2.605670755530254041e+02 2.598142119678631161e+02 2.605555664038433292e+02
2.563802358687402148e+02 2.566312551789601457e+02 2.561264548531829632e+02 2.565136333778933704e+02
2.558356408969518725e+02 2.562554311439627099e+02 2.554987487948696980e+02 2.561128231207798081e+02
2.616498234430554248e+02 2.626490839766690897e+02 2.606550196590032442e+02 2.621961461574193777e+02
2.806800249046505087e+02 2.801851631576882369e+02 2.781494228775748070e+02 2.810208173692993796e+02
2.564894821115179866e+02 2.570750714902110303e+02 2.559744663292169093e+02 2.576949570896186970e+02
2.576961837214672641e+02 2.582535040337687064e+02 2.568808771275982394e+02 2.587148253513847749e+02
2.579205580571219798e+02 2.584377371124040792e+02 2.578914774329543889e+02 2.583118237920816682e+02
2.616539892921115324e+02 2.619100362832464270e+02 2.614949384680820685e+02 2.624709371450778121e+02
2.597957912381700680e+02 2.596590123952135514e+02 2.591869793341296599e+02 2.604246546995171911e+02
2.698704292382869880e+02 2.703148598836907581e+02 2.675913626506766718e+02 2.718525928984736879e+02
2.574345967641576749e+02 2.574226692824726115e+02 2.563141674253105862e+02 2.572008108028925903e+02
2.559680270779336979e+02 2.557177645923155183e+02 2.547473583115744020e+02 2.562831020032259630e+02
2.598890096647460268e+02 2.596804083258701894e+02 2.585453618650029171e+02 2.605678330694096303e+02
2.792780111467467350e+02 2.786396658315421746e+02 2.762613063736880008e+02 2.788724422053229546e+02
3.064174410056393185e+02 3.065838702462316405e+02 3.058255833758488507e+02 3.056817400872735107e+02
2.528771543256677319e+02 2.530242824239903427e+02 2.523690873120198148e+02 2.536096471103060139e+02
2.554594983715920193e+02 2.559688652993932294e+02 2.554180322474230991e+02 2.564692686282092495e+02
2.796208755026160020e+02 2.813744147570164955e+02 2.780246972132896985e+02 2.802653379941180560e+02
2.572188362113575408e+02 2.571358298637778148e+02 2.567014301697705605e+02 2.574708804963612465e+02
2.667748035743681498e+02 2.672349236639124683e+02 2.652135606576099462e+02 2.673632316660617789e+02
2.557784366593168954e+02 2.557590980327045713e+02 2.551641912624170914e+02 2.561208738217223413e+02
2.687562830099175244e+02 2.691553718065496810e+02 2.670092215461841647e+02 2.693738988141761297e+02
2.543734443925663982e+02 2.544673062762873883e+02 2.537232431091309479e+02 2.542537655140408788e+02
2.904992774200556482e+02 2.895040506998305432e+02 2.883776463254561691e+02 2.900433106435098694e+02
2.584605263583658825e+02 2.590698379725483278e+02 2.572439509480555557e+02 2.588785509073167646e+02
2.968268600830970740e+02 2.968563123445615588e+02 2.959076424310541142e+02 2.962741740523122758e+02
2.598466655873849618e+02 2.598272172531238766e+02 2.586690044333831793e+02 2.600585202733237224e+02
2.741709160219836008e+02 2.746856588946162674e+02 2.720138318002411211e+02 2.744898702475423420e+02
2.539504565641908016e+02 2.539169766106347197e+02 2.527095971906586271e+02 2.546391068000411053e+02
2.679335389678457773e+02 2.684516592679946143e+02 2.658874558890103685e+02 2.684321050618665936e+02
2.607062283908845188e+02 2.607810797484339673e+02 2.604196209545488045e+02 2.606034751015185407e+02
2.785602312304417296e+02 2.781810666442000866e+02 2.770979464971777020e+02 2.798060668219713989e+02
2.593203354961112836e+02 2.596333842174323649e+02 2.588967718774588320e+02 2.596781467126198208e+02
2.650162581989800401e+02 2.658187621981230109e+02 2.641842005606573025e+02 2.657204936539618529e+02
2.566894108801469088e+02 2.571023242397324680e+02 2.562519876659824263e+02 2.571722840426657513e+02
2.868155424419567225e+02 2.867624166729971762e+02 2.854126390203645656e+02 2.880368898828190822e+02
2.575986564946389308e+02 2.577892731044525476e+02 2.564467049024500511e+02 2.579161670945655942e+02
2.558562943516608925e+02 2.559958987372662023e+02 2.556979185874965310e+02 2.566741742053813482e+02
2.573499920138057746e+02 2.571753631895176682e+02 2.565363643773244462e+02 2.569502597236997303e+02
2.532414298590033752e+02 2.534383050189173332e+02 2.529894723082184385e+02 2.537971709045495174e+02
2.784246955717229639e+02 2.788077188264949768e+02 2.769374031329670061e+02 2.794027462007562121e+02
2.907202013038056521e+02 2.908166892440511901e+02 2.895979272252216106e+02 2.913956191552440487e+02
2.626853416771932643e+02 2.624290296418057551e+02 2.613358800197502205e+02 2.629549122185576380e+02
2.729410991983028225e+02 2.731475215863096651e+02 2.716681574566373456e+02 2.732421767685137297e+02
2.975702789293396222e+02 2.980027702082324481e+02 2.968753864211509494e+02 2.973319092873602472e+02
2.594677532022081436e+02 2.599111681230361341e+02 2.586522969003117964e+02 2.597128644270405289e+02
2.937568367658147963e+02 2.935690784116372924e+02 2.914959372778746456e+02 2.946272739456637169e+02
2.556102311611931839e+02 2.556863960458514384e+02 2.549284219231026611e+02 2.564883635874700758e+02
2.611838234636990137e+02 2.610118547596043754e+02 2.594511843986613826e+02 2.615107314587613132e+02
2.865217266646954499e+02 2.869729545699177606e+02 2.851276050125640040e+02 2.866788610750227804e+02
2.554438284116493207e+02 2.558277492236261708e+02 2.548055912146515993e+02 2.563462555694612774e+02
2.538528697705216075e+02 2.542855366572794935e+02 2.530974982074030208e+02 2.544524786460593759e+02
2.586672342541698981e+02 2.588414445357772706e+02 2.577472702954872261e+02 2.588757972572536232e+02
2.573368281588163313e+02 2.574427497668699516e+02 2.570098873139199895e+02 2.577356646133952722e+02
2.854707197761328530e+02 2.865618330167491195e+02 2.836283352856535203e+02 2.846300151006437886e+02
2.799365351608900596e+02 2.804187404340464695e+02 2.767890202219701337e+02 2.803151063468682764e+02
2.791365704306494990e+02 2.794858397416589355e+02 2.767145910151019734e+02 2.800257216661616440e+02
2.997936897181784843e+02 2.992735870573882266e+02 2.982918366234276846e+02 2.994035817786888742e+02
2.643861967338210661e+02 2.648186963163450969e+02 2.632745033687509135e+02 2.650069159252778945e+02
3.009010439589924886e+02 3.019805251713484040e+02 3.004642484701163312e+02 3.004763435246070458e+02
2.909217043621000016e+02 2.918551967230440027e+02 2.884081321980425514e+02 2.906091479706833525e+02
2.551693014892481699e+02 2.556151471308377552e+02 2.547016660640109080e+02 2.552007347083976185e+02
2.594921758035374637e+02 2.608872556507834588e+02 2.595506982636335920e+02 2.605832412850324999e+02
2.712756219886167628e+02 2.722995197598008872e+02 2.703914653123563880e+02 2.719349644689380057e+02
2.580096783036150896e+02 2.582302414924937466e+02 2.574108413466246361e+02 2.578419860538570560e+02
2.790285716925864676e+02 2.789674873584880856e+02 2.753034026370344804e+02 2.784445231252129247e+02
2.762693367366769053e+02 2.762530050517826794e+02 2.739897283732602205e+02 2.765125620878583845e+02
2.638958412114010343e+02 2.629458008291008468e+02 2.625548855440380862e+02 2.638376890109942678e+02
2.634840504176078753e+02 2.643468483514462264e+02 2.623455905709341778e+02 2.647565390774894922e+02
2.792525772708447107e+02 2.794838306341890757e+02 2.772307813175136175e+02 2.795764937703789315e+02
2.744932337398375921e+02 2.740255246767530934e+02 2.723391701597351471e+02 2.747032978017874711e+02
2.802430230356605989e+02 2.802187806545691160e+02 2.783164115489699384e+02 2.818004394504372385e+02
2.569058109772385023e+02 2.565089780953351806e+02 2.559983423008519878e+02 2.566119441463587236e+02
2.560399633649837483e+02 2.566131081633663484e+02 2.553475308847349083e+02 2.567961801616764888e+02
2.866740852529761696e+02 2.866618758865015479e+02 2.835851230609420668e+02 2.850688795485938272e+02
2.616465556705793460e+02 2.616318417616450347e+02 2.612053283250320987e+02 2.622262686545698784e+02
2.547448489784498804e+02 2.549790262517774693e+02 2.535354103164785329e+02 2.561310267490456454e+02
2.763544922459341251e+02 2.761398095173451566e+02 2.728505103013816324e+02 2.749906937378354428e+02
2.858385550734179219e+02 2.869116632843829962e+02 2.851557042803765398e+02 2.870228224506151946e+02
2.655055095057539347e+02 2.657639341300115348e+02 2.640171746639620665e+02 2.658774471931558310e+02
2.571342057025681243e+02 2.575516924818847428e+02 2.563141390787924365e+02 2.580584134039651190e+02
2.551423627957436224e+02 2.554357362436201697e+02 2.545951879311135713e+02 2.550663367269190758e+02
3.031260528232582487e+02 3.026270054990341691e+02 3.025183447066157783e+02 3.033366598498158737e+02
2.593979541801215873e+02 2.598743229812931190e+02 2.582115810430819351e+02 2.599282012120338550e+02
2.680454953557297699e+02 2.695113542353181515e+02 2.666302860639237906e+02 2.699970695584753457e+02
2.587508988004544790e+02 2.589381669418303318e+02 2.583100476646039851e+02 2.590165849088635923e+02
2.636258954126879530e+02 2.646282287302605027e+02 2.619360163073849890e+02 2.647271520738062804e+02
2.598957856037200145e+02 2.605242545614752885e+02 2.591723291380350815e+02 2.600115566006699055e+02
2.767926624383640615e+02 2.779402117565042545e+02 2.736641365529687846e+02 2.772964905157541011e+02
2.704354237449450125e+02 2.702312083564679597e+02 2.687712096188281521e+02 2.705041608658136738e+02
2.628003583347163499e+02 2.628876970964279280e+02 2.609248122278553410e+02 2.626606812300954630e+02
2.843265530169379076e+02 2.854276224332947436e+02 2.817239714677853044e+02 2.844021540733110101e+02
2.544642016179894313e+02 2.551625069442352753e+02 2.545844488832725574e+02 2.554722270445693084e+02
2.588142420486723267e+02 2.586841368295937968e+02 2.584135424288717786e+02 2.589369079623754715e+02
2.623250048083122010e+02 2.626257587140202645e+02 2.613057425444907835e+02 2.627605021551858613e+02
2.870163009276244566e+02 2.858439372903240496e+02 2.842994963648919793e+02 2.857753444548945367e+02
2.624679464314558572e+02 2.619573252224599287e+02 2.619137790892216913e+02 2.621579062105722073e+02
2.702196258555677559e+02 2.701090170177992604e+02 2.682243717325749230e+02 2.702335164737700666e+02
2.607523822604362067e+02 2.606458019932389902e+02 2.602950571000251330e+02 2.602569291162641889e+02
2.623302901344019915e+02 2.627754759455444855e+02 2.612744836294087349e+02 2.634998745670496874e+02
2.666713867544628442e+02 2.673474901112812745e+02 2.651844140371226217e+02 2.678994515107971210e+02
2.537385563872378214e+02 2.537535355050317207e+02 2.527415981162903904e+02 2.540044475915350972e+02
2.594894555937933092e+02 2.601515929741198647e+02 2.581237219348087137e+02 2.604568019994900396e+02
2.560861801604220318e+02 2.563172912838616639e+02 2.554560681017279364e+02 2.564717635224747596e+02
2.636941982290686610e+02 2.634544664681266113e+02 2.626648760849529367e+02 2.643681737748844967e+02
2.595000593775600919e+02 2.601253164536015561e+02 2.584944508986865799e+02 2.602472635956784757e+02
2.683173078202159445e+02 2.682010144755133751e+02 2.659475035153382692e+02 2.688100101064072760e+02
2.769872797806950189e+02 2.783143398844534886e+02 2.753160378787453055e+02 2.781584014310470252e+02
2.588330685276618510e+02 2.587159900850724057e+02 2.586460002646713292e+02 2.594891824686132509e+02
2.570706516498848373e+02 2.570305887602685857e+02 2.563820431471041275e+02 2.574201253523698938e+02
2.657256215075691443e+02 2.661753184646251498e+02 2.639061326948730652e+02 2.663344730485137006e+02
2.714725954637563063e+02 2.723655977855757442e+02 2.682007735436724261e+02 2.721390076312464430e+02
2.750250601306559588e+02 2.774973330141678503e+02 2.737204678242609930e+02 2.763936134597735190e+02
2.597448571774798438e+02 2.596923730788416833e+02 2.585892914183573907e+02 2.597461190898196151e+02
2.668968138680523907e+02 2.673872752797096837e+02 2.650874764173568678e+02 2.671194733201481313e+02
2.635500473701648616e+02 2.634935299011020788e+02 2.628820591596239069e+02 2.638413626064030382e+02
2.853523165204582028e+02 2.862396825973489172e+02 2.836586825399805321e+02 2.850571822652562446e+02
2.557428984342792830e+02 2.560202451480329842e+02 2.552238748250929348e+02 2.564087060260993667e+02
2.910330047197011254e+02 2.902930142507775599e+02 2.891693821983369617e+02 2.912764816719708278e+02
2.624691594789052829e+02 2.626083110190358525e+02 2.614762451105228251e+02 2.629861900523682721e+02
2.599779350532375588e+02 2.601886876907078658e+02 2.591899802902754573e+02 2.604888069675019437e+02
2.551742402213667731e+02 2.554290415794856699e+02 2.547617055661325196e+02 2.555417351945629036e+02
2.618825620435246719e+02 2.624630157056315056e+02 2.612231482939039893e+02 2.630751866859695269e+02
2.601782268919142780e+02 2.602325014744369582e+02 2.594286297620113828e+02 2.606633526884552907e+02
2.687602164261979851e+02 2.706660983463045227e+02 2.681953140219025613e+02 2.707204508780813512e+02
2.677121907342466329e+02 2.681676594768060795e+02 2.658646092760569672e+02 2.685708214171079362e+02
2.559376440370124612e+02 2.558821634845158997e+02 2.550609030336391356e+02 2.558815543301954563e+02
2.569918730615040658e+02 2.568057303415604906e+02 2.559156964518174391e+02 2.568286393369705252e+02
2.915339953723112103e+02 2.922785077490522667e+02 2.891743026801864289e+02 2.898762378615872990e+02
2.721832251292700562e+02 2.724634939100383235e+02 2.698106183856793905e+02 2.715312696673275354e+02
2.606331690139542161e+02 2.608985264413068990e+02 2.601592501406246924e+02 2.616867686092414260e+02
2.914582018758043205e+02 2.910609212922853430e+02 2.895045696723086053e+02 2.905882212038269472e+02
2.601253015207759063e+02 2.598677169590841345e+02 2.587329941811423737e+02 2.602402574045592019e+02
2.589817585227265226e+02 2.598000394746493384e+02 2.586018128104717562e+02 2.589461073902171506e+02
2.600420450737243527e+02 2.601850754581701608e+02 2.594438305030055858e+02 2.601977329598849451e+02
2.890566661977759395e+02 2.893258188560686222e+02 2.866546779894683823e+02 2.884982419993378358e+02
2.940120454084492394e+02 2.949621813540964013e+02 2.915887216225635257e+02 2.933610685984786528e+02
2.580819712429023411e+02 2.577662670611271665e+02 2.573543662149938882e+02 2.579887476719320034e+02
2.659269584533296893e+02 2.651277410498776135e+02 2.637803091140256697e+02 2.655532116778682621e+02
2.753810975986908147e+02 2.760271694589604863e+02 2.728350893952245428e+02 2.760360480292033571e+02
2.624551406648889724e+02 2.634278168252659498e+02 2.616587862468393837e+02 2.630772247593329780e+02
2.602059321944602743e+02 2.603241660966988889e+02 2.602463820651447577e+02 2.600971082234672167e+02
2.622324020561180760e+02 2.630944734176289330e+02 2.614264868973206148e+02 2.627817211704207239e+02
3.029974197049284612e+02 3.032934308172818305e+02 3.022894192074585931e+02 3.031618808446386879e+02
2.766532736466078291e+02 2.785563285918462952e+02 2.751875896560837873e+02 2.777342107009268375e+02
2.567478030868055043e+02 2.581112196286554195e+02 2.559577432135185120e+02 2.575258146863822049e+02
2.925391301206619232e+02 2.923625822054831929e+02 2.891291779751128956e+02 2.917599174877923360e+02
2.575208317019242372e+02 2.576157433485081469e+02 2.566398055833012677e+02 2.581550048571281195e+02
2.692013729955852455e+02 2.698392697010488632e+02 2.671127050252538311e+02 2.689535004820565405e+02
2.776606133782526626e+02 2.770720334074510447e+02 2.760278783164163769e+02 2.787375737621819667e+02
2.625814093432757659e+02 2.630432936747766917e+02 2.612420461303359502e+02 2.638717321448526718e+02
2.771666306714382699e+02 2.764749876751689044e+02 2.753078080856925567e+02 2.770228874329582140e+02
2.755689114314911876e+02 2.763824446897010603e+02 2.734420736764433855e+02 2.750769692050147341e+02
2.857539886508648124e+02 2.856456501497170279e+02 2.838251858076994267e+02 2.856971013867206466e+02
2.630041735220183341e+02 2.631330142663799734e+02 2.615460891590542474e+02 2.635286284718035859e+02
2.546340179529698844e+02 2.543685172417911815e+02 2.530469097035721973e+02 2.544940239454659832e+02
2.594916562615992461e+02 2.597417757968469800e+02 2.589337136006265609e+02 2.601153770212594623e+02
2.884416041730052029e+02 2.887105514869575700e+02 2.867850245055180949e+02 2.885655281244470984e+02
2.536640379443824429e+02 2.537383736571025850e+02 2.527386650900025131e+02 2.541924339544505926e+02
2.757832174968532968e+02 2.764767495092369813e+02 2.744156251938603646e+02 2.764071726791629544e+02
2.727293133554084079e+02 2.739043766194842533e+02 2.712675398862774045e+02 2.736635789161641128e+02
2.985167175101555586e+02 2.997576019883082381e+02 2.972081262139913633e+02 2.974676544701453054e+02
2.558668616654233574e+02 2.560740587882624482e+02 2.545636983956396477e+02 2.564618191931318165e+02
2.649722536153145143e+02 2.654038074769850937e+02 2.632390653150643516e+02 2.655150326573515258e+02
2.745813461310285106e+02 2.758198760711968589e+02 2.726212955418938577e+02 2.752480855244555755e+02
2.706563683130499953e+02 2.709800993735086081e+02 2.691127763734211271e+02 2.712896275740121723e+02
2.607422331423767901e+02 2.610253569398029754e+02 2.591712722250107390e+02 2.618472315778168991e+02
2.554812854010022249e+02 2.555571319965025054e+02 2.552610993506690420e+02 2.556013053215334878e+02
2.647095782872463587e+02 2.652648076007205304e+02 2.641283913393776857e+02 2.653147897465154870e+02
2.648017160624192456e+02 2.651080583807362245e+02 2.638690096451082923e+02 2.656902901181658763e+02
2.634994757424481691e+02 2.638292239893954729e+02 2.616880757044069696e+02 2.639563730621972013e+02
2.618658329970713226e+02 2.623120321710502481e+02 2.607858718453665574e+02 2.619676685802941734e+02
2.715708161039823949e+02 2.722158704672622207e+02 2.696392934387437208e+02 2.718468458159905481e+02
2.612045246635479430e+02 2.617369037744589377e+02 2.601734017036886257e+02 2.615964961452966691e+02
2.599810291702248151e+02 2.600567286250164898e+02 2.584518397318815914e+02 2.599782201573955263e+02
2.584231516593590072e+02 2.591848642434569570e+02 2.579234968323006001e+02 2.589713746270508636e+02
2.550569182758245859e+02 2.551672037172485545e+02 2.539544981403623183e+02 2.555697863438655020e+02
2.607146746032854026e+02 2.605408902964668982e+02 2.595516169144914898e+02 2.612404493954488771e+02
2.556290991401696147e+02 2.557880711362640227e+02 2.549758886534656881e+02 2.559688901349907724e+02
2.731326853769067498e+02 2.734948547611256799e+02 2.708461586358856152e+02 2.731897357726687119e+02
2.594472496739297185e+02 2.600787709677768476e+02 2.587262763105448471e+02 2.596401277324967509e+02
2.638667910466008948e+02 2.639779324894687988e+02 2.618077679923864025e+02 2.642795130806990755e+02
2.557331182178960205e+02 2.556542137813980844e+02 2.549523073846846728e+02 2.560720971184096015e+02
2.784413512828579087e+02 2.794467334176800932e+02 2.762792759308209156e+02 2.782670127685744887e+02
2.534125687441620016e+02 2.530997781842853271e+02 2.528198359245736242e+02 2.532632342577220186e+02
3.019518725633141685e+02 3.020765787351897416e+02 2.997741580604377418e+02 3.014461206026218747e+02
2.639283280588492744e+02 2.629365108736503771e+02 2.628348795860175073e+02 2.634500413048009477e+02
2.641200374819198373e+02 2.645152867473705669e+02 2.628442961098847945e+02 2.647810508887255310e+02
2.589402279007937864e+02 2.589151332990114156e+02 2.587083240598942098e+02 2.591008542864398692e+02
2.663861961143266512e+02 2.657678562738512369e+02 2.643890802245985583e+02 2.663693768253403960e+02
2.864833579979672322e+02 2.853741517378206254e+02 2.850697845710556635e+02 2.875756688515828614e+02
2.734827696315201138e+02 2.733853893773279538e+02 2.709903611710039968e+02 2.736365504385370286e+02
2.539895872800105963e+02 2.543814037467236346e+02 2.531072001355621524e+02 2.540750146100453151e+02
2.570831686242095770e+02 2.567183492161971117e+02 2.564269808756166640e+02 2.575786397219128503e+02
2.911044010200464527e+02 2.912645592338901110e+02 2.888998575331804659e+02 2.910673383796315079e+02
2.707149532405161949e+02 2.701859210678368868e+02 2.693610730624107532e+02 2.710998868780869770e+02
2.981007215840331241e+02 2.981855408921595654e+02 2.972095599585620675e+02 2.972950398422599960e+02
2.644849195247188050e+02 2.646543001336761449e+02 2.638159090236875954e+02 2.645406262239492889e+02
2.641446315828811180e+02 2.638256244935147947e+02 2.624651580247138440e+02 2.648477834002243867e+02
2.575142013986045981e+02 2.575821758539906341e+02 2.567868725180084084e+02 2.580855520085202102e+02
2.591710608473706543e+02 2.593779052217152525e+02 2.592842312342808100e+02 2.591571439037152800e+02
2.783546011057678129e+02 2.783006094380939430e+02 2.764753710168517955e+02 2.785624927326121565e+02
2.951680570492291054e+02 2.954854490042398538e+02 2.937616004582895357e+02 2.955073851611469991e+02
2.820624104534654180e+02 2.817040010312562117e+02 2.799889550961335658e+02 2.822480209506230153e+02
2.533319026476641511e+02 2.534720335731102807e+02 2.530945390483753386e+02 2.537781773130572276e+02
2.573840263841726710e+02 2.576152128077220027e+02 2.563877526100000637e+02 2.572329989459399258e+02
2.580949482067668441e+02 2.587422731440240113e+02 2.573773015736643401e+02 2.594182549646128564e+02
2.585364187635924509e+02 2.592454999878818285e+02 2.567009534840603351e+02 2.584871646518088824e+02
2.636941552965568576e+02 2.650531420396922613e+02 2.623374245939352818e+02 2.645438885311885429e+02
2.557624228205840780e+02 2.563221036785391220e+02 2.550301339046138196e+02 2.565763781607143414e+02
2.577102593520715459e+02 2.579417363177949483e+02 2.552733687591628211e+02 2.579450462682548846e+02
2.710068647304095180e+02 2.711413542994292811e+02 2.684023139332435335e+02 2.720101583713243372e+02
2.781399127624498533e+02 2.786981737373985766e+02 2.761430788279263879e+02 2.786272857844048758e+02
2.821601028411089942e+02 2.838370834188560252e+02 2.808328710363616096e+02 2.833042395849037121e+02
2.568670783924286525e+02 2.569284664601373720e+02 2.565534367031635838e+02 2.574020649899517252e+02
2.522674248230715079e+02 2.530389035563257778e+02 2.515839782433494918e+02 2.530898973745977401e+02
2.634623035309086276e+02 2.635164524541843889e+02 2.600797960460125751e+02 2.637576254097492665e+02
3.014178115899634349e+02 3.025103716471908797e+02 3.014794534331736600e+02 3.030791020524920327e+02
2.589180464363307124e+02 2.592627724330808974e+02 2.583348611141498168e+02 2.596667601248271922e+02
2.614298145546559340e+02 2.621533887294898477e+02 2.606784011687283851e+02 2.615264906481793332e+02
2.582087356058441969e+02 2.581812309827056993e+02 2.578396755780679541e+02 2.586952171112852170e+02
2.593204347622520345e+02 2.598995415255653825e+02 2.586768219111489202e+02 2.599389311605208377e+02
2.619234808260277418e+02 2.621995649890062055e+02 2.609965471314063166e+02 2.621321337356296794e+02
2.571678425884455237e+02 2.574406196287449120e+02 2.566387798645388898e+02 2.577111482169349301e+02
2.626568715550588422e+02 2.628300391956476005e+02 2.622984855694659814e+02 2.634125464715037879e+02
2.606492880974894319e+02 2.607719816470454361e+02 2.601170289359723142e+02 2.604614170036268206e+02
2.550429380213089985e+02 2.554236765459196192e+02 2.548901714639275724e+02 2.556307967094688252e+02
2.695882630736232386e+02 2.699334199004438801e+02 2.661112579563736062e+02 2.696133006341878513e+02
2.828769267416323032e+02 2.845611074097674305e+02 2.818454875995383873e+02 2.833253001050293278e+02
2.558296752261423421e+02 2.556364570359533275e+02 2.553883661387802135e+02 2.567840421836837663e+02
2.595128802259577583e+02 2.599476558620812625e+02 2.588090709254772150e+02 2.605429992669730836e+02
2.623051713964465534e+02 2.622444527974813582e+02 2.619324692060507687e+02 2.626406499848346243e+02
2.669587882946789250e+02 2.675503481569286350e+02 2.655504724088888793e+02 2.680780600397320654e+02
2.592083324199045364e+02 2.596156981278223270e+02 2.590745354752551179e+02 2.592477064250423950e+02
3.009605645844928858e+02 3.018488250133577822e+02 3.005274429758026145e+02 2.993871670012989057e+02
2.600047043712742152e+02 2.604613733360330912e+02 2.589031106087034004e+02 2.604403565354427315e+02
2.857375091291436888e+02 2.867904609157936306e+02 2.835166356111616324e+02 2.858932405058085351e+02
2.623232159436769280e+02 2.629361937633227626e+02 2.606031392496067838e+02 2.629464296619863717e+02
2.552324114971675897e+02 2.552676331241527805e+02 2.548678980276927177e+02 2.556964432667270444e+02
3.018276458876915740e+02 3.018361851799136844e+02 3.001911562868193641e+02 3.007492022407016066e+02
2.728966232396168152e+02 2.736795932537729641e+02 2.709458889480622474e+02 2.728248443596274910e+02
2.633586521200171546e+02 2.656180795378369339e+02 2.618750836661801600e+02 2.647458640652797044e+02
2.584465138181798238e+02 2.581701897425500078e+02 2.577731466753513700e+02 2.582680652930289966e+02
2.631574904096270870e+02 2.641568353088881622e+02 2.623048644932503635e+02 2.644788901768689584e+02
2.760880143659312012e+02 2.759722887471049830e+02 2.736836442937058109e+02 2.760204339036205283e+02
2.758928333664338766e+02 2.756768881730779981e+02 2.736454830628373998e+02 2.757629796599456427e+02
2.525503886768928226e+02 2.524885523134246057e+02 2.521689085981828953e+02 2.533610466809887214e+02
2.560396388663796756e+02 2.557275350767981195e+02 2.552570426983925529e+02 2.562378482793159833e+02
2.579521663059457524e+02 2.583140441127928284e+02 2.579431542021706605e+02 2.581439528223866091e+02
2.600901751474372645e+02 2.598039672088049201e+02 2.590853685717246435e+02 2.609064533588386325e+02
2.783112057115620814e+02 2.792846110029048532e+02 2.772510904394376894e+02 2.796842264441960992e+02
2.825864490568506540e+02 2.833450945936978655e+02 2.803007181283772411e+02 2.822083634405100270e+02
2.562269914732273719e+02 2.563133226799797626e+02 2.553801508185433420e+02 2.561208620171949519e+02
2.585850655681986723e+02 2.591470740921029687e+02 2.580233181452791769e+02 2.591683576442125627e+02
2.984803954792031391e+02 2.984047028405625497e+02 2.971049126959056252e+02 2.968726469663193939e+02
2.804887241445250652e+02 2.822152446909902324e+02 2.787062670537520717e+02 2.810895675203208270e+02
2.624321821952809159e+02 2.623546315304378140e+02 2.622411432771522755e+02 2.624423757640769281e+02
2.595357067564040676e+02 2.595894568493715724e+02 2.589976137107362888e+02 2.597472324531413506e+02
2.655274488579869399e+02 2.660277799185312233e+02 2.638557754345497415e+02 2.669961311514769022e+02
2.643968596144697472e+02 2.651279817734971971e+02 2.631190537012074060e+02 2.647030103006993613e+02
2.687036890392888040e+02 2.688404290275937001e+02 2.668476903486997571e+02 2.690585327617710618e+02
2.520311782390062660e+02 2.521309481961775703e+02 2.514836456875743806e+02 2.527050653095338362e+02
2.614891010399973084e+02 2.618443669597630787e+02 2.602174483250669823e+02 2.618345717359247260e+02
2.636631359579247373e+02 2.638271390747332816e+02 2.622396067067194849e+02 2.640975228718791072e+02
2.672433770254633600e+02 2.673465602570794317e+02 2.659135733878254086e+02 2.677777781119567067e+02
2.605098027388474975e+02 2.603401349460294227e+02 2.593721004409052284e+02 2.615601137622804799e+02
2.546677332130631441e+02 2.553047497331630211e+02 2.546799865963747322e+02 2.551158764144856832e+02
2.560496112884052309e+02 2.566011648338710529e+02 2.558702420433241400e+02 2.566456557130488250e+02
2.804738702461552862e+02 2.809238600339819527e+02 2.780550234538884524e+02 2.811829842131214718e+02
2.708120371323723816e+02 2.710100911396324364e+02 2.679615176684283711e+02 2.716179732782010205e+02
2.637807463288374379e+02 2.635338991016276964e+02 2.634800837804726257e+02 2.641703876440342356e+02
2.556965611834839933e+02 2.554383754315912256e+02 2.549254214696325391e+02 2.557338789043859890e+02
2.552096537947324748e+02 2.554862596778374950e+02 2.549347116976044560e+02 2.557107830774612580e+02
2.633750915917896691e+02 2.641317316753140290e+02 2.619856983570076068e+02 2.647296321763033689e+02
2.775011571746579762e+02 2.786026457506642942e+02 2.756071375516066837e+02 2.790254222537185456e+02
2.589010974542027270e+02 2.596598928248989751e+02 2.588047808251187689e+02 2.594975382251000724e+02
2.634127352345590225e+02 2.639675097929954291e+02 2.626851894116349513e+02 2.643685057068337869e+02
2.661316510331138829e+02 2.669029793015556038e+02 2.648311685455105362e+02 2.667320655510546885e+02
2.573131766102725351e+02 2.577386467567737327e+02 2.568944909775510723e+02 2.576778217021665682e+02
2.760477099205621130e+02 2.772167520752319660e+02 2.736635939604947794e+02 2.769522018253906026e+02
2.573852478624332321e+02 2.575828356805851058e+02 2.563293237088035426e+02 2.578088065298524612e+02
2.529080008134635591e+02 2.527858314334642102e+02 2.520013997521824649e+02 2.529388500094778465e+02
2.930840383194885135e+02 2.924939323281999464e+02 2.906146840998904395e+02 2.911341074381508065e+02
2.555754692589786430e+02 2.553526047318708834e+02 2.543956887383760375e+02 2.555456776400005481e+02
2.561601204530996938e+02 2.565732803188253115e+02 2.549765143423917380e+02 2.564249618041901613e+02
2.609441739838577519e+02 2.600483154145098297e+02 2.596677189428296515e+02 2.614509266149206042e+02
2.569188392944830639e+02 2.576088967833456991e+02 2.560071224364038471e+02 2.578821305293441810e+02
2.703268253577039104e+02 2.698518928342394929e+02 2.683311513333668472e+02 2.706821045378994199e+02
2.729820895518998327e+02 2.728730943496461805e+02 2.716522738020703969e+02 2.741820788844722756e+02
2.643240566626092800e+02 2.647118272675796220e+02 2.638169325303906021e+02 2.648673577164124140e+02
2.807919729669717412e+02 2.808142774888958115e+02 2.779662340289640952e+02 2.799899456308077674e+02
2.733761665170370634e+02 2.741148370650631136e+02 2.718876613794145669e+02 2.740756352443328296e+02
2.629202555213398114e+02 2.628446827780198305e+02 2.613453718611049794e+02 2.633385277712519610e+02
2.579160185116856496e+02 2.585189252815031296e+02 2.579708971705558156e+02 2.589602638060765116e+02
2.629018334240008130e+02 2.629709754058072235e+02 2.617815893426344473e+02 2.626339688622886115e+02
2.630372283052584521e+02 2.631064975789683444e+02 2.616786923115487298e+02 2.628137521926810791e+02
2.627573978958816951e+02 2.625165745926155978e+02 2.607310732600868164e+02 2.625488027014814065e+02
2.578166561337247344e+02 2.573841533624971021e+02 2.572556499573574342e+02 2.579450132466863010e+02
2.572219344879446794e+02 2.574915012112645627e+02 2.563400128491651913e+02 2.577301036718989167e+02
2.568312401813116708e+02 2.567370009730839797e+02 2.558772856722136453e+02 2.577224879553215828e+02
2.579820646075959303e+02 2.587202088337570558e+02 2.580159483574908563e+02 2.584903493203098037e+02
2.626361471738715068e+02 2.630320985988734037e+02 2.618316983261379391e+02 2.631794573858057902e+02
2.664401704447831207e+02 2.656421455931247237e+02 2.639428676528775100e+02 2.661040474051159208e+02
2.622664133443149694e+02 2.628591183504851188e+02 2.606214361976082614e+02 2.623753926868428152e+02
2.663572549175547692e+02 2.651351851112219720e+02 2.636425964242300211e+02 2.660579906387627602e+02
2.600889752662139927e+02 2.606655671267734533e+02 2.584048967131871564e+02 2.606893484080751477e+02
2.802018608742078527e+02 2.796646630024317801e+02 2.774585541839376788e+02 2.801078307345502481e+02
2.692275612534205038e+02 2.696703279985532049e+02 2.670466058843529709e+02 2.693963707133663092e+02
2.572273671486153717e+02 2.575009630193987960e+02 2.563666485182972679e+02 2.578610384064177765e+02
3.025076765721191236e+02 3.025156621342293306e+02 3.015182310326369475e+02 3.003091295527555644e+02
2.552007280414759691e+02 2.550605257993599935e+02 2.546867039375375725e+02 2.553984113463481833e+02
2.550147618102490981e+02 2.547260701855648790e+02 2.536305747724583171e+02 2.552316190898133925e+02
2.566547676783350198e+02 2.575429568882491935e+02 2.556942551581426812e+02 2.576574676994902120e+02
2.893955154954166460e+02 2.898358694174589800e+02 2.872350666012339957e+02 2.886916726120526846e+02
2.625676268234682880e+02 2.627374299847388670e+02 2.620324096946757777e+02 2.624366436775214311e+02
2.848176053244465606e+02 2.844172961039479901e+02 2.834987134478259918e+02 2.849533898596761219e+02
2.612136428364519247e+02 2.611340006702695860e+02 2.601397542426168457e+02 2.621177819031016725e+02
2.774099701151229738e+02 2.773015230020386070e+02 2.737928947100736536e+02 2.777297722351843845e+02
2.567553467476362243e+02 2.570690046426606727e+02 2.563604511870597662e+02 2.574785170801493450e+02
2.782524392556248927e+02 2.794007502144247042e+02 2.774237373263259769e+02 2.793130769416218300e+02
2.705962587296484685e+02 2.713130610571065517e+02 2.685402424364133935e+02 2.711863680107454115e+02
2.951353908375939454e+02 2.954073932932880666e+02 2.927645367084908230e+02 2.941209400424745013e+02
2.821547869867297322e+02 2.827405028357302967e+02 2.782574332311861554e+02 2.807828468458116618e+02
2.605532505961594438e+02 2.607490634419984303e+02 2.610526833015894113e+02 2.606857510090940764e+02
2.555089905126918950e+02 2.558127297148544983e+02 2.553023576048680354e+02 2.557713763221608474e+02
2.542567987991538416e+02 2.542826407424201136e+02 2.533195393886547890e+02 2.547601251318387199e+02
2.538861384470396558e+02 2.538111805896060957e+02 2.529037095796345511e+02 2.536914353132915494e+02
2.609630997738528322e+02 2.617713390122977444e+02 2.606175209312379479e+02 2.613290515986467994e+02
2.971901461551878469e+02 2.979119944540285019e+02 2.965589883169097334e+02 2.973581293979589759e+02
2.697497491511675776e+02 2.700934645278173321e+02 2.681392238194322317e+02 2.697153146788705840e+02
2.563189260506470646e+02 2.558831956407310599e+02 2.556318371304858772e+02 2.559535978403519891e+02
3.007829802208166257e+02 3.011418193827404934e+02 2.993220725801529625e+02 2.990896666239380579e+02
2.658522266304353820e+02 2.653738037990395355e+02 2.649558323691559281e+02 2.666608712575156801e+02
2.726802988206999885e+02 2.730203483374389748e+02 2.715608575456759013e+02 2.733639953830198124e+02
2.578322007267649383e+02 2.579258186791497565e+02 2.565688637091685678e+02 2.581378602647695288e+02
2.562389348648404166e+02 2.561785589713626905e+02 2.558475382464806671e+02 2.564790463465983521e+02
2.611955541369653133e+02 2.615365351882944651e+02 2.612330169262154413e+02 2.617706474390496396e+02
2.549066015973776302e+02 2.551184490651386341e+02 2.542683950772416495e+02 2.554057162873591267e+02
2.708975320762720571e+02 2.722257268870753251e+02 2.686726140165898187e+02 2.710076637324489752e+02
2.564493969554515616e+02 2.569084507366125081e+02 2.559691350372586101e+02 2.568615475062957216e+02
2.698822723096898244e+02 2.698701633392658437e+02 2.677755872845004319e+02 2.707647007821767033e+02
2.679307667489607638e+02 2.680897351250064276e+02 2.667422048565427986e+02 2.682803876352497809e+02
2.570858308841069402e+02 2.575778603758945451e+02 2.565167179244431281e+02 2.581192330655163687e+02
2.770624180111594228e+02 2.774133934919678381e+02 2.748559487112851798e+02 2.774142425316468348e+02
2.551653458938730239e+02 2.550144360639037018e+02 2.542736889100747817e+02 2.556497690228436852e+02
2.573324428273239164e+02 2.579226868817346485e+02 2.571653511370853380e+02 2.572707744354884198e+02
2.601780609901005050e+02 2.603508179615088238e+02 2.587489845838288147e+02 2.605854996525706611e+02
2.585411308780965669e+02 2.592408510226835006e+02 2.575781553234807006e+02 2.592197940564933560e+02
2.560256909090382464e+02 2.564914048574932508e+02 2.556204457236399890e+02 2.567342706624449420e+02
2.679444844759979674e+02 2.674659870609964401e+02 2.660754927676883312e+02 2.687839444619266942e+02
2.619954734521500086e+02 2.624190354860734828e+02 2.613127996353959475e+02 2.619465046780692887e+02
2.590980844149572704e+02 2.589029800364785956e+02 2.589749481585321291e+02 2.596752752162960860e+02
3.064802853787189179e+02 3.048254887347765134e+02 3.056057883511193722e+02 3.057654878106284286e+02
2.626877316508439435e+02 2.632896182106855463e+02 2.611448080837574821e+02 2.637341711217188163e+02
2.793148432187306298e+02 2.798522204795665402e+02 2.776377910977880106e+02 2.807886134048627014e+02
2.886682459127286506e+02 2.894973088398550658e+02 2.868007469881555380e+02 2.883773088562063549e+02
2.657947087591458626e+02 2.667771596692952016e+02 2.648299989825754892e+02 2.667130112198942129e+02
2.579778868959091938e+02 2.583697236785390601e+02 2.570433389917685076e+02 2.580429425635471148e+02
2.621457937647390395e+02 2.621891941192574222e+02 2.618041246120296250e+02 2.628206392962439963e+02
2.763871783792853307e+02 2.772455159763307506e+02 2.738047510632911781e+02 2.770466337907618595e+02
2.528144374017484495e+02 2.528127035233587776e+02 2.521437508225860142e+02 2.530457138769677385e+02
2.684495166614937602e+02 2.695072339027763633e+02 2.672171587820192258e+02 2.692765136731272264e+02
2.546920923558699030e+02 2.554342471808596997e+02 2.531979483368029378e+02 2.550555845422049686e+02
2.579418072618471456e+02 2.586190990931049782e+02 2.573959489714480355e+02 2.585541453195550048e+02
2.572749251275855613e+02 2.575217078429194544e+02 2.567459646635385297e+02 2.576992599966025068e+02
2.585621214193160426e+02 2.580834046199795466e+02 2.570299268558297854e+02 2.588999110993266299e+02
2.841405236399175465e+02 2.849091381340380735e+02 2.822079897573903509e+02 2.843245985826970923e+02
2.582560525220320073e+02 2.583889226136454909e+02 2.577021652870210460e+02 2.584093309422796665e+02
2.563470553939451406e+02 2.563899298228203634e+02 2.551190707795678350e+02 2.573943666604080818e+02
2.568650788303046397e+02 2.566139474574272299e+02 2.564641493160447681e+02 2.575180890343575015e+02
2.613550445521022425e+02 2.620621029997317919e+02 2.592435897305232970e+02 2.620494261551666000e+02
2.556529174863986498e+02 2.561207759004171294e+02 2.549482987186488003e+02 2.563972851794501935e+02
2.582487352428574354e+02 2.584959563567712735e+02 2.573750250323166142e+02 2.583882195520971550e+02
2.845146369345173980e+02 2.845891389806009215e+02 2.820957788762187874e+02 2.835319481279471461e+02
2.623411145365018342e+02 2.626828962547128867e+02 2.620976320550062724e+02 2.636488378352564155e+02
2.573044388012594368e+02 2.572115845731302670e+02 2.565269895689911550e+02 2.573606115236641472e+02
2.534897505299119587e+02 2.540997933949892911e+02 2.527792769195915525e+02 2.539356897158664310e+02
2.535372403036793116e+02 2.538013521447562368e+02 2.527739297573453996e+02 2.542447657594919121e+02
2.591184918566449369e+02 2.591883153044381061e+02 2.576238122757811198e+02 2.593791186999523006e+02
2.595358775721701363e+02 2.598915398059169775e+02 2.581660668674281851e+02 2.598924871597755555e+02
2.658116564885691560e+02 2.667310085412137823e+02 2.648068611848643172e+02 2.665979803355274953e+02
2.596454021940803614e+02 2.596428026226034262e+02 2.587829636800554454e+02 2.597263814125745967e+02
2.672663710783643864e+02 2.680966938154935519e+02 2.658645635042991557e+02 2.683913482763774709e+02
2.612089112386548777e+02 2.611461298554310133e+02 2.606113624284523667e+02 2.621201930995615044e+02
2.605077736226182310e+02 2.611790926312120860e+02 2.591362334610993798e+02 2.609042751414655754e+02
2.632151843534281852e+02 2.627094757869365935e+02 2.612281774960983398e+02 2.628648244384409622e+02
2.676176398564749093e+02 2.671559968299201842e+02 2.658952290396292710e+02 2.673198665265238105e+02
2.537447899481730644e+02 2.536535299420573040e+02 2.533646548094940840e+02 2.540123458970088848e+02
2.575102641203855001e+02 2.575987661942000955e+02 2.560106738347068926e+02 2.591711838816879094e+02
2.828750806112650480e+02 2.829290348134002215e+02 2.810600792307169513e+02 2.828850613304137482e+02
2.590522190940033056e+02 2.594151010613300059e+02 2.587565920006208557e+02 2.597332919055666594e+02
2.561054989257436318e+02 2.561789488873354799e+02 2.557108703625528108e+02 2.561433926443623363e+02
2.621205355257325778e+02 2.625052394319787368e+02 2.616406756577361534e+02 2.630648773825593025e+02
2.604547796009305785e+02 2.602104065156465822e+02 2.597639635147789363e+02 2.601012017401418461e+02
2.658629218096317004e+02 2.663838316383463507e+02 2.643360833405189396e+02 2.665347312640697623e+02
2.558086610009777075e+02 2.560374918154284956e+02 2.550006728447056048e+02 2.562443973169440596e+02
2.592045316548670826e+02 2.593112473476675746e+02 2.580157429706714538e+02 2.595194418710311197e+02
2.572023742266529212e+02 2.577161772331854195e+02 2.563159984612814810e+02 2.582071692224586741e+02
2.689052575354731971e+02 2.685752138537378642e+02 2.665411102848935343e+02 2.694804851117607427e+02
2.609379155873047011e+02 2.617529216250370041e+02 2.601172555635817503e+02 2.612969742372196720e+02
2.676161023434332265e+02 2.684074613599391910e+02 2.653210174347925658e+02 2.684574396687273747e+02
2.545069023963713164e+02 2.547077710211428894e+02 2.537928201556368322e+02 2.545493705888389115e+02
2.584389821299833443e+02 2.584526939546416315e+02 2.575534888205943389e+02 2.583134720851923589e+02
2.526551675849204059e+02 2.531426710234150619e+02 2.523336147993335032e+02 2.531790638028962803e+02
2.551133817884503685e+02 2.554453208717968096e+02 2.545654279689125588e+02 2.554173976737795897e+02
2.762733337055842071e+02 2.762794787567825097e+02 2.747777967835555728e+02 2.765736102745816538e+02
2.590917439305044923e+02 2.599465286185966875e+02 2.587497163959842510e+02 2.597045598995953810e+02
2.800429341678972150e+02 2.805118994201421856e+02 2.785070922819179486e+02 2.816668054198377718e+02
2.655240682211193644e+02 2.671198568981652670e+02 2.647421398915411714e+02 2.663003715858056353e+02
