2.700607453436742276e+02 2.700873605761080398e+02 2.696045680884016065e+02 2.711769915938043596e+02
2.656066007826345867e+02 2.662189706092025290e+02 2.642558213004390382e+02 2.661729763013495358e+02
2.588419885679775234e+02 2.590337258472609960e+02 2.586857773716207589e+02 2.591183644540852811e+02
2.604509394096940582e+02 2.603883317467180518e+02 2.598818543165870096e+02 2.606547580623357590e+02
2.632118129884437394e+02 2.635585816280892573e+02 2.623674814513100273e+02 2.640567959630106429e+02
2.677873524100828035e+02 2.680606273561067496e+02 2.675386851091162725e+02 2.680567883484639538e+02
2.566685377381788840e+02 2.563999358068116408e+02 2.565844586776707388e+02 2.570584143766519674e+02
2.714513612336204460e+02 2.712342012175233208e+02 2.704691696357753017e+02 2.719803315148853358e+02
2.669815213711533488e+02 2.669044631631600168e+02 2.651354646849977712e+02 2.671382674434603928e+02
2.588555549900194706e+02 2.589198761400702438e+02 2.585727420805797578e+02 2.588257507660779879e+02
2.638659315889005939e+02 2.637587232772660286e+02 2.634774514085448232e+02 2.640003377784594250e+02
2.892369081779116300e+02 2.887207045355938817e+02 2.873964380254430466e+02 2.898782202762726001e+02
2.623286246287186714e+02 2.622789439636048883e+02 2.623986321384372786e+02 2.627031972355392213e+02
2.601236115577449937e+02 2.600341794637660087e+02 2.585156892258650601e+02 2.605741431479528387e+02
2.813411866245731403e+02 2.819547827957525783e+02 2.787808849853319089e+02 2.821995256139088610e+02
2.604513241011016476e+02 2.604526465277642728e+02 2.600557160238319625e+02 2.602091250053859994e+02
2.964699556748331020e+02 2.971266585531944315e+02 2.958283084820662907e+02 2.966038896643995599e+02
2.625155654134240422e+02 2.624738956063699789e+02 2.614719939312687984e+02 2.619520071817112807e+02
2.847635933383564861e+02 2.854664227639837009e+02 2.840800101408967748e+02 2.845941576800129837e+02
2.614047155559627527e+02 2.616245632272317607e+02 2.612991832220403694e+02 2.617721689823909514e+02
2.710722169388508291e+02 2.708148039397556204e+02 2.695072166296712908e+02 2.706142989455599945e+02
2.605969398321192898e+02 2.606637421183646097e+02 2.601168170885391646e+02 2.604622848587434305e+02
2.611523467839243153e+02 2.613962243729757802e+02 2.608746959411223543e+02 2.614869048423799995e+02
3.051605647092604272e+02 3.046327932935983540e+02 3.033619987019846462e+02 3.045880999846443729e+02
2.671581801538667378e+02 2.677290822932827723e+02 2.658269319914098219e+02 2.681010902001726208e+02
2.667645179102739803e+02 2.666576775100832037e+02 2.659621204230386411e+02 2.667053513159996783e+02
2.641764427384987926e+02 2.645361253285147427e+02 2.634300232871739809e+02 2.642634366157195700e+02
2.870749576359618231e+02 2.864925779719254706e+02 2.844089952246171151e+02 2.858625117441402494e+02
2.712288212754933170e+02 2.713844591897752139e+02 2.692624659866956449e+02 2.713801030611072065e+02
2.637588554101296268e+02 2.638950728523982434e+02 2.632256405465631133e+02 2.636333014202842264e+02
2.626876066110756369e+02 2.627400790377728299e+02 2.624067561040097871e+02 2.622653329028754570e+02
2.571881106313153964e+02 2.566614818511425256e+02 2.563581587094276983e+02 2.567981309168355892e+02
2.700581459084537528e+02 2.699191174411010365e+02 2.687206600276961126e+02 2.699479129611049757e+02
2.607681183647451348e+02 2.610085616855750459e+02 2.609520933587489253e+02 2.607423387685016110e+02
2.570643999243096118e+02 2.577199525362461259e+02 2.568308517022757655e+02 2.574752159945400081e+02
2.588491953496622386e+02 2.592279462289551475e+02 2.581737032066113215e+02 2.596209225387983679e+02
2.619261543719385372e+02 2.620289043722982001e+02 2.616704268803794093e+02 2.618976410007468871e+02
2.593016599741477535e+02 2.597422806931892865e+02 2.585404106986050010e+02 2.597986747786213755e+02
2.694137293333387788e+02 2.696180732147070103e+02 2.685585976320016357e+02 2.697592157880712307e+02
2.895924567765312645e+02 2.893008924948513823e+02 2.876756300146159333e+02 2.896399266846513001e+02
2.592629076347270711e+02 2.596833964485670663e+02 2.594098053136892759e+02 2.598003610388000197e+02
2.941188584004676159e+02 2.946300355313462092e+02 2.914654975266365113e+02 2.942221008206258830e+02
2.990009448636246816e+02 3.009157486824458942e+02 2.987817313028597255e+02 2.980538686569365723e+02
2.907155339935371785e+02 2.909610006246898024e+02 2.891687034961877316e+02 2.897531917212183430e+02
2.700819242806182388e+02 2.699381851053914261e+02 2.677105756955033939e+02 2.707752196821687676e+02
2.595427744056226516e+02 2.604427643464883886e+02 2.591055253938169471e+02 2.607721401891152482e+02
2.644468044484370353e+02 2.649747366900089673e+02 2.643632958890880218e+02 2.646208227997601057e+02
2.558836207425470377e+02 2.558013511721550231e+02 2.551211674979948043e+02 2.561215517447288903e+02
2.643207699580226517e+02 2.642472255363642262e+02 2.633784488408659286e+02 2.642053318809114444e+02
2.916795527167523119e+02 2.920551009277120329e+02 2.903078079523422161e+02 2.918789452770420780e+02
2.604985200143374868e+02 2.613055897490340271e+02 2.605984285140940528e+02 2.611901563467483243e+02
2.950485989678876422e+02 2.966328110688937159e+02 2.951543782076951743e+02 2.950626811717557985e+02
2.692941333299249891e+02 2.694245061247667081e+02 2.682830615460962917e+02 2.696694275565008070e+02
2.631181008357744417e+02 2.633671055597844770e+02 2.628862329475512638e+02 2.625332758916832177e+02
2.596241175752588788e+02 2.597293370297935553e+02 2.592712018341018165e+02 2.596333169441454629e+02
2.713052646380936608e+02 2.726599982778478761e+02 2.708112752823712981e+02 2.723475685843297924e+02
2.755228009312004929e+02 2.756954467048595916e+02 2.735160084112057461e+02 2.756801453927587318e+02
2.640351656680368251e+02 2.640423363268812409e+02 2.636619438142284366e+02 2.639455235803461051e+02
2.645547448807013211e+02 2.648569431589155556e+02 2.641476562919770572e+02 2.657196007726205380e+02
2.923872520756748941e+02 2.929894845219747594e+02 2.905176720140588600e+02 2.925981262310376678e+02
2.715193510141613729e+02 2.713782564791173399e+02 2.713260183402718440e+02 2.719303677466713793e+02
2.742016181479083912e+02 2.752120591046752907e+02 2.725918448677297192e+02 2.749221798730393402e+02
2.576467387955362938e+02 2.577827243588596957e+02 2.573484917264923979e+02 2.572598487959012346e+02
2.659058262547740128e+02 2.657795723873501856e+02 2.650599262674360261e+02 2.658170692001475004e+02
2.626342944855858832e+02 2.623847718276099954e+02 2.622416222158815344e+02 2.625410176750664277e+02
2.594917450628865936e+02 2.594032403606522621e+02 2.590614556985096328e+02 2.595032974337746055e+02
2.600558430765025264e+02 2.604769504519441625e+02 2.595082870647247546e+02 2.605656684732804251e+02
2.681413981397898283e+02 2.678753502901764705e+02 2.673141672043547601e+02 2.681868858663647188e+02
2.669440238780937307e+02 2.668515253422980891e+02 2.669970981949909401e+02 2.668992565076581513e+02
2.654176275629080806e+02 2.662017093715005558e+02 2.643062729818791468e+02 2.663677479746480117e+02
2.669811497934886688e+02 2.667035736712961693e+02 2.658270086998056740e+02 2.669164874315974316e+02
2.665569347704788470e+02 2.665019761951288615e+02 2.663479790915712897e+02 2.658074223195247896e+02
2.622518647112918302e+02 2.630733408545468706e+02 2.616036457445734982e+02 2.625668509807696296e+02
2.620907768434084346e+02 2.624290339983098193e+02 2.621361005890254319e+02 2.627017556775285243e+02
2.575574572828186888e+02 2.573690126002581451e+02 2.567330251971691268e+02 2.576617293356638356e+02
2.647630552723192636e+02 2.650527517152697783e+02 2.641307158932519314e+02 2.646909639001597725e+02
2.651291544104155378e+02 2.651818459987196093e+02 2.634969723799819121e+02 2.654541066011040016e+02
2.614515772305661017e+02 2.613422340459029556e+02 2.608127650876214148e+02 2.619729946048306033e+02
2.671385407616890006e+02 2.676898535906746588e+02 2.663459988389218438e+02 2.676777677445694508e+02
2.736671890703039480e+02 2.743680347099397636e+02 2.723673635423741075e+02 2.735242721026368145e+02
2.618993584276502133e+02 2.614190034268823410e+02 2.608127956375429903e+02 2.613925960282854248e+02
2.619110660913271431e+02 2.620538152781387566e+02 2.623591492727463219e+02 2.623133690739200006e+02
2.561980064590976554e+02 2.563751815127382656e+02 2.551068758737186499e+02 2.562905306795035472e+02
2.686498460860194086e+02 2.685965880783334114e+02 2.682619281244042782e+02 2.684646248384577234e+02
2.774987767784701873e+02 2.777893002402277602e+02 2.764359074598035590e+02 2.778271848134911579e+02
2.871362739724407902e+02 2.869252437988814677e+02 2.852449234906521838e+02 2.870676995563747482e+02
2.818682894336470781e+02 2.823593857019462234e+02 2.801317092888421598e+02 2.821381171768355784e+02
2.702872748418150763e+02 2.705195303537184941e+02 2.684009095767572148e+02 2.706230813509462223e+02
2.631692354631294393e+02 2.628003285163874239e+02 2.628065206380956056e+02 2.631464129723702285e+02
2.912586249226364430e+02 2.899622880403098861e+02 2.889366146611933459e+02 2.898461821707330159e+02
2.736586979754737285e+02 2.739473625278671989e+02 2.733638244866161244e+02 2.745412587642226754e+02
2.638722188674280460e+02 2.635605420920546180e+02 2.634467881580542894e+02 2.635924969767028756e+02
2.754259161534624809e+02 2.756533757477893687e+02 2.735576218289616008e+02 2.763114006378946783e+02
2.949119615232509091e+02 2.942080266354639093e+02 2.925228391432745525e+02 2.938014465192789544e+02
2.779877458947142941e+02 2.776982266906074415e+02 2.767686644120000778e+02 2.782632985192434489e+02
2.664127625228592819e+02 2.660727472280768211e+02 2.659315429420555006e+02 2.660637647145314872e+02
2.632894439452205120e+02 2.628340975149835685e+02 2.624549139731440164e+02 2.629505357009929867e+02
2.708879406896929822e+02 2.716784318127112670e+02 2.696896931535086992e+02 2.717497364847648100e+02
2.737257573885577813e+02 2.745269999825069931e+02 2.725510883630480521e+02 2.750669334377740256e+02
2.610715659617592905e+02 2.615931747666339788e+02 2.609927526927079953e+02 2.618428594325378640e+02
3.065417206223552853e+02 3.068564534744896264e+02 3.055579109213442734e+02 3.055220534172323710e+02
2.605873931683396449e+02 2.611980581310185130e+02 2.606819186503183232e+02 2.607440072473070245e+02
2.607988755586518437e+02 2.602276347002800208e+02 2.604039659205650992e+02 2.603984706184948550e+02
2.728579214450666086e+02 2.733564234663107300e+02 2.725151454720452762e+02 2.732413879544777728e+02
2.742245707971728734e+02 2.744013033834871180e+02 2.733156043183277575e+02 2.748346551904103308e+02
2.956499756905328127e+02 2.958294557699323377e+02 2.939824258448067553e+02 2.959273797025448403e+02
2.677069640980216718e+02 2.684729545267696267e+02 2.682020161934847238e+02 2.685541604241101936e+02
2.601452794108291755e+02 2.599757285360427659e+02 2.599532238127110304e+02 2.599111730474557476e+02
2.629997230859605111e+02 2.628339576639671122e+02 2.621803339056076538e+02 2.631215141572387779e+02
2.982176841670783460e+02 2.986282632856137980e+02 2.980589955520010790e+02 2.980032760384282824e+02
2.610340412497549778e+02 2.609848165362511736e+02 2.610413927974518629e+02 2.610165232909948259e+02
2.633059587071263650e+02 2.635814196463340977e+02 2.638553016893059748e+02 2.634750819168642693e+02
2.683258431610610728e+02 2.691066244624642536e+02 2.678697014213234979e+02 2.692490776520720033e+02
2.921656800909040612e+02 2.932497220964810367e+02 2.910281282155528970e+02 2.921211107365339217e+02
2.807935026202904396e+02 2.807926402966909905e+02 2.798935113153478937e+02 2.810668804228604927e+02
2.856565181560176256e+02 2.850107398001023284e+02 2.835851169620314067e+02 2.852038862399761001e+02
2.631253294443811797e+02 2.632365394433029451e+02 2.621273820618035302e+02 2.627444414916662936e+02
2.655160531621534119e+02 2.662621747229188713e+02 2.661981233142308838e+02 2.660831521726616415e+02
2.885581118231075948e+02 2.884211091949117645e+02 2.872276666371489569e+02 2.883327403020574025e+02
2.652414304825674662e+02 2.658646978531497211e+02 2.649368991681967032e+02 2.651518340023323503e+02
2.948337993586336552e+02 2.953508314394489389e+02 2.940950846817297588e+02 2.938281965925871759e+02
2.712479520711561918e+02 2.715925489852822352e+02 2.691697767599795839e+02 2.713664401347455168e+02
2.606696499421262274e+02 2.608884077299982778e+02 2.605866885944363389e+02 2.606699085504862978e+02
2.790719468399145740e+02 2.796621162848891231e+02 2.782753213147038309e+02 2.797120711431738869e+02
2.587544812345479386e+02 2.597090949572736918e+02 2.585807767148405674e+02 2.594543189094291051e+02
2.969940952648003076e+02 2.960227320396580240e+02 2.952600783098374109e+02 2.972110719063566648e+02
2.701008513077759403e+02 2.706209896737879603e+02 2.699913765293246115e+02 2.706642178966158099e+02
2.796509416675260127e+02 2.800963104196659401e+02 2.777503381768246413e+02 2.795981955336667397e+02
2.676354577198189304e+02 2.682684431274155372e+02 2.676965562208023925e+02 2.682197522959545495e+02
2.655964555410681101e+02 2.654223486052688372e+02 2.648070177726060024e+02 2.663942916536018970e+02
2.631567760426904670e+02 2.626216470604318829e+02 2.630266953365549512e+02 2.626672423542862020e+02
3.110227323784877740e+02 3.112019227213247632e+02 3.106631637630356977e+02 3.098241231727463401e+02
2.640589141706274177e+02 2.639376264396125862e+02 2.632793059245216796e+02 2.636993924562553389e+02
2.974108607394563819e+02 2.983886299664277999e+02 2.964650002560057374e+02 2.970339321957112588e+02
2.774535274044850439e+02 2.772683253352150814e+02 2.754100047554799175e+02 2.768785863479632781e+02
2.610701059041832082e+02 2.614466841890171054e+02 2.605128549095314838e+02 2.614044826793757466e+02
2.831734675062138535e+02 2.827180524072381331e+02 2.805074669266026035e+02 2.839206854808436447e+02
2.620602095580580908e+02 2.619077746131932827e+02 2.622634343092525455e+02 2.620753349579745191e+02
2.639342167278892930e+02 2.641390943833941947e+02 2.642708495580723707e+02 2.638936509189400681e+02
2.654350185270218390e+02 2.659256805936634009e+02 2.648825577747160764e+02 2.662341467902509180e+02
2.609413940647948493e+02 2.613116699798694640e+02 2.600837354258865730e+02 2.613922542356818894e+02
2.633978935329968181e+02 2.630846564402298782e+02 2.631645277180506355e+02 2.633290764173608522e+02
2.611100280754295113e+02 2.608201672470183894e+02 2.609535375591427169e+02 2.617338793377311390e+02
2.673260706984717672e+02 2.676721302490177550e+02 2.651636920156525434e+02 2.675861972928116757e+02
2.640106941094408626e+02 2.645551720851503319e+02 2.652328700955753789e+02 2.644486520061172428e+02
2.632794420841509009e+02 2.633752615130668460e+02 2.625493378815361325e+02 2.636489400317058767e+02
2.609024026424523868e+02 2.605786653725044175e+02 2.604477164849208179e+02 2.612521392540679699e+02
2.720549558872589841e+02 2.713338925424391164e+02 2.699293510136566283e+02 2.722563289473707755e+02
2.607921319370844344e+02 2.606465556246927235e+02 2.609508955986732417e+02 2.607284530778345584e+02
2.618722407766713332e+02 2.619162720022321196e+02 2.611626848963711041e+02 2.624453137693424196e+02
2.612144313779785989e+02 2.610340257663199850e+02 2.615249273206226803e+02 2.610573942727248777e+02
2.635700520844089283e+02 2.640928969233868884e+02 2.625587402278289346e+02 2.643633533603725709e+02
2.608523186651186165e+02 2.613575660500605977e+02 2.606338043570734726e+02 2.610761663894599565e+02
2.639894224262963007e+02 2.637201789480288880e+02 2.630780751343586417e+02 2.635616492724119553e+02
2.997916230754862568e+02 3.005107455832995811e+02 2.985479192886043052e+02 2.994547050619138417e+02
2.790315211851997219e+02 2.795908427171679591e+02 2.771237055455354152e+02 2.794195099448737665e+02
2.600436168168987479e+02 2.601192479361013739e+02 2.593255895286776536e+02 2.601965754035148279e+02
3.060166970118481800e+02 3.055509871857282747e+02 3.062733449356259712e+02 3.048240778951737866e+02
2.613615410747012220e+02 2.617243298158446123e+02 2.613493201963812567e+02 2.614737043653636874e+02
2.711466509230552901e+02 2.710220534696983918e+02 2.701666082491530005e+02 2.712725570970551416e+02
2.658236255647465782e+02 2.658494777815186580e+02 2.650924996767786297e+02 2.654326381654202009e+02
2.846879138671259852e+02 2.842216229226986570e+02 2.821011175989780213e+02 2.848906519084135880e+02
2.608289194030584781e+02 2.610255527586971311e+02 2.605803206473290743e+02 2.612431950324727268e+02
2.692035176062203163e+02 2.696377681515855329e+02 2.688274976140149874e+02 2.695679379006986096e+02
2.611975211947042226e+02 2.610589799664169846e+02 2.605020537605176969e+02 2.608018412840481233e+02
2.614745300242582289e+02 2.614000225471012868e+02 2.600068671517196890e+02 2.617149349410116770e+02
3.033436152989295351e+02 3.030496458122761965e+02 3.027344225724957028e+02 3.021407788470386890e+02
2.592649087657741802e+02 2.591317066991257434e+02 2.593188112210694385e+02 2.594807247302127280e+02
2.707997434967550703e+02 2.702012362072362635e+02 2.708584130877395637e+02 2.706600494698251964e+02
2.863294270291488601e+02 2.854994373514634276e+02 2.840104246654568669e+02 2.854542453091003154e+02
2.764290128544865297e+02 2.761222760745648088e+02 2.745789630003683328e+02 2.767891080245971125e+02
2.953218320187069139e+02 2.955892703231535279e+02 2.938411952908220428e+02 2.938960163260435934e+02
2.674239486370973395e+02 2.674331831642207362e+02 2.657420096244656520e+02 2.678740758890456277e+02
2.701173466276350155e+02 2.702123490050918804e+02 2.682443522445685176e+02 2.702066700599277169e+02
2.652461329793189861e+02 2.650178600663567181e+02 2.645181545303146322e+02 2.652999616964363554e+02
2.700465686349294856e+02 2.700666912109425084e+02 2.696595423837208045e+02 2.709616913200410977e+02
2.714671455348484983e+02 2.721453277636260282e+02 2.702780085654770801e+02 2.721342870922094335e+02
2.932703328827019504e+02 2.930736267870588563e+02 2.925174136839783614e+02 2.938034257151344377e+02
2.600994690344975311e+02 2.599609051297045994e+02 2.583625897018624755e+02 2.603314779144451450e+02
2.701491730487123277e+02 2.701269655227241628e+02 2.692050154628142309e+02 2.701828963540810378e+02
2.578965842904456736e+02 2.583175212673722285e+02 2.580558635321417000e+02 2.579995312990283196e+02
2.662294569236649409e+02 2.654160811956957104e+02 2.650795572362783901e+02 2.661158857559830722e+02
2.552456592820678623e+02 2.553583077125881289e+02 2.550882038217655463e+02 2.560500817866028456e+02
2.606530382072589873e+02 2.606464021838905296e+02 2.599489878173533839e+02 2.611294481675007546e+02
2.634706900916154950e+02 2.630103521173506351e+02 2.630639349633750044e+02 2.630217120778042954e+02
2.590522859986346020e+02 2.592421338944234321e+02 2.592984107944046741e+02 2.594980008775686997e+02
2.955436053384968318e+02 2.951748143912827231e+02 2.938532489886588337e+02 2.941991052304917957e+02
2.679096923057945787e+02 2.680968417349452011e+02 2.667692198690273813e+02 2.679552605534827308e+02
2.639040022724155961e+02 2.633212845863756684e+02 2.635155795569887687e+02 2.641071532261116204e+02
2.643208883254812918e+02 2.646272085341857974e+02 2.636088195495183868e+02 2.649854254636088058e+02
2.655343284088805831e+02 2.656845822593826938e+02 2.637313808174854444e+02 2.660552163691949090e+02
2.679943952385854118e+02 2.686094971905790771e+02 2.668955306388252779e+02 2.688702244141251754e+02
2.970481376771545570e+02 2.971447941167368754e+02 2.953267160887461955e+02 2.960743310172543374e+02
2.579952592081548346e+02 2.583738911802729490e+02 2.576013482531344607e+02 2.587415782594118241e+02
2.582293375618114624e+02 2.581920916384497104e+02 2.573512787830329671e+02 2.584625601812763307e+02
2.616010083037065783e+02 2.613922448027048517e+02 2.618174065408397269e+02 2.617398448222024285e+02
2.629772244864258255e+02 2.627514147163757343e+02 2.623480879533489087e+02 2.629814311412772554e+02
2.604186770238433155e+02 2.603330831829198360e+02 2.601360071408035992e+02 2.604517086450235297e+02
2.719395995832077233e+02 2.718006558520007161e+02 2.704760817684106655e+02 2.725381426218509660e+02
2.667446247887439199e+02 2.661563676950744366e+02 2.664993074641284920e+02 2.659099590595610039e+02
2.636626734801581620e+02 2.638656366968661473e+02 2.629090106602941432e+02 2.636334527874429909e+02
2.707058660632125680e+02 2.704774364250396275e+02 2.674385583127961468e+02 2.702703436521607046e+02
2.605039446201501505e+02 2.605394495255494007e+02 2.599282541430000606e+02 2.604209359497784817e+02
2.674186440424994089e+02 2.682038918552987070e+02 2.668821527279491193e+02 2.685338343029204680e+02
2.873129127589514269e+02 2.877338709115369966e+02 2.856600196772578215e+02 2.881196439911020093e+02
2.702229512220283141e+02 2.705936425787292023e+02 2.686300796139622662e+02 2.706674685371268083e+02
2.662040768457955551e+02 2.660345210077653064e+02 2.652024951232352237e+02 2.664779675473570251e+02
2.601570574852980258e+02 2.602605420473583990e+02 2.601096014140658781e+02 2.604730957294540872e+02
2.633850389908844249e+02 2.643375719891723179e+02 2.626343703024468255e+02 2.643569648046312750e+02
2.752588027354663609e+02 2.755693681381366673e+02 2.738785095140682415e+02 2.756527032367259835e+02
2.629867894317231958e+02 2.633497747833841913e+02 2.630792254172641833e+02 2.635405988121572705e+02
2.837599359228878484e+02 2.832681459966019020e+02 2.814328403980982785e+02 2.849842121034310480e+02
2.643470654508736857e+02 2.639350645189555280e+02 2.628916789321426677e+02 2.638034281736425442e+02
2.583943817476706499e+02 2.585568168291921438e+02 2.583174404248450742e+02 2.583843478444044877e+02
2.638354289784683147e+02 2.642555629808663298e+02 2.633610902491648176e+02 2.639876062306426547e+02
2.587516524761131222e+02 2.591913213187084466e+02 2.583241419550718661e+02 2.589469468883618788e+02
2.584627767758356072e+02 2.580876309092227530e+02 2.581430871936989888e+02 2.587975467088024857e+02
2.636698656839996033e+02 2.636989194371806775e+02 2.633922582299428541e+02 2.639385424819363379e+02
2.630634960596142946e+02 2.633882016714600809e+02 2.631300836641403293e+02 2.634356375607260929e+02
2.783795143681976469e+02 2.788271608336016243e+02 2.768511642421098600e+02 2.792352292256644546e+02
2.619180133070718739e+02 2.623892376711206680e+02 2.616559402918235264e+02 2.620920283441724905e+02
2.659286823569563580e+02 2.660371075157929681e+02 2.654772428995273685e+02 2.662397411714901523e+02
2.654411831585879327e+02 2.661667415608196734e+02 2.642687438549960461e+02 2.665401566856914997e+02
2.623688454715510261e+02 2.626387466992911186e+02 2.617386222753320908e+02 2.628660345024977119e+02
2.629497294321746494e+02 2.634106942923289125e+02 2.630066435077546885e+02 2.635710967830623872e+02
2.668618857767972372e+02 2.674588493125656896e+02 2.663735532095616350e+02 2.675515228755462545e+02
2.645583949296042192e+02 2.650626319152729593e+02 2.637465478110531194e+02 2.650198351888504931e+02
2.629563275657008603e+02 2.627934626640610531e+02 2.623717789439975263e+02 2.632274743641963255e+02
2.733840547598045987e+02 2.742478522575258921e+02 2.724899233072212610e+02 2.744400026716131720e+02
2.584927024639005708e+02 2.586405862339145187e+02 2.586855411115429888e+02 2.588385948769501397e+02
2.761970282518080353e+02 2.762874377156522314e+02 2.755972844429998645e+02 2.762931505644158960e+02
2.577698623402868066e+02 2.579889827377297138e+02 2.573145194177154167e+02 2.578515908666531118e+02
2.910106772545065041e+02 2.914804848472205094e+02 2.895881046491161896e+02 2.908419196629525345e+02
2.689700967625032035e+02 2.701489380895380918e+02 2.674055991446018083e+02 2.698222334821620620e+02
2.796495864591616964e+02 2.798678206812000440e+02 2.792719061564816343e+02 2.794867270139084212e+02
2.587651047988615574e+02 2.589969020236815709e+02 2.587781291713452561e+02 2.588075980225689818e+02
2.614667420440384262e+02 2.613365136428740811e+02 2.612957852482403496e+02 2.612765864897378378e+02
2.797162097854656508e+02 2.792391341507295124e+02 2.773048673612399853e+02 2.802189417586872651e+02
2.724907048416165480e+02 2.730228883116077441e+02 2.711620704100454873e+02 2.728514917723491067e+02
2.739186755104132089e+02 2.740864279059022692e+02 2.725379025801505009e+02 2.738807776003006893e+02
2.597170163403138758e+02 2.595514218581869841e+02 2.598032900898165281e+02 2.598707160602589283e+02
2.705615013739912911e+02 2.714896069562315688e+02 2.692925261587467958e+02 2.706207923962892892e+02
2.789303162965147749e+02 2.789719837638186846e+02 2.764201313381495879e+02 2.784452077489834210e+02
2.662369122845838660e+02 2.674773200726849609e+02 2.659819413524924130e+02 2.671388467579996018e+02
2.684219538540439203e+02 2.686483300737538684e+02 2.669751774714266048e+02 2.698742226892219946e+02
2.836477377205783910e+02 2.843758465114382261e+02 2.817625102016651795e+02 2.833690312706404484e+02
2.605915262795357989e+02 2.605736719934427015e+02 2.600087241364948341e+02 2.608321311044185791e+02
2.727862768989928099e+02 2.733720154156580406e+02 2.712347434251946652e+02 2.738121794558359738e+02
2.964089534663870040e+02 2.960346189905641836e+02 2.941927388141513120e+02 2.955975871980912189e+02
2.633354087701774802e+02 2.630441128777096083e+02 2.622044453889128590e+02 2.629122405177723749e+02
2.807855856018323379e+02 2.815715882670951942e+02 2.792265978928408003e+02 2.810712842149652033e+02
2.670371787465607554e+02 2.672899171391379696e+02 2.666048905887907381e+02 2.669382316203428331e+02
2.602288925097302581e+02 2.603082715869980461e+02 2.596651284944719578e+02 2.602401724907290941e+02
2.734321500734359347e+02 2.733497211163721659e+02 2.716622349671548022e+02 2.738347855942019464e+02
2.720464785519371844e+02 2.725636937876168417e+02 2.708545510888276340e+02 2.732473586924091933e+02
2.655861457758371671e+02 2.656864631313596874e+02 2.661270241031912178e+02 2.660350183614804109e+02
2.644817410258365840e+02 2.641303570785149191e+02 2.637702668540457580e+02 2.644604546578298141e+02
2.750812497203327212e+02 2.749926214249396708e+02 2.728056088566451081e+02 2.753098439252016760e+02
2.718677393229584709e+02 2.717053474723078352e+02 2.703648467077595114e+02 2.724018923133656358e+02
2.665848982159939737e+02 2.668176675533750313e+02 2.657628865688421342e+02 2.667565223731265860e+02
2.598378913831974160e+02 2.595494183820932790e+02 2.595827461825839464e+02 2.602001103594795381e+02
2.646896302211300167e+02 2.652868996585876857e+02 2.635810399684982599e+02 2.645615555597451021e+02
2.614141654350743806e+02 2.618876628014904213e+02 2.614154624375550497e+02 2.619306825925233966e+02
2.636353044550533014e+02 2.639214130382732151e+02 2.637853190059884128e+02 2.636085371979565366e+02
2.654987130243115985e+02 2.659119761201230858e+02 2.642428098023428902e+02 2.657203744841631305e+02
2.645313938832048279e+02 2.639091028541951118e+02 2.638256678586567432e+02 2.646345705126447569e+02
2.750776008268347255e+02 2.749784133476082388e+02 2.745868465622042436e+02 2.753914402691028727e+02
2.606594374220467216e+02 2.608699297458721276e+02 2.608071874283411375e+02 2.606640143274825618e+02
2.630296235838546863e+02 2.632872054667019484e+02 2.633163651775326457e+02 2.632061407781823164e+02
2.668419572788408800e+02 2.668652962494603003e+02 2.668372504006071608e+02 2.668478864976450495e+02
2.611781076495209390e+02 2.612443596596918383e+02 2.605069318437019206e+02 2.618862850684092791e+02
2.643909497076729167e+02 2.644105965854492979e+02 2.635098557044213976e+02 2.650142781382510293e+02
2.810764395792374444e+02 2.822157777740021629e+02 2.788811482086238129e+02 2.812565578813736806e+02
2.558923107442375056e+02 2.555320726154739930e+02 2.553387698078721826e+02 2.557704681321316968e+02
2.645256192590601927e+02 2.645834693397197270e+02 2.642052111673971240e+02 2.647508201045018268e+02
2.670593402044495974e+02 2.672261027403425260e+02 2.665236363806484974e+02 2.669392752858561835e+02
2.805366479945723199e+02 2.807794564521356619e+02 2.789881658171886443e+02 2.812933963732793927e+02
2.615627008952449160e+02 2.611968300631965576e+02 2.604808558681554018e+02 2.613833886379091496e+02
2.617686719236218096e+02 2.611106822739489530e+02 2.612979285227421542e+02 2.615036374972514182e+02
2.636480782810090773e+02 2.639843744646782966e+02 2.626737421310953664e+02 2.638334275600171281e+02
2.663801127880428226e+02 2.664249902257304825e+02 2.656076820581749303e+02 2.667706041702281254e+02
2.648821223316068654e+02 2.650501373533985543e+02 2.637923100564158858e+02 2.654159272471969757e+02
2.795417235772168283e+02 2.797221746366204798e+02 2.782697688722859652e+02 2.797122472051819955e+02
2.844315902117735959e+02 2.848264353868957528e+02 2.824698515215703196e+02 2.849447507894659566e+02
2.713880221404020290e+02 2.715980841678852471e+02 2.698741307806959639e+02 2.719721929617126079e+02
2.668246458152124205e+02 2.666951404628024420e+02 2.672626658845672409e+02 2.664978439215121284e+02
2.779073180614946068e+02 2.783031718380476036e+02 2.765482881641329982e+02 2.782732565823005189e+02
2.613785015119867694e+02 2.612451925705753411e+02 2.606440565232833819e+02 2.616127168619568124e+02
2.834385793388664752e+02 2.830513970709467344e+02 2.819659993726820630e+02 2.835923003592218379e+02
2.721298089213765934e+02 2.724767666229172960e+02 2.708798491743132786e+02 2.728854372004134916e+02
2.657619751151329979e+02 2.662316169728876503e+02 2.654532554949386167e+02 2.662668105493730764e+02
2.656258165199825498e+02 2.649652459127208886e+02 2.652262951067215795e+02 2.652247203623756491e+02
2.604807691519221748e+02 2.602242258548563996e+02 2.593431341643255337e+02 2.605087903940614638e+02
2.635049861665775097e+02 2.632953048665249867e+02 2.635813548606583936e+02 2.636819954765877014e+02
2.611765840308941620e+02 2.615122788558435332e+02 2.602882782056102542e+02 2.609309539492600152e+02
2.721035492656903898e+02 2.725332803391198127e+02 2.708645962667994809e+02 2.723281033738423389e+02
2.742046299019586399e+02 2.742230039239105963e+02 2.728143314039380130e+02 2.741134448252898324e+02
2.608752005442412951e+02 2.610436476583931267e+02 2.598143739946669371e+02 2.614895883862306505e+02
3.032379348642120362e+02 3.030747737080422439e+02 3.018727139824892447e+02 3.027352998370948285e+02
3.009580635496265586e+02 3.008534071871758329e+02 3.000890682832981042e+02 3.003379598059035516e+02
2.693517713725385647e+02 2.702089842429336954e+02 2.694758806883226043e+02 2.703722704107631785e+02
2.761777809668905661e+02 2.768960032993244909e+02 2.756195315481625130e+02 2.762597335659977489e+02
2.655197102406841623e+02 2.652611844695622949e+02 2.653644233898190805e+02 2.651466891703491910e+02
2.849058937809817849e+02 2.866626628435427619e+02 2.843052130954899894e+02 2.857960726027251894e+02
2.644758759362234173e+02 2.646792841079105756e+02 2.633815912408942950e+02 2.645386063014761930e+02
2.719551428232803687e+02 2.717954523717669417e+02 2.704011381799708715e+02 2.718004692906154673e+02
2.801265678308065503e+02 2.804043363397623807e+02 2.791531276569340321e+02 2.802455049009780055e+02
2.568593604953435374e+02 2.570829667570404240e+02 2.564490845309400129e+02 2.574615779196670928e+02
2.610512503294730209e+02 2.611140105843591073e+02 2.609028232920564392e+02 2.612250452609193871e+02
2.660088270203632987e+02 2.662894264614274107e+02 2.648681589799691096e+02 2.664610152491815143e+02
2.712271917859283690e+02 2.720693073164219982e+02 2.708561166961350182e+02 2.720052309856662305e+02
2.625881636124381089e+02 2.630567707944828157e+02 2.622578530591894719e+02 2.634454240164679391e+02
2.738663574409934540e+02 2.734667960363773886e+02 2.726753669526981980e+02 2.736932414844618506e+02
2.578286497470418794e+02 2.578181699501074604e+02 2.568933808765656863e+02 2.576410108445988953e+02
2.748370727127990563e+02 2.743994221194436705e+02 2.717019106380173525e+02 2.756622672844227395e+02
2.715238756939419318e+02 2.723435295508788272e+02 2.707330603825459434e+02 2.719024535702699268e+02
2.630936488177691785e+02 2.633050466974044070e+02 2.617347901932859600e+02 2.628958610722515346e+02
2.685859152974567223e+02 2.690924884269916788e+02 2.683285221184777356e+02 2.687615419691529723e+02
2.667937043786489539e+02 2.676363950902668307e+02 2.663972528821089440e+02 2.669222418355925583e+02
2.707043219756411645e+02 2.697942531064887817e+02 2.693409900846796745e+02 2.699623297777489483e+02
2.608081231511906708e+02 2.604431548463414288e+02 2.603849870455447331e+02 2.605411211317510833e+02
2.651365422059658385e+02 2.652926462562535903e+02 2.637494321015590231e+02 2.659039078320268459e+02
2.844559623656871281e+02 2.841323119305215528e+02 2.828962435143353105e+02 2.846107766793037968e+02
2.688244957190015043e+02 2.684317135753468051e+02 2.665402525397676072e+02 2.689508313523798506e+02
2.723217168545672848e+02 2.717958557337924503e+02 2.694489327756509738e+02 2.719196138130518534e+02
2.611280948723893971e+02 2.610560356917213767e+02 2.613024945500967533e+02 2.613310626487387367e+02
2.603648483718282023e+02 2.611802943136766544e+02 2.605948460058415890e+02 2.611858822720190574e+02
2.735739212807704348e+02 2.741480345428252008e+02 2.722122848984329266e+02 2.737359108904896630e+02
2.653806822375117349e+02 2.654587435779378666e+02 2.656760262519695743e+02 2.660964052860898050e+02
2.596330136192317468e+02 2.596519540802376014e+02 2.599929765821452179e+02 2.597804816286496816e+02
2.865664270355688359e+02 2.864819555832012838e+02 2.845152223661360722e+02 2.859213505602255054e+02
2.569532038062155834e+02 2.563556945005281023e+02 2.561598494410849298e+02 2.569288386518068137e+02
2.607733604521295661e+02 2.615706755537320873e+02 2.606585427035743692e+02 2.612103291869542545e+02
2.873176872505223969e+02 2.875083324642861839e+02 2.866385989501773679e+02 2.869422213665376944e+02
2.781024577094258348e+02 2.791368614496323630e+02 2.764237613947203158e+02 2.792015336741072247e+02
2.609361336955800539e+02 2.610509476749371061e+02 2.605077355265455594e+02 2.606667389476211270e+02
2.583555585285120060e+02 2.584320157745505071e+02 2.577327325188704776e+02 2.583494018319751149e+02
2.607323146676061469e+02 2.611339356689679789e+02 2.607434219121774959e+02 2.606905482053932701e+02
2.658397431432805433e+02 2.658190175441785641e+02 2.633938082516226586e+02 2.666222382651131397e+02
2.695075951884660981e+02 2.697253747278517153e+02 2.670091400962421631e+02 2.699009068082803537e+02
2.757902202346717218e+02 2.775068670728892926e+02 2.756122108502691503e+02 2.772912189980400512e+02
2.614496673500090651e+02 2.618847756828047295e+02 2.603425004450515985e+02 2.617680491761779535e+02
2.668073490996466717e+02 2.671269796607085709e+02 2.659902221317362319e+02 2.665751422668511736e+02
2.698576987689770021e+02 2.702966471600100817e+02 2.681828776270468211e+02 2.702259184540965862e+02
2.647007772937005825e+02 2.651100273851367888e+02 2.637710785477341346e+02 2.653157790958697433e+02
2.645830507528164048e+02 2.653916758971533341e+02 2.638289160659249433e+02 2.657047146699594009e+02
2.647859665448102646e+02 2.643884551024339089e+02 2.649834427242287802e+02 2.646683943563551793e+02
2.562295770738815577e+02 2.563291220665408332e+02 2.560060024227591953e+02 2.571147379447170920e+02
2.628858132288832508e+02 2.628493292920365434e+02 2.615173389875638463e+02 2.631890661711601069e+02
2.666698789926177255e+02 2.666694609986044497e+02 2.654157936616600182e+02 2.670434965444067643e+02
2.554250053517555443e+02 2.553100662923494895e+02 2.550154297042400628e+02 2.555281761631638062e+02
2.635142170409242794e+02 2.636988871711344018e+02 2.630025254726505182e+02 2.635979505217035239e+02
2.651151439101761866e+02 2.649582188703121233e+02 2.649578442027570304e+02 2.656021401627759246e+02
2.701053684788584519e+02 2.698997174297767287e+02 2.687602227443134097e+02 2.700202973716698125e+02
2.623140769913568420e+02 2.624106180106846296e+02 2.619963797998939299e+02 2.623614197115671232e+02
2.611610235570203713e+02 2.613307205609367543e+02 2.608908889127816337e+02 2.622402273269206603e+02
2.882585754449299884e+02 2.879560796289032965e+02 2.876178698702190673e+02 2.880417270711183164e+02
3.014249291483567958e+02 3.004797387873321100e+02 2.991015499087527019e+02 2.994124478935577258e+02
2.751979797834486590e+02 2.761396375573673936e+02 2.728971605084577732e+02 2.754036549105362610e+02
2.607415904623932761e+02 2.608082733770630171e+02 2.606246083539153346e+02 2.611867011616193395e+02
2.611940156502842569e+02 2.612467980137603263e+02 2.607736445759719572e+02 2.612500737859995183e+02
2.671698185701806665e+02 2.675058115921635249e+02 2.663409344482278698e+02 2.673745654883040288e+02
2.643026996470850918e+02 2.642964440990748471e+02 2.635291080888115403e+02 2.646263971534831967e+02
2.611370337115939719e+02 2.614611073605840375e+02 2.593038627760081454e+02 2.612696762170790521e+02
2.621323973765859705e+02 2.625934423364442409e+02 2.619320416471122144e+02 2.625276124880235784e+02
2.682975669803088863e+02 2.688466304596927898e+02 2.680703819854117569e+02 2.686260862785787253e+02
2.605189253300097221e+02 2.605281204710583438e+02 2.593137395949019606e+02 2.606350066628493778e+02
2.613831581338952219e+02 2.612958008632528504e+02 2.610825340294151715e+02 2.613387830496361630e+02
2.636212137838043645e+02 2.639371079031430440e+02 2.632100171232473826e+02 2.637455934648678522e+02
2.696103309561623860e+02 2.699142020019637016e+02 2.679356582855918987e+02 2.703815611784437465e+02
2.627335617353792259e+02 2.625691657548845797e+02 2.621783036975814980e+02 2.624794807808169139e+02
2.777493004479871388e+02 2.783179022336449862e+02 2.758146827885622088e+02 2.780065784570662686e+02
2.583959725761449704e+02 2.583682121496510717e+02 2.577632393786151397e+02 2.588682420577408720e+02
2.710080605333189396e+02 2.708422375306581102e+02 2.696423094912582883e+02 2.712088968390670516e+02
2.665173784203599325e+02 2.666692573979828467e+02 2.651543968911566367e+02 2.663591764817033436e+02
2.637324438013724830e+02 2.632943286160249841e+02 2.627427758427875801e+02 2.631665511706841016e+02
2.618453529308426369e+02 2.614743570378110462e+02 2.611816532579048840e+02 2.619639318777229846e+02
2.615104799210322994e+02 2.617439232902405593e+02 2.614457712997927388e+02 2.620632083078351684e+02
2.869996211460271525e+02 2.862253189471833252e+02 2.845697269424083515e+02 2.864754422517150374e+02
2.630213798657780444e+02 2.635043017191065928e+02 2.628321274509661976e+02 2.630963929728485482e+02
2.915519084951020545e+02 2.906910999039448598e+02 2.892047184947681444e+02 2.919730772106653944e+02
2.951181862629288730e+02 2.936689200895222598e+02 2.926709007403288751e+02 2.944291479780712280e+02
2.596157251989108659e+02 2.600888591597951631e+02 2.587582799101190290e+02 2.597197657012114291e+02
2.607245766717472293e+02 2.611506888645689060e+02 2.612568562506678518e+02 2.612554379851634394e+02
2.750397924629523345e+02 2.757960870334313768e+02 2.736969312020494840e+02 2.757312518451080905e+02
2.807177854381798170e+02 2.808823974026884116e+02 2.793334638227584605e+02 2.814333560544452553e+02
2.938085983339680070e+02 2.926225551460208294e+02 2.919017235603876657e+02 2.936844200593572509e+02
2.607852500152990274e+02 2.603007434080262215e+02 2.596070775918634013e+02 2.603774709535080660e+02
2.641240409052280143e+02 2.648069940574724228e+02 2.639509552123460026e+02 2.646549978829810357e+02
2.590742320342025664e+02 2.595979596178199813e+02 2.580760540107937686e+02 2.595833597472554857e+02
2.716582520245195269e+02 2.724853149406243915e+02 2.707444435244527199e+02 2.726290119511958778e+02
2.638082073700537080e+02 2.640883740177926029e+02 2.629276514871341419e+02 2.644186154861497471e+02
2.686877865779584909e+02 2.686899107998631848e+02 2.679136735280822563e+02 2.693428104409458115e+02
2.626482648813067158e+02 2.624050165833927508e+02 2.621901785504583131e+02 2.625608971977573560e+02
2.612236166458714024e+02 2.620153369053495567e+02 2.605028585569645543e+02 2.621615531149151934e+02
2.594233577590758273e+02 2.601033970085768487e+02 2.596622352360352011e+02 2.598909119017664011e+02
2.616862158241896168e+02 2.615233559164560120e+02 2.616625056436256500e+02 2.613301020359378981e+02
2.666060665716944982e+02 2.676522188831568769e+02 2.667368274691310717e+02 2.671880993779545861e+02
2.599674932749322807e+02 2.595026097619077632e+02 2.585216730910764795e+02 2.599887704597344964e+02
2.629242919648263523e+02 2.635680418497889264e+02 2.633900184514595253e+02 2.637604617344366034e+02
2.608629622940460990e+02 2.613640621183878920e+02 2.600667941090874820e+02 2.613085127214023942e+02
2.660141051710372722e+02 2.659669129420159948e+02 2.657313824311329427e+02 2.657287590715157535e+02
2.615898065321347872e+02 2.617890137238287025e+02 2.606045916873409283e+02 2.618461643377690393e+02
2.594706837627077789e+02 2.596847375542245118e+02 2.586820235417413301e+02 2.599077193902198815e+02
2.654355857263633425e+02 2.657243159489757431e+02 2.648797343892617846e+02 2.654597403156800510e+02
2.822796072842147623e+02 2.822902026140186535e+02 2.798202892027813391e+02 2.831894701637094158e+02
2.635386546039247264e+02 2.644619694805654149e+02 2.628301635897880715e+02 2.638410600799060717e+02
2.974320378309705575e+02 2.972609521963190673e+02 2.961609601642791176e+02 2.970509723202118266e+02
3.048579834865652174e+02 3.046227210556867817e+02 3.045355934591688651e+02 3.042372879729791748e+02
2.861373473093243547e+02 2.879159017799760250e+02 2.851446030887858001e+02 2.874907504617957557e+02
2.608640855110044185e+02 2.608519955270880928e+02 2.600331672454286149e+02 2.609248392210653833e+02
2.973768579016337412e+02 2.980478867613839498e+02 2.961424376651054331e+02 2.955266335714608772e+02
3.057194545069253877e+02 3.055749411436905802e+02 3.053762276657199664e+02 3.037888896611627843e+02
2.613527306577368563e+02 2.617369357039556235e+02 2.606647451134836047e+02 2.617257135243079915e+02
2.711380128271894137e+02 2.716113295572174593e+02 2.704444619217780996e+02 2.719044822245342061e+02
2.617922465074774436e+02 2.620870705048041032e+02 2.614478013294715311e+02 2.621207603025245021e+02
2.728348413950093345e+02 2.730838956928561174e+02 2.718543650612925831e+02 2.723370303459785760e+02
2.620164508106611834e+02 2.621155970748122854e+02 2.619212851287593367e+02 2.623297781810829861e+02
2.761923833833745334e+02 2.767818908097073063e+02 2.740183236476016191e+02 2.760235502899053586e+02
2.604979712630023982e+02 2.599614488895027193e+02 2.600570036319020346e+02 2.604889283478908055e+02
2.599154853467293265e+02 2.600742702937394029e+02 2.593856124923967172e+02 2.600838270266001473e+02
2.987199547204208443e+02 2.986356603654068635e+02 2.973866635589362204e+02 2.973955029955234295e+02
2.624769846535381816e+02 2.626694027892931445e+02 2.625580507602251714e+02 2.625595817701303645e+02
2.999109639430542416e+02 2.998463450837555229e+02 2.987620352753611428e+02 2.984415027154140603e+02
2.613638644191069602e+02 2.618685809633745976e+02 2.605668230694977865e+02 2.611833747890345307e+02
2.842679847606198678e+02 2.838421611793463057e+02 2.825134493835614649e+02 2.845970026547797147e+02
2.623581516316257876e+02 2.628249079508358363e+02 2.612780726145018662e+02 2.629718336241958241e+02
2.853260746798437708e+02 2.856229597585145257e+02 2.837108390437059597e+02 2.859155293530763515e+02
2.765862770859475290e+02 2.768024923014507976e+02 2.749591264174675871e+02 2.772344093734631088e+02
2.626613950211582278e+02 2.627174592633966768e+02 2.628256180452937087e+02 2.622861204020804848e+02
2.697667508391242563e+02 2.700545532945080822e+02 2.683119821660122852e+02 2.700162750762718815e+02
2.591273137221100455e+02 2.595534320535381880e+02 2.585222461642982239e+02 2.597466404959644137e+02
2.633340022417054911e+02 2.634073134556237505e+02 2.623164196564727604e+02 2.636132928284019954e+02
2.723548296154736477e+02 2.722620077386883395e+02 2.714740581458485735e+02 2.717552237405411120e+02
3.073592882909812261e+02 3.066411305537194494e+02 3.059317028130318477e+02 3.054843916194560052e+02
2.600850015827469974e+02 2.597711312383672748e+02 2.596477496503574116e+02 2.601558812758551085e+02
2.991548480731993322e+02 2.993568003549590344e+02 2.977472839597179473e+02 2.985631116266018807e+02
2.656286089985109129e+02 2.666968376808787298e+02 2.644639857021130069e+02 2.663751448862648203e+02
2.638710963142440846e+02 2.644973989457136554e+02 2.645026760647984361e+02 2.640990319533315187e+02
2.744453247029422300e+02 2.746572855459937728e+02 2.728362861015703515e+02 2.750112869920196772e+02
2.611519003638972549e+02 2.609881983393639189e+02 2.608287199151264986e+02 2.606630304196982593e+02
2.682377821600994707e+02 2.684184104587420165e+02 2.682854591884993170e+02 2.685051946069556834e+02
2.719927078751067029e+02 2.724898267905733746e+02 2.708016256089348417e+02 2.726369411733476795e+02
2.652551384133548140e+02 2.655451640343553663e+02 2.638464551261146198e+02 2.653859722213336454e+02
2.783870258676936373e+02 2.792347485437121577e+02 2.767842810318910551e+02 2.786884738439377998e+02
2.632007579238654671e+02 2.629731164102398679e+02 2.628880877000752321e+02 2.631908989052117249e+02
2.568890939398124260e+02 2.572967629139347423e+02 2.565684094086527125e+02 2.573073706580465796e+02
2.575711138953084287e+02 2.579614814370901286e+02 2.578320458583786490e+02 2.577256742664153535e+02
2.673424401066638438e+02 2.673536320539819826e+02 2.669361578973433211e+02 2.681940723891766538e+02
2.629565283237882909e+02 2.635238319442937609e+02 2.629801427751221468e+02 2.635283206040788286e+02
2.583168598145633723e+02 2.581917892016392670e+02 2.579818219305318507e+02 2.585480393261050267e+02
2.708343553101531711e+02 2.712022642031557211e+02 2.703801869684184567e+02 2.719815404662087417e+02
2.618691786207489827e+02 2.620656032543374181e+02 2.618088921471550634e+02 2.621056104633419181e+02
2.616654588055612862e+02 2.612315698197348297e+02 2.607188700929775678e+02 2.616415258352077444e+02
2.627060530472645610e+02 2.623631324601957999e+02 2.614511932190576999e+02 2.623561059975605758e+02
2.732505526833139129e+02 2.739234179855783395e+02 2.729068929248642803e+02 2.742976943173363793e+02
2.593213991461551018e+02 2.593534404844796768e+02 2.586566413765206676e+02 2.596486201771559195e+02
2.799731189986610502e+02 2.803386942034481422e+02 2.776824601175783869e+02 2.806263509589653609e+02
2.628888460788644466e+02 2.626631224776090221e+02 2.619772500722579025e+02 2.629259213426198585e+02
2.738745534393171397e+02 2.738949834338981759e+02 2.724755981677193972e+02 2.745462265308095198e+02
2.663876404178436701e+02 2.659539909770426789e+02 2.665044485023721563e+02 2.660968115327685837e+02
2.739308108381601983e+02 2.743904381857606154e+02 2.719968657585734491e+02 2.736807093702839211e+02
2.671001276911243849e+02 2.674732645231884476e+02 2.668689175586082456e+02 2.678006608524641479e+02
2.660295058235577699e+02 2.660544949893189255e+02 2.645640855128747262e+02 2.666399953221952615e+02
2.771579805736071194e+02 2.782508249840223584e+02 2.757807656754893060e+02 2.776644334573566084e+02
2.679181031294215245e+02 2.679986602280903298e+02 2.678847490752950762e+02 2.681723939800436938e+02
2.665299277979682415e+02 2.666507633923342837e+02 2.664047326707375305e+02 2.664803205766406222e+02
2.636746390611941706e+02 2.637324751136806640e+02 2.640895846213580285e+02 2.639759935365356682e+02
2.671665649633955582e+02 2.670126661326821704e+02 2.664115488515863035e+02 2.674086420611646417e+02
2.591572217507943492e+02 2.590566302754507433e+02 2.576240576653549397e+02 2.589564582147821170e+02
2.628229298657191748e+02 2.633918849944754470e+02 2.634938048822455130e+02 2.634893317319971402e+02
2.838039175031763079e+02 2.844996901117345374e+02 2.820742184628069822e+02 2.846465110381635668e+02
2.807719414660492703e+02 2.822932133125302698e+02 2.786721666581909744e+02 2.805999259695648220e+02
2.933745412513745805e+02 2.938042477147054115e+02 2.918596722011774887e+02 2.927142341391012792e+02
2.930357768587460896e+02 2.938562095974645558e+02 2.919607272433884759e+02 2.930832549805769531e+02
2.689057016315380224e+02 2.693605932003018779e+02 2.676677708637898832e+02 2.700764713854569550e+02
2.662522843047912602e+02 2.658831252833594476e+02 2.658326230251960851e+02 2.658586146562888644e+02
2.593995391928431786e+02 2.594502999693837069e+02 2.588750583857900551e+02 2.591155700287775971e+02
2.626551689545736963e+02 2.625809389960015778e+02 2.623541107910157280e+02 2.632257389826726239e+02
2.626791576477495482e+02 2.620210086714948261e+02 2.625324199754639949e+02 2.622736172638715288e+02
2.607735098164083070e+02 2.609859953284648668e+02 2.609883065316618627e+02 2.610705954980364822e+02
2.708010737855403818e+02 2.713220451392611494e+02 2.697510895600555045e+02 2.709871327973565940e+02
2.625759418588094150e+02 2.634625159218644512e+02 2.618247759463345687e+02 2.633483608137410670e+02
2.598732540542442280e+02 2.599722704169720373e+02 2.592004700485391595e+02 2.599440091320510078e+02
2.681127648738208791e+02 2.686949629260103620e+02 2.676853626642154609e+02 2.685256533469174087e+02
2.662168698352060119e+02 2.662619895556059078e+02 2.644431986159360122e+02 2.658149793637509219e+02
2.594260692461974145e+02 2.599248163471277735e+02 2.593424509499771489e+02 2.596251000033199716e+02
2.652000145081384517e+02 2.658833948159371516e+02 2.642637895855369834e+02 2.662298459350592452e+02
2.577276685597742016e+02 2.581312562826316253e+02 2.573861292062231882e+02 2.581141713035894441e+02
2.559124534551217494e+02 2.568441607120901153e+02 2.557537843370259907e+02 2.566158135462960672e+02
2.710271082397525788e+02 2.706639573870197637e+02 2.696413307473352461e+02 2.714676898691475344e+02
2.606312868711582382e+02 2.606409022271035951e+02 2.605889166229351872e+02 2.605886171349634992e+02
2.638488031232971025e+02 2.639785192507096667e+02 2.638824248656240457e+02 2.637785057252145862e+02
2.649651296788176751e+02 2.649787780690422778e+02 2.645264745959826200e+02 2.645119819344160419e+02
2.694348491764238247e+02 2.696536795431951532e+02 2.688528606527170268e+02 2.698600487370120504e+02
2.709571621524131615e+02 2.705303161627135751e+02 2.705868308775758919e+02 2.714598861804585113e+02
2.691765033898907973e+02 2.691941478390618272e+02 2.688325583816866811e+02 2.693063911102469774e+02
2.568051539727408681e+02 2.568586322066356615e+02 2.554737251043821686e+02 2.569455328174371402e+02
3.055156092988604541e+02 3.056414048740012390e+02 3.047262219780128021e+02 3.046847609541501356e+02
2.710633553572270102e+02 2.705362472848620996e+02 2.684386729797416820e+02 2.710079682319270660e+02
