2.916846439132331170e+02 2.921654913209590063e+02 2.889318107972644043e+02 2.912360775199552450e+02
2.508161306784154192e+02 2.511305249506233395e+02 2.508024235720179433e+02 2.512739816146371936e+02
2.556667645402907567e+02 2.561582202613190589e+02 2.548541951555083642e+02 2.564796543019962769e+02
2.968966443463287419e+02 2.978142842934506689e+02 2.963155813847329227e+02 2.975959454091714633e+02
2.947860069614364988e+02 2.955082478123271699e+02 2.946341336899606631e+02 2.961347956127817156e+02
2.542498304850337263e+02 2.542350234464488494e+02 2.533218675619887108e+02 2.548902707091115474e+02
2.753543895445455405e+02 2.760159129049562807e+02 2.739376847965334036e+02 2.758841699949430222e+02
2.816684325945692535e+02 2.822987159563224964e+02 2.794202140278279103e+02 2.816446720280688396e+02
2.593656388679706879e+02 2.591910443268587869e+02 2.576049230924379572e+02 2.598900847572818975e+02
2.590213214991339896e+02 2.589200436527464717e+02 2.566776221587707028e+02 2.591283330282676616e+02
2.580844388213332650e+02 2.588345268164256936e+02 2.569139862180983300e+02 2.587064366398562356e+02
2.533412858558753555e+02 2.534534919230809180e+02 2.523364901142834356e+02 2.536795290684298152e+02
2.534188708787551434e+02 2.541464436866268670e+02 2.521017240483988076e+02 2.543869965790704271e+02
2.556195505696973669e+02 2.558321076362428528e+02 2.548101638846661956e+02 2.558124908209365174e+02
2.539094400918653776e+02 2.540800747466933274e+02 2.527261260088215238e+02 2.538543159986862747e+02
2.559142554493060402e+02 2.565370596749958736e+02 2.554046991484814839e+02 2.569496763084907229e+02
2.566312413086712354e+02 2.571167685965453416e+02 2.562087878614797205e+02 2.575375325248141394e+02
2.584091616065549033e+02 2.591144878124521256e+02 2.574161295421043860e+02 2.596047808561231136e+02
2.489398892802745422e+02 2.489491914381405309e+02 2.486752018378678031e+02 2.494579935364901360e+02
2.537381307644205606e+02 2.541189714387879519e+02 2.528678157902626253e+02 2.545776788582817005e+02
2.946333370813044326e+02 2.953234713449949140e+02 2.941485377102064263e+02 2.949862769151375801e+02
2.613486936794860753e+02 2.615648027033785183e+02 2.602403820218232227e+02 2.622552997748887265e+02
2.515763209929356208e+02 2.519581477687293614e+02 2.506440242175476101e+02 2.524219522901093740e+02
2.506138019606419505e+02 2.508928424836235536e+02 2.499626574833001200e+02 2.514417097292489416e+02
2.516094924033711493e+02 2.516627458735470668e+02 2.515548470968407173e+02 2.518467010397341710e+02
2.517967489935695653e+02 2.513620628394277503e+02 2.508855182324328439e+02 2.522718113943032279e+02
2.570839537753066111e+02 2.570365492473875406e+02 2.552353918397307950e+02 2.576200854925903059e+02
2.995950752160845241e+02 3.005177266508125626e+02 2.982690097759152081e+02 2.987074257266109498e+02
2.570577605493877513e+02 2.577495453844284157e+02 2.560343020770552585e+02 2.575377027020556966e+02
2.560121318956549885e+02 2.565207945706976034e+02 2.545665625735027788e+02 2.568217492601382332e+02
2.808118820659502148e+02 2.811458175213380173e+02 2.775479056125657848e+02 2.805792612526102516e+02
2.955317790170906278e+02 2.952481039225295945e+02 2.926916778400655517e+02 2.959903930242567185e+02
2.643223859639206239e+02 2.641515636637910234e+02 2.625260617384791431e+02 2.650491687154430451e+02
2.594754063195557592e+02 2.592335262694678022e+02 2.580894479798493535e+02 2.602282414199863183e+02
2.526807479943473140e+02 2.525392638737962727e+02 2.520208807998221516e+02 2.526757962854452160e+02
2.927371409230345876e+02 2.936771523039052454e+02 2.915731005595281431e+02 2.931971607449608541e+02
2.593176491854791266e+02 2.602894313829903012e+02 2.577064790763978976e+02 2.594845633522609774e+02
2.521764740679108456e+02 2.525805294124666034e+02 2.519780179351758420e+02 2.529920835195141251e+02
2.901132004519386101e+02 2.900658283954350054e+02 2.873396447035187862e+02 2.890986480431080281e+02
2.624741569783087698e+02 2.632970532898211218e+02 2.613164976599193778e+02 2.632826986108985921e+02
2.590761883270751582e+02 2.594435768762540420e+02 2.570345946712683372e+02 2.595708873134974510e+02
2.611203361468520825e+02 2.612595484117043725e+02 2.593532102749927049e+02 2.622100556454149114e+02
2.647237303401550435e+02 2.645668934446071603e+02 2.621619321534203664e+02 2.645404909266004552e+02
2.545260379736120910e+02 2.544638589834398203e+02 2.533381402759058290e+02 2.548966697867060134e+02
2.767067837362386626e+02 2.775172116842739456e+02 2.745274718691412659e+02 2.773392938137238275e+02
2.565269914265199986e+02 2.572440808046652023e+02 2.558140174861966614e+02 2.575668673528094246e+02
2.545874504275603272e+02 2.552108908186816905e+02 2.534054177964430039e+02 2.555283645662451590e+02
2.663231364677345709e+02 2.668706237368232905e+02 2.638995858914690871e+02 2.671838092464894885e+02
2.785579895587316059e+02 2.781704332761274827e+02 2.754772319355585068e+02 2.767988651568781506e+02
2.754468361585912817e+02 2.759524843718420470e+02 2.740934018948395305e+02 2.767244096732521825e+02
2.497228092207497525e+02 2.502456216504298254e+02 2.495432170847073792e+02 2.509209711168628587e+02
2.508169943119725644e+02 2.506152831571797890e+02 2.504436324519712684e+02 2.512798048299973459e+02
2.984042016975693628e+02 2.977980463217169813e+02 2.977065266834425756e+02 2.970967297103063629e+02
2.524854952386385492e+02 2.528084950468179670e+02 2.516910210290220391e+02 2.527584304069967231e+02
2.532329510480099373e+02 2.537813166485397858e+02 2.522180744673373454e+02 2.542664821268160438e+02
2.708930214719468381e+02 2.705624322147396015e+02 2.685891398178269469e+02 2.708841956291428232e+02
2.533012041099281646e+02 2.535622379757577392e+02 2.532350527475742865e+02 2.538017619006577661e+02
2.578187378158968386e+02 2.579473597218063219e+02 2.568292379711618878e+02 2.582184988796907419e+02
2.930787533093782145e+02 2.925969477821041664e+02 2.906922985737818408e+02 2.916833788809302632e+02
2.520128888967344949e+02 2.522673489004870646e+02 2.507200129515381661e+02 2.527845423327776757e+02
2.706520030710774449e+02 2.707328204610548141e+02 2.683164890038858630e+02 2.712387514114680016e+02
2.538125615180322256e+02 2.539166946322766876e+02 2.533019739236712269e+02 2.543232729083553068e+02
2.494143491924688476e+02 2.496926101321087401e+02 2.490482413361179397e+02 2.499711658546499962e+02
2.546203453694271843e+02 2.554080992959931393e+02 2.539923317636187790e+02 2.552022564478267839e+02
2.514305510040485672e+02 2.513663773716713195e+02 2.505777046129572057e+02 2.516545123962746686e+02
2.601040026701751913e+02 2.603527464626135384e+02 2.580971248134205211e+02 2.608151896506541334e+02
2.517779166480242168e+02 2.516761721151771951e+02 2.511401261564786296e+02 2.518499047980592138e+02
2.747989529229288905e+02 2.733303379724771389e+02 2.716769364645793985e+02 2.744237002828758705e+02
2.554617383713079448e+02 2.554237199207417461e+02 2.541309798684642374e+02 2.561571387279597047e+02
2.534619580209339347e+02 2.536241199659376377e+02 2.535786050586305578e+02 2.537153502945790251e+02
2.496309689094317434e+02 2.497275837878033542e+02 2.490312257372528393e+02 2.494215063072149121e+02
2.478403594485223778e+02 2.485160915426756105e+02 2.476579350707692129e+02 2.487978336282601504e+02
2.640597234969887381e+02 2.647871858714665905e+02 2.629269706250699983e+02 2.646711279946167679e+02
2.579578312642436231e+02 2.577018871974206604e+02 2.559643071794463651e+02 2.585249867795918135e+02
2.543321122404346113e+02 2.547612325749801130e+02 2.535856348467544308e+02 2.553951431708631787e+02
2.501743347673778999e+02 2.501668935633770730e+02 2.500748206253312560e+02 2.503498653003524623e+02
2.555159376666321691e+02 2.554274684692439337e+02 2.540514693501432646e+02 2.560626391231410253e+02
2.791438415503707802e+02 2.792338541522462378e+02 2.765936158091114976e+02 2.787037434948562691e+02
2.494544449697391428e+02 2.496630005161695465e+02 2.489859372089105989e+02 2.495643523831791981e+02
2.685131528283542366e+02 2.688317819282213463e+02 2.660695457958583461e+02 2.693350857281511139e+02
2.673725235646405736e+02 2.674990331229220715e+02 2.648380635907861347e+02 2.668008681150012649e+02
2.621887252322950985e+02 2.628590678861941115e+02 2.607839403815838750e+02 2.632784114173693411e+02
2.506469334183580031e+02 2.506438229960751016e+02 2.499773103390986648e+02 2.511038052484141190e+02
2.520090581787913209e+02 2.521611629636428802e+02 2.519234924866331085e+02 2.522359565195836524e+02
2.568356547756870327e+02 2.575824522808555912e+02 2.555771193430355481e+02 2.576308632233433968e+02
2.676032782649169803e+02 2.678736790628131530e+02 2.661110284886443651e+02 2.686829244071979019e+02
2.523609813827717687e+02 2.524926672992128829e+02 2.513833151481993582e+02 2.529885204488805925e+02
2.579551355971839826e+02 2.590687976105571124e+02 2.565586987935697607e+02 2.586877755738533438e+02
2.570705662956396509e+02 2.577961817220422631e+02 2.555299527715549459e+02 2.586773951308831556e+02
2.522138185693533217e+02 2.523299866494819526e+02 2.515933783310109959e+02 2.525553772122048315e+02
2.503483879360186677e+02 2.503666093013670491e+02 2.502788481729766943e+02 2.509145756097794333e+02
2.662418634916356268e+02 2.669516103382152323e+02 2.648026950486811302e+02 2.671064966971458148e+02
2.683735545706448420e+02 2.687828642132986374e+02 2.654454478138836748e+02 2.686125113745285375e+02
2.534095186058314368e+02 2.537576011257114033e+02 2.531595011028765327e+02 2.540313108489879994e+02
2.514549527957436794e+02 2.518283929082179782e+02 2.511784267417295666e+02 2.519449148984032831e+02
2.513422173986393773e+02 2.509351424358534359e+02 2.501930481457805229e+02 2.519080814902244185e+02
2.535241774324945823e+02 2.535182094773358585e+02 2.529162863270451851e+02 2.532689694883235632e+02
2.860214940470564216e+02 2.847281797662218992e+02 2.836866883475303780e+02 2.853670236993507388e+02
2.506581664576791866e+02 2.507333581466697296e+02 2.506138943637619150e+02 2.506159179876067924e+02
2.858682819479437285e+02 2.858521986002473341e+02 2.837079681708011663e+02 2.855510906824619042e+02
2.663727935615438014e+02 2.663908109749472715e+02 2.646292304798827217e+02 2.666277400317929391e+02
2.896011048396372871e+02 2.887910310872635478e+02 2.865531525083231372e+02 2.881922989522149692e+02
2.530854909484673954e+02 2.533574016126830202e+02 2.530052861575347265e+02 2.536329832161470108e+02
2.819159488504889737e+02 2.823328524146185714e+02 2.802582533353607914e+02 2.813470542771902956e+02
2.624996222980362290e+02 2.625822196687449832e+02 2.607081860720393820e+02 2.619797247587341076e+02
2.691195343175363632e+02 2.684076397594254786e+02 2.662693991139403806e+02 2.696346275023524299e+02
2.526218168930018066e+02 2.531710520615217206e+02 2.516920889294106587e+02 2.534052630179794505e+02
2.616018993781360109e+02 2.620494923171971777e+02 2.597775147518082690e+02 2.626054663604109578e+02
2.707799812436732623e+02 2.708444325949044469e+02 2.680856230062687473e+02 2.707602162099217935e+02
2.570572594665584347e+02 2.572047609269576469e+02 2.558755361048521877e+02 2.577006975190247999e+02
2.524598735955686095e+02 2.525096601752618710e+02 2.513804736037066334e+02 2.530069689474104564e+02
2.584085751327494904e+02 2.587965437910654600e+02 2.568663099458977399e+02 2.592299036169009128e+02
2.918316830872645369e+02 2.911981457323445852e+02 2.885804397217316364e+02 2.920091484756507043e+02
2.751359167337715235e+02 2.763334140894147595e+02 2.729083768059859949e+02 2.764295065412858889e+02
2.528300652020656969e+02 2.528911873481544319e+02 2.519233137051284359e+02 2.532670512745731344e+02
2.647402699404612463e+02 2.653617047406538632e+02 2.628547563665561597e+02 2.656013113276472382e+02
2.511496869200176434e+02 2.514907447542582020e+02 2.508160177716308681e+02 2.518404349234579058e+02
2.656612416389564260e+02 2.663900418753593158e+02 2.632525584726672605e+02 2.663363432613011241e+02
2.580988129669306090e+02 2.598476613804204476e+02 2.578072436623301087e+02 2.600677969076554064e+02
2.652925894423397040e+02 2.659599154600610973e+02 2.631662038799204879e+02 2.658671077680754138e+02
2.684936921125568006e+02 2.696689187574953621e+02 2.663603128597324030e+02 2.694835679841568776e+02
2.575063117775750356e+02 2.574982735012844159e+02 2.566739692610829024e+02 2.583651845691700828e+02
2.606656313268487679e+02 2.605783858669088318e+02 2.587108910521862981e+02 2.608832361972651483e+02
2.628407234564111832e+02 2.631773505777106834e+02 2.613072289422085532e+02 2.631558399335557397e+02
2.628601582758148538e+02 2.625139875145507631e+02 2.606174204036004198e+02 2.627451114212476568e+02
2.558682073560389654e+02 2.555017964623486080e+02 2.545475432430611136e+02 2.559667579398471844e+02
2.875324427834613061e+02 2.883255056306489905e+02 2.848688587139386073e+02 2.874548047344864585e+02
2.785355830138165061e+02 2.799117581767330876e+02 2.768010480342173310e+02 2.786500795434116071e+02
2.503310803814713381e+02 2.501850167306785409e+02 2.494382768275255273e+02 2.507127884678797329e+02
2.633175020476437567e+02 2.640147653266905081e+02 2.607102393646076735e+02 2.637682558861389452e+02
2.528063422610188411e+02 2.525642211647096929e+02 2.517777537649312478e+02 2.529332217293745941e+02
2.489775341529033312e+02 2.490273266109196868e+02 2.481478423616591158e+02 2.495288550649509887e+02
2.491866562920515946e+02 2.498438748743084830e+02 2.489301085120335699e+02 2.501222776127237069e+02
2.760126731786698429e+02 2.758414614114655024e+02 2.739632333478588180e+02 2.762593851417774999e+02
2.820708598476811062e+02 2.830418354874550459e+02 2.799156937910456691e+02 2.811624401891357365e+02
2.914715620478927462e+02 2.917500318490002655e+02 2.905362238321087602e+02 2.903393078258982314e+02
2.926288550161388002e+02 2.938322819587648951e+02 2.912327474217723875e+02 2.929490235488933081e+02
2.911717325361838107e+02 2.912437693340307874e+02 2.897489284448607805e+02 2.910052831436507290e+02
2.686303909303241539e+02 2.696473148905026846e+02 2.660458015522173127e+02 2.701637900857105024e+02
2.838907876586526982e+02 2.851619117745158292e+02 2.827037550404070885e+02 2.845971207491137420e+02
2.500873870035134132e+02 2.501292775257787184e+02 2.497564107395286044e+02 2.504036459285234173e+02
2.652852624335296241e+02 2.650397524396124140e+02 2.629990557022151734e+02 2.646633264829395102e+02
2.524192617434466968e+02 2.529853024971037314e+02 2.518479509065272453e+02 2.530327889240019772e+02
2.671880720937219280e+02 2.678481182507351264e+02 2.661165321019937551e+02 2.674075784876382045e+02
2.536441596150427529e+02 2.532302133090922780e+02 2.530051185402278691e+02 2.537432579725030166e+02
2.513755684110097377e+02 2.515828264338656481e+02 2.500241701702690023e+02 2.516787307918819749e+02
2.883723074681501544e+02 2.896137406163541073e+02 2.872213302411126961e+02 2.887537140513258578e+02
2.524307119265689892e+02 2.527809924396285055e+02 2.519149592817437622e+02 2.532016170504653019e+02
2.478918993637847166e+02 2.482588706321876657e+02 2.471999238043598552e+02 2.485115408448150447e+02
2.583344389007702944e+02 2.581791164498199578e+02 2.571752446501415648e+02 2.586362708966655646e+02
2.656065874469732648e+02 2.651873445263267399e+02 2.634200317778547173e+02 2.669690961219760084e+02
2.484107680317405311e+02 2.484453412051842065e+02 2.476449159005634897e+02 2.484769885686635007e+02
2.524664299728035814e+02 2.527676710650826237e+02 2.515046069390552361e+02 2.533920942638975191e+02
2.532254334072434574e+02 2.532751719672617980e+02 2.527728649979795534e+02 2.531904775588943721e+02
2.519181825640012562e+02 2.523515739309500816e+02 2.519398561053456547e+02 2.522991075270919623e+02
2.579457220420525800e+02 2.595842069751303143e+02 2.570702773968480983e+02 2.590866175308687502e+02
2.543283064070874104e+02 2.548702717307394607e+02 2.535820539847409805e+02 2.548471046897353176e+02
2.546982687439251265e+02 2.551762162203570483e+02 2.541420547459803174e+02 2.559841209884644400e+02
2.544388820401106273e+02 2.543970175919959900e+02 2.540654807649859208e+02 2.548053642267362306e+02
2.561361776407342745e+02 2.561282735422757355e+02 2.549765426206808456e+02 2.561997220590544089e+02
2.565034232276616422e+02 2.568079750044064440e+02 2.553096971265306649e+02 2.569501274122188761e+02
2.851058055484245983e+02 2.836041963466076368e+02 2.820742928492076089e+02 2.845640337903553814e+02
2.559720070372353007e+02 2.565716122630658447e+02 2.549390485491298364e+02 2.569906492865910650e+02
2.494135205888412372e+02 2.496764064726663719e+02 2.492094441907312614e+02 2.499471252227729394e+02
2.654900247000313698e+02 2.650155996468907347e+02 2.632821050720588687e+02 2.659018104907028146e+02
2.574003347138394702e+02 2.578359926553868036e+02 2.565296438289336152e+02 2.583959493128809299e+02
2.958173674369826358e+02 2.962773363263807482e+02 2.952791488100729680e+02 2.947301774752962729e+02
2.544484734204902736e+02 2.545947734106106850e+02 2.541654410442025664e+02 2.546864941739345909e+02
2.712668587817999537e+02 2.715335144334546271e+02 2.684337186179125183e+02 2.726372860759719856e+02
2.520918867222932818e+02 2.525023209377553144e+02 2.510232257348977782e+02 2.524639049755048461e+02
2.509026354233066627e+02 2.507304926147320430e+02 2.503040973974474639e+02 2.510119335527899977e+02
2.486202474062982617e+02 2.489928913020610821e+02 2.475152632076113832e+02 2.487657024101149830e+02
2.513696935526363916e+02 2.523034051147462264e+02 2.511755394396654424e+02 2.524670680607031841e+02
2.759025535367596831e+02 2.765624496736618312e+02 2.739350118872017674e+02 2.761572449118540362e+02
2.525230746559632848e+02 2.529583467411337097e+02 2.518298005152872747e+02 2.533519766535521001e+02
2.485741212503051543e+02 2.489239882952366543e+02 2.486225916408896524e+02 2.489188839408618890e+02
2.472635971613808863e+02 2.476034217306366259e+02 2.469123109445962143e+02 2.477659039308312003e+02
2.511119426910314303e+02 2.513996634033432258e+02 2.501721552858599296e+02 2.516855687901104375e+02
2.534431572837261228e+02 2.539018381541284839e+02 2.524192333432951045e+02 2.540500555572767780e+02
2.497151847697487028e+02 2.498221060994913501e+02 2.489684162724867065e+02 2.498656996508050270e+02
2.547354760222108041e+02 2.543210025935073588e+02 2.533557729473077131e+02 2.548323047249032243e+02
2.533455422929806673e+02 2.531897730382014799e+02 2.525438274872553848e+02 2.535544156855502820e+02
2.947734886336626801e+02 2.940167995591738759e+02 2.935823993721780312e+02 2.945322126481713667e+02
2.541657270224401657e+02 2.538977746418655670e+02 2.534969557066731909e+02 2.546762556027892970e+02
2.775313598182496548e+02 2.775876760643145076e+02 2.746130311160623592e+02 2.770947041734381742e+02
2.501347786139249934e+02 2.503550688556317425e+02 2.495604971125991085e+02 2.505665237116623700e+02
2.601968855875831537e+02 2.610264092028426717e+02 2.581960018452650161e+02 2.617091768846399873e+02
2.484594161796462686e+02 2.486771690109405313e+02 2.478287913977529229e+02 2.489908275367569956e+02
2.825767526647522345e+02 2.831848651429772303e+02 2.812123015232993453e+02 2.825114793109923994e+02
2.522907334704685240e+02 2.525073066562065947e+02 2.514076725357630266e+02 2.527731304083547741e+02
2.522520188079227808e+02 2.520835591893341245e+02 2.518991382097726159e+02 2.520487351230641764e+02
2.806042805160830653e+02 2.809981853339829172e+02 2.776458514477811264e+02 2.808810810199472598e+02
2.501163833722104357e+02 2.500551389562696443e+02 2.495966178791646826e+02 2.503376989929607248e+02
2.576302757634877025e+02 2.580440364544812724e+02 2.563321104609087797e+02 2.583567879422660667e+02
2.559301580944631098e+02 2.568670298802611569e+02 2.554992195345417088e+02 2.575183285216534159e+02
2.733945930011049086e+02 2.732803180989325824e+02 2.699970549144774736e+02 2.730441601341377122e+02
2.624640411991589417e+02 2.627878496964711417e+02 2.606015647866924496e+02 2.627782237140278880e+02
2.564494791007765002e+02 2.563580814028829877e+02 2.554886841259865946e+02 2.571491933291818555e+02
2.513466105887003721e+02 2.517297642740408321e+02 2.509108857053808777e+02 2.513465449955216116e+02
2.606946827349430578e+02 2.608987259886559968e+02 2.587760943793187494e+02 2.611599513483536157e+02
2.631630368188959324e+02 2.643451536295479514e+02 2.617093238578646037e+02 2.646061797184755733e+02
2.554114302390329385e+02 2.555599636958761209e+02 2.546200822176066936e+02 2.560554401317914994e+02
2.564961291591853865e+02 2.564971184712547938e+02 2.560479634900918313e+02 2.568180301284027109e+02
2.705926331618435370e+02 2.691714062142481225e+02 2.673998871594538400e+02 2.700553278953723293e+02
2.542672633841181664e+02 2.543701881873178934e+02 2.530702902745622396e+02 2.552583259624573486e+02
2.519093623624038685e+02 2.520892495457143241e+02 2.516954011074225548e+02 2.521253904831872887e+02
2.985559145696131509e+02 2.985880402738070529e+02 2.968200288277349159e+02 2.973631634604526539e+02
2.761516736221702217e+02 2.783822760574889799e+02 2.749615470861337485e+02 2.764504137994559869e+02
2.676049900021563985e+02 2.685494443135269762e+02 2.650123317913635788e+02 2.672225601932345285e+02
2.526463402474886664e+02 2.531518508035354103e+02 2.522078264759786350e+02 2.533594231201102218e+02
2.680263256733611001e+02 2.670937897345539227e+02 2.654791200575260746e+02 2.686100914264747530e+02
2.656633991180020757e+02 2.655036304909810383e+02 2.634608028454607052e+02 2.653758203644143805e+02
2.631924902396670518e+02 2.623939072909460606e+02 2.603745617644266304e+02 2.632034084609744014e+02
2.507294391579633555e+02 2.507961668315047348e+02 2.503519776667614281e+02 2.509127703165514731e+02
2.598494577081244188e+02 2.601267171546419377e+02 2.581430324291827105e+02 2.612298093645431436e+02
2.631099360341968350e+02 2.643987189815958914e+02 2.621154411449888926e+02 2.639161378130834237e+02
2.663419047393973074e+02 2.662093846764076943e+02 2.634501437255792098e+02 2.665865933146387192e+02
2.573714023802490374e+02 2.574097729084101047e+02 2.562299992824873698e+02 2.579140420556649360e+02
2.621900110648835494e+02 2.626722272357787347e+02 2.604321015150329686e+02 2.629621076073607924e+02
2.612723625163391148e+02 2.609738248575181956e+02 2.600068170619604189e+02 2.619132043946336807e+02
2.687647606846754798e+02 2.692129580547247656e+02 2.667898624240069694e+02 2.691941210251289363e+02
2.930567175289170905e+02 2.934449018327013619e+02 2.903540514037093203e+02 2.923263869842371605e+02
2.799837847060981630e+02 2.802519613048216911e+02 2.779509961092190338e+02 2.802181386011090467e+02
2.522577930394544126e+02 2.521521424104346636e+02 2.518731888003339918e+02 2.526140865997850256e+02
2.576345276726568727e+02 2.578263793869726896e+02 2.561601709073073039e+02 2.582211485127338619e+02
2.553249511199649930e+02 2.554183021346013049e+02 2.543925709309316971e+02 2.554815292503431579e+02
2.585195508208755655e+02 2.586744123140757665e+02 2.573221897055497038e+02 2.594515378361999751e+02
2.888863376768719604e+02 2.888253627537256989e+02 2.870713524482993080e+02 2.888142141488409607e+02
2.596578175493141316e+02 2.607141038320012285e+02 2.581554062215439558e+02 2.604597988202091869e+02
2.522739109011416474e+02 2.527054112200882230e+02 2.507868725721088765e+02 2.529952162041833787e+02
2.562148666054312116e+02 2.564379729442666189e+02 2.549724975202828716e+02 2.570030332232920500e+02
2.612106839777703726e+02 2.613485665913796652e+02 2.600312658353353754e+02 2.621924761783992608e+02
2.761820712995082658e+02 2.746367728485155340e+02 2.723496051954141990e+02 2.751767428561611268e+02
2.522270743690273775e+02 2.522368963835104694e+02 2.518199342255626050e+02 2.529225685254404254e+02
2.526230624040372561e+02 2.532213011018915836e+02 2.517011968510834663e+02 2.534470109587469437e+02
2.559360444360363829e+02 2.558868527593434976e+02 2.541786538241925939e+02 2.570304463453083486e+02
2.524163319391127800e+02 2.521404377781596793e+02 2.516994479185215141e+02 2.523781151298326506e+02
2.529317371938810766e+02 2.534716648096381277e+02 2.523736368780611770e+02 2.543854197278357958e+02
2.845808744778054233e+02 2.841375502457773337e+02 2.831725702316072102e+02 2.851824649882019003e+02
2.908598070052250364e+02 2.910172812392789865e+02 2.878027458302458967e+02 2.901449740909401953e+02
2.555759745328058443e+02 2.560275740773507209e+02 2.547339782084305568e+02 2.558686568909868981e+02
2.574073237368961600e+02 2.574226417277987480e+02 2.558563841582644045e+02 2.578998464758196292e+02
2.566881315945888673e+02 2.570715294379987199e+02 2.553600993481843204e+02 2.571753500421021954e+02
2.559438450721794140e+02 2.568129370445424797e+02 2.548596678884418054e+02 2.561678596689454821e+02
2.981158327135087802e+02 2.983587790232210750e+02 2.979920052112622102e+02 2.994600029748191332e+02
2.509652985508493543e+02 2.509884035288265522e+02 2.505270508070140920e+02 2.507421299322124071e+02
2.671045696864500201e+02 2.672430020406668518e+02 2.647658296372708833e+02 2.668505892488810787e+02
2.550689474804329109e+02 2.556132061515985470e+02 2.542372085287715606e+02 2.552866747065188235e+02
2.611679738819702266e+02 2.614076718015685401e+02 2.588405518642716174e+02 2.614999563438125278e+02
2.970351903735936503e+02 2.964028544589490366e+02 2.959996949635897749e+02 2.971018210369765029e+02
2.515979597391068694e+02 2.514812908928851698e+02 2.510725541632101852e+02 2.520344638505068247e+02
2.524256066596684889e+02 2.524481316784387843e+02 2.514941264618999242e+02 2.524377187587699893e+02
2.533809563667992677e+02 2.534873003278913757e+02 2.519791003458056480e+02 2.539596583682943844e+02
2.852786794874546672e+02 2.855231636076374002e+02 2.827931496000497305e+02 2.858125740807012676e+02
2.532886122725266489e+02 2.533434463665067256e+02 2.521826139875556407e+02 2.539350026761853485e+02
2.526515449146092749e+02 2.527091166263283526e+02 2.520540331261316567e+02 2.534130566513782128e+02
2.502582754900628572e+02 2.503420975675227282e+02 2.498416558639863183e+02 2.505184287978954671e+02
2.505234633930338646e+02 2.508186046911299911e+02 2.502575185419207457e+02 2.511653406257921688e+02
2.496317741450218364e+02 2.495547978905055118e+02 2.496084045825847966e+02 2.499424455041827571e+02
2.513917400887781071e+02 2.512281865073006770e+02 2.515721168703887543e+02 2.517271213748782088e+02
2.503882684061685779e+02 2.506191405347003354e+02 2.498943091522324949e+02 2.509513026657887451e+02
2.588314463244069543e+02 2.588430310844313453e+02 2.573553982486379255e+02 2.595290804172420280e+02
2.683423023226453665e+02 2.687432847327233389e+02 2.667396810056987988e+02 2.692432765005953570e+02
2.536575103506071969e+02 2.534782058802052518e+02 2.527598799629728887e+02 2.542184798088769355e+02
2.541713130046931610e+02 2.542083197895290709e+02 2.533760841051197019e+02 2.548238626372739759e+02
2.583319130227375808e+02 2.584487663128058443e+02 2.573171155701340354e+02 2.586219001471582715e+02
2.508646862637400545e+02 2.510161355136037287e+02 2.506549502165187562e+02 2.514025825476079206e+02
2.529758565876067280e+02 2.541398479781038304e+02 2.527258999317570840e+02 2.550498432864408187e+02
2.765198125179194335e+02 2.771069146884243537e+02 2.754802301026065265e+02 2.780880651910164261e+02
2.543591223012333842e+02 2.543790949243730495e+02 2.541084271565059112e+02 2.544276639395330903e+02
2.556810416056361532e+02 2.556844569412379258e+02 2.533669865642411878e+02 2.563067275274499366e+02
2.675419960208147359e+02 2.681886091599326392e+02 2.649323473763059837e+02 2.671753548081769054e+02
2.491909263924252400e+02 2.493612720804736682e+02 2.487733182088749402e+02 2.491554567198737686e+02
2.509548202860942183e+02 2.515053313686005936e+02 2.506663064484270933e+02 2.517506277964409662e+02
2.511089993807881058e+02 2.511821725655982505e+02 2.508198648988712023e+02 2.513020603204959968e+02
2.546313245110783612e+02 2.546767187848125786e+02 2.539962460555500741e+02 2.551991457786768080e+02
2.492362942189581361e+02 2.493840378379182425e+02 2.485953360916161046e+02 2.495855402545510628e+02
2.809915743604750560e+02 2.815118417744452586e+02 2.785531593577352965e+02 2.817248696163862292e+02
2.752418595922684972e+02 2.753723872105919099e+02 2.725269281012049873e+02 2.747619578753641463e+02
2.511075933626196957e+02 2.515180715829791041e+02 2.501506531990467863e+02 2.517282056132799823e+02
2.578348987139433461e+02 2.576979740824283454e+02 2.568811595816483191e+02 2.580617069339454588e+02
2.631464858633510175e+02 2.639787317292004900e+02 2.625353150734600831e+02 2.643122865930691319e+02
2.589973077405028903e+02 2.588721976849940347e+02 2.576650491599843917e+02 2.595997844146133389e+02
2.521031954230514032e+02 2.526447427675631445e+02 2.514966513548845057e+02 2.526941580963674880e+02
2.556321423601840763e+02 2.563539482860444423e+02 2.547905581354404205e+02 2.567255829068568573e+02
2.554988925840800107e+02 2.560708736660734530e+02 2.543807557262322803e+02 2.561240555603216649e+02
2.923609339726318126e+02 2.925361096035086348e+02 2.913022621603824973e+02 2.923308757528353112e+02
2.629748681654444340e+02 2.639271015971832526e+02 2.625787405681440418e+02 2.643706984921244043e+02
2.524479171662013073e+02 2.528971488289996330e+02 2.515381183485127963e+02 2.530618547847292348e+02
2.558680819771033725e+02 2.566712334846853878e+02 2.548062087499011454e+02 2.569720395284684855e+02
2.527694765754025070e+02 2.531884549106581517e+02 2.525170859627504001e+02 2.528580421533866343e+02
2.538929766884228343e+02 2.536465556842092610e+02 2.529301499158550541e+02 2.540554029731667924e+02
2.534963480314787887e+02 2.536175451692879790e+02 2.530204789533514713e+02 2.541105017693706145e+02
2.605638665629058437e+02 2.612046792440121408e+02 2.593233523498763589e+02 2.606280468326394271e+02
2.556918610116265995e+02 2.556075669760075186e+02 2.544575815146110642e+02 2.563112840965568466e+02
2.611147478133693198e+02 2.612911722578243143e+02 2.591441058119664831e+02 2.612623508531881953e+02
2.515371726226842100e+02 2.517175932871010104e+02 2.508609171656098908e+02 2.520665387721354875e+02
2.605842771150348085e+02 2.606883585391319684e+02 2.591193149747647340e+02 2.618853474227883567e+02
2.971778868288578224e+02 2.958998310958538696e+02 2.975827803192808005e+02 2.965571491712718171e+02
2.525100808226739559e+02 2.529970299568596204e+02 2.518790567035188701e+02 2.538889885120229337e+02
2.758876800626085242e+02 2.771785064801738372e+02 2.746486024600407632e+02 2.759413137172908250e+02
2.552028690621338569e+02 2.554464182555153968e+02 2.545542300473588568e+02 2.558618821551668248e+02
2.540619924085224284e+02 2.541695161556597782e+02 2.537003221146101453e+02 2.543271320546250251e+02
2.570621284564246594e+02 2.568073087411800088e+02 2.558783411366516702e+02 2.573040222478917940e+02
2.549388611484754961e+02 2.552888061642438515e+02 2.533048441879510619e+02 2.557695965117330559e+02
2.546289867671445677e+02 2.546146318627760650e+02 2.535230575929267616e+02 2.546238748200574946e+02
2.549548309212470372e+02 2.557244689722325006e+02 2.544203503163553250e+02 2.553941294878970893e+02
2.568107584024262451e+02 2.571633747924293516e+02 2.558499446480422534e+02 2.577198637071515464e+02
2.503403864818574789e+02 2.503914221528187340e+02 2.500196911804140711e+02 2.507447982154955923e+02
2.632395269582439710e+02 2.630493197896117294e+02 2.603492967431715215e+02 2.643084780754371650e+02
2.494956290275494837e+02 2.499784751384499373e+02 2.487980504832837596e+02 2.503355154444680011e+02
2.688388738904027946e+02 2.686895466183081567e+02 2.659575023904007480e+02 2.683180237789055695e+02
2.610532652177292903e+02 2.620059645636994787e+02 2.599336848892750140e+02 2.619988000870524729e+02
2.550112091328703343e+02 2.551768939931596663e+02 2.535249441934220727e+02 2.550739054425231416e+02
2.552703604928105392e+02 2.555873912596322839e+02 2.540437678956300545e+02 2.562471884075977187e+02
2.649716193095141534e+02 2.653057861656914156e+02 2.635805674343824876e+02 2.657653997306658198e+02
2.524506317135529230e+02 2.523202654162464853e+02 2.518401175970602708e+02 2.529139642308350915e+02
2.573148692835095517e+02 2.570726941156312364e+02 2.556832467780910747e+02 2.581663890551313330e+02
2.911812344170451183e+02 2.906687510124439768e+02 2.879199288873502383e+02 2.902502099722456705e+02
2.557913478563133651e+02 2.562427783581616154e+02 2.548158159513994576e+02 2.567811542391074227e+02
2.624135110040649579e+02 2.635667144487374003e+02 2.610079414536576223e+02 2.631096564401525484e+02
2.510435832107057479e+02 2.511421791411205220e+02 2.505642489708569371e+02 2.514666707187166423e+02
2.531097807244926514e+02 2.535076688771560214e+02 2.520675564036312437e+02 2.532007611077751790e+02
2.504677462882637826e+02 2.506085970582136326e+02 2.498944400660171823e+02 2.510147319634560574e+02
2.508635528100211047e+02 2.505968795294232052e+02 2.503387828827597161e+02 2.509825228211522301e+02
2.977883215474627718e+02 2.988347926134409249e+02 2.968093826884222608e+02 2.971336900975169897e+02
2.709527093460020524e+02 2.716088135183870236e+02 2.691920771273099717e+02 2.723748314936730139e+02
2.677211858732819110e+02 2.690893317791082495e+02 2.666930071840202459e+02 2.688513406771877499e+02
2.496652020289637051e+02 2.499297156429600477e+02 2.490449035536566669e+02 2.500846517856985258e+02
2.580681039269641133e+02 2.582556885728602083e+02 2.568240961012647858e+02 2.589559282014716928e+02
2.597775682446410883e+02 2.605867050054201286e+02 2.580971198899824799e+02 2.599183961284005022e+02
2.530824089459044615e+02 2.529491024554185969e+02 2.525708339654837005e+02 2.534891290792479595e+02
2.530790999699556210e+02 2.534649039350582598e+02 2.528208874877614107e+02 2.535690057237662529e+02
2.839201101066757928e+02 2.844551232861199423e+02 2.828946766677628943e+02 2.842033036709303246e+02
2.605065008244294518e+02 2.604914285955828177e+02 2.582643864789073405e+02 2.605802302446422800e+02
2.582562565268117396e+02 2.585115530421636549e+02 2.570764706774699562e+02 2.594660794432302851e+02
2.515998267800396491e+02 2.514599634035523934e+02 2.508705101619308095e+02 2.515587693389086326e+02
2.554003890691583933e+02 2.556387003525026955e+02 2.544541376929088301e+02 2.558079740707271981e+02
2.589865149052812399e+02 2.591750621487577178e+02 2.573900116928751913e+02 2.595438234427712132e+02
2.500848388683011194e+02 2.504956084551162689e+02 2.495599850892641030e+02 2.502492241966344295e+02
2.484430378037415323e+02 2.485889393442301412e+02 2.483385871840398522e+02 2.492387201592909207e+02
2.470540071449801189e+02 2.472205115389952539e+02 2.465123330447638352e+02 2.473395192524505717e+02
2.551184241011964389e+02 2.551436364505542826e+02 2.538741246458465639e+02 2.559269864451322860e+02
2.581064915606842760e+02 2.588132589560127599e+02 2.565868094279032903e+02 2.586049424031373860e+02
2.566670392921261623e+02 2.564823885133149588e+02 2.551896332258895086e+02 2.571015945500142266e+02
2.511978313710781379e+02 2.508501116000441584e+02 2.507706481093586035e+02 2.512909940955100581e+02
2.469536936406208554e+02 2.470055755943172358e+02 2.465019956424165457e+02 2.478226759504412655e+02
2.488819555102447225e+02 2.494559367346249417e+02 2.488664819781863855e+02 2.495899538671127686e+02
2.530111628867345814e+02 2.530649211072808953e+02 2.525975651871868308e+02 2.531546742693487886e+02
2.520344086213546291e+02 2.520535326656585937e+02 2.511848244208570406e+02 2.525134757863439461e+02
2.569650837293534664e+02 2.576466673586877505e+02 2.555954777301413969e+02 2.574456009101166387e+02
2.571191398733456595e+02 2.579258213487799480e+02 2.560843236402297975e+02 2.585852663857299945e+02
2.666462133091786768e+02 2.675876312110854087e+02 2.642569485951209458e+02 2.671696873377825909e+02
2.759067785911007604e+02 2.760527415109332310e+02 2.735029633305668995e+02 2.755260775518071910e+02
2.504331165791322178e+02 2.503002251280457244e+02 2.499645299051548761e+02 2.503858718310115705e+02
2.741443308255282432e+02 2.751536196095858600e+02 2.720453595727585707e+02 2.753121816847381638e+02
2.738482080200160453e+02 2.754808464653915507e+02 2.719042019580613214e+02 2.741942917694252628e+02
2.552210054727037800e+02 2.553693781531729030e+02 2.531119018204296651e+02 2.562511475536068701e+02
2.610967144255934613e+02 2.618532527059876998e+02 2.599553654258673987e+02 2.616466243846471684e+02
2.824887491401510147e+02 2.839765585142212672e+02 2.814201442725261586e+02 2.833695947833215314e+02
2.586894389525402858e+02 2.587170767776277671e+02 2.572630222361705705e+02 2.597390049887154646e+02
2.631803150827824993e+02 2.632189921883936563e+02 2.606075359475503319e+02 2.630911552364502768e+02
2.786230359914702035e+02 2.779441416276443420e+02 2.745654148116027500e+02 2.768682221694918439e+02
2.508829855316040209e+02 2.507407168069521788e+02 2.506289790997662124e+02 2.507356840406881133e+02
2.521780016526749364e+02 2.525346568419395510e+02 2.518007011079704114e+02 2.530880904558333100e+02
2.947927053639784845e+02 2.959006460080092893e+02 2.949346169099319468e+02 2.954960314339880938e+02
2.673070894209865287e+02 2.676644590096518641e+02 2.655349907262855709e+02 2.670274830686287260e+02
2.527425598953545034e+02 2.529226818306113671e+02 2.521768767082321858e+02 2.531758307030242179e+02
2.511630422613995961e+02 2.512949019549687080e+02 2.502603071187674004e+02 2.521453759063764437e+02
2.781661390642796619e+02 2.794426276206112902e+02 2.766379052093084852e+02 2.790379634717629074e+02
2.566323877593757175e+02 2.569492956712394403e+02 2.554746682385795111e+02 2.575772838513766487e+02
2.539243222114301091e+02 2.538261652181878105e+02 2.529710935029062568e+02 2.545026593927422596e+02
2.515919027327431081e+02 2.516765504428621796e+02 2.505105817219694302e+02 2.516050035346832487e+02
2.550901899477009067e+02 2.554507681645081050e+02 2.541617350519962031e+02 2.558203130128468104e+02
2.517772676059708488e+02 2.516563651928115064e+02 2.516959065583770325e+02 2.518054257973130348e+02
2.517742314229585361e+02 2.517947328185425988e+02 2.515790891223880976e+02 2.523346988537156506e+02
2.603184820301815989e+02 2.605186104087226795e+02 2.590630337285767268e+02 2.609041085254098675e+02
2.569979263198257513e+02 2.574813178032401879e+02 2.559219490334083105e+02 2.578255360283064306e+02
2.502342471469470695e+02 2.503621587217182594e+02 2.496002000827240579e+02 2.506564082647201417e+02
2.531395535879642864e+02 2.536359040477218230e+02 2.528118455104506950e+02 2.537813588342344815e+02
2.500225273967620296e+02 2.500518482460777250e+02 2.499159407340719383e+02 2.501836531647961976e+02
2.544643584291902414e+02 2.551212117877758772e+02 2.536206040404319424e+02 2.559512038160836198e+02
2.757513862789170389e+02 2.761491030726718350e+02 2.729766424158124778e+02 2.751335976574781625e+02
2.523760397096804127e+02 2.528327731284636855e+02 2.521407502389911599e+02 2.530692456470545153e+02
2.750344572305449447e+02 2.750617495789734335e+02 2.733062438939982144e+02 2.749281517319781187e+02
2.518002336971024135e+02 2.517718821352875125e+02 2.514209582108458108e+02 2.522262685525942345e+02
2.549142639239008190e+02 2.556500772652498767e+02 2.533653110820357028e+02 2.558800256692992434e+02
2.657037623398966275e+02 2.651761862605216038e+02 2.637601143987467935e+02 2.658525961319618318e+02
2.544547089082545881e+02 2.548168184902435200e+02 2.534503122560715838e+02 2.549103744825092690e+02
2.614561964095668714e+02 2.616431092425258385e+02 2.589963200126613287e+02 2.625149934776276837e+02
2.604423002911240133e+02 2.614599260429799870e+02 2.585501586673869383e+02 2.614246078345577757e+02
2.529995045226752950e+02 2.531425394019190378e+02 2.527120786493096318e+02 2.532788275037023311e+02
2.538759776412024110e+02 2.541308626878068253e+02 2.534107058048801946e+02 2.544732536766843509e+02
2.494886248193725464e+02 2.495541165702075830e+02 2.491037569540110042e+02 2.498921342889230743e+02
2.577752377850793550e+02 2.581181770625090053e+02 2.569855405997276989e+02 2.583759397645823128e+02
2.534489869594529807e+02 2.532617853085383786e+02 2.532565348728822698e+02 2.535422566128135315e+02
2.595700477433863398e+02 2.604667049195936102e+02 2.582181229661274529e+02 2.609103401665950059e+02
2.564496166588053256e+02 2.568529238383633242e+02 2.545078262952187060e+02 2.573578383689252860e+02
2.535808621242370577e+02 2.539585433169231408e+02 2.534504521753044344e+02 2.542808172619729987e+02
2.741440541463725253e+02 2.750374793614872146e+02 2.717991421238684779e+02 2.752980720090736781e+02
2.620948786088808902e+02 2.620792307112757271e+02 2.605341606287746572e+02 2.625677378841239715e+02
2.541499839040872075e+02 2.541101566035902977e+02 2.528769544988126938e+02 2.540931191375527192e+02
2.521113012378139331e+02 2.521597263137572895e+02 2.517143275663763120e+02 2.524219727265904964e+02
2.527573629311885384e+02 2.524045380746170792e+02 2.523679321290233020e+02 2.533517610089030541e+02
2.518672773156878577e+02 2.518357029179970539e+02 2.510551870712250491e+02 2.522790945846034845e+02
2.666058306140519107e+02 2.672797770399777164e+02 2.652601263528746927e+02 2.679161375949233275e+02
2.494923990908787061e+02 2.496707095544875017e+02 2.493793175036097125e+02 2.498956370147675159e+02
2.567174585107057396e+02 2.574586880302982763e+02 2.565765642410217424e+02 2.576874075488222502e+02
2.562127929849756356e+02 2.557514704948160897e+02 2.550679513426232461e+02 2.563328239401586188e+02
2.561678375056901018e+02 2.557933047097029657e+02 2.550715432201266140e+02 2.566456744816497917e+02
2.671240248997268623e+02 2.682620555700693785e+02 2.654457447263209815e+02 2.675632114832781099e+02
2.690337927807660776e+02 2.690522538433037880e+02 2.652385350944778111e+02 2.686256710483413599e+02
2.542528217441906691e+02 2.541973600026330757e+02 2.536773013117058611e+02 2.545849504694926964e+02
2.656903452453572640e+02 2.664239091906241015e+02 2.645691124325079500e+02 2.662751346480472989e+02
2.932325906553063533e+02 2.933226630010542522e+02 2.893499719344948176e+02 2.910830243484724633e+02
2.501326885034443421e+02 2.505188323777933590e+02 2.496823694304327148e+02 2.504921364346249391e+02
2.725472211983199031e+02 2.733656487176955920e+02 2.710732796698794687e+02 2.742331492790398215e+02
2.491536544801006130e+02 2.496689590044784381e+02 2.489691693235961907e+02 2.500210748345895126e+02
2.581644549502487962e+02 2.592831233805356987e+02 2.569410354640834839e+02 2.591289854786817841e+02
2.540120250127150712e+02 2.542669960872361230e+02 2.539309938960879549e+02 2.546674893502737120e+02
2.557266907140731576e+02 2.560268688268452593e+02 2.554189473871717553e+02 2.563970601208784501e+02
2.532156961175126639e+02 2.533287621425447185e+02 2.530696240318162324e+02 2.535567521396415316e+02
2.499819974329689956e+02 2.500768532244327389e+02 2.499283795228199097e+02 2.499871302969997942e+02
2.520127767555929381e+02 2.518551760639918200e+02 2.514370559121585700e+02 2.525003583316235733e+02
2.555048622569828183e+02 2.558672655389698321e+02 2.545081311256770960e+02 2.565246392140037983e+02
2.779439803973706944e+02 2.788942881123817301e+02 2.751095445402598330e+02 2.791619102663704552e+02
2.604233660231105887e+02 2.616279863474152876e+02 2.594474016321186127e+02 2.617521866200506793e+02
2.944854337627722884e+02 2.967437230673339741e+02 2.921028659205885560e+02 2.946014092975534595e+02
2.527540201707688254e+02 2.532565446306778085e+02 2.520138967672283172e+02 2.535044867395853032e+02
2.606651499320138328e+02 2.611029845030788579e+02 2.593047028163168761e+02 2.621815144778423132e+02
2.558669289266834141e+02 2.568587945443430840e+02 2.548751304348114672e+02 2.571252438387365373e+02
2.534283549209427235e+02 2.536750661765719883e+02 2.528351625977356036e+02 2.538051732693010649e+02
2.551294152596270237e+02 2.557917386721211415e+02 2.545384660177992373e+02 2.560824734907706670e+02
2.501899911760392285e+02 2.502998826302522843e+02 2.495206088280946233e+02 2.504225520065885746e+02
2.579293818451839684e+02 2.590507495142865650e+02 2.568030222128226683e+02 2.596448268083869380e+02
2.531543298827972990e+02 2.538750710354576654e+02 2.521900237190610881e+02 2.543812003983574925e+02
2.576343899261056549e+02 2.573452009065043171e+02 2.557431493830723070e+02 2.586360590248228846e+02
2.517399342222204268e+02 2.518193064852547423e+02 2.506735107393931514e+02 2.525251800168890952e+02
2.796415989627048475e+02 2.799333768250781986e+02 2.783669874438041347e+02 2.804472839388786838e+02
2.767283681875244383e+02 2.769746867604533236e+02 2.738486603264203723e+02 2.765262573501893257e+02
2.713235090863050800e+02 2.718812059281272013e+02 2.692394852572213608e+02 2.725131753869532645e+02
2.503214408226333205e+02 2.499794637822084837e+02 2.495938727827914363e+02 2.502785731536713740e+02
2.527929513850453134e+02 2.532681964539864623e+02 2.522881501653898795e+02 2.530340047396758507e+02
2.894955620067369182e+02 2.894748519703351235e+02 2.869244730116619166e+02 2.893599847601084889e+02
2.516832958161526506e+02 2.517249654636009666e+02 2.514716082726724267e+02 2.520686676888137185e+02
2.761067932684945845e+02 2.767209382868142598e+02 2.730481414941482967e+02 2.761229257343504742e+02
2.752912875201449197e+02 2.771045400817764062e+02 2.736441590938945865e+02 2.768514639187429793e+02
2.557467167226433276e+02 2.558923195314586678e+02 2.548460917236905061e+02 2.563754944166000200e+02
2.549265872225358009e+02 2.554561864338639339e+02 2.541429213738790338e+02 2.555306784013095580e+02
2.640812310077938605e+02 2.648885966442332460e+02 2.628026505509673711e+02 2.655478321882509363e+02
2.681288565682009448e+02 2.683561790060152248e+02 2.655521074635825585e+02 2.683289400513302212e+02
2.479388677032782198e+02 2.482235367894797378e+02 2.475585160378799117e+02 2.482664739643094265e+02
2.582173686091264813e+02 2.584798761290041966e+02 2.560429281047410655e+02 2.593352364410868631e+02
2.643810957919406519e+02 2.646483925979495098e+02 2.628170561760601345e+02 2.652898529350688364e+02
2.823067071381082656e+02 2.819825669011171954e+02 2.807404218628658441e+02 2.819946948203601664e+02
2.602473338382679344e+02 2.607682395621811793e+02 2.590816030521391440e+02 2.620862384053982055e+02
2.721659093385059691e+02 2.719399170699333013e+02 2.695351725476399452e+02 2.730445881814566178e+02
2.514660890219637395e+02 2.514490259672078594e+02 2.509035369658729735e+02 2.516546232071230520e+02
2.558846779919823291e+02 2.560020373453439788e+02 2.548727435709549809e+02 2.562975845478005681e+02
2.534089869552094001e+02 2.534263227548763666e+02 2.522939329815182532e+02 2.535196695515319334e+02
2.529516127273105894e+02 2.532351403153601268e+02 2.522672255740720004e+02 2.533179233203146907e+02
2.524738407273851806e+02 2.524573982510151211e+02 2.511944201744659892e+02 2.535218973956078798e+02
2.544435166948717892e+02 2.547304833314682924e+02 2.537100577927920710e+02 2.549926663222399270e+02
2.807761882267778901e+02 2.799614907117278904e+02 2.783752859027716795e+02 2.810055910893941586e+02
2.490631694227360811e+02 2.495121637835040076e+02 2.481881453768232575e+02 2.493949135699131432e+02
2.683423863177646354e+02 2.681364925159145400e+02 2.661771340025832728e+02 2.684923753306125036e+02
2.641135367492906880e+02 2.640868111132307376e+02 2.614524444199548725e+02 2.638866905894790307e+02
2.537091574360278230e+02 2.539742418751660864e+02 2.529176598346328149e+02 2.547687565454617413e+02
2.852257942050034103e+02 2.862602134655729742e+02 2.840340359961309673e+02 2.857679794624883698e+02
2.683793804083031205e+02 2.679812861678710192e+02 2.645076632128814254e+02 2.682211480127927530e+02
2.527142785271046534e+02 2.528169821621685003e+02 2.524255556705052754e+02 2.532490143770361612e+02
2.658914987025813730e+02 2.656937153921933827e+02 2.636085333011175180e+02 2.653608489407026809e+02
2.547879561799414319e+02 2.551920780451382313e+02 2.538917468443148948e+02 2.557971974629891179e+02
2.570123413547802897e+02 2.574498284234492189e+02 2.554909187026783002e+02 2.578354717204118742e+02
2.657917579653906159e+02 2.672339210519951962e+02 2.641063539598188186e+02 2.663299345757770880e+02
2.494043916512655983e+02 2.495013078395759010e+02 2.491140664270658078e+02 2.504903041682060518e+02
2.499154845102596028e+02 2.494856152913775702e+02 2.490151409760338197e+02 2.499854582070099980e+02
2.471677860210612891e+02 2.473347348484596182e+02 2.470270803701456828e+02 2.482377575250422694e+02
2.511075913235362407e+02 2.515832807120721668e+02 2.510405116322679930e+02 2.517147247916875017e+02
2.582512343958137535e+02 2.585479072498211508e+02 2.566676989867620478e+02 2.578883642897600907e+02
2.612141289499546701e+02 2.606136264327377603e+02 2.594753814510037842e+02 2.612928607432808690e+02
2.495072734735526581e+02 2.494262513317339653e+02 2.491306927493669150e+02 2.499496908477874797e+02
2.540018946235895214e+02 2.542800984240204514e+02 2.538937237463464385e+02 2.544902074488924200e+02
2.781884666453110526e+02 2.789736377661997153e+02 2.758006168206007942e+02 2.789910036847118704e+02
2.531271224448540522e+02 2.533852108115461021e+02 2.523687570414633967e+02 2.536204337266827054e+02
2.516994188452057131e+02 2.524077042137891738e+02 2.515980469354954323e+02 2.524849367436015655e+02
2.668216251427176076e+02 2.681487336137648185e+02 2.650895538931131910e+02 2.674946492642679345e+02
2.538344366403343315e+02 2.536958886878192061e+02 2.533893957654249220e+02 2.539650301390618949e+02
2.652860409706603377e+02 2.661819508278576336e+02 2.636103526562440038e+02 2.658358783354984212e+02
2.519495075332194460e+02 2.521129851022970740e+02 2.517482830845137585e+02 2.520634130932458845e+02
2.489535653342188084e+02 2.489972083417950444e+02 2.480605135457811627e+02 2.491236257485912802e+02
2.645953743255673771e+02 2.647133055767631618e+02 2.624756445137086871e+02 2.648876899937839084e+02
2.658345505688773756e+02 2.656026955917194528e+02 2.630095098399835365e+02 2.670913060259496774e+02
2.490444775355681202e+02 2.490864028252431694e+02 2.484595333564791986e+02 2.494446626696999942e+02
2.707782027668251317e+02 2.719073148048861981e+02 2.693017920284382853e+02 2.713167149590603344e+02
2.519925976319461256e+02 2.521103192729176499e+02 2.512040656111415160e+02 2.523854151721193375e+02
2.482243350342257600e+02 2.483224228895101646e+02 2.476512655385765242e+02 2.483440778216211697e+02
2.543583563980596978e+02 2.546843711578500518e+02 2.541521356635639677e+02 2.549658625215707559e+02
2.498830537728493084e+02 2.498967201664696915e+02 2.488451347576620947e+02 2.498886331089059070e+02
2.504930414068453217e+02 2.505957264718506394e+02 2.498239796226708620e+02 2.505686033794311527e+02
