2.761875385367749232e+02 2.772814937385855387e+02 2.731860931097329512e+02 2.768562530533178005e+02
2.551493396097387745e+02 2.561498537127589543e+02 2.543889192497531440e+02 2.556224117778699281e+02
2.580529142739405302e+02 2.576662859527677369e+02 2.557817121058525345e+02 2.584270351212458081e+02
2.541789068455365168e+02 2.547626796436370853e+02 2.527369999285177187e+02 2.550983726431011860e+02
2.545996455846851632e+02 2.547409025950683770e+02 2.536602047715410038e+02 2.550792516705705282e+02
2.443422318697038804e+02 2.448345723645170722e+02 2.442131777756040663e+02 2.451472269751427859e+02
2.753094375411800456e+02 2.766022101026934479e+02 2.725753335352014233e+02 2.767198931672048161e+02
2.555688194577229808e+02 2.552014099372062503e+02 2.536894135109288015e+02 2.571912991989934767e+02
2.532221666419032147e+02 2.542592076165768162e+02 2.524556245771491660e+02 2.541154706527088933e+02
2.736538008374405422e+02 2.740038374794925176e+02 2.705555840098899694e+02 2.738128410569729567e+02
2.770495685593629105e+02 2.781207820266550925e+02 2.751079119624019995e+02 2.783800641875456563e+02
2.508685139278898077e+02 2.507857071199807990e+02 2.503163015967549541e+02 2.512148432150270310e+02
2.445598680657175521e+02 2.449309796885581818e+02 2.437812331477899761e+02 2.447490140166482888e+02
2.585107700352186271e+02 2.592429597285972704e+02 2.576162253597099721e+02 2.595552186713284186e+02
2.650685728987531320e+02 2.662862266973160104e+02 2.629499960506398111e+02 2.665043778934461898e+02
2.456791561443230023e+02 2.458861565016473492e+02 2.451438760258713216e+02 2.461355752090829583e+02
2.705795965370602403e+02 2.704962672649691626e+02 2.687381809680691731e+02 2.716201681891533894e+02
2.844756046194724490e+02 2.850088637777741383e+02 2.817726658715575354e+02 2.842012410404851721e+02
2.526640114438197315e+02 2.527891963977572800e+02 2.513798202187772688e+02 2.525265457626894374e+02
2.547379131025023469e+02 2.548440978011932145e+02 2.534756503964975707e+02 2.559087526286049865e+02
2.554815051745215726e+02 2.550211568987054704e+02 2.533954401282185813e+02 2.554409316963842400e+02
2.701814030217258846e+02 2.714250049541452654e+02 2.680503331216864922e+02 2.701018877029736132e+02
2.481767889286354887e+02 2.491295330658360854e+02 2.476377974814626839e+02 2.491708756591062581e+02
2.551652215699414796e+02 2.555501527275307865e+02 2.529974000654356132e+02 2.558153717809529724e+02
2.487284233660477639e+02 2.489166464644880534e+02 2.479695097141877795e+02 2.492480629490232502e+02
2.814921130621595466e+02 2.817879622164941225e+02 2.798184235665250412e+02 2.822938412333687097e+02
2.495735101775685791e+02 2.490144952672245608e+02 2.487231430137264567e+02 2.493089891841187580e+02
2.487275054013882709e+02 2.488895578049109361e+02 2.479560081654476846e+02 2.491916533069748709e+02
2.573097860076458119e+02 2.579036534763871487e+02 2.563951212133745230e+02 2.581876155900701519e+02
2.531628390359480250e+02 2.532442828876969543e+02 2.514841356206281091e+02 2.536425115346060011e+02
2.589580378286936480e+02 2.590585407317084332e+02 2.572328582528522247e+02 2.595692516307849473e+02
2.553349014714219436e+02 2.547868881946295687e+02 2.525216232169452155e+02 2.560479387293677291e+02
2.571721841370883794e+02 2.573444884984818941e+02 2.557491172011648359e+02 2.595566463680111724e+02
2.731923125716951972e+02 2.739731231107473945e+02 2.711015180415860186e+02 2.748233460689197614e+02
2.477899247037493069e+02 2.482029968727321716e+02 2.470800914990536796e+02 2.484578106577460801e+02
2.533468679879772765e+02 2.538750100942168046e+02 2.525577246906202333e+02 2.548924133365977411e+02
2.469460717415389581e+02 2.469747782974841357e+02 2.464440641681269426e+02 2.471337451465574873e+02
2.458809813275904048e+02 2.460975432287678757e+02 2.454603049711354572e+02 2.461885024492985394e+02
2.469137845757663854e+02 2.474763484848965902e+02 2.467710873908136762e+02 2.474869515339145494e+02
2.558733578828933162e+02 2.564337664580538672e+02 2.542113772408100374e+02 2.565963163930192650e+02
2.488502808711595549e+02 2.491532797896985585e+02 2.483199146669060724e+02 2.491498543072007692e+02
2.666291623090942835e+02 2.666886510603596321e+02 2.642018072547444376e+02 2.678232451263971257e+02
2.593777336734138999e+02 2.587183624890990927e+02 2.573335138189437430e+02 2.596979399450244159e+02
2.497433447411298459e+02 2.503173798911637107e+02 2.483136987779167555e+02 2.509453307558589756e+02
2.869811279554922976e+02 2.868506604893940448e+02 2.844788520365016211e+02 2.862683881734819806e+02
2.508005374606447617e+02 2.510352503750245603e+02 2.499342913265553250e+02 2.518223954047722373e+02
2.500481453042475550e+02 2.503588856672725740e+02 2.496411989586351012e+02 2.512494172547609992e+02
2.575470405091093085e+02 2.577373451309712777e+02 2.563144198494807711e+02 2.580811662608078336e+02
2.481309821234441699e+02 2.486357165435204308e+02 2.478344742182086407e+02 2.490637883958321197e+02
2.475869963280817956e+02 2.472308200289694184e+02 2.471090374147812838e+02 2.475374027102575099e+02
2.669881643481772926e+02 2.681210037481117183e+02 2.639818400820012698e+02 2.680808327822160777e+02
2.582936470867119851e+02 2.588635323486677180e+02 2.566529404659210627e+02 2.598686798004607112e+02
2.954544608116631252e+02 2.961048316408182473e+02 2.944958045138075704e+02 2.951919365584737420e+02
2.472666056244739252e+02 2.472311239176086985e+02 2.469243598205914623e+02 2.480831636895147767e+02
2.493044474354292959e+02 2.499580863548480636e+02 2.487481190507598683e+02 2.500870596671511237e+02
2.515060311074510651e+02 2.511902253809305421e+02 2.496039951791300950e+02 2.515997715888358925e+02
2.522790445992096409e+02 2.522999617808700066e+02 2.512520118422661710e+02 2.525570485775528198e+02
2.608044917093459958e+02 2.610701708989998906e+02 2.579574111328682875e+02 2.619327874665995068e+02
2.504154322175658649e+02 2.510881458056397548e+02 2.495130003732464843e+02 2.514153463032495779e+02
2.485885064655381882e+02 2.493068696762505567e+02 2.481650296506057032e+02 2.500654635990870247e+02
2.499038810631937793e+02 2.504025041374333398e+02 2.485427694022699541e+02 2.496801822780175542e+02
2.653161309081378931e+02 2.645502738160455465e+02 2.617284565548828823e+02 2.659869503174090823e+02
2.716926541741526648e+02 2.740132576055134450e+02 2.687463568420836850e+02 2.725928419248799628e+02
2.559359061564614990e+02 2.559578312634623387e+02 2.534883379522142945e+02 2.561185412489949158e+02
2.526024674654990179e+02 2.532410488730820077e+02 2.509926213995881881e+02 2.540965013459197337e+02
2.502028488899244394e+02 2.501095272550940649e+02 2.498052123308356443e+02 2.505642095007404748e+02
2.676043832192221430e+02 2.683476914866774337e+02 2.653081719317361831e+02 2.683878946880693661e+02
2.527271828317709321e+02 2.536500533871726191e+02 2.516994714381500557e+02 2.535167680572276652e+02
2.471840460024637025e+02 2.471140622421702346e+02 2.459471720363721943e+02 2.472257554874042000e+02
2.512922157995135137e+02 2.517616786706782648e+02 2.497074039193636850e+02 2.516324683012338141e+02
2.485884386505074701e+02 2.482694079856396172e+02 2.475686217187482896e+02 2.484626539781232282e+02
2.616741926085077807e+02 2.615679392194327306e+02 2.602184292552236116e+02 2.623328563039826804e+02
2.514631120409404730e+02 2.517657007628502583e+02 2.507775165878387043e+02 2.517031862693859523e+02
2.524323835704558974e+02 2.533655673891617255e+02 2.519994567294298236e+02 2.534471263230832960e+02
2.503176229320559116e+02 2.503886531492727556e+02 2.495112239711240534e+02 2.506100525046809082e+02
2.538447012629191590e+02 2.538274688516029585e+02 2.521428480600614250e+02 2.551889366637841192e+02
2.525836595932885871e+02 2.528346339591793992e+02 2.515040646451142834e+02 2.533559529246393822e+02
2.537580797958656262e+02 2.543998080414113758e+02 2.522016036455064238e+02 2.545272830527207759e+02
2.546276459380091808e+02 2.548588317269596075e+02 2.538136329434376535e+02 2.551657585393391798e+02
2.508025057167408534e+02 2.508251488814019865e+02 2.489838363371451067e+02 2.511593320258682240e+02
2.499172963092700854e+02 2.500492820394351270e+02 2.496023061613984169e+02 2.506638426760774507e+02
2.674442146197301895e+02 2.681173989021877446e+02 2.645010674094141336e+02 2.684832035436975275e+02
2.556820476297467621e+02 2.566941313972949956e+02 2.543596066587782900e+02 2.569414491495214179e+02
2.814806185955435467e+02 2.816991896008458411e+02 2.779793935475138369e+02 2.818918743206108957e+02
2.696313555311543269e+02 2.706487984979617636e+02 2.674082067231506699e+02 2.698248014099783632e+02
2.589942456316310881e+02 2.591642963431648354e+02 2.571384661695560112e+02 2.601838841213703972e+02
2.606289534252271665e+02 2.606940039169093666e+02 2.586606893092362611e+02 2.614896905420912390e+02
2.674411657214362208e+02 2.678257389911964879e+02 2.644908652974798997e+02 2.680275205891610426e+02
2.570888216793867400e+02 2.572211112493412202e+02 2.556638379745187990e+02 2.579143981703202826e+02
2.686468398575851779e+02 2.687820268426881967e+02 2.655110650780155765e+02 2.688079280194587568e+02
2.450873766408150516e+02 2.451744908943571488e+02 2.441161711800908449e+02 2.452042411390224288e+02
2.531309988696203561e+02 2.534015406595086120e+02 2.523107541127791933e+02 2.538157946740135742e+02
2.733656735532467792e+02 2.759833943689208695e+02 2.723088764308378700e+02 2.751912398668177389e+02
2.846859178069041150e+02 2.857359537811153132e+02 2.822953010864635530e+02 2.859348593450631597e+02
2.614001557684493378e+02 2.622103776589073618e+02 2.588362019076523666e+02 2.631332730527998365e+02
2.498749359490103075e+02 2.506055796987375572e+02 2.488745411849725997e+02 2.509926278156073636e+02
2.495924876776718122e+02 2.497818622168775278e+02 2.492077398427739183e+02 2.501239822994472775e+02
2.535138131961524550e+02 2.543156217376713357e+02 2.524739370632603084e+02 2.548779955576351597e+02
2.550994245363710604e+02 2.548172457077136812e+02 2.538142120710816982e+02 2.553999942347788306e+02
2.633975028563448859e+02 2.646874421410875584e+02 2.610596798327117085e+02 2.640757198940765988e+02
2.553048013890751236e+02 2.550650970963493478e+02 2.542985590776440574e+02 2.553163125024586861e+02
2.504417266775541293e+02 2.507902827928958516e+02 2.501475454598669330e+02 2.506029633643610737e+02
2.476885967075239989e+02 2.478572401685161424e+02 2.473304928540123910e+02 2.481909054115683375e+02
2.674824025394701152e+02 2.674170417067728636e+02 2.648259876929887469e+02 2.676936865351392498e+02
2.480601330361301109e+02 2.484210403959012012e+02 2.475263218946906818e+02 2.484958831219980482e+02
2.524943340935632534e+02 2.537581299832851585e+02 2.518812065806861256e+02 2.540691664268755119e+02
2.562661526081209900e+02 2.566413298464649415e+02 2.552581914372674703e+02 2.574608775574605488e+02
2.477446408428473319e+02 2.476044052158471800e+02 2.475536897189497267e+02 2.490107250800260204e+02
2.646103323414361057e+02 2.646901748091354989e+02 2.622322029805184229e+02 2.651472548245698135e+02
2.501013529186116955e+02 2.501892795471904947e+02 2.495380226522363216e+02 2.505442921739112592e+02
2.469354746011186137e+02 2.470872662385297360e+02 2.464341444146262745e+02 2.473982019317540733e+02
2.474726946602773694e+02 2.478179385832321486e+02 2.462223407202129692e+02 2.479861876722047498e+02
2.536978519260434837e+02 2.534462272803103815e+02 2.528103624433652215e+02 2.538368486223147613e+02
2.458436496267942459e+02 2.460317673239988210e+02 2.450714021121798680e+02 2.462912510042038150e+02
2.511275618663421767e+02 2.511924146799684650e+02 2.505445231560196078e+02 2.509587887793980485e+02
2.526377124846369213e+02 2.528160696932502560e+02 2.520233563197481885e+02 2.531762004833285573e+02
2.514469262375359619e+02 2.512742079865677169e+02 2.500558188786358471e+02 2.522081510034938958e+02
2.600500933507709078e+02 2.608424811621870845e+02 2.579070494613451956e+02 2.607286648569346994e+02
2.670481410808546343e+02 2.684481997455922055e+02 2.644711916052963261e+02 2.673246704356104146e+02
2.536013386106146470e+02 2.542954666193884350e+02 2.519303917823363861e+02 2.540144560257404862e+02
2.575933502056640236e+02 2.578912509564604534e+02 2.562281694856764034e+02 2.580885249040329086e+02
2.522834021102460156e+02 2.526299655113077449e+02 2.518595542594535459e+02 2.529554088249891493e+02
2.573747010690893262e+02 2.584843256756652750e+02 2.561937648894269728e+02 2.582454086270049061e+02
2.635337343207052641e+02 2.639018266285338541e+02 2.609589862757882770e+02 2.647720491091076269e+02
2.505570273327999473e+02 2.511988711319237098e+02 2.503148087112416817e+02 2.512144905678006523e+02
2.623441043934161598e+02 2.632260452364744197e+02 2.607533453139084259e+02 2.633671329653731163e+02
2.464743672646036430e+02 2.467286609794403773e+02 2.454270823022705201e+02 2.468136201350113481e+02
2.585678702108709786e+02 2.596270437637729174e+02 2.576679109210191427e+02 2.607456997751442032e+02
2.562641887275669319e+02 2.560323938473481462e+02 2.547672557076650719e+02 2.563787119951521731e+02
2.486841844760662070e+02 2.490397730683675093e+02 2.480782250991007345e+02 2.492969386973347241e+02
2.487244808973401575e+02 2.490445955679236931e+02 2.483828634603111993e+02 2.493027964090931619e+02
2.629013490561554249e+02 2.630618614030534559e+02 2.607820037503855701e+02 2.636767386655635619e+02
2.740973308018811281e+02 2.732387434303308282e+02 2.709442584164009418e+02 2.742853154452415652e+02
2.509347172848785306e+02 2.518529705018241884e+02 2.503192059033868304e+02 2.523515852770287040e+02
2.459968704189828941e+02 2.458507091578121049e+02 2.455703466486386333e+02 2.465729876696301801e+02
2.535890636594970999e+02 2.539424591538659968e+02 2.520531845393856258e+02 2.546439366628215453e+02
2.463841852266845933e+02 2.476394383519430278e+02 2.470560523181342489e+02 2.477125669982367810e+02
2.496681653393282829e+02 2.494599449057265019e+02 2.488460447021039954e+02 2.496743483735477298e+02
2.466869671849613610e+02 2.470181674365971958e+02 2.460308301061253928e+02 2.473287949746358265e+02
2.487326257063423611e+02 2.489255646005716187e+02 2.479300784148605885e+02 2.494020798407000257e+02
2.470708387625503519e+02 2.475946856850693507e+02 2.464874015565171987e+02 2.480569360474222833e+02
2.560232477091473129e+02 2.568414930272143124e+02 2.547579151875457626e+02 2.575738398699318736e+02
2.494992451899954347e+02 2.497395988467540064e+02 2.484532971284626797e+02 2.500973076192907172e+02
2.521740862599028219e+02 2.520016283739895186e+02 2.508560075792372288e+02 2.528723484613341554e+02
2.674768088608265657e+02 2.684398622096185818e+02 2.646203292944719578e+02 2.679674952574887925e+02
2.526848406063606660e+02 2.533990525068601301e+02 2.511832977026585070e+02 2.537392366349572512e+02
2.533095591548406560e+02 2.538923301414557159e+02 2.526253641159649135e+02 2.534471595837818825e+02
2.611442247691322791e+02 2.610245196529895111e+02 2.587986123535467868e+02 2.619527568410978233e+02
2.620881690870206739e+02 2.628302330036506191e+02 2.587347689848186292e+02 2.619875618765165655e+02
2.473041040246636442e+02 2.474254839174866447e+02 2.469233544046071245e+02 2.479220383369772946e+02
2.839681557715182407e+02 2.839464508240592977e+02 2.820045813050810466e+02 2.836678671127494340e+02
2.538763300928975752e+02 2.541456663646117136e+02 2.525845882369303297e+02 2.549963500371526663e+02
2.573177028596627451e+02 2.578874471060811970e+02 2.557947838137393148e+02 2.585067012530316788e+02
2.546869006217943365e+02 2.555085808835685555e+02 2.527255702190066131e+02 2.559791637168530087e+02
2.452720780262488631e+02 2.454496881315769201e+02 2.444187471520727115e+02 2.459041733362739421e+02
2.479786264589690745e+02 2.481689052220117730e+02 2.471253595949609405e+02 2.488358307126175646e+02
2.523056169514591716e+02 2.525645234966675901e+02 2.515921265058304641e+02 2.520251565520408406e+02
2.632853201468437874e+02 2.633840292117975537e+02 2.615257113065513863e+02 2.643877794506543069e+02
2.568311891989851574e+02 2.569364582192173430e+02 2.546790448521631163e+02 2.584425263642882555e+02
2.484130132808693929e+02 2.483651919933301429e+02 2.480318480513232089e+02 2.489968883802622770e+02
2.498525099485392786e+02 2.494679288019909507e+02 2.492270222053998623e+02 2.506826607721369555e+02
2.479664221137423112e+02 2.488090542642962077e+02 2.480413431615627076e+02 2.491408691961665056e+02
2.478890007035291774e+02 2.482769806479637680e+02 2.466533680385553851e+02 2.491346147595909883e+02
2.525378254564451765e+02 2.528987264981236365e+02 2.519096777181901530e+02 2.537094767627666840e+02
2.617046739998235125e+02 2.621435382810551005e+02 2.591018974827093189e+02 2.613232908359095177e+02
2.598226445123325448e+02 2.610853517773227281e+02 2.587953656792378183e+02 2.621718169206083644e+02
2.478610641374306169e+02 2.482087369362244544e+02 2.474427209763369717e+02 2.484777489644903312e+02
2.487838415158889234e+02 2.490072935851846978e+02 2.487274374323640984e+02 2.497741445828847304e+02
2.510248246276849500e+02 2.515389807037260539e+02 2.502669010462435324e+02 2.521416554255874019e+02
2.623648379647495403e+02 2.618451018602468139e+02 2.592048677658655151e+02 2.627599279129096885e+02
2.561744087840033899e+02 2.580697149538449935e+02 2.554524157039607246e+02 2.569213476366923601e+02
2.658055570382990140e+02 2.667313909981689335e+02 2.630198949832990820e+02 2.660208591848054880e+02
2.763273365293412667e+02 2.761662816455915390e+02 2.727025217526186793e+02 2.745500287055642161e+02
2.503277119647389668e+02 2.506498393731309591e+02 2.493289302810550510e+02 2.505948985430901814e+02
2.475853643946561249e+02 2.474291927695576874e+02 2.465531240134208701e+02 2.476685962462813393e+02
2.503620902028353044e+02 2.504051815570927317e+02 2.489088421064203658e+02 2.513297318333507349e+02
2.505233700341841256e+02 2.503151772694738781e+02 2.498468103333560748e+02 2.508295643420522651e+02
2.499706797327891081e+02 2.499204219597460508e+02 2.485510258300422777e+02 2.511358043526141159e+02
2.495090373769441214e+02 2.496780542198567616e+02 2.489821154366712506e+02 2.500029008341169856e+02
2.491521028217612468e+02 2.494289583973877598e+02 2.481312192996421970e+02 2.502873992389198463e+02
2.478210737609017826e+02 2.476117878778941019e+02 2.475321096673173713e+02 2.481699376684067602e+02
2.551727673539870125e+02 2.554857942294748625e+02 2.540719711588718326e+02 2.565662701018264329e+02
2.478668860043162283e+02 2.478513334893514752e+02 2.468763730361038427e+02 2.485753719577060679e+02
2.467634854607252066e+02 2.471816583457326146e+02 2.465746371630230271e+02 2.472512507688896619e+02
2.912586882924019278e+02 2.920298645463292928e+02 2.892225078535032594e+02 2.904648129811888566e+02
2.506418985292434058e+02 2.506227163211218851e+02 2.503348651368267497e+02 2.511717864852434730e+02
2.768968999641488722e+02 2.762204187853658368e+02 2.743976279198977295e+02 2.781827666085964097e+02
2.529121848547428328e+02 2.540023364474092489e+02 2.526038679779786378e+02 2.545802362429216998e+02
2.535647508035441433e+02 2.532976118332101407e+02 2.526185544890480799e+02 2.541523380567967081e+02
2.531712517931628099e+02 2.537152298473791632e+02 2.517480467239579980e+02 2.540892899964849505e+02
2.853885911217704461e+02 2.862083366085856255e+02 2.827382311823204759e+02 2.867295278676410248e+02
2.550082334352706255e+02 2.558652977426092718e+02 2.543204469538322314e+02 2.557541293867995194e+02
2.532560853133438172e+02 2.551049515785986159e+02 2.514821922405309920e+02 2.544725950657155806e+02
2.502164507970263969e+02 2.504810524001325405e+02 2.485240838019012699e+02 2.512445702240495109e+02
2.473805100714208720e+02 2.474712125617477625e+02 2.470283954695167665e+02 2.483693961710897895e+02
2.663036884831094540e+02 2.672278768849321864e+02 2.643535362357140457e+02 2.677935520958557731e+02
2.885377982242372354e+02 2.890832701059588885e+02 2.872671922944146559e+02 2.886833861093255109e+02
2.506625870333905652e+02 2.507115021273722846e+02 2.499872766566569169e+02 2.511292466875037519e+02
2.472783355688873428e+02 2.477255260642040469e+02 2.468893244272496759e+02 2.475793279385868573e+02
2.476741278701567808e+02 2.477548595243639511e+02 2.478502947188132737e+02 2.479757702632015253e+02
2.789747067752651901e+02 2.788985394422041963e+02 2.762732054193451177e+02 2.792441326879989560e+02
2.657086784525228040e+02 2.660815155674580978e+02 2.638663223603512051e+02 2.669679821948051313e+02
2.698293477113784320e+02 2.718266049162141940e+02 2.674206963392669536e+02 2.712115432295728965e+02
2.516697517491469398e+02 2.521485562427888851e+02 2.506866382656727410e+02 2.527525439236656268e+02
2.630775379504725606e+02 2.624481539053675760e+02 2.599169041701549645e+02 2.631530136796732222e+02
2.962038809799154251e+02 2.952509338785299065e+02 2.938635348605357080e+02 2.947075773467620934e+02
2.523627686316577012e+02 2.527262592714643290e+02 2.508209727403343550e+02 2.533264992141411369e+02
2.477942252199988218e+02 2.477392927717557427e+02 2.471909500924742531e+02 2.482977774464801257e+02
2.516975141585355971e+02 2.517616813765905022e+02 2.507018473698025502e+02 2.520663766132802834e+02
2.481846101648947922e+02 2.483270283076595035e+02 2.475696765345442429e+02 2.487037356700065232e+02
2.487508422502417602e+02 2.487603676975115263e+02 2.486688221216329566e+02 2.496136960145354067e+02
2.821246594955335922e+02 2.825007724574296049e+02 2.786655299869248665e+02 2.830304195471230173e+02
2.524562467674758750e+02 2.529189861299848019e+02 2.514059216093761506e+02 2.540334844838689605e+02
2.553297996071064517e+02 2.558721019781315533e+02 2.537265010669355263e+02 2.562061574362105034e+02
2.883279536743364702e+02 2.877675228843924629e+02 2.866344137650561947e+02 2.883838132028267864e+02
2.466108533612684823e+02 2.470613818965934456e+02 2.450763252205585445e+02 2.474212527159772890e+02
2.517973021516913832e+02 2.522973661604935103e+02 2.504954368500236797e+02 2.524309885309335471e+02
2.462911961358744861e+02 2.458756375747316554e+02 2.449902675193086736e+02 2.468818373443333485e+02
2.489616026633266586e+02 2.494571017918551945e+02 2.477651826595347018e+02 2.500182884987169416e+02
2.463635867429216830e+02 2.469543995453321941e+02 2.459644491879998043e+02 2.468297644047094934e+02
2.517391787644131966e+02 2.527833036497144690e+02 2.508934069157062368e+02 2.526660322253136997e+02
2.549334933788615274e+02 2.560441362817851427e+02 2.538591940359453361e+02 2.568005616364139883e+02
2.499941027278252648e+02 2.499748797675549952e+02 2.491412710821123255e+02 2.506635660467055970e+02
2.487045695649306936e+02 2.489567766126260722e+02 2.480310327581190961e+02 2.493019918260977192e+02
2.602138018032642321e+02 2.606392623738045131e+02 2.586546431427980224e+02 2.605095642896164918e+02
2.707887229571110765e+02 2.712813757693021444e+02 2.684868781455922431e+02 2.721658044343414531e+02
2.686184381095895901e+02 2.682687007888266066e+02 2.647596208541756369e+02 2.687715708848839427e+02
2.474186233964989583e+02 2.472774067166068619e+02 2.469644406026338288e+02 2.478410236249757190e+02
2.511809216209517501e+02 2.518010847450831022e+02 2.506375865928071960e+02 2.526490474655538492e+02
2.483912466458262429e+02 2.480037628515043480e+02 2.478266612525729613e+02 2.487653241778633912e+02
2.473956506516767888e+02 2.468064733029687545e+02 2.466889372734368067e+02 2.476477087091385840e+02
2.488677164112731646e+02 2.494127504218747049e+02 2.482057397352834300e+02 2.497145176510456679e+02
2.498361818419642759e+02 2.499903435283673616e+02 2.491778169287985634e+02 2.502869315531011125e+02
2.517883864482096214e+02 2.517112365379661867e+02 2.508596272742847191e+02 2.521885747462994516e+02
2.517737908615796982e+02 2.519177350905145545e+02 2.510069539202823421e+02 2.520025030461785889e+02
2.614805793636738258e+02 2.622458595998907640e+02 2.583674368400636467e+02 2.633842602803613886e+02
2.866188225170631654e+02 2.859531365612308491e+02 2.822940650846923631e+02 2.861235199070498538e+02
2.501892604447805581e+02 2.502446886563518262e+02 2.500328571043027068e+02 2.506926892525001449e+02
2.542903487549180852e+02 2.541622256206793224e+02 2.526011127694419827e+02 2.546339995195676522e+02
2.519578120100943011e+02 2.520987209721453439e+02 2.518954405898101641e+02 2.523019632408264670e+02
2.503818716810167189e+02 2.498898458801934339e+02 2.484252969812048377e+02 2.509621732429300778e+02
2.530772244748844173e+02 2.531295264500186590e+02 2.515793107189632849e+02 2.535179509046604949e+02
2.450396919562672053e+02 2.449539610010616002e+02 2.447871646964208878e+02 2.455899858100085567e+02
2.469686650640025789e+02 2.474970666979678242e+02 2.469651496359761040e+02 2.478747570351149818e+02
2.536538330239275467e+02 2.540541818850799700e+02 2.520926064126448125e+02 2.545232707294732961e+02
2.527560027570368391e+02 2.535155527377532962e+02 2.517850146437012313e+02 2.541594746359438375e+02
2.527593839612690658e+02 2.531941557423727431e+02 2.524044307303508674e+02 2.541465194773459473e+02
2.499229460667855847e+02 2.502325548220186704e+02 2.495641339199337096e+02 2.505923018232581114e+02
2.488592447654215505e+02 2.487713843358971246e+02 2.478275585602509636e+02 2.495030690755745297e+02
2.623280623492543100e+02 2.625828784860672727e+02 2.606428336779670758e+02 2.640648814843719947e+02
2.696087072111730549e+02 2.715776433761550379e+02 2.676271838158359060e+02 2.714186868697811974e+02
2.870325899406598182e+02 2.867699313529868164e+02 2.837146082873744035e+02 2.862147179005359590e+02
2.493441569702905838e+02 2.491228163442084167e+02 2.487872755440134256e+02 2.489858210280099797e+02
2.485690094466293090e+02 2.485494061462276534e+02 2.484958705733586157e+02 2.490349533382011771e+02
2.493691402406629720e+02 2.495432134985962875e+02 2.487452182153425895e+02 2.500158970652542223e+02
2.495943813171274144e+02 2.502002002682586124e+02 2.495035422574121924e+02 2.503431044042681322e+02
2.930208851273574169e+02 2.926986035096110186e+02 2.902132940030779196e+02 2.919087418721695713e+02
2.551784315669585510e+02 2.551712607645860942e+02 2.540633704381219502e+02 2.557457061770934388e+02
2.554365071098556257e+02 2.561430158933763437e+02 2.541117964200985284e+02 2.560710437850950711e+02
2.580316007672535648e+02 2.583312844609322383e+02 2.561355891231140163e+02 2.585253964915370375e+02
2.497577593273355490e+02 2.501164879129715359e+02 2.494608770627268655e+02 2.506059205635662863e+02
2.676797129673522022e+02 2.669966309420910306e+02 2.650764817327216747e+02 2.685616296391128799e+02
2.511435012822533963e+02 2.512331594996826425e+02 2.505773361860591137e+02 2.516693716969647596e+02
2.892999258710761978e+02 2.888590883130389102e+02 2.867204993773143542e+02 2.880254558592237686e+02
2.487777742304147068e+02 2.490596934529195039e+02 2.477677886937454161e+02 2.497758696287783948e+02
2.476429774842395091e+02 2.480174535675884044e+02 2.467570133109300912e+02 2.489923188091192117e+02
2.469687919516197780e+02 2.469293277561760931e+02 2.465133729592563725e+02 2.474117334472136633e+02
2.871587236549123645e+02 2.882265816044547364e+02 2.851419554633732218e+02 2.884756870249454437e+02
2.603599224677377038e+02 2.613708097384737243e+02 2.584821983844063880e+02 2.614887387352538894e+02
2.468854302285858751e+02 2.468390488182934632e+02 2.467108396167678563e+02 2.474010053066905925e+02
2.525926333140903353e+02 2.530848996066412155e+02 2.515580823960041243e+02 2.535735375702763292e+02
2.466645429622263066e+02 2.470709610687371196e+02 2.464157296105351236e+02 2.481748413450302451e+02
2.532399708195097219e+02 2.536768639425183665e+02 2.522470919411239265e+02 2.540634461594773086e+02
2.628053154792701775e+02 2.635256988569740315e+02 2.609779327892157426e+02 2.640115517392229663e+02
2.479199537537837728e+02 2.489848924567151300e+02 2.475032200040496093e+02 2.487019496164216719e+02
2.528872494849154293e+02 2.531025006158519659e+02 2.524921629469069444e+02 2.529949145260437433e+02
2.490092484931178092e+02 2.492103027220457250e+02 2.485675691424899583e+02 2.505352354849527501e+02
2.506587448908249485e+02 2.508074726960698513e+02 2.494638478943216455e+02 2.511360589726208730e+02
2.523652100119340389e+02 2.525380121264198863e+02 2.517651605759737095e+02 2.536590731347434087e+02
2.470498449158075402e+02 2.478230169295352425e+02 2.463435860501476498e+02 2.483624069254153710e+02
2.767234943551583228e+02 2.773787758248713544e+02 2.738527810393786126e+02 2.778910686238946255e+02
2.475752481198375961e+02 2.477905106130644413e+02 2.465105858430471812e+02 2.480257473427703019e+02
2.454048096153280198e+02 2.458082442278582960e+02 2.447018951158496236e+02 2.461165964149295178e+02
2.855643853349588994e+02 2.854038675266610312e+02 2.824339962364254575e+02 2.864392343753889350e+02
2.467749767626446271e+02 2.467804757986631330e+02 2.464542285965486883e+02 2.476260434581075742e+02
2.619565733779164702e+02 2.628095244620330959e+02 2.588825640739164555e+02 2.622257979188711374e+02
2.526900014382446500e+02 2.529104821629795197e+02 2.518207001502653668e+02 2.529602196398942340e+02
2.515456965808238863e+02 2.521374760722110011e+02 2.505406689877958968e+02 2.525531181463269945e+02
2.483236451115663215e+02 2.484853672757415666e+02 2.476981525793428602e+02 2.486840427377059370e+02
2.598863390076034534e+02 2.608500022858397074e+02 2.581578042453361377e+02 2.610638189038693895e+02
2.461336853102703515e+02 2.460638393617447548e+02 2.452950359474223490e+02 2.465548379637434380e+02
2.529947872485860216e+02 2.530380379891374787e+02 2.518187907750303793e+02 2.538683058785093181e+02
2.570605549092736055e+02 2.570678678796599002e+02 2.555875511890137091e+02 2.582067252340536925e+02
2.522889918143060584e+02 2.528408651372483291e+02 2.506586122382748556e+02 2.526195946741077876e+02
2.508979452058347874e+02 2.508751390575218920e+02 2.500330684820380327e+02 2.509880505185182642e+02
2.474784122597470457e+02 2.480729628992019684e+02 2.475699626774177204e+02 2.481575030838719726e+02
2.637700938049413821e+02 2.639280763721811240e+02 2.609156976889948396e+02 2.636357132273330421e+02
2.523059557471904384e+02 2.528827935658888464e+02 2.507544404351756668e+02 2.528559408228717587e+02
2.505398810769067950e+02 2.504838955989101805e+02 2.493121397906763264e+02 2.513840569566329748e+02
2.535254485554815176e+02 2.534639569091917224e+02 2.517958225567544162e+02 2.542925077945725718e+02
2.501498449131083532e+02 2.507684637141284156e+02 2.493455028542751961e+02 2.507781753517463130e+02
2.585694554857149683e+02 2.594643977519083364e+02 2.562381749816643151e+02 2.590984192300018663e+02
2.486690948365546205e+02 2.488953315609901722e+02 2.475000034286245523e+02 2.489789911403329370e+02
2.485084741508797208e+02 2.489464734783365145e+02 2.477376000273963825e+02 2.489545478422207907e+02
2.670275855974770138e+02 2.669839296431112530e+02 2.640972070187800682e+02 2.668554243229139615e+02
2.778652457538671570e+02 2.784094321139190242e+02 2.761890758719638939e+02 2.781545303535527296e+02
2.715246766595034842e+02 2.723342460556810920e+02 2.697396603012028891e+02 2.721035604063716278e+02
2.524633709096964083e+02 2.530864585392347976e+02 2.513456558590077918e+02 2.535016719146380240e+02
2.512534629260508154e+02 2.517001576493170774e+02 2.502718471845745398e+02 2.524088353738711703e+02
2.486074677636294439e+02 2.485369570648289823e+02 2.477528272276354642e+02 2.490806970026968088e+02
2.504172648475862104e+02 2.507170694281342378e+02 2.502486852383941311e+02 2.509939439126513889e+02
2.706980927057891222e+02 2.710686683608275871e+02 2.685572260301044025e+02 2.718459027284208105e+02
2.799851275166687401e+02 2.809467227607421478e+02 2.775541158483358117e+02 2.809792037869938781e+02
2.483031819358785697e+02 2.486026088525060800e+02 2.481062974561238832e+02 2.485098400883640011e+02
2.680586412166221066e+02 2.699324577332358785e+02 2.660695271939899840e+02 2.702727168197435503e+02
2.695896619071188525e+02 2.708996878594511486e+02 2.674850477302908871e+02 2.708819525757084534e+02
2.502577394255115451e+02 2.500917564478169197e+02 2.491376424389958402e+02 2.511077013255739416e+02
2.553361328426125567e+02 2.550917782941470762e+02 2.532643129813721714e+02 2.565091417609401674e+02
2.539352462654101998e+02 2.544131414192703176e+02 2.523381462314958128e+02 2.550585986728426349e+02
2.747537338856985230e+02 2.755546747159926895e+02 2.713424973481344296e+02 2.753915891600201462e+02
2.563309521652586795e+02 2.572199759291534065e+02 2.553654282489990521e+02 2.576345099846483322e+02
2.540401855552672998e+02 2.536793423088033990e+02 2.528702592544016170e+02 2.535976664663099314e+02
2.541075806015679461e+02 2.553813875523542833e+02 2.528094578336619804e+02 2.557147148113426169e+02
2.497095727388704915e+02 2.497281898393070776e+02 2.485925607103505968e+02 2.501219468354528885e+02
2.499587706751824498e+02 2.505920358369771748e+02 2.486106199563773487e+02 2.508367376604632000e+02
2.522995863243025951e+02 2.526511304876013355e+02 2.512117163155024571e+02 2.530655760973203598e+02
2.774406234439951504e+02 2.780889249300922188e+02 2.762740357770720721e+02 2.793374370352514688e+02
2.603728189417881254e+02 2.604813424389662941e+02 2.585697902100240526e+02 2.605610831597105062e+02
2.728580633239797066e+02 2.727696839470316377e+02 2.698755561419220044e+02 2.729164984403718108e+02
2.495647591657845510e+02 2.499064579360556877e+02 2.485488711631000172e+02 2.503322905190869392e+02
2.540285401670068950e+02 2.541049275991411491e+02 2.520492170738216657e+02 2.545938335998061177e+02
2.523449513254147689e+02 2.527619428393531962e+02 2.516927129183104341e+02 2.535006568181507021e+02
2.574586958866364625e+02 2.578867633359237743e+02 2.554023980519344548e+02 2.578927310239358235e+02
2.644328823309745644e+02 2.648714055595639820e+02 2.627241226028615984e+02 2.658671518468119643e+02
2.474943212927308025e+02 2.479866574603209415e+02 2.470634188320398152e+02 2.481985887353926330e+02
2.660129900189473915e+02 2.660789654530515804e+02 2.627931946052652279e+02 2.668202033004644704e+02
2.633430109094775275e+02 2.635782531657438881e+02 2.607835920348016430e+02 2.642267144770079312e+02
2.471973109060440663e+02 2.469130899023539314e+02 2.462536260965244992e+02 2.471606820529791264e+02
2.827213824448866717e+02 2.836897448141259019e+02 2.794783447371244733e+02 2.834255914413355981e+02
2.565656338925247155e+02 2.573254441436493494e+02 2.546243308470601505e+02 2.569424924190132629e+02
2.474692488376188919e+02 2.482988158327455608e+02 2.471377953130955802e+02 2.485306661142143412e+02
2.496039104432132945e+02 2.497761221628033752e+02 2.492512399409897625e+02 2.503912336034064765e+02
2.525678191967409703e+02 2.530728956058496806e+02 2.513625633335524014e+02 2.536645211971687672e+02
2.507798464538323344e+02 2.512987817635852537e+02 2.494638751412162492e+02 2.512121971514085885e+02
2.463917554936671479e+02 2.464851335139213688e+02 2.462218539388624663e+02 2.473638429497919446e+02
2.792002559600275049e+02 2.799649000584368537e+02 2.770825517530022921e+02 2.806136728172667745e+02
2.836931311408163197e+02 2.840046600405403296e+02 2.806290641159827715e+02 2.838183283321064323e+02
2.770388228109421789e+02 2.769226884374179463e+02 2.735634960202347088e+02 2.779996113094193220e+02
2.526275886592399900e+02 2.526174705757292145e+02 2.516797641550637081e+02 2.535700460366354321e+02
2.480220696780090179e+02 2.476324076502488936e+02 2.467298717410312463e+02 2.478089386778491985e+02
2.724660715641693400e+02 2.731143115235324785e+02 2.704536047525083404e+02 2.738612372660408028e+02
2.498754342297177686e+02 2.497525165070454705e+02 2.487057274458386757e+02 2.497095489502309249e+02
2.481288379364377477e+02 2.487836672801763882e+02 2.480142636988783806e+02 2.492543166613465928e+02
2.500286730057610214e+02 2.503900842012612316e+02 2.491885487387458511e+02 2.508909335174572846e+02
2.525690002187579921e+02 2.525125645571408768e+02 2.514691041739983461e+02 2.531629561251747305e+02
2.833342347190577470e+02 2.843301165862206403e+02 2.805830103429403835e+02 2.831567894124381723e+02
2.917364244103570741e+02 2.926746816170763168e+02 2.900701515275195561e+02 2.920650612831925059e+02
2.657838573547263650e+02 2.649807589245464783e+02 2.620600120039383114e+02 2.658871952451058291e+02
2.669456569030746778e+02 2.674957670498885136e+02 2.642557824184340802e+02 2.667639040912201835e+02
2.521113762010379844e+02 2.527301560945940366e+02 2.515178772489437620e+02 2.529811081670587214e+02
2.475718863701565056e+02 2.478443490540213929e+02 2.469847987791448816e+02 2.477973865770770487e+02
2.473105236814676005e+02 2.474211645972478095e+02 2.468291548891408809e+02 2.477411683371396975e+02
2.579887807931842758e+02 2.577376415618799115e+02 2.553833415893813878e+02 2.586973015331855663e+02
2.670724434304383408e+02 2.676327871974364143e+02 2.650388662953685639e+02 2.688515677611048886e+02
2.726481005098452783e+02 2.726832932170610206e+02 2.691429200814267801e+02 2.734289712599256177e+02
2.501025867566751799e+02 2.498844992819949198e+02 2.494726081777048705e+02 2.504896145439870736e+02
2.634548020157708947e+02 2.625422068713417048e+02 2.596365519411808123e+02 2.645831583566273935e+02
2.736732118272407774e+02 2.749271961212762676e+02 2.709994007627649353e+02 2.745741018533926194e+02
2.688486837910951976e+02 2.695807363947907902e+02 2.668869049840872663e+02 2.698149655960342557e+02
2.537730777350866447e+02 2.540036208136518496e+02 2.520283054369513138e+02 2.536690647758336752e+02
2.625610506383564484e+02 2.636287686423579544e+02 2.597415514608679814e+02 2.637833818543515463e+02
2.758981742772744497e+02 2.769452748629535677e+02 2.740573339022240020e+02 2.760507733916720099e+02
2.857171242481541071e+02 2.863153045875196199e+02 2.827383510711829331e+02 2.865452765385298903e+02
2.489059643731993674e+02 2.496023905548402979e+02 2.481031785597420480e+02 2.496866936585947201e+02
2.796190632118605208e+02 2.798773375025442647e+02 2.772007687543201655e+02 2.815053331585260707e+02
2.505548063747918093e+02 2.505180380436130463e+02 2.497054807502532299e+02 2.510859261801416551e+02
2.537230099627845448e+02 2.549797404002822816e+02 2.517301806003019067e+02 2.549856150003637083e+02
2.480269767493661277e+02 2.485642513095917536e+02 2.476744920041353453e+02 2.489811718677790111e+02
2.547445333011108630e+02 2.546197929135023514e+02 2.525113579387565323e+02 2.553721578065392919e+02
2.976402579160327946e+02 2.980799975214648612e+02 2.970935286252364449e+02 2.980299367205502108e+02
2.472763853377977625e+02 2.476354168636516704e+02 2.468778851075197736e+02 2.476111624663275563e+02
2.484921355670857395e+02 2.485705276294079908e+02 2.480071487134502206e+02 2.488354544169170879e+02
2.864584909111525803e+02 2.862965471511899977e+02 2.831055946173185589e+02 2.865068551578771121e+02
2.502746083733255773e+02 2.498295024608623294e+02 2.486887037004982517e+02 2.507642666456249287e+02
2.553610485304411668e+02 2.563650122807017624e+02 2.530916683189499281e+02 2.565379768919618755e+02
2.688273557970056231e+02 2.689260931007941622e+02 2.661036105655770143e+02 2.695332180180747059e+02
2.496005643589938643e+02 2.495992929392158999e+02 2.484232680059004679e+02 2.499274571434539780e+02
2.480581177261405230e+02 2.480765241291096004e+02 2.467815531120931212e+02 2.483086371484023118e+02
2.458030811587814242e+02 2.457830655435197116e+02 2.451425427809483892e+02 2.466325283563262190e+02
2.543392041153757077e+02 2.548527986286336500e+02 2.531733394271255122e+02 2.553310710519476743e+02
2.479381521302487101e+02 2.482514325902891983e+02 2.476116566967157553e+02 2.484883190002507263e+02
2.539612336033001156e+02 2.541744526443824270e+02 2.522826504529520264e+02 2.557273678558309200e+02
2.470652293567339086e+02 2.467611762117190324e+02 2.465569092912508609e+02 2.472267769086887199e+02
2.461617238750649790e+02 2.463749613071221063e+02 2.456938717657231734e+02 2.467266353171366688e+02
2.526028246921163429e+02 2.528976725764476612e+02 2.523520372877094644e+02 2.532130104058723248e+02
2.601747935237774527e+02 2.608828717077844317e+02 2.584884416333376862e+02 2.615660666208324301e+02
2.592855192233849948e+02 2.601909019776157379e+02 2.577514998528965293e+02 2.606625802022054472e+02
2.534366938838936960e+02 2.536561314075997302e+02 2.512520730943809610e+02 2.542756079934405307e+02
2.541015837822379240e+02 2.553069471133318302e+02 2.529304018490002193e+02 2.550443123781483905e+02
2.471502560002646760e+02 2.478056021716660098e+02 2.467889847430508610e+02 2.482640375098598611e+02
2.492873321495567041e+02 2.499387534875862116e+02 2.491086697107842554e+02 2.495652184178221376e+02
2.586967829028785104e+02 2.593249331055353082e+02 2.562962572787562294e+02 2.599267741572210753e+02
2.541581282021693653e+02 2.538702347431932367e+02 2.522472492177904257e+02 2.542742741164618110e+02
2.509779858484390900e+02 2.517254824047973898e+02 2.509146845520620275e+02 2.514705199902973618e+02
2.628374124841058119e+02 2.632239896504056560e+02 2.610075704623795900e+02 2.635057324361829387e+02
2.492665505206612693e+02 2.494687407367958372e+02 2.488280707387329755e+02 2.493250464588178943e+02
2.582246998238616129e+02 2.579834045928852788e+02 2.557613639882738710e+02 2.589288130790077389e+02
2.541472166658588776e+02 2.549712125472134403e+02 2.526909667335248173e+02 2.552440744623516196e+02
2.510903763312874162e+02 2.511785596349545813e+02 2.503849252095073439e+02 2.516039829402731129e+02
2.651892838132907855e+02 2.655819351069358163e+02 2.632339317520241480e+02 2.661889719816090292e+02
2.571202653989369651e+02 2.573869816753338000e+02 2.557780256038098798e+02 2.583842040238670279e+02
2.504520255745713655e+02 2.503257627819730260e+02 2.497130491793502074e+02 2.508102714570864578e+02
2.528069109061826225e+02 2.528386830194640140e+02 2.518652601081752209e+02 2.536717339079717419e+02
2.486694830809555299e+02 2.491115231415195979e+02 2.487554610748542530e+02 2.495240191346323968e+02
2.602351862400830100e+02 2.601922651929442623e+02 2.581667386484232907e+02 2.604459450229933850e+02
2.514351124471795913e+02 2.518790639502933573e+02 2.503430624689446233e+02 2.525987478981145955e+02
2.472882341977031615e+02 2.479796157319102292e+02 2.469858847413447336e+02 2.477873958282031310e+02
2.527325163593833679e+02 2.531428826373332299e+02 2.519873487234662264e+02 2.533908521980513342e+02
2.450622299978364254e+02 2.447510806764976508e+02 2.447288525321972656e+02 2.462728280266048273e+02
2.530891483534692554e+02 2.538853369400304416e+02 2.515116645379659417e+02 2.548396903618518365e+02
2.558767258454020634e+02 2.565078587159690642e+02 2.544866992962298582e+02 2.567706139585986307e+02
2.563266791501124544e+02 2.569041115745738466e+02 2.547799681941921222e+02 2.575691761986311690e+02
2.708242403523116764e+02 2.716478322332118296e+02 2.663205078596125190e+02 2.713065708275557881e+02
2.511075445914604245e+02 2.510988219331077289e+02 2.513230583547557160e+02 2.519173349182843822e+02
2.478261779572623880e+02 2.483357079117789112e+02 2.473887242514902596e+02 2.489632607085829363e+02
2.471044626637876149e+02 2.476448126159983190e+02 2.466989886299695343e+02 2.479115925645625111e+02
2.603786042885478196e+02 2.619110363541564652e+02 2.588536356139611030e+02 2.617890725844700910e+02
2.463430156569210681e+02 2.460386435650780754e+02 2.453985306207019335e+02 2.470053338117862154e+02
2.503339921931946321e+02 2.504825073801549422e+02 2.492897096607295566e+02 2.510561758006611228e+02
2.503108673223382539e+02 2.500622672544807017e+02 2.494079988395969281e+02 2.505901930210318653e+02
2.468258818066417177e+02 2.471543679327889151e+02 2.468345974740521456e+02 2.474983114123139103e+02
2.703626595839828610e+02 2.710845884459752710e+02 2.678881251796771608e+02 2.711873933540472308e+02
2.499012743489652166e+02 2.499225196187285007e+02 2.491060965781751975e+02 2.504208557914186599e+02
2.467213276587760333e+02 2.467855258781294197e+02 2.449429287733327385e+02 2.469223288902945797e+02
2.833481293545309541e+02 2.846594657859698145e+02 2.822416872166469375e+02 2.846539980672868637e+02
2.641121503811871776e+02 2.640893544071521433e+02 2.608163980791953236e+02 2.640237256911124177e+02
2.502954188231372541e+02 2.502110003112478864e+02 2.497625977551383016e+02 2.503185676942705413e+02
2.530575485410644774e+02 2.524166466569731710e+02 2.513082027993045813e+02 2.529885347324738802e+02
2.474972684073137259e+02 2.482405736949391724e+02 2.464084675150003250e+02 2.484484320889910691e+02
2.595155429580456143e+02 2.605145677597525946e+02 2.573037747610377437e+02 2.607170390878768558e+02
2.462470242194247589e+02 2.465292804990979505e+02 2.458269620744140411e+02 2.468104992369213448e+02
2.617906605486971898e+02 2.626657113564987753e+02 2.597433856548502717e+02 2.633542203603602161e+02
2.511920022175293639e+02 2.510279636279416025e+02 2.501383735597201508e+02 2.508379772057176069e+02
2.488397439025552842e+02 2.490481087528584965e+02 2.478867451411773288e+02 2.492897165333776286e+02
2.486032616140626033e+02 2.485348260251607542e+02 2.479051204048610941e+02 2.491356135827003868e+02
2.538866033660505934e+02 2.542825452266765467e+02 2.525539845416604408e+02 2.555389668809551722e+02
2.708069499746304132e+02 2.723299250530516247e+02 2.677829840342742500e+02 2.719033570506441038e+02
2.473854143802965666e+02 2.473218285163074768e+02 2.467800006537937065e+02 2.477730220592440844e+02
2.885135542375433033e+02 2.893363166576492631e+02 2.862170184504389567e+02 2.877620464320153815e+02
2.713824012510912667e+02 2.715573014441906139e+02 2.684057955682141028e+02 2.728867544782042387e+02
2.463196971085818348e+02 2.464444682732823537e+02 2.457707619980794504e+02 2.465916412606895562e+02
2.630604909914515019e+02 2.636917397333820645e+02 2.608371705761784938e+02 2.651909510317732952e+02
2.466645601767899052e+02 2.470084337787548918e+02 2.463824068326507870e+02 2.470808252208240106e+02
2.672288764099836840e+02 2.667593641425902433e+02 2.647440454494452524e+02 2.675910182216378530e+02
2.913917804885280702e+02 2.906902410771051564e+02 2.890863438751264312e+02 2.914002369500733494e+02
2.761820110782269921e+02 2.755638970356840787e+02 2.730329562447687408e+02 2.759962122062449339e+02
2.520984550712919088e+02 2.522020137145496221e+02 2.515288263544558731e+02 2.529489680850490743e+02
2.581952564786795961e+02 2.580419892484719071e+02 2.564108765650982491e+02 2.586674146268381378e+02
2.662116456955349690e+02 2.662279628462174514e+02 2.642621070303734996e+02 2.678275644971889164e+02
2.528611882304408880e+02 2.530737634999618706e+02 2.520305533183796456e+02 2.535991816090950124e+02
2.478065939437114764e+02 2.485394359845431893e+02 2.476596863130248494e+02 2.483197697271085929e+02
2.484911649054039913e+02 2.489486418501390403e+02 2.477667977602613121e+02 2.490081577952302894e+02
2.553708151380980951e+02 2.559226325422359309e+02 2.539554470671488957e+02 2.550999222971785798e+02
2.477900523801899055e+02 2.479589114515810309e+02 2.471774305183364220e+02 2.482742474122143506e+02
2.494607300899424160e+02 2.494272084617976759e+02 2.487077538189208212e+02 2.499571340958457597e+02
2.560954619254014801e+02 2.572448666644338573e+02 2.539777616011945156e+02 2.574280523921754025e+02
2.563075688362188771e+02 2.573114437581087941e+02 2.552208721722786038e+02 2.575434232348447949e+02
2.509930650704791049e+02 2.505824726333202079e+02 2.502523632653606001e+02 2.514858477365317526e+02
2.476028259876842696e+02 2.482755370564967166e+02 2.469688049593046628e+02 2.479864140072688201e+02
2.467822446888886248e+02 2.468273784424391692e+02 2.457790592966258885e+02 2.468923446253900522e+02
2.537079029219401036e+02 2.543236878164106258e+02 2.520189804574562515e+02 2.547591100245207087e+02
2.582544718534255708e+02 2.585520714676129614e+02 2.564360954564496069e+02 2.587531752183581943e+02
2.508290769898887618e+02 2.505559815557417664e+02 2.500910386298754418e+02 2.513640338546079818e+02
2.494768573324757881e+02 2.495321935548165868e+02 2.482013934930919561e+02 2.499879463824029244e+02
2.581304006203997687e+02 2.581811111038931585e+02 2.555926243581136816e+02 2.599101799177813632e+02
2.550113706255431794e+02 2.550025518350742857e+02 2.529295811746903269e+02 2.559408456527168596e+02
2.496825128186117411e+02 2.496431707270935192e+02 2.489887980696327929e+02 2.503672401120645077e+02
2.826413623185492838e+02 2.830257095341590912e+02 2.806244768848694662e+02 2.835178707062826788e+02
2.543173070530480970e+02 2.548240373559038403e+02 2.527049488447254078e+02 2.546518163629145306e+02
2.511993045549604631e+02 2.518555725740810942e+02 2.509103298114594622e+02 2.524949575804326969e+02
2.574823440806044346e+02 2.579068934303413130e+02 2.549460878387183982e+02 2.582767177700379193e+02
2.726242937495524643e+02 2.734915207750104287e+02 2.704401420092577837e+02 2.742657570196936376e+02
2.468481913496331686e+02 2.467980079236705819e+02 2.458613348937080616e+02 2.473234251996408375e+02
2.465329304162340804e+02 2.469223303407289052e+02 2.463272044716321147e+02 2.469603470753652346e+02
2.618572880098037672e+02 2.622793328637341688e+02 2.594271575801410563e+02 2.639521142912589653e+02
2.459408170714640107e+02 2.459367737658798774e+02 2.456746729192517762e+02 2.463502913154062810e+02
2.802506422107790627e+02 2.805063095603954935e+02 2.771512928009851180e+02 2.808468001166202725e+02
2.561977887083778000e+02 2.565545322183928079e+02 2.540291808530312494e+02 2.565796542987200723e+02
2.535860482994517042e+02 2.542295698654239686e+02 2.529593743358437337e+02 2.546093326903516925e+02
2.622419793889768016e+02 2.625605716332569841e+02 2.604362601587748145e+02 2.627955383459421341e+02
2.809316246697579800e+02 2.811664277513218622e+02 2.794089637447940504e+02 2.820551818609694124e+02
2.604823492372105989e+02 2.616931171033722308e+02 2.585807288838630029e+02 2.619935987468139160e+02
2.524993653023882132e+02 2.519372064490636376e+02 2.521906798408228099e+02 2.522598255655175592e+02
2.550731181049124814e+02 2.563075966738138050e+02 2.530552763192301313e+02 2.556000726193427113e+02
2.607203365136792286e+02 2.609099110109286812e+02 2.592326436549134314e+02 2.619315272811463160e+02
2.523687392184269811e+02 2.524789717454018216e+02 2.517887019468483629e+02 2.528094835555139355e+02
2.563609285416662260e+02 2.567725708350363902e+02 2.545262279292214771e+02 2.558739546005921852e+02
2.523933591771338456e+02 2.520755035160029252e+02 2.511742639734391958e+02 2.531699309431754443e+02
2.539652855837081233e+02 2.554632856546208473e+02 2.527788144072854664e+02 2.547596950899166188e+02
2.476613426030083929e+02 2.475391694842980144e+02 2.472418897624363581e+02 2.489610854411101002e+02
