2.729961544493269798e+02 2.736535888059113972e+02 2.711165537671899983e+02 2.730752640928578217e+02
2.754105666925551645e+02 2.758156113960499169e+02 2.749388985772856131e+02 2.755377994087996854e+02
2.686218915861620076e+02 2.691112247605926768e+02 2.685678367748031974e+02 2.679557601600634484e+02
2.709475311979416574e+02 2.704245285183546343e+02 2.703319316596462158e+02 2.710097632786055897e+02
3.023936340916704921e+02 3.027042351565121976e+02 3.023558675266327214e+02 3.012669874156496803e+02
2.871311929368642382e+02 2.872281863479952335e+02 2.854923624299985363e+02 2.867348117903136426e+02
2.684000736847607413e+02 2.691378927117329454e+02 2.688141467721147819e+02 2.687378157320780474e+02
2.682329591025046511e+02 2.686849237651845783e+02 2.681390463440609437e+02 2.685952166310515850e+02
2.615612916793365912e+02 2.613182355250188493e+02 2.617857397103185804e+02 2.613018347584854837e+02
2.781382650645361991e+02 2.788039035681088649e+02 2.766651368119496510e+02 2.786866419526505751e+02
2.660574881443221784e+02 2.658919055385367187e+02 2.667398380626714243e+02 2.662682758799320482e+02
2.635734188307248473e+02 2.637386169518161410e+02 2.643381673756693999e+02 2.634922556237215758e+02
2.731470627055449540e+02 2.736897667951387803e+02 2.719771296480287788e+02 2.732814471105575080e+02
2.640280760179446702e+02 2.633466037039650587e+02 2.636466623181541991e+02 2.631781740518798642e+02
2.633249652305569839e+02 2.632433646711075994e+02 2.626913934712991932e+02 2.637429642778800485e+02
3.061740479991710231e+02 3.051116945259250883e+02 3.053916103962551460e+02 3.052661515636372656e+02
2.660959377762785607e+02 2.665530052681285156e+02 2.662036101280752405e+02 2.663065386490766855e+02
2.692348334331626347e+02 2.693037138164626185e+02 2.674584794503283547e+02 2.689892202394350420e+02
2.679488585605771505e+02 2.668412996614389954e+02 2.672929370149529404e+02 2.678061011448263571e+02
2.979257569146609512e+02 2.973068110669205453e+02 2.967853979999865714e+02 2.970702839804748692e+02
2.682722060699181839e+02 2.685256721662237283e+02 2.689241859594894208e+02 2.682903090078792161e+02
2.640461225879398057e+02 2.648530709314300111e+02 2.638824873433436551e+02 2.649217684506264732e+02
2.641434249598186739e+02 2.642092831993770687e+02 2.634956491188460177e+02 2.642969721284497950e+02
2.981758536232718484e+02 2.987494668585696331e+02 2.981659566538326658e+02 2.978267133149689130e+02
3.023392253221632018e+02 3.030061509418697483e+02 3.019349402929936446e+02 3.025051634342134435e+02
2.593373701280349906e+02 2.596646875199087958e+02 2.593034393126470150e+02 2.596591813110141516e+02
2.721571316780081702e+02 2.720793805047472347e+02 2.713384294675785213e+02 2.725093267752343991e+02
2.758208863895318927e+02 2.760195549263664816e+02 2.736384354864969168e+02 2.754167953896186987e+02
2.751207441711791262e+02 2.751392278256707868e+02 2.738500992256019799e+02 2.754993228534552259e+02
2.622967911790549920e+02 2.629215192068591591e+02 2.630209240587479940e+02 2.627943987621658835e+02
2.710170780295086956e+02 2.708993460748330904e+02 2.702206175601438076e+02 2.711625994720291715e+02
2.922583645163409756e+02 2.930926242421339225e+02 2.918736381457956668e+02 2.920009512261013924e+02
2.603429815107909917e+02 2.605845461784795702e+02 2.606241284223180514e+02 2.608346229505538645e+02
2.669555974612899831e+02 2.665692809058189141e+02 2.664113958981213841e+02 2.670647608353799569e+02
2.666329638782028724e+02 2.663239635013135285e+02 2.658307983264523386e+02 2.668657401948584038e+02
2.664802713678851660e+02 2.668016016446040908e+02 2.662686180071123658e+02 2.665294067015925634e+02
2.762543067057688972e+02 2.761337831417019402e+02 2.758581205005752395e+02 2.770928098763478147e+02
2.642473950578754511e+02 2.649542964339231617e+02 2.644261338094293023e+02 2.654307529889379680e+02
2.637342783232014085e+02 2.642674910403758872e+02 2.641120007459776957e+02 2.646699711909646453e+02
2.616888520174345558e+02 2.614936443111974427e+02 2.621212661219949496e+02 2.618281936752370029e+02
2.647992538350625296e+02 2.652648059812541987e+02 2.651777183446085360e+02 2.651528341048515358e+02
2.862862302228558065e+02 2.877310387904731215e+02 2.863526437790002888e+02 2.860105446635224666e+02
2.682383761134257725e+02 2.685587252811124017e+02 2.672291790010620502e+02 2.685017393543693061e+02
2.589478887561269858e+02 2.590168613527101229e+02 2.580346031681511363e+02 2.589766815722134652e+02
3.104297289320352320e+02 3.097310892861259504e+02 3.104149283077729251e+02 3.088146045213554203e+02
2.896026523556050165e+02 2.903316649990764517e+02 2.884732917169491770e+02 2.894298443544872157e+02
2.726085077027798320e+02 2.725829486216087503e+02 2.720702588316345327e+02 2.721480562003687282e+02
2.727259938167065343e+02 2.733629134786550594e+02 2.720973855826005661e+02 2.733885691498681467e+02
2.670686363870750597e+02 2.664946106560510657e+02 2.679001096818119549e+02 2.666629813494263317e+02
2.659706024649360074e+02 2.661896603326293871e+02 2.654812957065150272e+02 2.664630520578076585e+02
2.724804909215658313e+02 2.724259466466529034e+02 2.709209957399571067e+02 2.730183416292974812e+02
2.723587342161748666e+02 2.727852889860899381e+02 2.718775091281214031e+02 2.729975106894286796e+02
2.645892549489552721e+02 2.644923322015598046e+02 2.638430868348018521e+02 2.648209031617666369e+02
2.700834638111253412e+02 2.699430145579919440e+02 2.696520877551965327e+02 2.703147075227275877e+02
2.667258775032730682e+02 2.671126097243736695e+02 2.662071116558130370e+02 2.671586737611679041e+02
2.625761777577229168e+02 2.626703581844379869e+02 2.621680498431458659e+02 2.625074432501474462e+02
2.635023550729878821e+02 2.632956118385437776e+02 2.624797059892006814e+02 2.629999826284724804e+02
2.574772600020868936e+02 2.574287261947757202e+02 2.578111405349382039e+02 2.576574064167626261e+02
2.777397789152557834e+02 2.786276632641636297e+02 2.769541784640094306e+02 2.782432684519343411e+02
2.606949613660385694e+02 2.612000488821994395e+02 2.604852599230578107e+02 2.613656289413958120e+02
2.767463178223818545e+02 2.771792351299849315e+02 2.766745092678706328e+02 2.764638403306240093e+02
2.952647748944178829e+02 2.955035524285268025e+02 2.949670179817719600e+02 2.953422422548566715e+02
2.658273021390126019e+02 2.664450792039502289e+02 2.659010192775161272e+02 2.661991963618353338e+02
2.831688499380790631e+02 2.838730599698236574e+02 2.823132632214687874e+02 2.832135420086457316e+02
2.614534866762712682e+02 2.610914966202795995e+02 2.619805402721477776e+02 2.614231906852785983e+02
2.857035224093023658e+02 2.856949779240193834e+02 2.837926639495128143e+02 2.849593350786211658e+02
2.726331674267194671e+02 2.721287209513600942e+02 2.713177890037019893e+02 2.728549980473936785e+02
2.625201054917773149e+02 2.628220845837498132e+02 2.619063882242980412e+02 2.624945676141234117e+02
2.651861574423253956e+02 2.652358168644337297e+02 2.642383118067733108e+02 2.652249302330916976e+02
2.685088190904558019e+02 2.693052223861519110e+02 2.686344746551422986e+02 2.688461660159738926e+02
2.635709123790349508e+02 2.635802287481319013e+02 2.639128755843548788e+02 2.640849959149142592e+02
2.732984706761103553e+02 2.730371722301707678e+02 2.715156313372023078e+02 2.732123176109230940e+02
2.641013809344240713e+02 2.649408140459309493e+02 2.639148735503291050e+02 2.651039979726164688e+02
2.631163999279493737e+02 2.630697864634299776e+02 2.624829434694538008e+02 2.631104644432993496e+02
2.614615882591135687e+02 2.610476039440154636e+02 2.610974459020321206e+02 2.614991070207497614e+02
2.968882716541296531e+02 2.968017231082152989e+02 2.962390863565960331e+02 2.966073196448610929e+02
2.637263213485039159e+02 2.634262636645468660e+02 2.636757169650803689e+02 2.630208584191992713e+02
2.691934556685224607e+02 2.694674110687871007e+02 2.690303166879001537e+02 2.695469284303013069e+02
2.624112042396276365e+02 2.625862438440123015e+02 2.628636717980437538e+02 2.625360218673618533e+02
2.723779433696606702e+02 2.726484407282044344e+02 2.719325742109648445e+02 2.723074670548672884e+02
2.633277296510456722e+02 2.637616822391165670e+02 2.631439849813464207e+02 2.631092400462539445e+02
2.783993041312040191e+02 2.779070948512531345e+02 2.773249961299935649e+02 2.782483973379581812e+02
2.624691241155462080e+02 2.622386903661252973e+02 2.620288509603963689e+02 2.622330171275040129e+02
2.650482933425894316e+02 2.657295835139925089e+02 2.646550090226634779e+02 2.640830796743910582e+02
2.682693366430165725e+02 2.690544107092709964e+02 2.675173196434228657e+02 2.691249931646705704e+02
2.648534424192526444e+02 2.646110423437843906e+02 2.644555181892544624e+02 2.641652023204781585e+02
2.814638552250040107e+02 2.823652331446720609e+02 2.809530828677365548e+02 2.816571112426058789e+02
2.869944673406782840e+02 2.865599920362436706e+02 2.853852292656567897e+02 2.870192665576836362e+02
2.663115373758410556e+02 2.669623188946172263e+02 2.668579568295658078e+02 2.669451478862991394e+02
2.756835941746389835e+02 2.759120713525160795e+02 2.747132787671730512e+02 2.760457031258005145e+02
2.596925507262563428e+02 2.595486827454732293e+02 2.604053934996989028e+02 2.603636124022322065e+02
2.653536116040759225e+02 2.663674103387984928e+02 2.656619496063356110e+02 2.658138148561848197e+02
2.628342863011754389e+02 2.628377766114841165e+02 2.636823664801814289e+02 2.626971497149528432e+02
2.573111988954345293e+02 2.574716434278428210e+02 2.565339822498964395e+02 2.577650468291076322e+02
2.761555607400956092e+02 2.763254194288751933e+02 2.758001458012083162e+02 2.763049714715118625e+02
2.579769526487529561e+02 2.581335126673419040e+02 2.580803336162393862e+02 2.581064370455725339e+02
2.784049004071262630e+02 2.784545007607986236e+02 2.765656449604288696e+02 2.784344081229199901e+02
2.757152346068220936e+02 2.755547168874286399e+02 2.747097199071222917e+02 2.758815804738197812e+02
3.040481165330304520e+02 3.040714610815523429e+02 3.030286870331001978e+02 3.026462440631592017e+02
2.969292489039934253e+02 2.963765029598055207e+02 2.957033901112012018e+02 2.951346443646706916e+02
2.627064460383617188e+02 2.631294307651213558e+02 2.623546125338397701e+02 2.634592392480533363e+02
2.622012063493765481e+02 2.622933796119341991e+02 2.624832596278155279e+02 2.621551167520862577e+02
2.875972136516257933e+02 2.866262642439742194e+02 2.850226052917344077e+02 2.871348386050131012e+02
2.611666679173077341e+02 2.604136730397675592e+02 2.605875418292214363e+02 2.603820875584130476e+02
2.666542639069842267e+02 2.664759773265748208e+02 2.668541623968076806e+02 2.664135259465552394e+02
2.963356028170629770e+02 2.963598689731362583e+02 2.954878821547830512e+02 2.956622926716455027e+02
2.655572014821905782e+02 2.658302309974075115e+02 2.651323822328899951e+02 2.656758982497651118e+02
2.683734399192962883e+02 2.683802288473235080e+02 2.677863733004372193e+02 2.688779980859988541e+02
2.843442147966642892e+02 2.851072738044110793e+02 2.826164138459362221e+02 2.844163174162651444e+02
2.704115157049250229e+02 2.703595382112740140e+02 2.701915535652255471e+02 2.710510486557245713e+02
2.670524715953455939e+02 2.670505080004618890e+02 2.670670754105786386e+02 2.667192410717810844e+02
2.717375342961225329e+02 2.718681999984681852e+02 2.711293307613559023e+02 2.721064888234533896e+02
2.618243361384913896e+02 2.621949851625565202e+02 2.619812011163610919e+02 2.621287454965109305e+02
2.662432169638765345e+02 2.658734862925754214e+02 2.666390290653154693e+02 2.657484508542939352e+02
2.747025196495506520e+02 2.752276688436568293e+02 2.741208211149063345e+02 2.746914925791925270e+02
2.650611835408179786e+02 2.650803479052460148e+02 2.647858703069542798e+02 2.653650753757377174e+02
2.616423173371514395e+02 2.612043818316134889e+02 2.620336160821641442e+02 2.616216491593698379e+02
2.600377659874358187e+02 2.599008916727400447e+02 2.600435724103429607e+02 2.603444657314464052e+02
3.065995303377629284e+02 3.072384957753611161e+02 3.069524294187249893e+02 3.063521184410420801e+02
2.638723317941611981e+02 2.638357871320758363e+02 2.642778451336401417e+02 2.631700327843039986e+02
2.624252548361855020e+02 2.626763611389881703e+02 2.625750867751376632e+02 2.622912357725800803e+02
2.866668675510669573e+02 2.862682767521463347e+02 2.845804126040811184e+02 2.856513122634160027e+02
2.604898645864785749e+02 2.604950776311052323e+02 2.604669751304056717e+02 2.606792426643457361e+02
2.754444977816866071e+02 2.751719626459266124e+02 2.752415065876214726e+02 2.752945572556104139e+02
3.094836186298339840e+02 3.090128687132041705e+02 3.087522875139414964e+02 3.071038880955860577e+02
2.852372294408047537e+02 2.853666137149240853e+02 2.836822795469371954e+02 2.855375569879382738e+02
2.960973763859419705e+02 2.963999719954096577e+02 2.944045370916090860e+02 2.973347193282178296e+02
2.853780129063673030e+02 2.861998335855231517e+02 2.848814648863165644e+02 2.859110841011732305e+02
2.700841052564875326e+02 2.693453901617679662e+02 2.688662405257574051e+02 2.704034860407733731e+02
2.678665143095758481e+02 2.679314562925770247e+02 2.681124356792958565e+02 2.677849095893923845e+02
2.612252102092494397e+02 2.607446078938718301e+02 2.608762085037273550e+02 2.612022455533809762e+02
2.632063877844156536e+02 2.627034823810600415e+02 2.626688676421271680e+02 2.631728848681828481e+02
3.032217015678081111e+02 3.018142057191721506e+02 3.025308593150869569e+02 3.020111878450082941e+02
3.029709131746485582e+02 3.035324826715998938e+02 3.025775675277813548e+02 3.026329398054888316e+02
2.588040187908530925e+02 2.590516363619435651e+02 2.589973150172975238e+02 2.590870762230998707e+02
2.635397238476450639e+02 2.638582827266962454e+02 2.639272746816017730e+02 2.643238364910499172e+02
2.584797850335225462e+02 2.597770269371192171e+02 2.595363211633664946e+02 2.591459901775797334e+02
2.617048921170519975e+02 2.617979467966625293e+02 2.615542571636333378e+02 2.619076188015134221e+02
2.629199115143388781e+02 2.629170795258811495e+02 2.633704390829363433e+02 2.627729524013261653e+02
2.593899496105372009e+02 2.593980122257261201e+02 2.593635998982526871e+02 2.593076989875362415e+02
2.679597863846597079e+02 2.684186254364947786e+02 2.678817359582379254e+02 2.674202037119134729e+02
2.646752304477178654e+02 2.649366521436249400e+02 2.643099982862730144e+02 2.650482634479513422e+02
2.821078949430951184e+02 2.816693953083122892e+02 2.804229458734591276e+02 2.820274928006154482e+02
2.604857342772122593e+02 2.607062076449415144e+02 2.602840403182686941e+02 2.608375113275562853e+02
2.957376937323476795e+02 2.962162086619421757e+02 2.956265584580856967e+02 2.953150984738825855e+02
2.749725522737190317e+02 2.748996835885802170e+02 2.735305613304576013e+02 2.758827008876390892e+02
3.011100003245994117e+02 3.018740297785122380e+02 3.005884510103472280e+02 3.012429725118661281e+02
2.759581121539678747e+02 2.766110893261569572e+02 2.759712120991596862e+02 2.761624779730219075e+02
2.690723571007243891e+02 2.689546866495763311e+02 2.688577640721847501e+02 2.694210144123748591e+02
2.644826319969319570e+02 2.647274834224538722e+02 2.643017724668085293e+02 2.643803121291421121e+02
2.760812342577439722e+02 2.757925698505647460e+02 2.748742552231969967e+02 2.760909388122834685e+02
3.054276974599747518e+02 3.053918924678916937e+02 3.057469198635243401e+02 3.043654661367301060e+02
2.599817477509320156e+02 2.600973642071957670e+02 2.597562600322054323e+02 2.600565965247906206e+02
2.776175684008917983e+02 2.780322379429993589e+02 2.769812657964261575e+02 2.776220575031310887e+02
2.642389410780556886e+02 2.632538616762187189e+02 2.638836710546458448e+02 2.636947785883599522e+02
2.659266560314736125e+02 2.657410574485817847e+02 2.665791935714102578e+02 2.660256070752357118e+02
2.708014585547370530e+02 2.713138669237986278e+02 2.710770291902739473e+02 2.713968334210834996e+02
2.649247689129664991e+02 2.648163875309527953e+02 2.634569420243640820e+02 2.647642133770846726e+02
2.635125440307852500e+02 2.634300575725455928e+02 2.624095895969809362e+02 2.635329252880044919e+02
2.704904300587720627e+02 2.709377443735041879e+02 2.694823015214989823e+02 2.713966970962950427e+02
2.656682621156504638e+02 2.655949656171146671e+02 2.652988403047554584e+02 2.660051033838481089e+02
2.691789322956099113e+02 2.698501864539956046e+02 2.672410717503336173e+02 2.694953445810217545e+02
2.659976941282408802e+02 2.662417226584256582e+02 2.664377308572244374e+02 2.660990069328277627e+02
2.667782074371166345e+02 2.656420160176690501e+02 2.665834275424011253e+02 2.659308876813262827e+02
2.615786579025987635e+02 2.617144553987239419e+02 2.616584187573525924e+02 2.620238991689881800e+02
2.827212791098612570e+02 2.827482707748175130e+02 2.811557385264983964e+02 2.831794941940927970e+02
2.718860107886860078e+02 2.716183508959699111e+02 2.713505155140364309e+02 2.716543019482659247e+02
2.648655770442156268e+02 2.651357049339486025e+02 2.650387346074337529e+02 2.657424626003613071e+02
2.686360725643831984e+02 2.684345160006089941e+02 2.687383023128266473e+02 2.686729461920496647e+02
2.626110970731113525e+02 2.627619359100988845e+02 2.621250040298002659e+02 2.626765843672351366e+02
2.677378692317363971e+02 2.679900004546484524e+02 2.674336356615818886e+02 2.676714335340411139e+02
2.640016831063264817e+02 2.640266602762216621e+02 2.633294399648476087e+02 2.642304344554391946e+02
2.640159244763499373e+02 2.641781318954492122e+02 2.639086153500554133e+02 2.640616639598457027e+02
3.061557079210999746e+02 3.066667513683017887e+02 3.054398817613617894e+02 3.055179923921253931e+02
2.751429968761236751e+02 2.751778029693591634e+02 2.742204884384159413e+02 2.752468222392034249e+02
2.758020584950838838e+02 2.761292585776302531e+02 2.749087258860027418e+02 2.767206611564489549e+02
2.822143909968952471e+02 2.820828301425633526e+02 2.805547915813603481e+02 2.822105031995385502e+02
2.704780531052232959e+02 2.707516525987434761e+02 2.696643019188359744e+02 2.705339554716653652e+02
2.672718321383788407e+02 2.672971986896327508e+02 2.662320395803891415e+02 2.668648644376416428e+02
2.624171781393961851e+02 2.620968342962594306e+02 2.627143197800513690e+02 2.625247284706618416e+02
2.897951353996652415e+02 2.900309425388422824e+02 2.893510722845874170e+02 2.903244239099747119e+02
2.647501166804850072e+02 2.655900915593550167e+02 2.650924259689442692e+02 2.654468507689368835e+02
2.905622263300115833e+02 2.902743186464185214e+02 2.891179412502916648e+02 2.897712308367613900e+02
2.641049657718613730e+02 2.647543535204391674e+02 2.648493921149182597e+02 2.640812608398238126e+02
2.696245877154322557e+02 2.694646857581776658e+02 2.694948416457217490e+02 2.695662554523665904e+02
2.615409884211030089e+02 2.618158038903868601e+02 2.618997633400549034e+02 2.613758561996856997e+02
2.672055962550840036e+02 2.673481967122515925e+02 2.662646658057486775e+02 2.676158397727047600e+02
2.909568181364772954e+02 2.911137497707670718e+02 2.908123757114939849e+02 2.911710957939247919e+02
2.656427426494357178e+02 2.663315475486351147e+02 2.647574371344197175e+02 2.662953184730001226e+02
2.707459137060951093e+02 2.709983786970342408e+02 2.698978601407492306e+02 2.716535086384693614e+02
3.006363024193685192e+02 3.006670595489832749e+02 3.004621176914512262e+02 3.003456931068715221e+02
2.721995727244979548e+02 2.726760045453858083e+02 2.723048881078195791e+02 2.724230202106507477e+02
2.643177998842608645e+02 2.651404718787493380e+02 2.642562480736048656e+02 2.644972550892273944e+02
2.754606913104449291e+02 2.758257776241585475e+02 2.737716184408845379e+02 2.759788250832387462e+02
2.652894580961275324e+02 2.647763025658312586e+02 2.654155598013949771e+02 2.650680706079494939e+02
2.750107830025152111e+02 2.752496429916553211e+02 2.737079604034589124e+02 2.757724754649314036e+02
2.738266084438168377e+02 2.750237220687830586e+02 2.731008460007237773e+02 2.744739807777245915e+02
2.607339147799114585e+02 2.605611683950744464e+02 2.605469571641534685e+02 2.606872887667273631e+02
2.663946808047783179e+02 2.674173452796665060e+02 2.658095736345159708e+02 2.670999962994326324e+02
2.780095022726985121e+02 2.777663525641766000e+02 2.765062997859529332e+02 2.782879549123006768e+02
2.826418856193783427e+02 2.837078569641168997e+02 2.813120126878602036e+02 2.831478018705525983e+02
2.667683595477070639e+02 2.663425584825080819e+02 2.670233108910476858e+02 2.670160880894780462e+02
2.751436613326375209e+02 2.752572937443834462e+02 2.743228021205287632e+02 2.753728313132180574e+02
2.986582063982687032e+02 2.993805549485965116e+02 2.975423690610630842e+02 2.977529118923212081e+02
2.678270351378324108e+02 2.670822085460876565e+02 2.676953489513859381e+02 2.667172542574497811e+02
2.632671084985251468e+02 2.636960839136875734e+02 2.632046914417867924e+02 2.634117828033100750e+02
2.913654850002605485e+02 2.917110549196381726e+02 2.903907177644013586e+02 2.907568000890474877e+02
2.791971228297722973e+02 2.793936860658650971e+02 2.777611499714998899e+02 2.795298201233517261e+02
2.591164909411044732e+02 2.593368334124411376e+02 2.592548906225472365e+02 2.591356699838419217e+02
2.772919194083382308e+02 2.779203280429356369e+02 2.766940884460889833e+02 2.776627143057559124e+02
2.579816197330377463e+02 2.586463653150963182e+02 2.573211181495368010e+02 2.581276258962183761e+02
2.659752113615268172e+02 2.659475763838327111e+02 2.657628806740914911e+02 2.655848739736068183e+02
2.692899376915661378e+02 2.695030328803396173e+02 2.692140519659178040e+02 2.689894046658365596e+02
2.651260285384677218e+02 2.647623805498520255e+02 2.655185410035132918e+02 2.646066965977129257e+02
2.715836003233008000e+02 2.717929289559121457e+02 2.698741389273491222e+02 2.714509291975097085e+02
2.653481254806596326e+02 2.646807393262334358e+02 2.657867788476618784e+02 2.648779092142238483e+02
2.635471478323881342e+02 2.633591244273718530e+02 2.635852938588798224e+02 2.631612827124048977e+02
2.811252610419074927e+02 2.810109438946738010e+02 2.800612988874198663e+02 2.809826363537393945e+02
2.639500406565039725e+02 2.636002269467552992e+02 2.639046573648907383e+02 2.637812332701224136e+02
2.739732700490387742e+02 2.744482605905231480e+02 2.731243490875020825e+02 2.748102318956554200e+02
2.850508781784262737e+02 2.850004071284542988e+02 2.837023940282613239e+02 2.850096238775146276e+02
2.637079851172435951e+02 2.640131595707388215e+02 2.636481299716054991e+02 2.634347550416962918e+02
2.645533135260567974e+02 2.651588863270380330e+02 2.653700302391660557e+02 2.649922185004637072e+02
2.745825734615233387e+02 2.751749446270911790e+02 2.737544842155109563e+02 2.752302575474638502e+02
2.861758239156655463e+02 2.860337230863447644e+02 2.846646601375321666e+02 2.862019327149188257e+02
2.715027055453469416e+02 2.712584263477293689e+02 2.705457362585111127e+02 2.716516107019367041e+02
2.792311516348395344e+02 2.800469667043322488e+02 2.778069930581859239e+02 2.796836024000101588e+02
2.608536462560660425e+02 2.605673751249765360e+02 2.608113125818020421e+02 2.605728416405107168e+02
2.770060512528787626e+02 2.767230522269121025e+02 2.747546151249549666e+02 2.772061151717540497e+02
2.827238609853113758e+02 2.834775606721056533e+02 2.820797152911379158e+02 2.832857013611009620e+02
2.651285516734330940e+02 2.649131306800464927e+02 2.645844267245926744e+02 2.656815830214571292e+02
2.823530297532208237e+02 2.821920207865581460e+02 2.803248110027468556e+02 2.819133942541952251e+02
2.749508389956747010e+02 2.753735837602890797e+02 2.741420932602984522e+02 2.752175964500239047e+02
2.728946584194553111e+02 2.732381572561147891e+02 2.726128070008899158e+02 2.730613579637684438e+02
2.671297144391633651e+02 2.670619935797769813e+02 2.663760306386670322e+02 2.666770403654304005e+02
2.664529017373930628e+02 2.665525533556432833e+02 2.669828661091719937e+02 2.665496732119403873e+02
2.638674446088918444e+02 2.635881384239560816e+02 2.637875385139224704e+02 2.642893884693015707e+02
2.662913332674521598e+02 2.661417702412649078e+02 2.662685298231662046e+02 2.655368839882566476e+02
2.893913260107688075e+02 2.897082661418979228e+02 2.872763135770570102e+02 2.888280210819659146e+02
2.778688247100749322e+02 2.788203894907686617e+02 2.772248583842135758e+02 2.784582269210405912e+02
2.608680246729644523e+02 2.606758611265853460e+02 2.607824646537266631e+02 2.606636254763765237e+02
2.655520393075956349e+02 2.658272553667175089e+02 2.646764407350122497e+02 2.655751163036425169e+02
2.705653718232578058e+02 2.702485161702452956e+02 2.700743223028344460e+02 2.708301364715991326e+02
2.699067344551205565e+02 2.695901596452897593e+02 2.701956232458760496e+02 2.703111555277324669e+02
2.825405745299281079e+02 2.819685370779433811e+02 2.810488838612753852e+02 2.821404009308949981e+02
2.754381057960811177e+02 2.756559657993524297e+02 2.749503750292844302e+02 2.757763917021258635e+02
3.017583652123553861e+02 3.017871316276070388e+02 3.012172780734308049e+02 3.012060704498588848e+02
2.637674559950834805e+02 2.637515642058615981e+02 2.648700324165435518e+02 2.637439429246190912e+02
2.634595886371594702e+02 2.632013543669770002e+02 2.635180442125348463e+02 2.632016547257555317e+02
2.743030881157454246e+02 2.737551377672307353e+02 2.737561125035271630e+02 2.741695323113830796e+02
2.686283718861901093e+02 2.689047584362298835e+02 2.671554302413945834e+02 2.689638513343514887e+02
2.736304482592499312e+02 2.739127311258831128e+02 2.733982605842179510e+02 2.739554586869015225e+02
2.872352153525272911e+02 2.876309614551411187e+02 2.855654473383775098e+02 2.876802643600448164e+02
2.623260593377521559e+02 2.628120331715770703e+02 2.627961402099974180e+02 2.628619765588439350e+02
2.585479410924713761e+02 2.587711287076086819e+02 2.586023033016962813e+02 2.592763768546288929e+02
2.669879341725676341e+02 2.674134699417166416e+02 2.661978617693848719e+02 2.680659263972225403e+02
2.733336004357857973e+02 2.737160640708433448e+02 2.724226210188276696e+02 2.730939040825810480e+02
2.646756090612076378e+02 2.648467827144018543e+02 2.648719751212258302e+02 2.647418412237551593e+02
2.665064425312403387e+02 2.670545765671241156e+02 2.662646929460806859e+02 2.676874766903690102e+02
2.830644933451619067e+02 2.832147129481425054e+02 2.808513238181318457e+02 2.832485370353651319e+02
2.632736077243764612e+02 2.640263271647358465e+02 2.630588847135835522e+02 2.641405935808389813e+02
2.921275447026288816e+02 2.924446149892038989e+02 2.915546540117393874e+02 2.925100680020349841e+02
2.601038855869185795e+02 2.602109313013830274e+02 2.596937350069358672e+02 2.605729425072453864e+02
2.696560380292898458e+02 2.699833020983523397e+02 2.691917077198427251e+02 2.696241082831427889e+02
2.623064018013600389e+02 2.622179015320770077e+02 2.620252170322771690e+02 2.622793156014822102e+02
2.736103168117350037e+02 2.732782350276935404e+02 2.726543214501885473e+02 2.736020614453560711e+02
2.616514536079655500e+02 2.619133826903018303e+02 2.609261206154623665e+02 2.619047758003814579e+02
2.710714148791760749e+02 2.714117072979443037e+02 2.697949310356512456e+02 2.715762514186980638e+02
2.725983476443846030e+02 2.730122767479505228e+02 2.714855451238859700e+02 2.729191333783354025e+02
2.712399678337807813e+02 2.716715095026469839e+02 2.714124471694607337e+02 2.704396078890918034e+02
2.854400712487199598e+02 2.866035342310098599e+02 2.841227141800691243e+02 2.855417759171525063e+02
2.688686516034084093e+02 2.690559666450179748e+02 2.688258061758580766e+02 2.686353825203683527e+02
2.591438537415524479e+02 2.589723616021813086e+02 2.591694702487159816e+02 2.593575271738475863e+02
2.660996747593546274e+02 2.659110390017143004e+02 2.651368979544380409e+02 2.662160306851593532e+02
2.630103553797586073e+02 2.627890648903763235e+02 2.623977570417030165e+02 2.627359643313635047e+02
2.802799086341273664e+02 2.808136128223551395e+02 2.793740536315883105e+02 2.808024259687826998e+02
2.596772558970736782e+02 2.597891383505584031e+02 2.599160012052637967e+02 2.594769978392649250e+02
2.600544854781679760e+02 2.605105150986174749e+02 2.603037003550096529e+02 2.599529798973151742e+02
2.611740749109504236e+02 2.611616354920203662e+02 2.610826817541293963e+02 2.612010867807122168e+02
2.819429531807979288e+02 2.824921495742237312e+02 2.802260772606595083e+02 2.825211348746047975e+02
3.058757059018068958e+02 3.057267696112098179e+02 3.052675503328354125e+02 3.042129699770393358e+02
2.630458164508382310e+02 2.636995030640362074e+02 2.627724596202423868e+02 2.636025124698372792e+02
2.689431822378573429e+02 2.693434822360175076e+02 2.687142429235015015e+02 2.687647160389043961e+02
2.559345101492316985e+02 2.558227369674347642e+02 2.561930177050466568e+02 2.563542263426128329e+02
2.615315469214977497e+02 2.618993962295393771e+02 2.619858966928191535e+02 2.617304866451701173e+02
2.627900954745223885e+02 2.633748454291231837e+02 2.627974101605445298e+02 2.632039091788429346e+02
2.737637998299916262e+02 2.743197933559365538e+02 2.729855196496932308e+02 2.742639756763712171e+02
2.671195203927380817e+02 2.668331652699145025e+02 2.665965467548471111e+02 2.669810944814324785e+02
2.633300236153206129e+02 2.634453777075224252e+02 2.631912390286616414e+02 2.634467524009327235e+02
2.612523816901178861e+02 2.619724320147536787e+02 2.607902332433025663e+02 2.621167308936772429e+02
2.642136819879642076e+02 2.645048008676218956e+02 2.641625781700075777e+02 2.641227804228316245e+02
2.657321319249893463e+02 2.655066543603875857e+02 2.648410692172842573e+02 2.656169537329510604e+02
2.734606171016790199e+02 2.729568230146297765e+02 2.718898642814181699e+02 2.741919713837701806e+02
2.625475757603053921e+02 2.627084968420418818e+02 2.629265397816902237e+02 2.625814225386599787e+02
2.672530127643854598e+02 2.666867163687906555e+02 2.666104031078343155e+02 2.670561681943280519e+02
2.640858093690405326e+02 2.636338839918875578e+02 2.635864998056309219e+02 2.637155138788768340e+02
2.708411534633015094e+02 2.716462264897005525e+02 2.699191332605560092e+02 2.714220378199862012e+02
2.649527989610619443e+02 2.644909261334854023e+02 2.642439054014789690e+02 2.644542549486754410e+02
2.717009906758555644e+02 2.720060341901730681e+02 2.711025105737545573e+02 2.723114823307386700e+02
2.698877307385242261e+02 2.697067991406002534e+02 2.696591669379388918e+02 2.690628833433735849e+02
2.599317061380147038e+02 2.595934935715480378e+02 2.597787006216981354e+02 2.600698455386482806e+02
2.716714201958733383e+02 2.709852085431461433e+02 2.700591127485570837e+02 2.709460327275709233e+02
2.640754650202023868e+02 2.646068586060404755e+02 2.639827068311687412e+02 2.644258333976770245e+02
2.628792796615296083e+02 2.627208700214326882e+02 2.624399651943388676e+02 2.627369904127178870e+02
2.629716559807074532e+02 2.628289482603100282e+02 2.626568231170269883e+02 2.629590563187226735e+02
2.646595941315945311e+02 2.647040786939336385e+02 2.654564851917530746e+02 2.649018116158671319e+02
2.804076574522830470e+02 2.814374858515295728e+02 2.798263293705807655e+02 2.812027067981788946e+02
2.921984674288926840e+02 2.919944811393257282e+02 2.912558626272171409e+02 2.918760508249752661e+02
2.781983330259894274e+02 2.786051445463482423e+02 2.769188469856647430e+02 2.779358065293342861e+02
2.799172506513351095e+02 2.804426530753387965e+02 2.794250932856302825e+02 2.803093922178059643e+02
2.652801209076446867e+02 2.649249161314953085e+02 2.653792619096482781e+02 2.649923984467867513e+02
2.653533635291813653e+02 2.660376002765938779e+02 2.654480224530255441e+02 2.661766390340977182e+02
2.701355382014104407e+02 2.704986487074414185e+02 2.704582501020202585e+02 2.699708358216207102e+02
2.684624072964738275e+02 2.678427845072633318e+02 2.683984755921312626e+02 2.679038374085956775e+02
2.632900405673443061e+02 2.631560471543827475e+02 2.629775024794762999e+02 2.627581639701490417e+02
2.680936594484495004e+02 2.686059015380138248e+02 2.671446993290909973e+02 2.683537847852538221e+02
2.895685114724466303e+02 2.894717430776158267e+02 2.878251762365948707e+02 2.886709723366544722e+02
2.622079579422158986e+02 2.624751889492675900e+02 2.622286037051468952e+02 2.626607086481039914e+02
2.653777863137156032e+02 2.653081633835064963e+02 2.658587049243558340e+02 2.656067593479327797e+02
3.015743790297549367e+02 3.012733989709678326e+02 3.015825501747229964e+02 3.003189951059339364e+02
2.687889404955175792e+02 2.689739094378732602e+02 2.688157803093075700e+02 2.692580207418225200e+02
2.678361278773710410e+02 2.675150825016490899e+02 2.663809698888805428e+02 2.672549962445526148e+02
2.740340165904625565e+02 2.741521759467780157e+02 2.725901493479784108e+02 2.744307398683839665e+02
2.660972287545841937e+02 2.655108526902234303e+02 2.656456812588314733e+02 2.660877486359776753e+02
2.658148296873621348e+02 2.660501770018288994e+02 2.659940669946815319e+02 2.652714756508793812e+02
2.668069514097901447e+02 2.670319851526197112e+02 2.666033890274263172e+02 2.666335259125988273e+02
2.605546845062121974e+02 2.609751211283479506e+02 2.604663476948363723e+02 2.607659091720435640e+02
2.675710137925377694e+02 2.677045847743152081e+02 2.669339000296706104e+02 2.679244218300243574e+02
2.684432447797155419e+02 2.690547483318543982e+02 2.682854946343959455e+02 2.688243278527558573e+02
2.675899955104523542e+02 2.670340899899103988e+02 2.677657760393381068e+02 2.668983813044848716e+02
2.600423680989646869e+02 2.603257259995606319e+02 2.597509742589702455e+02 2.599143605075188930e+02
2.672997138655614435e+02 2.672782850622039632e+02 2.665084291962321004e+02 2.673448557619497024e+02
2.697072535530028290e+02 2.701896690213367265e+02 2.693050159932577685e+02 2.696799311338607481e+02
3.087421061292286026e+02 3.071537596310861886e+02 3.080106835158493936e+02 3.065965652049715686e+02
2.650535642851045282e+02 2.651148857572817406e+02 2.642089954343468889e+02 2.654196902136628751e+02
2.900408077980020494e+02 2.901327334318787052e+02 2.887655606866991889e+02 2.902401541519512307e+02
2.732678117118996965e+02 2.730437269991406311e+02 2.723156578398069882e+02 2.737480291669413646e+02
2.780939655562389703e+02 2.789677751298316366e+02 2.776947318667739637e+02 2.783670211625395154e+02
2.628728878200759596e+02 2.628919551937382266e+02 2.619452925722180794e+02 2.632875766294629329e+02
2.767864391026328121e+02 2.773622048886723519e+02 2.759681103664073021e+02 2.770722828646330527e+02
2.745104579720277229e+02 2.746385924601806323e+02 2.733382680210926310e+02 2.743998079090568467e+02
2.614501625894455401e+02 2.621437039309285524e+02 2.620439384862730208e+02 2.619335004795579493e+02
2.623516342685889526e+02 2.623294460993280381e+02 2.618398572226300871e+02 2.624337366855296523e+02
2.641294755628676398e+02 2.636487254723206775e+02 2.642850833785372515e+02 2.640666166509901700e+02
2.668150225242666238e+02 2.665696129051929688e+02 2.648007778175630165e+02 2.670057803051763585e+02
2.628755845123801009e+02 2.633871408446040618e+02 2.636168142039460349e+02 2.633565259277628456e+02
2.650877489868556722e+02 2.656660757687049568e+02 2.655069505177130509e+02 2.658344209837549101e+02
2.973210815585381397e+02 2.978083537613266003e+02 2.966481263847288687e+02 2.978761750450800037e+02
2.644866036982967898e+02 2.649244802778385406e+02 2.637375968778337096e+02 2.649435968428318233e+02
2.621179733468878226e+02 2.619301859212784507e+02 2.622966956963563234e+02 2.623414072071334999e+02
2.768185865249092785e+02 2.771480146949601249e+02 2.768323892747629316e+02 2.769773191884408448e+02
2.587931559032251130e+02 2.589007833589691927e+02 2.580136291987598725e+02 2.589103412163963753e+02
2.962804080244605984e+02 2.970790655649975065e+02 2.957759360075892801e+02 2.967557226355731359e+02
2.667894466298964744e+02 2.665765548341673252e+02 2.661034830123980441e+02 2.667752935859947456e+02
2.637472934313734072e+02 2.641796344518544402e+02 2.639273154195554412e+02 2.637420795436494245e+02
2.675105378185684799e+02 2.670710960305172534e+02 2.678660456911924257e+02 2.670180887843076221e+02
2.588745630626326033e+02 2.590215943932726077e+02 2.584041394694066867e+02 2.594923996040025713e+02
2.616379319663816432e+02 2.615543931034739558e+02 2.616972833870759700e+02 2.618772645140778650e+02
2.693511574673508449e+02 2.699758783961631821e+02 2.689074504019972096e+02 2.698171721837275641e+02
2.685569310868899606e+02 2.685326740302583630e+02 2.680605011342904049e+02 2.683249575448163000e+02
2.778639902464938700e+02 2.779081202984589822e+02 2.761037123871853964e+02 2.780259525321962428e+02
2.647357978578832558e+02 2.643739624076900441e+02 2.639113742766962218e+02 2.646245393931995977e+02
2.633693003165593609e+02 2.630340992419626787e+02 2.634443035367467019e+02 2.622229524343528624e+02
2.673433562322264834e+02 2.676699484541791207e+02 2.674863325626351411e+02 2.674576172139009032e+02
3.036000955581354219e+02 3.030170385676269120e+02 3.032797537991967260e+02 3.025935994413868002e+02
2.691388383181731569e+02 2.687382868215558460e+02 2.683475826947031919e+02 2.694794205363203901e+02
2.831034764044448480e+02 2.833823977782040515e+02 2.815598374003780577e+02 2.834690564167643174e+02
2.676427801406751996e+02 2.668568859655017036e+02 2.680821781083385531e+02 2.677591629696737527e+02
2.657213056887743505e+02 2.662061070387889004e+02 2.658214022747623062e+02 2.655364526269660246e+02
2.721779246316869489e+02 2.721845110750091408e+02 2.704981865166120656e+02 2.727421187332129193e+02
2.643850053931012098e+02 2.645897936480978387e+02 2.645951242638074632e+02 2.645351061614054515e+02
2.676724821492612705e+02 2.682115049110725522e+02 2.675273347988351702e+02 2.677412889581572131e+02
2.677330759689616571e+02 2.681071869112951163e+02 2.686094429738882923e+02 2.678703206838294477e+02
2.652591287540376470e+02 2.657351440754028999e+02 2.651818796059727106e+02 2.650418979958526506e+02
2.789180930199523800e+02 2.792665951737300247e+02 2.774879550077283170e+02 2.794522803582165693e+02
2.670303650696404816e+02 2.672038189919211391e+02 2.667546643437303260e+02 2.666883380318366790e+02
2.665713777877086272e+02 2.649406493313069291e+02 2.662809228801242512e+02 2.659863041037316407e+02
2.703172376846034695e+02 2.709747955365067469e+02 2.685601352232308727e+02 2.715618011362761877e+02
2.613445771458839317e+02 2.611552873326568829e+02 2.607560345906406383e+02 2.614766469723307978e+02
2.664713631752911169e+02 2.663277666768296399e+02 2.667369844670372458e+02 2.666391250556997079e+02
2.597197683562591237e+02 2.594672651957795892e+02 2.594099099714953240e+02 2.598398002935022078e+02
2.602816670493044171e+02 2.601236161822461099e+02 2.598187200866391890e+02 2.604952868308944289e+02
2.638854243171606981e+02 2.639530297568704214e+02 2.637263377611897681e+02 2.641939263815352774e+02
2.913786061502402731e+02 2.909948331448453018e+02 2.892944423470093511e+02 2.908243867739884649e+02
2.686250338702939189e+02 2.686066354085511421e+02 2.689063582682388756e+02 2.690059799690056934e+02
2.621814981728169300e+02 2.619200380938261787e+02 2.629196123788809700e+02 2.621317594136492630e+02
2.650055582164922043e+02 2.663849418573515209e+02 2.654385194864110531e+02 2.659215865595059540e+02
2.612658092514444093e+02 2.617848511901050301e+02 2.608259225797038994e+02 2.616606163190024290e+02
2.703068599734976942e+02 2.707938626330406464e+02 2.696650262923475907e+02 2.705207864502374377e+02
2.977281519950088864e+02 2.976593788710748640e+02 2.975244123682923600e+02 2.977865826670462184e+02
2.626104834487326229e+02 2.625290625047504705e+02 2.623178835062973917e+02 2.626813953782568660e+02
2.876606502427923147e+02 2.874416772608003043e+02 2.852106049723361707e+02 2.874040048359428283e+02
2.641839330738586114e+02 2.640364633911273131e+02 2.639416206695570395e+02 2.638067818013720398e+02
2.665676390714359059e+02 2.663378717243587062e+02 2.658344224377551654e+02 2.664445294729297871e+02
2.668436686685642485e+02 2.669755251979332797e+02 2.664466391639892890e+02 2.669553715498834663e+02
2.610487272498003222e+02 2.612200103391223251e+02 2.609885859407205544e+02 2.615965664610280896e+02
2.692122134073197230e+02 2.692461687454538719e+02 2.695428701874471926e+02 2.695513764750900805e+02
2.630969940897841752e+02 2.632359880383243080e+02 2.629416741199817125e+02 2.626614750959854518e+02
2.672289648603957630e+02 2.661104514225486355e+02 2.664876677415165318e+02 2.666737183417723713e+02
2.630846791408734475e+02 2.633193756352555965e+02 2.631340257765837691e+02 2.627436329447344292e+02
2.640279171006259844e+02 2.636352624819881498e+02 2.635170627676693016e+02 2.640657426787932422e+02
2.812064572654614381e+02 2.811568949750304682e+02 2.807788665226441935e+02 2.812319197888957660e+02
2.646418687455574741e+02 2.649528273568711256e+02 2.649018941565288969e+02 2.646779068555091499e+02
2.863816593627726661e+02 2.870879633799219164e+02 2.852843970528224986e+02 2.863096461537440973e+02
2.931481226801221851e+02 2.933485547226005679e+02 2.922484720361240420e+02 2.930416671022740616e+02
2.685682138390974956e+02 2.688350785302183112e+02 2.684226406832891030e+02 2.691004396815260407e+02
2.669646653355232502e+02 2.664250650694742149e+02 2.667722118565797587e+02 2.666706506652618600e+02
2.736864137661201539e+02 2.735847614017459932e+02 2.731104926543564488e+02 2.734991717257574919e+02
2.617844038358764465e+02 2.617398046036909705e+02 2.618203080306738570e+02 2.620166987068736262e+02
2.655257102525106916e+02 2.657167458895332857e+02 2.656024306838200459e+02 2.661966626068309552e+02
2.907239040153274914e+02 2.911500379468714073e+02 2.894574201828907007e+02 2.900301076996672691e+02
2.887637631565464744e+02 2.895089163634200418e+02 2.877134515922401192e+02 2.898235599494209396e+02
2.925858971046871488e+02 2.931228574005446603e+02 2.918643906261260099e+02 2.930985798305121648e+02
2.997706808742421458e+02 3.004070700429280123e+02 2.994607771723493670e+02 3.002919430924709445e+02
3.056291590991909857e+02 3.041494077742359536e+02 3.042931790141643660e+02 3.040427457209339082e+02
2.634757357124530586e+02 2.634933433991197376e+02 2.627885630719629830e+02 2.632495932380014665e+02
2.776964917330022331e+02 2.777036492696245205e+02 2.770142156015500632e+02 2.777377413691885408e+02
2.747453211880303456e+02 2.749376238803817500e+02 2.744282781315724833e+02 2.747168844017802485e+02
2.720063272906419343e+02 2.729861210278291992e+02 2.724831650952424411e+02 2.720159164153237157e+02
2.726027200981071132e+02 2.725912359325188845e+02 2.719139510703548694e+02 2.724229765150706157e+02
2.716743460599387276e+02 2.707071668334124865e+02 2.697876570971413912e+02 2.715470678689731585e+02
2.636758790525128120e+02 2.638019317330434887e+02 2.632903985758095473e+02 2.639555857631119125e+02
2.647922207165930786e+02 2.643735681020925199e+02 2.640668774568983395e+02 2.650797408224710807e+02
2.641489445781285781e+02 2.638997479203998182e+02 2.641892850283426242e+02 2.636078671095274899e+02
2.630593799161824222e+02 2.628406458884203403e+02 2.628665219911400754e+02 2.629462943691615351e+02
2.672673723861959729e+02 2.674737786211108528e+02 2.666878727848191488e+02 2.673307336064053175e+02
2.807751603877640605e+02 2.805678255637851635e+02 2.786177893803414918e+02 2.805445086865847770e+02
3.029493720278011892e+02 3.039998853492182320e+02 3.026668843777680422e+02 3.020873475549238947e+02
2.633210929601513044e+02 2.639589858784820535e+02 2.631073292878346592e+02 2.634133203170487150e+02
2.801052046487988605e+02 2.801986280210958853e+02 2.782105735053791022e+02 2.808910118674157275e+02
2.964384730218691288e+02 2.955359712980763334e+02 2.951974542230717020e+02 2.952134407313175188e+02
2.754612663369695724e+02 2.758245942872150067e+02 2.744874123278038383e+02 2.763152389713719685e+02
2.596430353044799517e+02 2.595384040169375339e+02 2.596669835787448619e+02 2.594142617987848780e+02
2.796485402302914736e+02 2.795764765319242997e+02 2.780487036858095280e+02 2.796810708743317377e+02
2.628595429904337379e+02 2.630927773836224333e+02 2.632171166083722937e+02 2.633516881108027405e+02
2.632839587949313795e+02 2.629914752080503035e+02 2.627701579565267593e+02 2.629929038891436335e+02
2.651406774730870666e+02 2.649673394696581568e+02 2.643765468398261760e+02 2.651718805798375911e+02
2.649051589108227631e+02 2.655853334935035264e+02 2.646085941100248533e+02 2.656132878631536869e+02
2.745427471798262218e+02 2.750625588433995858e+02 2.733663483715286020e+02 2.748418568808727400e+02
2.651071724785461470e+02 2.654135221358424701e+02 2.654714931117665060e+02 2.658213718877544238e+02
2.650403022068507539e+02 2.652582007590196440e+02 2.650508518591219627e+02 2.644729891925092033e+02
2.641276776340337165e+02 2.639742402034487441e+02 2.645781922606118997e+02 2.642549933353799929e+02
2.640482885804992748e+02 2.639481019842922365e+02 2.640706350060879686e+02 2.642303551982947170e+02
2.671524686290129580e+02 2.674808078177708239e+02 2.667527432547878448e+02 2.672474694194272615e+02
2.963141754815666786e+02 2.963828322359734670e+02 2.950322237710844320e+02 2.960495801755285470e+02
2.666764681521765965e+02 2.672007253910455233e+02 2.664404866063878785e+02 2.670715075879417100e+02
2.688515631947721545e+02 2.684855718362975381e+02 2.687450943008539070e+02 2.685290467205978189e+02
2.615316632486712365e+02 2.615466169515136130e+02 2.615614685606746548e+02 2.615537534294242619e+02
2.952121900593394344e+02 2.951577095418128351e+02 2.935858349553429889e+02 2.949029849769235057e+02
2.819841629841915847e+02 2.825145342257632137e+02 2.811848952358836300e+02 2.822145907957338977e+02
2.905398780260609897e+02 2.908266696767306030e+02 2.886640312351626676e+02 2.890129520515444028e+02
2.924020066358247618e+02 2.924154180987575273e+02 2.910742861480197803e+02 2.918970071476484236e+02
2.649688072530452132e+02 2.647109724227995002e+02 2.646189146897834803e+02 2.644265668323043315e+02
2.670579849046558820e+02 2.665933504879436668e+02 2.661111657296253838e+02 2.666705186636352209e+02
2.979358017572664039e+02 2.983888911049363060e+02 2.967798990061282893e+02 2.974593387249084913e+02
2.753373615640857679e+02 2.756603666141390363e+02 2.740620476052388881e+02 2.756093916135764061e+02
2.613810309248933095e+02 2.619738579644264860e+02 2.613760243032275525e+02 2.620049530547522068e+02
2.742490022458990211e+02 2.742405903153533586e+02 2.745600080748926644e+02 2.747747777512745984e+02
2.832369077039901413e+02 2.834433026955039736e+02 2.811561704848255090e+02 2.826481841917661200e+02
2.915062234664245011e+02 2.925020513401994435e+02 2.903697743957464468e+02 2.926411816445198610e+02
2.685048979731760141e+02 2.684940675009015649e+02 2.676637561301195092e+02 2.690812125327934723e+02
2.689874121288435163e+02 2.686631547086614660e+02 2.687081447441881323e+02 2.691410123030116779e+02
2.661591845155881515e+02 2.663232145570270291e+02 2.662151378777560353e+02 2.663701102566658960e+02
2.654254826886983665e+02 2.644952434364552118e+02 2.653343882670075118e+02 2.654280502121179097e+02
2.956715422052754434e+02 2.968154350796208405e+02 2.947904690499133267e+02 2.961248639887468812e+02
2.716656101365475706e+02 2.709890932362014837e+02 2.705357503857352413e+02 2.714108783549932014e+02
2.646522179449121950e+02 2.649006262721434268e+02 2.648997925096964536e+02 2.644199007351822388e+02
2.699589044984363682e+02 2.699299614353571428e+02 2.687963959837103403e+02 2.696479936146998284e+02
2.746955975847860714e+02 2.754196503053439073e+02 2.742440980703323703e+02 2.756241694699619416e+02
2.834365455730218741e+02 2.839851611050689257e+02 2.820818629489382943e+02 2.835791848839415366e+02
2.615135350904898246e+02 2.610062266933902038e+02 2.616883787814919060e+02 2.609313511713848470e+02
2.656587849592187922e+02 2.662347950146503877e+02 2.658967325536760882e+02 2.661680922362574506e+02
2.710383750189292869e+02 2.708167122131233668e+02 2.698936544022252519e+02 2.711692331512417695e+02
2.768775476491433665e+02 2.769737027571451335e+02 2.756784236778758554e+02 2.764716114456327887e+02
2.778960404047874704e+02 2.780611630122029965e+02 2.772408469993815743e+02 2.774538013209917722e+02
2.611393240618881464e+02 2.611553751824314986e+02 2.610090483374537484e+02 2.609114275779049876e+02
3.109231034835850096e+02 3.107033246256147550e+02 3.116083624677152670e+02 3.100916154446912856e+02
2.635596118629021589e+02 2.638734019481125870e+02 2.640168477997813739e+02 2.638824084265028773e+02
2.638235395018815552e+02 2.638552385046521636e+02 2.632959067168109186e+02 2.644091522441303823e+02
2.588988102150977397e+02 2.586471841669751939e+02 2.579941190463711109e+02 2.587036849531282314e+02
2.572870437024949979e+02 2.574832566168952894e+02 2.571045689412025581e+02 2.573985200324460152e+02
2.673505868498531299e+02 2.680680638955701056e+02 2.665242716011401853e+02 2.680020352016005631e+02
2.598820068636222231e+02 2.597006681424066983e+02 2.597385713967221363e+02 2.597954188246711169e+02
2.657345799727962117e+02 2.657543955424486626e+02 2.646654487068364574e+02 2.661125201587096285e+02
2.675043226350820760e+02 2.675700883269836368e+02 2.671271380987579391e+02 2.675162944980277757e+02
2.747309061679684987e+02 2.747788161501574109e+02 2.727399955461812056e+02 2.745534452073592888e+02
2.654050692412313879e+02 2.650495593787813959e+02 2.647033645607295966e+02 2.651704850761055923e+02
2.780065741673072921e+02 2.783618018690860936e+02 2.764111518210203258e+02 2.776606149449139025e+02
2.725150327075393761e+02 2.723475367433038627e+02 2.713473454681345061e+02 2.725477168813785624e+02
2.647877834321041632e+02 2.640602797378690525e+02 2.637617982181802176e+02 2.644218196026067744e+02
2.671314710828336842e+02 2.672103392620988984e+02 2.669407269246598844e+02 2.672943061747800471e+02
2.739564500126343773e+02 2.745172379183752014e+02 2.732706920042758725e+02 2.746102618531832036e+02
2.637773822348468684e+02 2.635895076803535062e+02 2.638867228046557898e+02 2.636102594112809356e+02
2.666577397492949899e+02 2.667958689555564433e+02 2.656662262889151975e+02 2.666253234606837736e+02
2.681847695767731921e+02 2.677640953430359900e+02 2.678966887715749863e+02 2.685758325543321803e+02
2.960281245036144924e+02 2.960264572991965224e+02 2.947073950915810769e+02 2.949176851320806918e+02
2.637258548117442274e+02 2.639625540220486073e+02 2.641575869013668125e+02 2.643510808225761366e+02
2.648265497775267932e+02 2.647207581138040382e+02 2.648056629278006540e+02 2.649235154552429776e+02
2.704557000213799256e+02 2.715187688631902461e+02 2.705008582781374002e+02 2.706745944892482498e+02
2.938928404168225939e+02 2.942759050706038693e+02 2.929922565377163437e+02 2.933561806921090920e+02
