2.506557114147423704e+02 2.505518631761247264e+02 2.495602464419329181e+02 2.514520340819316573e+02
2.474123883026275905e+02 2.476007179469517610e+02 2.465096509854344049e+02 2.482466778211051803e+02
2.465765770126589302e+02 2.469293925235504616e+02 2.461658469504178015e+02 2.471962204750459762e+02
2.487931465866502379e+02 2.487397802812402574e+02 2.483455012151547123e+02 2.496716252977583679e+02
2.496834510178836695e+02 2.499116427811897552e+02 2.489152849848886433e+02 2.503624775820586024e+02
2.629362520761849851e+02 2.632621332461955603e+02 2.596716220635690888e+02 2.643833126535521387e+02
2.476436942185063401e+02 2.476125211796751557e+02 2.472372264201294456e+02 2.480524459444896763e+02
2.478297004411840589e+02 2.479250172149534990e+02 2.471293654482444140e+02 2.478108837969403453e+02
2.500411040102662525e+02 2.503925812556676647e+02 2.494339505495365756e+02 2.505239380358801213e+02
2.530758474752919938e+02 2.534938556503944085e+02 2.523026426148365715e+02 2.535035777738384866e+02
2.709555324641207790e+02 2.717638733094208305e+02 2.678483692508320928e+02 2.719896397496552254e+02
2.491603319211112364e+02 2.490538657335930850e+02 2.478626666209810878e+02 2.498547443284256531e+02
2.526158367021812126e+02 2.529432934340767929e+02 2.506228490569994563e+02 2.533728543962398589e+02
2.686210229963811571e+02 2.696049605011053245e+02 2.664398630195411783e+02 2.692888513000160629e+02
2.516138765827325301e+02 2.519172972021579824e+02 2.508098273494011039e+02 2.523607711053000742e+02
2.485612893166963886e+02 2.491487939032324732e+02 2.473850645932360806e+02 2.491945895735862280e+02
2.523716444698827672e+02 2.517704472894647267e+02 2.511054365320168529e+02 2.522535370951493121e+02
2.547952410063728337e+02 2.535976769866517202e+02 2.522754460917254562e+02 2.550262936403184426e+02
2.498000110799593187e+02 2.499845792042605979e+02 2.477924710175527707e+02 2.498414037301424742e+02
2.685281782089776357e+02 2.686979210449734410e+02 2.654572656103678696e+02 2.685151718160437895e+02
2.715986736160448913e+02 2.718829436850020329e+02 2.702357706103404666e+02 2.728314523270315703e+02
2.465619031155111429e+02 2.464480342565073840e+02 2.464560384787925784e+02 2.471091794818119638e+02
2.720916712287472592e+02 2.716530734426731328e+02 2.701907655459013995e+02 2.733257099706927988e+02
2.485185296994740156e+02 2.490819971695167965e+02 2.479150368447793653e+02 2.495602638818646426e+02
2.500651843925834612e+02 2.501284317841623306e+02 2.492937717189098237e+02 2.512540691885994590e+02
2.496683524966670120e+02 2.495505031950456782e+02 2.487667749317522521e+02 2.504493276115811966e+02
2.731829148484679308e+02 2.750075083864017529e+02 2.723773885482964374e+02 2.746436287933103699e+02
2.875286398839636490e+02 2.882141067697030508e+02 2.849645133259879799e+02 2.877689040991800766e+02
2.579406558190281658e+02 2.584400827907460325e+02 2.562098663185358305e+02 2.585326963726087683e+02
2.532454946231030419e+02 2.545729047664763129e+02 2.517818946186472431e+02 2.549110040912976274e+02
2.479288122505447802e+02 2.482541615788064746e+02 2.478231277241706039e+02 2.480355734619749342e+02
2.473513705555162687e+02 2.476092125132194894e+02 2.464415972104058028e+02 2.474729494235905065e+02
2.935522244187002912e+02 2.934092950331794896e+02 2.918508445143153267e+02 2.918122245070017584e+02
2.687293152534092542e+02 2.689761807691666604e+02 2.653486591285158056e+02 2.685087573857940129e+02
2.908221173024081736e+02 2.916658960933141884e+02 2.903099327803369647e+02 2.908144589227093775e+02
2.669367988917596790e+02 2.675826638666939630e+02 2.649991508182056918e+02 2.687127778691954063e+02
2.542313617576304807e+02 2.545845338284021011e+02 2.531493655065609403e+02 2.555297167182134785e+02
2.472127685419405907e+02 2.478345200951441996e+02 2.471947615039934476e+02 2.480460460777697165e+02
2.555238694375482851e+02 2.554603157494431969e+02 2.530749911108068488e+02 2.559013387726070050e+02
2.530728123289067923e+02 2.532917065125047316e+02 2.525007415742792034e+02 2.536423417835672751e+02
2.557599865217496529e+02 2.568854893838157523e+02 2.540780372046631896e+02 2.575149181650863852e+02
2.484800487611466906e+02 2.484677601027887590e+02 2.483378266115544193e+02 2.490856033133316032e+02
2.843152824658404256e+02 2.846844698245412815e+02 2.823426285172153030e+02 2.845621956711890448e+02
2.480339594855104792e+02 2.484933452970145993e+02 2.471609409939653688e+02 2.487273467471707136e+02
2.498925660154470165e+02 2.498164345962081825e+02 2.484067632856614694e+02 2.510425574834696931e+02
2.495170287207685078e+02 2.494557548322595437e+02 2.492361317467160688e+02 2.496466857728674427e+02
2.466393324093133685e+02 2.471231244329914034e+02 2.452481215272737813e+02 2.476634915774365879e+02
2.458560012264544241e+02 2.459989343383029166e+02 2.447661295998090054e+02 2.460494694629862238e+02
2.663486106066731622e+02 2.670740425665627527e+02 2.625702837482072596e+02 2.663785968825416717e+02
2.577823426406444582e+02 2.580139772541099319e+02 2.556683583539371227e+02 2.579073199230310820e+02
2.709065669692541860e+02 2.732913480712746264e+02 2.690640848439570050e+02 2.729663519949356214e+02
2.586429835824120573e+02 2.594523020749716693e+02 2.565069413274891303e+02 2.605815523941691367e+02
2.905947566637554473e+02 2.902682452672586919e+02 2.883667668378881785e+02 2.900274589748366907e+02
2.656558206812355252e+02 2.663573548147945189e+02 2.629438741035500016e+02 2.668358315555570925e+02
2.474969149482730302e+02 2.475850242367726821e+02 2.474779075334531058e+02 2.478699489041972299e+02
2.936092882556366703e+02 2.942038593526154386e+02 2.912849568322862410e+02 2.935491561077824372e+02
2.643998217765783352e+02 2.650414056965805116e+02 2.622751133055112973e+02 2.651728322095897283e+02
2.474267881414931196e+02 2.474924772415154450e+02 2.462718504674386679e+02 2.479669924745412857e+02
2.443200506652596005e+02 2.445615662248676188e+02 2.438253153964632816e+02 2.452803177560869585e+02
2.509585411431034458e+02 2.511845201708538582e+02 2.498561965318854448e+02 2.518346426395067397e+02
2.648940390834017080e+02 2.637923253964562491e+02 2.619781071821534510e+02 2.662019589035731997e+02
2.433695113249885367e+02 2.433214656399376281e+02 2.431670787687866948e+02 2.445139265556539669e+02
2.859848574944031725e+02 2.856817463645683119e+02 2.821673145401583156e+02 2.860343654905859694e+02
2.540511512389983579e+02 2.548213781501477797e+02 2.527769376337215306e+02 2.540247337164389876e+02
2.550593602156819486e+02 2.557058021555717460e+02 2.543670160512875782e+02 2.557903710606665868e+02
2.807020750276831222e+02 2.820849870174586158e+02 2.782257065173486126e+02 2.812562274381755287e+02
2.519353201839967653e+02 2.521411838977633124e+02 2.508450208015559610e+02 2.523025030513430238e+02
2.471121833896824285e+02 2.471123018485411080e+02 2.461250160156954507e+02 2.473380876547999492e+02
2.485502410553129380e+02 2.488680148295119920e+02 2.481841287499390205e+02 2.493106088656976453e+02
2.468534313603657040e+02 2.465548753541223448e+02 2.458320274586649532e+02 2.469167480947814965e+02
2.457429858220619394e+02 2.458442249976534129e+02 2.454522362462537046e+02 2.464036321665563491e+02
2.459418473889818415e+02 2.463303278831776595e+02 2.457046392301678850e+02 2.462526087751178352e+02
2.463643114237265479e+02 2.465314280080318952e+02 2.463032416120928474e+02 2.471197174676304940e+02
2.647993753425981822e+02 2.644806801544917221e+02 2.624532678314693044e+02 2.648939893918355324e+02
2.526861654019994035e+02 2.528963230706015963e+02 2.515422104490052106e+02 2.533885125606921918e+02
2.570352486697876770e+02 2.575146368516626012e+02 2.559261279796613167e+02 2.581905708943457398e+02
2.760593111853353889e+02 2.765668919242590391e+02 2.741868172827545322e+02 2.772928602935934350e+02
2.465770789075611731e+02 2.471321500470939725e+02 2.458368951160786082e+02 2.473631888628544857e+02
2.488771268534854926e+02 2.493657199206194832e+02 2.486817238165783408e+02 2.491357930402928389e+02
2.529983269172051905e+02 2.536427069763543329e+02 2.510527865805862007e+02 2.536495222373179956e+02
2.920709928668525208e+02 2.914640565773945013e+02 2.899144518221508520e+02 2.922511228705814688e+02
2.552457374579979898e+02 2.561791242351981737e+02 2.544298529012911558e+02 2.568933934697884069e+02
2.498835078276346167e+02 2.497454088992182903e+02 2.495561254747612452e+02 2.505760873326857734e+02
2.795200563308937944e+02 2.810731396157061681e+02 2.771759864892526934e+02 2.810906695186679372e+02
2.479281307466306146e+02 2.478969224899247195e+02 2.470506540287268251e+02 2.480501050327674193e+02
2.526620213568443205e+02 2.528756126122958108e+02 2.516159705676639078e+02 2.533529399683638133e+02
2.563043009524478748e+02 2.559346523823052166e+02 2.547931093762828993e+02 2.568379779060444434e+02
2.480295384323119947e+02 2.487726424193564867e+02 2.471376793373551948e+02 2.484761676711214307e+02
2.660842912919237051e+02 2.652411885696806166e+02 2.622041069016480037e+02 2.673829945300594204e+02
2.537469635697650290e+02 2.550224673795233912e+02 2.526006439100767125e+02 2.554601571854342410e+02
2.745132980378349430e+02 2.759513690800333734e+02 2.722276138933619904e+02 2.760345715085628626e+02
2.495610758369382154e+02 2.504193933470923810e+02 2.487335268313500194e+02 2.504449886884447665e+02
2.479382191880459629e+02 2.481008704242995861e+02 2.468850565099705250e+02 2.483527215877843162e+02
2.544441122083215703e+02 2.552828685681998593e+02 2.530931745335378764e+02 2.560405449826184281e+02
2.632919662919038046e+02 2.617731097816266015e+02 2.609891751633697936e+02 2.634392752646573967e+02
2.617403575011924772e+02 2.611454262272511073e+02 2.588867792018303362e+02 2.621048088783293792e+02
2.696973524291794888e+02 2.706658587116178865e+02 2.676611255516148731e+02 2.708016114706004487e+02
2.506819141069622106e+02 2.510952129330373737e+02 2.500078622508076478e+02 2.513360892462008565e+02
2.529634349815900407e+02 2.533089061677514735e+02 2.520022765091790973e+02 2.533865563198633595e+02
2.584937129563917324e+02 2.591323304991542500e+02 2.568485599916596129e+02 2.591377201019395216e+02
2.451917851556552250e+02 2.455857265515789436e+02 2.442547129427821062e+02 2.456672473661051868e+02
2.830132998410034588e+02 2.845247213404793456e+02 2.810592013664456772e+02 2.847118648596012918e+02
2.636875514540578820e+02 2.650240669234439110e+02 2.613930602040676945e+02 2.653436102671461754e+02
2.533064038704619350e+02 2.541721982936726079e+02 2.518644067920411374e+02 2.535617452240866214e+02
2.538739621165133258e+02 2.547404385482485907e+02 2.531045856589513789e+02 2.551571342135346754e+02
2.496569692698559777e+02 2.503426819477317906e+02 2.493165669409087002e+02 2.504457604856771411e+02
2.533558037283630142e+02 2.536335446529212447e+02 2.523934957286325584e+02 2.543483369692368967e+02
2.497643699786942193e+02 2.503486266152811197e+02 2.489128498272037291e+02 2.514638780697722780e+02
2.460767186468538625e+02 2.455485067844339255e+02 2.448494605383716873e+02 2.464879940886980307e+02
2.462182592807197921e+02 2.460394193850863189e+02 2.454885326704174133e+02 2.468628063582890206e+02
2.477073209008127321e+02 2.482038915659392160e+02 2.469200618171118435e+02 2.481759119149648427e+02
2.818313919875434976e+02 2.825304099695848095e+02 2.795319742074063356e+02 2.832118528507173210e+02
2.585529601910116071e+02 2.586754238546967031e+02 2.563542364664600655e+02 2.592048816137644849e+02
2.643307488303951232e+02 2.652052108350665662e+02 2.617131450403227291e+02 2.655556810545340909e+02
2.566737485468323143e+02 2.570478838522283240e+02 2.543269605444650097e+02 2.576308947915054546e+02
2.909986373646125912e+02 2.915777560338398189e+02 2.889717801207754064e+02 2.906453840588680464e+02
2.614688738857606154e+02 2.619911923788818058e+02 2.592794151256329087e+02 2.615024907679788839e+02
2.837067494293751224e+02 2.840916709831494131e+02 2.818679910386585448e+02 2.847070700511757764e+02
2.464279234717583904e+02 2.469674612122187511e+02 2.457592324877184922e+02 2.467700220724615008e+02
2.770778685323771242e+02 2.765365083532138897e+02 2.737532671984015451e+02 2.775289909527743930e+02
2.481451517377880975e+02 2.482195754134325512e+02 2.475747898460873557e+02 2.486194745837202333e+02
2.504558211397491334e+02 2.507087545836360789e+02 2.496278007274141828e+02 2.510201535828846033e+02
2.480539430199052333e+02 2.480815062682435723e+02 2.471444520479371647e+02 2.483884585745099685e+02
2.445539229531866283e+02 2.451015742012584155e+02 2.445014547115676748e+02 2.449632014888617562e+02
2.544543717744156197e+02 2.557338516552411818e+02 2.537267706724951211e+02 2.555981990347148098e+02
2.521092557583784526e+02 2.520320342246506584e+02 2.509901191493739816e+02 2.531891376258044488e+02
2.519703346957544170e+02 2.523756906227777961e+02 2.511027026166237874e+02 2.523954129189345110e+02
2.948209663011513157e+02 2.946102705417153516e+02 2.931741706556363738e+02 2.944095021267472703e+02
2.672051674703283197e+02 2.690924270551416839e+02 2.658988826701141761e+02 2.679818348502660115e+02
2.490005170267984909e+02 2.490155429929912998e+02 2.482937087789253496e+02 2.493655944800348436e+02
2.723831126974111498e+02 2.729103879189709687e+02 2.677948696527447510e+02 2.733487005658035400e+02
2.517403712429213272e+02 2.523880758577429049e+02 2.510693836557676661e+02 2.525836798909869003e+02
2.567995069444832552e+02 2.583078751458847933e+02 2.556943049542868494e+02 2.580599294039512870e+02
2.501437298147178581e+02 2.503065816170226299e+02 2.492384452656941676e+02 2.501704576744228063e+02
2.457912893391886087e+02 2.456131569998277087e+02 2.446779086703245412e+02 2.464370057061032924e+02
2.554669645094571706e+02 2.556622975821874206e+02 2.540026054464728986e+02 2.566907159770104272e+02
2.479613864123905103e+02 2.478986258604799389e+02 2.471137867268723767e+02 2.480573637292613967e+02
2.530627123206250246e+02 2.528707741608859862e+02 2.517914174872402100e+02 2.539571702917081097e+02
2.491368428994447868e+02 2.492084413690429869e+02 2.487786938722221066e+02 2.498650118830216798e+02
2.479414714740373995e+02 2.484728727209927399e+02 2.475016375126367620e+02 2.485321027994274630e+02
2.454686574938083936e+02 2.459885736151814797e+02 2.452551290854360388e+02 2.463230557647867158e+02
2.568682745308356061e+02 2.578398821651325648e+02 2.548141275250780780e+02 2.579187916178136106e+02
2.506415928511349023e+02 2.512780383190940370e+02 2.502721532479879443e+02 2.525123655955772222e+02
2.456265265326241263e+02 2.456436773016655195e+02 2.447801341467115890e+02 2.459369473696298769e+02
2.522346682290771867e+02 2.530320388804568381e+02 2.513844492629107492e+02 2.540814412105074211e+02
2.733198018729987098e+02 2.746432940629933910e+02 2.699957574426420592e+02 2.742827915602823623e+02
2.500739653492171612e+02 2.507832707441957325e+02 2.493173625147839800e+02 2.507507276937321024e+02
2.459314188745851482e+02 2.460142611379183677e+02 2.455649336877151825e+02 2.466909094228322488e+02
2.511138182517013036e+02 2.511054593722543302e+02 2.494402577468672462e+02 2.517577457532643734e+02
2.500779092888755031e+02 2.496478544388512546e+02 2.488595205347807564e+02 2.505970078036235691e+02
2.523204662762947805e+02 2.529905844273598063e+02 2.515442299438427369e+02 2.532817737542303576e+02
2.539086348327996348e+02 2.540077252443499845e+02 2.526919824290082204e+02 2.542434109654466283e+02
2.759349609071256282e+02 2.771392379827474315e+02 2.744772446429232104e+02 2.772441026803318209e+02
2.833503177876430073e+02 2.838524034511992795e+02 2.792832123711920076e+02 2.838171026354398805e+02
2.571292253938996168e+02 2.573842415645854658e+02 2.560729814998192069e+02 2.576462159183461722e+02
2.766175138063256895e+02 2.791291670455566418e+02 2.749048605203637408e+02 2.772920777307405160e+02
2.673717576130789553e+02 2.678688143346699917e+02 2.645902960995088620e+02 2.673672778416416804e+02
2.648279991865357488e+02 2.648630388851544808e+02 2.620342591942072090e+02 2.660770264268332994e+02
2.492135276769400321e+02 2.497337414034603569e+02 2.489318597019888273e+02 2.498156456767140412e+02
2.477068232857434964e+02 2.483114279011649330e+02 2.472781915386086666e+02 2.488582703905720166e+02
2.504468437316117786e+02 2.510185874173834009e+02 2.496407637344631212e+02 2.512779901591397334e+02
2.484204459822605600e+02 2.490474674731555069e+02 2.478867065327479224e+02 2.486971566067797141e+02
2.499048820910347217e+02 2.500893637401476610e+02 2.492875593033349162e+02 2.514968351922072713e+02
2.565395845496994411e+02 2.566876402408826721e+02 2.548813656534502741e+02 2.571462240326778215e+02
2.507466705520035646e+02 2.513389227189964288e+02 2.505054286678882818e+02 2.509414294935683358e+02
2.516662349425525917e+02 2.526430055630752634e+02 2.507409364751694341e+02 2.533585003479309705e+02
2.467201688942527369e+02 2.471336378167152361e+02 2.460294452808333574e+02 2.471276692296128488e+02
2.501959831866955426e+02 2.502620483306187111e+02 2.494892371792928429e+02 2.503380170234595425e+02
2.520565222247055885e+02 2.525220525446655984e+02 2.517035994059960728e+02 2.532789656903985076e+02
2.560672812174144042e+02 2.565361140764592278e+02 2.542914067165586971e+02 2.568908225485944854e+02
2.505938994289102482e+02 2.511854006204602001e+02 2.496943804934905984e+02 2.518581476593352306e+02
2.494862731797934146e+02 2.498726476258071614e+02 2.487780634939805111e+02 2.499275376163389240e+02
2.518439321904127439e+02 2.516552235332637224e+02 2.509873276711270478e+02 2.525816238652841719e+02
2.585103621852338733e+02 2.584982063026785113e+02 2.562306541176530459e+02 2.592237110285758490e+02
2.463783376824777065e+02 2.463994359583081177e+02 2.461833293303701566e+02 2.468317241256089574e+02
2.532439276767085801e+02 2.537577856295421839e+02 2.525900646892800125e+02 2.542494187715689122e+02
2.500207102311245535e+02 2.498644910739490399e+02 2.495355148941873438e+02 2.503263227317520716e+02
2.551846720984404442e+02 2.552979889859134062e+02 2.536851709013276945e+02 2.560222077520402308e+02
2.488986515017553529e+02 2.488604756057178236e+02 2.484294548334196122e+02 2.499368473234588635e+02
2.650830940800451003e+02 2.645057331116855721e+02 2.624407114861242007e+02 2.661034130330013454e+02
2.541433099775094604e+02 2.546408581950938981e+02 2.524166063556479003e+02 2.554161940767997976e+02
2.826380056059855406e+02 2.834438123422070817e+02 2.800846076237040165e+02 2.831183575259781264e+02
2.879806524415072317e+02 2.892921136683615941e+02 2.856693944307604625e+02 2.883226134701226329e+02
2.489629611312108182e+02 2.489094998943604935e+02 2.479438724370360774e+02 2.494625239096481835e+02
2.496594502359797900e+02 2.493590031795905020e+02 2.491520469448649635e+02 2.504537565429596100e+02
2.457388174323613441e+02 2.450996013670465175e+02 2.448364865135768298e+02 2.459322415030934224e+02
2.464031651265197524e+02 2.461449053815402692e+02 2.447808583587730880e+02 2.468074584970645731e+02
2.460293190813975741e+02 2.463722461271442228e+02 2.454376737742620946e+02 2.467182465038250143e+02
2.893032380083300268e+02 2.891897105386013891e+02 2.858855714034458515e+02 2.885320919642480249e+02
2.898505422211592872e+02 2.913492554938100625e+02 2.874499049026661055e+02 2.883463380734776251e+02
2.465918411351863995e+02 2.466601142928818149e+02 2.464440071569778752e+02 2.474101355153379416e+02
2.605837622495046730e+02 2.612851736052866158e+02 2.588955738617401039e+02 2.616642992872298237e+02
2.453591281080716158e+02 2.455948638423451769e+02 2.447618820202997654e+02 2.458205813285087231e+02
2.506631743254115463e+02 2.508791479258148058e+02 2.491866824050351283e+02 2.518358908142384678e+02
2.830595104048924782e+02 2.837202066186448519e+02 2.799774232156877929e+02 2.824693043264617813e+02
2.494908418435146871e+02 2.496746761699830017e+02 2.491035270176683412e+02 2.502591791605777019e+02
2.553140226552504544e+02 2.557049284744384465e+02 2.529727959505129604e+02 2.565413722466102513e+02
2.705095185545932281e+02 2.719447469419421282e+02 2.676828330338445880e+02 2.721322490832318408e+02
2.496402867615223613e+02 2.496330711825736728e+02 2.489022756149017255e+02 2.497239018731438307e+02
2.492650669022358727e+02 2.489677148371008570e+02 2.482595257630065362e+02 2.496905958809231834e+02
2.457413633601700838e+02 2.456197447760536932e+02 2.450449289215170268e+02 2.465266756443629674e+02
2.630783336872522113e+02 2.644856357565341796e+02 2.605816728691571029e+02 2.641749671246580533e+02
2.919364295745399431e+02 2.916515686600599793e+02 2.898533751187127905e+02 2.916934925704524062e+02
2.544666686322312046e+02 2.547538874411607424e+02 2.532992486292392300e+02 2.548718737227570443e+02
2.742021952647753551e+02 2.746628200832810762e+02 2.711555680456555137e+02 2.757533968797797002e+02
2.483664138208221743e+02 2.480346260248610406e+02 2.473675068542639224e+02 2.488867253817877270e+02
2.582652235495837658e+02 2.594886096510819016e+02 2.558892754540125054e+02 2.601272080010795094e+02
2.512982190205750612e+02 2.513079069021223404e+02 2.502375802661663045e+02 2.516886972403282527e+02
2.871576270955983432e+02 2.876201697088585547e+02 2.848658689405933728e+02 2.865206737938517563e+02
2.462013256174567175e+02 2.460597735683701899e+02 2.454811388015002365e+02 2.467518893617309175e+02
2.469368329048602675e+02 2.471380289586621757e+02 2.466856202555913455e+02 2.475431137990902073e+02
2.505704513889553198e+02 2.513296920026582768e+02 2.495248878926383043e+02 2.516415186135244824e+02
2.500856461122965584e+02 2.503342950552176660e+02 2.484228947149228475e+02 2.509927170569403643e+02
2.598322348246264824e+02 2.611579592283430884e+02 2.581333347447996402e+02 2.619670030404059844e+02
2.655358192901745724e+02 2.655475625791765992e+02 2.621759065952652463e+02 2.663236971268065645e+02
2.602194474163000564e+02 2.612717219018595074e+02 2.580981295179868766e+02 2.616779945690399245e+02
2.750748890973985681e+02 2.755402305186158856e+02 2.722894765641473782e+02 2.749460001487244085e+02
2.812679455059479778e+02 2.831655666762857777e+02 2.787742969668293540e+02 2.824535941245615049e+02
2.471401877706343839e+02 2.478190592147009852e+02 2.470548813360627491e+02 2.478571450649537269e+02
2.487257554895276428e+02 2.493284960159165280e+02 2.484295626545758182e+02 2.494650508660905928e+02
2.463308701654364654e+02 2.466575579923255646e+02 2.454949447209886557e+02 2.470987370658299369e+02
2.452199734988136299e+02 2.450282886702019596e+02 2.443326005840687003e+02 2.459834451799653436e+02
2.481814687495010787e+02 2.482146648331516019e+02 2.472522438971409997e+02 2.490220032783666397e+02
2.522351785726935987e+02 2.533436825742199687e+02 2.516139132596721879e+02 2.536720117469872662e+02
2.517166419702080304e+02 2.516481830237366921e+02 2.503994764104662352e+02 2.515000952092792659e+02
2.705794737128658198e+02 2.713409061704546730e+02 2.673126736112119488e+02 2.718753034584187276e+02
2.712918337552601997e+02 2.725520703918397203e+02 2.693742235305445547e+02 2.722516676133393503e+02
2.478126689219046170e+02 2.480524458827582919e+02 2.456619717822845246e+02 2.490212562518486266e+02
2.519967698509520631e+02 2.522170022422683928e+02 2.501582362081258850e+02 2.527147060360138369e+02
2.863003251131809179e+02 2.871244681884653573e+02 2.842785968007544284e+02 2.864880588720013179e+02
2.474856845258919691e+02 2.473826671865723483e+02 2.470574830963800821e+02 2.478700104956523091e+02
2.563563627320378941e+02 2.570360138638502008e+02 2.547247449181186880e+02 2.575649062070943387e+02
2.497883253543031401e+02 2.490813870892437762e+02 2.485568251271067197e+02 2.499815130053089263e+02
2.465338809280058285e+02 2.470869256811456012e+02 2.459580495086644305e+02 2.472712459018969753e+02
2.535857724657390975e+02 2.537251894697895409e+02 2.526044690564438895e+02 2.543031205663660899e+02
2.528731532139677256e+02 2.527474487136584287e+02 2.512321396590706684e+02 2.536653654201609811e+02
2.539259969359057436e+02 2.548872469270742727e+02 2.526685980426889557e+02 2.555240042159755660e+02
2.493923015476121918e+02 2.489988115572683682e+02 2.487872581345802416e+02 2.496377595335308115e+02
2.506482917880396144e+02 2.505344945491647195e+02 2.502441696033911001e+02 2.508210533423267350e+02
2.477784297327135619e+02 2.484741274194900313e+02 2.470488033695185095e+02 2.487266553380337086e+02
2.481855632468311796e+02 2.484819456795884207e+02 2.478454428268405536e+02 2.489917319252543848e+02
2.543676292963015158e+02 2.542139229960653211e+02 2.528654009902680286e+02 2.552647429550409015e+02
2.535855260351978302e+02 2.550100927739341330e+02 2.520797394058546672e+02 2.553233206112574862e+02
2.500542368232982540e+02 2.503982363262540787e+02 2.494525747029787794e+02 2.511670791007100547e+02
2.480099764660631934e+02 2.480766754780801477e+02 2.471560509747770880e+02 2.485742607985594645e+02
2.532873357288478644e+02 2.539192601965127380e+02 2.524584804394059745e+02 2.544458380848987531e+02
2.569173548034498253e+02 2.572622872679871762e+02 2.552835752627053694e+02 2.573223846020634369e+02
2.475659859506928342e+02 2.475872628579558921e+02 2.467612651869494584e+02 2.479487316436702713e+02
2.584313869393178038e+02 2.587924463447045014e+02 2.571293114912170381e+02 2.592644857029234799e+02
2.491643406954843272e+02 2.487965086030563953e+02 2.486874250933027497e+02 2.494659079377186117e+02
2.637592381785050861e+02 2.640408702288282825e+02 2.614847898264300170e+02 2.644961552624297951e+02
2.477538744460939313e+02 2.484429468873721589e+02 2.479240583981121233e+02 2.483285187169375376e+02
2.674675011736115948e+02 2.691488194690163027e+02 2.651618383303039650e+02 2.685709613124558928e+02
2.469956290320041603e+02 2.473574496861735952e+02 2.463065947960077438e+02 2.479523370885098075e+02
2.838856344813461305e+02 2.833033002858120426e+02 2.818460260196465015e+02 2.848840497304532278e+02
2.450128718061277766e+02 2.453985390724421336e+02 2.442044351291559110e+02 2.458426817359744234e+02
2.883117057547968898e+02 2.884652469271820792e+02 2.854263152931187051e+02 2.881480882475540284e+02
2.556420925411633505e+02 2.562494517023754383e+02 2.543502815082021868e+02 2.572324520337061813e+02
2.436859804073858129e+02 2.437607609878992889e+02 2.429333186581457653e+02 2.441464229779250559e+02
2.488661827651860960e+02 2.492655907841824501e+02 2.490280115260322873e+02 2.501889809101654691e+02
2.494956146275117703e+02 2.496217698803345684e+02 2.487556842727196909e+02 2.497258411092076642e+02
2.693282158524833108e+02 2.692668053750764443e+02 2.658169097971072574e+02 2.700885130962238350e+02
2.943576998003970857e+02 2.943334138019897068e+02 2.921872525519296460e+02 2.947359675302650430e+02
2.508927300736337713e+02 2.509599848367141703e+02 2.501947657301412846e+02 2.516947242075157192e+02
2.654628210944227931e+02 2.652005762048457882e+02 2.624451850658439298e+02 2.666595567257430162e+02
2.553968408940833115e+02 2.559611885880282216e+02 2.542430070345594117e+02 2.565923214923906812e+02
2.580434878389042979e+02 2.586568781296103339e+02 2.575469933584791988e+02 2.599878503953401037e+02
2.549034151210059065e+02 2.554516314059373485e+02 2.530810904283682135e+02 2.557795321372535113e+02
2.538783934967963489e+02 2.542300366105283160e+02 2.521444441081035563e+02 2.558480256567950164e+02
2.547973811949290166e+02 2.545465994611515441e+02 2.520709026253479408e+02 2.554387794280905553e+02
2.477233685705847392e+02 2.483172586894909557e+02 2.476603197163993002e+02 2.487631342343537995e+02
2.483505236246749064e+02 2.489128526986185648e+02 2.480017033852358850e+02 2.490591643719659487e+02
2.524925132302467432e+02 2.526771323918383416e+02 2.509014124635476151e+02 2.533876161111824388e+02
2.577583378820173152e+02 2.583485293057037211e+02 2.549207565923555308e+02 2.602029843586190623e+02
2.837520872658599842e+02 2.851573015780672904e+02 2.816030012594251843e+02 2.844486079505476823e+02
2.483117696531105594e+02 2.482017394752991208e+02 2.479245326053109864e+02 2.486940287939286804e+02
2.589060268214038842e+02 2.594212210360753943e+02 2.568886157345891661e+02 2.592971481655481512e+02
2.576108353911608901e+02 2.575130030824096252e+02 2.554583902721500124e+02 2.587308840648457817e+02
2.459601222126664481e+02 2.462489089328358602e+02 2.459979621656792972e+02 2.463148635704100116e+02
2.502988455792299760e+02 2.510365471137480426e+02 2.500731948043441264e+02 2.518690745393687109e+02
2.485883899048588717e+02 2.485201541932225098e+02 2.477136099529628268e+02 2.490405897449186057e+02
2.436197747167625209e+02 2.443788084715562263e+02 2.432996618786201850e+02 2.444987439477559406e+02
2.789527924496428568e+02 2.794309642762302133e+02 2.748470395093895036e+02 2.783669188496210154e+02
2.533888103737358790e+02 2.540417832529903137e+02 2.521946447489387424e+02 2.542382329704375650e+02
2.631094926467139885e+02 2.637135236641125289e+02 2.612678420399049628e+02 2.643675808175261750e+02
2.491782384142250635e+02 2.496378029889336574e+02 2.487963773181974716e+02 2.500182972233445753e+02
2.519629708970786339e+02 2.523671460133729170e+02 2.512588417741201283e+02 2.532292248736863485e+02
2.506454722915433422e+02 2.505373530756511968e+02 2.492684456453845883e+02 2.506458840905213208e+02
2.464639289801386894e+02 2.466400055618121314e+02 2.456907868218523276e+02 2.468264074318501855e+02
2.498280663790332596e+02 2.498068197280602476e+02 2.492235127714697285e+02 2.506193087977860898e+02
2.552341023140430991e+02 2.556126934752646207e+02 2.527922811823592326e+02 2.564610055486896272e+02
2.484663794558398422e+02 2.484543409222659989e+02 2.477272856673180286e+02 2.490627128073546146e+02
2.919424855603722335e+02 2.912990552970662748e+02 2.883957833567977787e+02 2.910116510850222653e+02
2.707185308443630447e+02 2.699720245525321616e+02 2.676574791046778614e+02 2.707154669442972477e+02
2.478044090668405772e+02 2.480429300103127730e+02 2.472535000131908589e+02 2.486347479205853972e+02
2.554018482705910174e+02 2.555303245682734712e+02 2.541630438615958099e+02 2.563681060367981104e+02
2.666411761351170071e+02 2.675443540613632649e+02 2.651768740574906360e+02 2.683929963209431548e+02
2.504101558787261013e+02 2.505082242500112670e+02 2.493041065610077567e+02 2.517593311000587164e+02
2.486296671937076042e+02 2.487829010895416388e+02 2.486823376021847309e+02 2.490807432830997641e+02
2.862994356286218363e+02 2.877484642951311571e+02 2.850671332212824609e+02 2.885753009552162212e+02
2.486853733252615655e+02 2.490083491629838193e+02 2.485699339761420674e+02 2.492250798770709252e+02
2.533885995699868658e+02 2.543365875052419085e+02 2.524194472156027018e+02 2.549521823045676001e+02
2.561074785961433236e+02 2.567994243400308392e+02 2.549809070292588444e+02 2.573874072709725738e+02
2.469845718091900437e+02 2.469302015123382716e+02 2.460955058340347819e+02 2.469173825516796796e+02
2.651543003071258227e+02 2.649322298114756222e+02 2.626907066203223735e+02 2.663711081126897398e+02
2.605418213664087261e+02 2.616291552046109814e+02 2.596672480323296668e+02 2.622898075965863427e+02
2.671408576190235067e+02 2.678580728796732728e+02 2.643686651875580083e+02 2.681214362909609008e+02
2.625750968782377299e+02 2.639170355322217461e+02 2.604254415578629391e+02 2.639896649826047792e+02
2.596702059467470463e+02 2.604990271411545564e+02 2.579230201858372880e+02 2.616103167471543429e+02
2.487760580743307059e+02 2.486827527766366757e+02 2.478611769720436087e+02 2.494974997509572745e+02
2.587536247519464609e+02 2.601241745449379437e+02 2.567478530282768929e+02 2.594082840040923656e+02
2.582034064974673129e+02 2.582548817575766975e+02 2.564646866273654382e+02 2.593508636730805392e+02
2.462234601718609497e+02 2.457866489624707071e+02 2.453041236707964572e+02 2.467800091686366670e+02
2.624405173837226357e+02 2.645152877371893396e+02 2.603916828866252899e+02 2.647214512637863209e+02
2.537419052249115907e+02 2.536962650058910640e+02 2.523789383902407621e+02 2.548328131610215621e+02
2.476059483615673855e+02 2.482864964372027146e+02 2.474643405739448951e+02 2.486841506847471521e+02
2.525493135747658755e+02 2.523240189157331486e+02 2.507048305624674640e+02 2.529952763018838198e+02
2.488733280467717748e+02 2.496841767845321556e+02 2.482661339076736908e+02 2.492686811507487619e+02
2.843580704159849688e+02 2.841496807456654778e+02 2.812391176766782337e+02 2.853745738240684773e+02
2.470419689613923708e+02 2.471181107971870574e+02 2.461366431779373443e+02 2.477567961935066023e+02
2.917241930006827033e+02 2.905486448305028375e+02 2.872982041955833665e+02 2.903005622198920719e+02
2.491761272369896005e+02 2.500923086391929644e+02 2.492411040838947827e+02 2.499318930986313489e+02
2.637447183600768312e+02 2.640580240241853289e+02 2.615106059249969803e+02 2.650005860235978616e+02
2.475036393370581891e+02 2.478198730730895818e+02 2.461489318358497940e+02 2.485308887361730967e+02
2.579374988289477528e+02 2.587347813293145009e+02 2.561140125070359659e+02 2.596893634482603943e+02
2.518902009218618332e+02 2.512221202565519889e+02 2.516131977736748127e+02 2.520160791982121395e+02
2.483176304216392509e+02 2.483215417718102174e+02 2.482312351331591174e+02 2.492031728701796283e+02
2.916942719125672170e+02 2.924439560078666318e+02 2.900223775239011843e+02 2.926354832416767522e+02
2.471573691999751645e+02 2.477654475128771026e+02 2.459393347602696736e+02 2.476236307902186127e+02
2.481073294198251915e+02 2.479699374901306896e+02 2.476676279917128340e+02 2.484231900749754516e+02
2.546013967632929109e+02 2.548528341086204136e+02 2.536078427016968249e+02 2.566721825039435316e+02
2.845541386373117234e+02 2.857101169237329259e+02 2.814829336884724285e+02 2.856743463203699207e+02
2.698522795598003654e+02 2.713294307659703009e+02 2.684314610286286893e+02 2.709328679246096954e+02
2.557360689875291371e+02 2.557145750782903519e+02 2.531770142068770610e+02 2.565042524467144176e+02
2.668670690867605799e+02 2.691630687188679758e+02 2.646534920875851071e+02 2.689533674143060580e+02
2.656339040970026986e+02 2.670033343537790529e+02 2.643969095155312630e+02 2.671012976808873987e+02
2.548290928251591652e+02 2.548887716843540829e+02 2.535530034929647059e+02 2.561497975397671780e+02
2.871881178004917956e+02 2.863068912836592972e+02 2.837412425748704550e+02 2.882536995146328422e+02
2.654222014772709031e+02 2.670880792329810447e+02 2.636109348964912442e+02 2.674129728016341119e+02
2.494401479939606645e+02 2.495074612293826419e+02 2.488291227286286187e+02 2.501385592202907162e+02
2.687947549027558694e+02 2.695133326594425398e+02 2.662200933069844382e+02 2.703471677157825184e+02
2.891256779432689541e+02 2.886199596840341997e+02 2.863950280543120925e+02 2.893602687929046056e+02
2.623188069221878322e+02 2.632821508440603679e+02 2.600556758997120141e+02 2.633816801859189809e+02
2.559272548996177363e+02 2.560124583995896614e+02 2.535567862729828619e+02 2.568320816032647258e+02
2.507627298354068444e+02 2.508554181907558984e+02 2.493416249294831459e+02 2.513948619993549016e+02
2.626894384348461813e+02 2.632341035436714378e+02 2.612718611490769831e+02 2.639253334411192782e+02
2.471697024982725566e+02 2.475681632601892943e+02 2.465084513259834864e+02 2.479686390347392830e+02
2.510073766387718877e+02 2.517418828919491034e+02 2.504918141150436668e+02 2.521052684011600604e+02
2.469293290522753352e+02 2.475703810062004777e+02 2.469458649497809120e+02 2.475013326763036901e+02
2.479152603844435419e+02 2.477638098101270998e+02 2.469245647346330657e+02 2.483199811679517097e+02
2.482258509167926377e+02 2.487190681324117634e+02 2.473290268719784137e+02 2.491969410484603884e+02
2.510273880032878253e+02 2.522831442026263176e+02 2.501483810748588326e+02 2.521688965336688852e+02
2.489068967974423003e+02 2.491854816925923330e+02 2.482657809884180722e+02 2.495842681646560095e+02
2.484740138007336157e+02 2.485337135027107820e+02 2.478342673768970030e+02 2.488474868596923955e+02
2.492577765572481496e+02 2.496222671355864406e+02 2.489547195034739389e+02 2.494749895270022080e+02
2.874545334807910422e+02 2.877463504063165942e+02 2.852819002002146362e+02 2.873879877924459834e+02
2.501702676386915130e+02 2.503951445407176095e+02 2.497370962390591842e+02 2.506654256920907358e+02
2.485514049832294177e+02 2.492191924292352212e+02 2.484435081650895256e+02 2.494806613011628542e+02
2.772188362591816713e+02 2.781686344401699102e+02 2.740328026524822462e+02 2.796827983312570041e+02
2.580636718655198365e+02 2.586137758018543309e+02 2.568751467273005460e+02 2.591117229099235715e+02
2.500942496057199378e+02 2.500053892398590847e+02 2.488406862203133016e+02 2.502706430669989288e+02
2.486348802619152139e+02 2.485810798678035951e+02 2.479443174125880489e+02 2.491467280243672349e+02
2.500674104110381393e+02 2.503220749927004647e+02 2.490158587816690954e+02 2.508341882841492634e+02
2.507763341591174822e+02 2.507107345477461138e+02 2.493994788579518911e+02 2.517015099826076892e+02
2.636292260744020837e+02 2.627241407408056943e+02 2.597044736161382161e+02 2.644080809876492708e+02
2.455467614867089026e+02 2.454435937583895111e+02 2.451664558356990256e+02 2.461256571355066001e+02
2.587836530555063632e+02 2.585351147084180639e+02 2.566152587419476276e+02 2.595389674061425467e+02
2.608512748922979654e+02 2.602525910664704725e+02 2.583004281488250058e+02 2.619652001677649764e+02
2.509278571338932977e+02 2.510704075856301642e+02 2.496836454212935621e+02 2.512483710575136513e+02
2.513240262976575536e+02 2.509418935291353137e+02 2.498394278301168185e+02 2.522115676641923585e+02
2.492959755942816003e+02 2.495686521597503997e+02 2.491296766448950848e+02 2.496523800955716581e+02
2.500466195136270073e+02 2.496260432960977198e+02 2.484061932975913010e+02 2.502722626251154168e+02
2.791118977146100519e+02 2.807376999183230737e+02 2.770754444613415899e+02 2.796263155593250076e+02
2.517607258962401318e+02 2.517775066108858084e+02 2.506579474926537046e+02 2.521227539428741125e+02
2.738500553232588004e+02 2.741634144473976562e+02 2.709408975326483073e+02 2.742421943964851607e+02
2.672785791976600080e+02 2.664207642174372381e+02 2.635799908305424992e+02 2.679066064576088024e+02
2.479621363059746955e+02 2.482432691548879973e+02 2.475547149430374816e+02 2.490246089923757609e+02
2.631084685092508266e+02 2.633540378144318197e+02 2.602939394039691479e+02 2.627410640632286345e+02
2.507121560699229406e+02 2.514619123749350251e+02 2.495336022776368452e+02 2.519358380171836131e+02
2.468765389661745928e+02 2.468119707380510306e+02 2.459007532581537987e+02 2.478437374220598315e+02
2.658666632854096861e+02 2.661208589366466981e+02 2.631106630234692147e+02 2.669636426747985070e+02
2.485737605520127431e+02 2.486449650617009866e+02 2.474893290715821479e+02 2.497091999303198122e+02
2.464878617317446015e+02 2.471017862370229921e+02 2.460475781294735498e+02 2.471940091063512455e+02
2.483019271355245223e+02 2.487225993789901395e+02 2.477477732598264595e+02 2.497998461126700249e+02
2.480943152294722154e+02 2.486571396871369473e+02 2.477131168673665513e+02 2.489591322714954345e+02
2.585455273073390572e+02 2.590880887223231070e+02 2.562456396945253800e+02 2.598554105904078710e+02
2.495877284825207312e+02 2.506937911153360119e+02 2.486383225191056852e+02 2.505388488750278384e+02
2.531921706543078869e+02 2.535454667988714164e+02 2.520271255636026240e+02 2.536705532976691586e+02
2.501708954252509045e+02 2.504132610312488509e+02 2.495233001933398782e+02 2.509739201964343636e+02
2.496827385879695669e+02 2.503275262830424879e+02 2.485499617763342712e+02 2.498580028561462143e+02
2.805178113121424985e+02 2.787869936963684268e+02 2.776504522642026700e+02 2.807577222049310990e+02
2.624376355531912850e+02 2.630913967072697801e+02 2.605077163558931375e+02 2.647029438991754660e+02
2.538110705015758697e+02 2.550232274535163697e+02 2.525827858435590940e+02 2.544265128895950738e+02
2.460323476142827417e+02 2.464884110214340751e+02 2.455058193277555745e+02 2.466850508157602064e+02
2.465699743563881725e+02 2.468134657446050255e+02 2.454785209757628479e+02 2.473823516276854662e+02
2.684005585131180283e+02 2.695169600760476101e+02 2.660499143352812439e+02 2.704980576772164227e+02
2.468835979328814858e+02 2.474597630450260795e+02 2.460343841575395629e+02 2.474321372575737144e+02
2.623921388445624530e+02 2.630514186025021104e+02 2.598150134848270341e+02 2.630729943078095516e+02
2.671916013897395032e+02 2.680728330347840256e+02 2.658395781724893254e+02 2.687751616972434476e+02
2.731261485598068930e+02 2.739950955387275258e+02 2.723000653633673664e+02 2.726622167872133105e+02
2.765888821471532992e+02 2.765671775379257724e+02 2.734598452940132916e+02 2.765851949723680150e+02
2.490180076471887958e+02 2.494672969357052921e+02 2.485286183805193332e+02 2.499816764517432830e+02
2.618805273883723999e+02 2.619781612712662877e+02 2.598652545540252277e+02 2.627720727952862489e+02
2.481150680888029001e+02 2.488093796070090207e+02 2.473946738617810013e+02 2.486464160274417736e+02
2.860440218645869663e+02 2.863752724442668978e+02 2.847990170110338113e+02 2.875816655913545219e+02
2.465239778851201891e+02 2.464391963847395175e+02 2.454099990246878633e+02 2.474308402614845193e+02
2.882965324991430407e+02 2.893589912626358114e+02 2.870117154634241956e+02 2.892856597423560174e+02
2.622968983533195342e+02 2.629855716162517751e+02 2.600113923049474920e+02 2.633773839583186600e+02
2.467124587892613476e+02 2.477270448025619487e+02 2.470211921574769178e+02 2.475348955102044783e+02
2.465768731971191983e+02 2.467793011122253972e+02 2.460978042891015605e+02 2.475381037518307892e+02
2.745165622807987234e+02 2.748666268665934354e+02 2.715581427821936131e+02 2.759455039098127713e+02
2.488364814731072272e+02 2.491127527876962517e+02 2.484465712793780767e+02 2.496468791724254856e+02
2.479939009296123231e+02 2.479525549962255582e+02 2.475087688433423523e+02 2.485186296425770820e+02
2.566587037745712223e+02 2.573710550063908613e+02 2.548738566700303920e+02 2.584063031896936309e+02
2.814169654015414608e+02 2.826667638579214668e+02 2.784699414287011336e+02 2.813101145962655778e+02
2.967477631330825147e+02 2.961334866076767298e+02 2.943787239662983666e+02 2.963461674068517482e+02
2.557280193423355001e+02 2.557964284285213523e+02 2.536253364038659015e+02 2.570098259201583915e+02
2.665535000055539854e+02 2.679624337153755960e+02 2.642157552292613332e+02 2.678189133029953268e+02
2.612914720500032786e+02 2.621345274271585595e+02 2.595822114630273063e+02 2.632706834015462505e+02
2.518040290104276266e+02 2.521183658687034495e+02 2.508292431942882388e+02 2.526466612879411855e+02
2.621535648000767083e+02 2.628337295800498055e+02 2.594021327431566419e+02 2.629107448825802180e+02
2.783452354455828299e+02 2.788608773534265310e+02 2.760849362464293790e+02 2.782096310617140489e+02
2.499764577970821051e+02 2.502447714365595743e+02 2.492597927319951907e+02 2.509653398887584785e+02
2.560368076798060315e+02 2.564162877814591184e+02 2.544825335573121095e+02 2.577788709548573820e+02
2.474498268769404206e+02 2.480424302185516297e+02 2.469160854276333339e+02 2.481883320370311878e+02
2.580066916058900119e+02 2.569151624552973203e+02 2.554744821794858183e+02 2.583219374407594273e+02
2.711678739300062944e+02 2.707618587180320446e+02 2.684646339525920098e+02 2.719511984723215505e+02
2.536256435426910798e+02 2.534456332341431164e+02 2.520430597301190119e+02 2.540967917675640990e+02
2.502334053996853811e+02 2.499419745086822502e+02 2.497507027622849876e+02 2.505132165557824067e+02
2.935947431003113479e+02 2.942833319165379180e+02 2.919474890624936165e+02 2.942039449140582974e+02
2.758259694708419261e+02 2.745477135381901803e+02 2.722305828833940495e+02 2.758222057180529987e+02
2.797000190042916188e+02 2.809934456991417164e+02 2.773920062539537525e+02 2.799580648683597133e+02
2.507834898263685091e+02 2.508661024455220740e+02 2.492225782994131009e+02 2.517381356098989613e+02
2.547411966374973247e+02 2.544100548242935247e+02 2.526884123661247372e+02 2.556812322788178733e+02
2.645188855123683425e+02 2.644564125852986081e+02 2.615708775215271089e+02 2.661914856901735789e+02
2.608796665573085534e+02 2.619407595994564986e+02 2.594228450836303637e+02 2.621245382129308723e+02
2.509928216780833736e+02 2.509876100139604773e+02 2.491683862270363363e+02 2.515562709624576883e+02
2.754883627407625681e+02 2.751148170460576807e+02 2.715712780088268801e+02 2.755955199265736155e+02
2.950199391935111635e+02 2.953871769311003845e+02 2.937331793606263091e+02 2.946132550856983698e+02
2.489510367943160247e+02 2.490086400280123655e+02 2.483991411255833839e+02 2.499860043078965077e+02
2.477840719913117198e+02 2.479227252114377507e+02 2.473754253221553654e+02 2.483413440299446506e+02
2.638682237068891254e+02 2.651537310590406946e+02 2.621021181141200032e+02 2.652929078157354752e+02
2.707079022680722460e+02 2.723936964372513785e+02 2.678092573926505224e+02 2.732032575007104356e+02
2.784550232946313031e+02 2.784647705440913228e+02 2.748982476121724972e+02 2.781650532644830491e+02
2.474130217738657791e+02 2.474504874981255966e+02 2.465636717474864952e+02 2.477553726792540374e+02
2.480994855006254625e+02 2.482885459617842230e+02 2.478260800127199843e+02 2.485921488240853421e+02
2.498974427520856239e+02 2.501042849928773819e+02 2.490465296263170956e+02 2.504960344267583991e+02
2.511863300432268318e+02 2.515181094991737609e+02 2.497941990705567719e+02 2.521711895410754778e+02
2.449914844432390169e+02 2.450324574223828620e+02 2.437532043217666455e+02 2.449669968851752913e+02
2.695841849468564533e+02 2.688583450645240873e+02 2.655679776439660031e+02 2.702780400780196146e+02
2.752882872226154518e+02 2.757235343791162450e+02 2.725474362500517032e+02 2.763011468762227878e+02
2.525290668857242053e+02 2.524034490637569093e+02 2.515309071755185357e+02 2.533266285348166775e+02
2.516522874995426093e+02 2.522444397558627713e+02 2.509811252889700484e+02 2.525027420942984406e+02
2.565446817683418317e+02 2.568420643991498764e+02 2.541168728062566231e+02 2.576034914529826096e+02
2.430932284878713006e+02 2.436422542794829553e+02 2.427160450128416187e+02 2.440119952447250853e+02
2.454478471760738785e+02 2.456346790437825973e+02 2.450325468432154992e+02 2.460694550257858566e+02
2.921229316664652060e+02 2.904962106429642290e+02 2.902015636802633480e+02 2.902574291507121984e+02
2.518787943335437092e+02 2.516895614054833459e+02 2.507697087228102646e+02 2.526471506724909943e+02
2.574703947119633654e+02 2.579534612877312156e+02 2.557591350108213533e+02 2.576866190571997208e+02
2.739920730234345569e+02 2.744069155527371890e+02 2.707645098397367747e+02 2.745076816783563913e+02
2.548366528282117258e+02 2.550846128333843126e+02 2.530871334866973541e+02 2.555523156856262119e+02
2.475315740684798698e+02 2.475584705834645547e+02 2.470849873670486261e+02 2.486384365521663824e+02
2.490832194014404593e+02 2.495826078420873841e+02 2.486221571178876104e+02 2.502455181935065980e+02
2.515530505502140670e+02 2.516306090209824049e+02 2.507448389810252252e+02 2.519683652145854182e+02
2.666875677735210957e+02 2.664835372967781950e+02 2.633563911381253888e+02 2.672151508890536320e+02
2.530261376127559174e+02 2.530755466454787665e+02 2.519918566983654387e+02 2.537817660199876002e+02
2.442623036022368126e+02 2.445093039272202873e+02 2.437110308254781899e+02 2.453661651182661956e+02
2.877110476348838120e+02 2.876230790106725408e+02 2.862561063321448387e+02 2.877245111277100591e+02
2.464280496398158391e+02 2.461812434902003872e+02 2.453838463289996810e+02 2.466296222799965676e+02
2.450272850103825419e+02 2.452478929143798894e+02 2.438270712067034367e+02 2.453518213462048152e+02
2.498629385568417831e+02 2.503815805630337366e+02 2.483016130887375823e+02 2.504569423453738466e+02
2.474047876781390300e+02 2.478238054302283615e+02 2.468772909083709806e+02 2.483310874620084405e+02
2.669599266937393054e+02 2.677220453173267742e+02 2.647800690156834094e+02 2.679301139046079925e+02
2.534914052897852628e+02 2.543546869981745431e+02 2.525663207721863444e+02 2.548101001423636092e+02
2.476632665379717935e+02 2.481910937878614618e+02 2.475995657598739967e+02 2.487518363024425412e+02
2.628395865077674216e+02 2.634705161664485900e+02 2.608192193772131304e+02 2.645520066139313826e+02
2.634078748660545557e+02 2.642765514045995019e+02 2.617727546453385798e+02 2.647200481010719386e+02
2.507952050535318449e+02 2.520093760527035727e+02 2.503269818677371461e+02 2.535977885194982377e+02
2.449969815065472574e+02 2.453639233938505981e+02 2.445481850724568744e+02 2.460447473422860014e+02
2.503170879184775117e+02 2.501544765431175961e+02 2.491684062410143667e+02 2.509129782137592315e+02
2.948477090550281901e+02 2.960307588350486299e+02 2.931378614045399900e+02 2.937582344291723189e+02
2.663626543847669836e+02 2.665868581251371552e+02 2.642320325601432955e+02 2.674101510189412352e+02
2.774730077649234659e+02 2.785123621071544449e+02 2.749989363007296106e+02 2.774616980397550492e+02
2.581605913425936478e+02 2.582002676689477880e+02 2.565313874777955903e+02 2.589783253168766350e+02
2.526473298434682135e+02 2.529012920649332727e+02 2.518218589995592538e+02 2.536604666189588499e+02
2.514417564820795974e+02 2.516332458196986295e+02 2.510968594472988684e+02 2.522814380234696330e+02
2.507194350600194639e+02 2.505781469683081752e+02 2.493668976990568069e+02 2.518086705052582772e+02
2.469187126739355165e+02 2.470618982839529281e+02 2.465371381402605948e+02 2.475169716931277719e+02
2.523468131669165189e+02 2.525345525717725081e+02 2.514781455464703583e+02 2.530161914572853163e+02
2.545934448418823877e+02 2.553934578783016605e+02 2.534236079846246241e+02 2.556641162574355803e+02
2.501932131043706136e+02 2.504911131298696034e+02 2.494556230397387253e+02 2.510919461484826058e+02
2.538843613995765622e+02 2.537395462151672234e+02 2.526494701665439777e+02 2.541490624164577810e+02
2.512415714402135336e+02 2.510806375643606998e+02 2.495189878614697818e+02 2.520291675254855477e+02
2.465800758625018716e+02 2.464817482294111812e+02 2.460672006432376122e+02 2.471785062764140548e+02
2.545145081053728688e+02 2.550514875405947066e+02 2.532141841594396965e+02 2.551360826554913501e+02
2.474597363088107045e+02 2.478386119275104136e+02 2.468742618887823994e+02 2.477475954935690083e+02
2.503055809636630045e+02 2.507292755981440848e+02 2.491291939512973102e+02 2.510312310549683161e+02
2.460357668736580194e+02 2.459957509687006905e+02 2.452135800987666414e+02 2.461297051253031896e+02
2.447705190985586228e+02 2.448317178346798642e+02 2.437385223441563085e+02 2.458367704401025264e+02
2.540306425368933105e+02 2.541745272107932578e+02 2.522560933532609511e+02 2.547492923861119891e+02
