2.466420020855248936e+02 2.466610899845955771e+02 2.455744911845662841e+02 2.474861073111176211e+02
2.495257276256836860e+02 2.496483029359648356e+02 2.488271006440491533e+02 2.496612388828058045e+02
2.483704665713572979e+02 2.489114568488245993e+02 2.478034026598388948e+02 2.490417370480774366e+02
2.591731240721653649e+02 2.602007233357425662e+02 2.577282211950326314e+02 2.611257070344155409e+02
2.715224510970846836e+02 2.731817800176195306e+02 2.705766616520466528e+02 2.718476347740671599e+02
2.480642359451392167e+02 2.486000004527986391e+02 2.474002717292281375e+02 2.492414276381192337e+02
2.725272546235809159e+02 2.735699193976254833e+02 2.698670853816942099e+02 2.732325730434071147e+02
2.570519686867449423e+02 2.572951843615556982e+02 2.551106210583777738e+02 2.572531907097408634e+02
2.722843843028726383e+02 2.732921416370002703e+02 2.704673863801500602e+02 2.730025394638758485e+02
2.514921030957216601e+02 2.514069682923139339e+02 2.500870243619531266e+02 2.515653507373305615e+02
2.574200475119042153e+02 2.580425585357325531e+02 2.546225534611029957e+02 2.588259827054769744e+02
2.547119119734425681e+02 2.547738407560017322e+02 2.520955268811996461e+02 2.547055057744170767e+02
2.585516258154789284e+02 2.590697079828388496e+02 2.563361464167283543e+02 2.602652999355590282e+02
2.484181154412978856e+02 2.491565805381035830e+02 2.478457805859353016e+02 2.503253178897254543e+02
2.544492288097709149e+02 2.545647131984377154e+02 2.530094307867943257e+02 2.547254839993999553e+02
2.474603642598583235e+02 2.473887542728896847e+02 2.466523600756136432e+02 2.478926363447108940e+02
2.514941882380806817e+02 2.518620263614004955e+02 2.512665287182133227e+02 2.521296453652198011e+02
2.575745187157772307e+02 2.584368916732972821e+02 2.562076824286512533e+02 2.585717617252796003e+02
2.602639474715096526e+02 2.606345268109750464e+02 2.579038099383847680e+02 2.614007306248666396e+02
2.463367731383006003e+02 2.464356635775270661e+02 2.457132376273533794e+02 2.470333712120283849e+02
2.535108233092561250e+02 2.542780878252788739e+02 2.520709698161995505e+02 2.543342117519201793e+02
2.502642219496572693e+02 2.507681264157710075e+02 2.493810236536422735e+02 2.513451591644678160e+02
2.526238291614461673e+02 2.531137080745974686e+02 2.515182268681687674e+02 2.535265053291311688e+02
2.501569152488220311e+02 2.506117818199741123e+02 2.494829134441651775e+02 2.506426117419216837e+02
2.477382969193187989e+02 2.481534901950350900e+02 2.471636764719801249e+02 2.480652735824935746e+02
2.861646144152439319e+02 2.853606754372895580e+02 2.835755400079569313e+02 2.859548920797861911e+02
2.709351556375194718e+02 2.712989173049847409e+02 2.675107919198629247e+02 2.719644863658906502e+02
2.632147898396037249e+02 2.633978282877087054e+02 2.610038541415293025e+02 2.638436530641975537e+02
2.489170566029640383e+02 2.491651801268320980e+02 2.481222102579448858e+02 2.499219054350570275e+02
2.521733799710521566e+02 2.527944370728973524e+02 2.510897942750232232e+02 2.525403474882928379e+02
2.657749669778261818e+02 2.656587870484792688e+02 2.635985043178981755e+02 2.670103102160630897e+02
2.480155089702813029e+02 2.484629001378395401e+02 2.475874911077857803e+02 2.487620989233504361e+02
2.514960305934786504e+02 2.513914450533893614e+02 2.507283402993056711e+02 2.518277483230600637e+02
2.589122566253437299e+02 2.593810887790340303e+02 2.577962235044957424e+02 2.590607472855159585e+02
2.505425668347886017e+02 2.503246758275077468e+02 2.502672020450999639e+02 2.503890056642142099e+02
2.730811110527307619e+02 2.749243638314613918e+02 2.706401838162722697e+02 2.745300391388513503e+02
2.508159680391771360e+02 2.508153220100195142e+02 2.501227578313104516e+02 2.510876784134639479e+02
2.543225354011210015e+02 2.546819475340457757e+02 2.536395337154216918e+02 2.551858788730009167e+02
2.701893335266038889e+02 2.707581381521504795e+02 2.662665238687398528e+02 2.705349493372449956e+02
2.553929007352161875e+02 2.558257954961337646e+02 2.546293146635586879e+02 2.562551749476326108e+02
2.779019313450140771e+02 2.787561336824423961e+02 2.753065752552894878e+02 2.786319994937518345e+02
2.498843429753067369e+02 2.503308904503077201e+02 2.490165044396909195e+02 2.503857314409210915e+02
2.476288061264336307e+02 2.483245381642066718e+02 2.468560943917387647e+02 2.483532584242339851e+02
2.544369418257778648e+02 2.544122680315434195e+02 2.525520827295334243e+02 2.551115234523361721e+02
2.666060320281970917e+02 2.674615087386368373e+02 2.641878201286691592e+02 2.667723289207173707e+02
2.476664188334611083e+02 2.474943290180328290e+02 2.465687084741630599e+02 2.480886414543276146e+02
2.614499615513418576e+02 2.613664670928341138e+02 2.588679378664540991e+02 2.626995204226940928e+02
2.463862996845508633e+02 2.469018143363401236e+02 2.457178346847312014e+02 2.472777041439175889e+02
2.817840637045151198e+02 2.831403093291149276e+02 2.781708440688644259e+02 2.821115981326909719e+02
2.643355121355203323e+02 2.655793468025381685e+02 2.633868171887486938e+02 2.649884406322761379e+02
2.556007353223378118e+02 2.561783830610789892e+02 2.544368569006465464e+02 2.560457845877562590e+02
2.730244752172515064e+02 2.717829002463494703e+02 2.686007505069649710e+02 2.726484348651630967e+02
2.754956705086274837e+02 2.767082551389882497e+02 2.728775435421808879e+02 2.764896471079454727e+02
2.632913214677394080e+02 2.637025699723682237e+02 2.605551312447283863e+02 2.638693489720865841e+02
2.505940183001161472e+02 2.501247423761006416e+02 2.490407323517150928e+02 2.505015506209158787e+02
2.523868807183827414e+02 2.524296055968808332e+02 2.512576908971100806e+02 2.527067278929461054e+02
2.479197840152212677e+02 2.474459101777368915e+02 2.467996326987922941e+02 2.478831319776726048e+02
2.493511165980663975e+02 2.502170230876019730e+02 2.490835712688646026e+02 2.502072138273738631e+02
2.526384200955819495e+02 2.529832151917575800e+02 2.515021392334163579e+02 2.531805806139553852e+02
2.779751964136679590e+02 2.788100568885953408e+02 2.752319894717365401e+02 2.779907287139862433e+02
2.788183604943864111e+02 2.801537457559854261e+02 2.764500364310391660e+02 2.785971714013703604e+02
2.897823277563020952e+02 2.885081699148722123e+02 2.869133517346861026e+02 2.897902593465853442e+02
2.561489528275359362e+02 2.563991113478645048e+02 2.543719405649090959e+02 2.578631364857619701e+02
2.509686120206497719e+02 2.512042239947274140e+02 2.502849030376339954e+02 2.518870489818306737e+02
2.494969220688638245e+02 2.498228405232734417e+02 2.486363184526360897e+02 2.506167621323084234e+02
2.549785785561572595e+02 2.553586526381614874e+02 2.533684878747486096e+02 2.558282275538921056e+02
2.590318542525978387e+02 2.591561240790011880e+02 2.583308500153422074e+02 2.598993306276211115e+02
2.705976325248208809e+02 2.706896012991508087e+02 2.689424144775270520e+02 2.717993665664678247e+02
2.531882859693453440e+02 2.534051895478714300e+02 2.514266658657236917e+02 2.541884477490921483e+02
2.496584078936846538e+02 2.501830179011739119e+02 2.484630119011327736e+02 2.502566188107608980e+02
2.750277449242652210e+02 2.761768632510381849e+02 2.735597021597258163e+02 2.755831541883003410e+02
2.862753299410998125e+02 2.841417588130124727e+02 2.837335344263642014e+02 2.864338297976624403e+02
2.535200300315699167e+02 2.539727710838429005e+02 2.518743882838781474e+02 2.547343884945222499e+02
2.758941655426262400e+02 2.761277538054554839e+02 2.717627130221929974e+02 2.767523351961808089e+02
2.470796111976757743e+02 2.474348469079174606e+02 2.460483830275879882e+02 2.483275993909519457e+02
2.472608645021311418e+02 2.477042285251088458e+02 2.459139722421670911e+02 2.475102204593038664e+02
2.502086245713555002e+02 2.502871115927662231e+02 2.490514047230475114e+02 2.508637634254431248e+02
2.461230011003922016e+02 2.463879315676153396e+02 2.454658126749731366e+02 2.464304812070943171e+02
2.558116107897307359e+02 2.565066840589068420e+02 2.544682653973854087e+02 2.572538876070420315e+02
2.651364557923313896e+02 2.641153251612099098e+02 2.611230066043099214e+02 2.651900420591654779e+02
2.622177137230615358e+02 2.632415693004883224e+02 2.598993544732143164e+02 2.628827142670602370e+02
2.493888080623344763e+02 2.500969603420543876e+02 2.487348656143560959e+02 2.504763877642179182e+02
2.653570422630808139e+02 2.649901595345134524e+02 2.622945235136326687e+02 2.656106491107479997e+02
2.616105344445434184e+02 2.619584610714705946e+02 2.600427750409818941e+02 2.626826259074346126e+02
2.635234399174273108e+02 2.634875374250852929e+02 2.601170924177773713e+02 2.643089681998683318e+02
2.478605448798901989e+02 2.479711187504468057e+02 2.468616951970720947e+02 2.485437832453485214e+02
2.839000527422805362e+02 2.835859517282086131e+02 2.806262717083724283e+02 2.837493706191704632e+02
2.514335150236161667e+02 2.525021453448776185e+02 2.500801119556122671e+02 2.523261426577433610e+02
2.494264159008427839e+02 2.494901405230085345e+02 2.481066282266068015e+02 2.502049341069383104e+02
2.537062175635647918e+02 2.542116718199078775e+02 2.527431263320834489e+02 2.542002054154473285e+02
2.480699171005681762e+02 2.479131891906333749e+02 2.474268555432614676e+02 2.483105525269704970e+02
2.488796539071639415e+02 2.497807151702070598e+02 2.480869415280359078e+02 2.502714313296293369e+02
2.588180235121633359e+02 2.586902964440007509e+02 2.568445593132389604e+02 2.598632772646253102e+02
2.796196563156408956e+02 2.807421722952220193e+02 2.758408161501306495e+02 2.803590750541937382e+02
2.637320550267041313e+02 2.636003727665623160e+02 2.601231759519024536e+02 2.642839428431498732e+02
2.654961359910709007e+02 2.657969663331010111e+02 2.634831617792144698e+02 2.673781696263746426e+02
2.473271394825691800e+02 2.477274288171070680e+02 2.468348052932101666e+02 2.479664980597880515e+02
2.468856631096935246e+02 2.472635915302939225e+02 2.461367097177071912e+02 2.478110401076081928e+02
2.485118651298334953e+02 2.489485605310576091e+02 2.482427561829271099e+02 2.490533045536059262e+02
2.569294442516376762e+02 2.566790208304366274e+02 2.545924527319280912e+02 2.573032492021175131e+02
2.487878054365820049e+02 2.495065227620376618e+02 2.475426044328537216e+02 2.495159581952909491e+02
2.519994023715914864e+02 2.521942416792423103e+02 2.505008701833863256e+02 2.523789740859367328e+02
2.511002986386627640e+02 2.511668712840983630e+02 2.494659462390930287e+02 2.522090776094719047e+02
2.548637517391755694e+02 2.551700688510518660e+02 2.536029467569064764e+02 2.551706167663989788e+02
2.858278482254295909e+02 2.863106043769802227e+02 2.829948639953488509e+02 2.864130789546326241e+02
2.610107720349026863e+02 2.612814303038235266e+02 2.575292057453070811e+02 2.620077531002247611e+02
2.514991198354229311e+02 2.518430856302875611e+02 2.507223257519887341e+02 2.522461649781347148e+02
2.508844047174912077e+02 2.504798410469592795e+02 2.495489414791097715e+02 2.515957610742824784e+02
2.747710642984427523e+02 2.745484300349851878e+02 2.716063188921779101e+02 2.742080505133467909e+02
2.521498692242299171e+02 2.527127411991437214e+02 2.516532150164660777e+02 2.528189529293623536e+02
2.476284539155676327e+02 2.481214580735346829e+02 2.471953273369775843e+02 2.480807068303202527e+02
2.719085212175859283e+02 2.723770294543652426e+02 2.683027891866446453e+02 2.725174414756211831e+02
2.804890376827091814e+02 2.815541349439615715e+02 2.795206803352428437e+02 2.817980047495223062e+02
2.583463835324134834e+02 2.592032696661682962e+02 2.566883822703102851e+02 2.592721018394626071e+02
2.640768981347096656e+02 2.632087891078647317e+02 2.610754957915088426e+02 2.644938188293805297e+02
2.514873865448123240e+02 2.526614034577483210e+02 2.503028748017413534e+02 2.527210216827411102e+02
2.519121509897054239e+02 2.516251047223445880e+02 2.507184446867610461e+02 2.525456571139019104e+02
2.823130300918111288e+02 2.826066279937276704e+02 2.785720965929749582e+02 2.819398770263922529e+02
2.517187622426319820e+02 2.521302819380904907e+02 2.508300191985937602e+02 2.523499393669500819e+02
2.668524286112680670e+02 2.659277206259143895e+02 2.634835200664164176e+02 2.677787107926934596e+02
2.572373946441890666e+02 2.572433106873687052e+02 2.547609182954864195e+02 2.587605526285341284e+02
2.560535193203352264e+02 2.571974415872902568e+02 2.550957330878799780e+02 2.572157332215966790e+02
2.537184049591718349e+02 2.541711863440390573e+02 2.516066827946822002e+02 2.544561428389433786e+02
2.863327617268230938e+02 2.850707936794956368e+02 2.830291143783894086e+02 2.864401085916321676e+02
2.788592137058664093e+02 2.785062365753294102e+02 2.759737654266667164e+02 2.788624254684469861e+02
2.696745265560846860e+02 2.686868766304046403e+02 2.671115481746444402e+02 2.700949313869951425e+02
2.497012199570039570e+02 2.499687064932705027e+02 2.488403453905443712e+02 2.504122803932090449e+02
2.466355102140967972e+02 2.463422018718585491e+02 2.459721655543613394e+02 2.465866250086177160e+02
2.493524241415836968e+02 2.493941202948964815e+02 2.485905440633397632e+02 2.502110339475547391e+02
2.955752451595064940e+02 2.962803250741221177e+02 2.940623188970549791e+02 2.965752355102421802e+02
2.542585650392755952e+02 2.543057189623472993e+02 2.525663894380955128e+02 2.554916235331868961e+02
2.510998216595343422e+02 2.515071581144239303e+02 2.498280712648539748e+02 2.515684931921129817e+02
2.461389698884711379e+02 2.463566067342838721e+02 2.455460374234523897e+02 2.467398306824632641e+02
2.876708936723294414e+02 2.878230993531499848e+02 2.854060877569842773e+02 2.868873691750603712e+02
2.673867654415039965e+02 2.679966407119923133e+02 2.637032129853640754e+02 2.682112114392564877e+02
2.504121134836803435e+02 2.506224934717066333e+02 2.505945894961879219e+02 2.514479075721607728e+02
2.684551773551728502e+02 2.678530159708975589e+02 2.643589505475135866e+02 2.690045461133260005e+02
2.848616046367936292e+02 2.862000253089350963e+02 2.830849122690442528e+02 2.855299967805199799e+02
2.897157719976694921e+02 2.891897553969390628e+02 2.869678200864004225e+02 2.869440746942814826e+02
2.586457553520932038e+02 2.580964194506925082e+02 2.558551276931952714e+02 2.584366660751215932e+02
2.478731488027054297e+02 2.478993819801629570e+02 2.468973959297058229e+02 2.478114339497520859e+02
2.698142747921315845e+02 2.715766031171872896e+02 2.681200418820498044e+02 2.714999027937922733e+02
2.500257170928539097e+02 2.506222921035060835e+02 2.485246656566967545e+02 2.509019814481624451e+02
2.924932078786308693e+02 2.936833190270334057e+02 2.892006201631316458e+02 2.922605422359083036e+02
2.532965901874820247e+02 2.535010040173456787e+02 2.525315513373092244e+02 2.540450397445974602e+02
2.484595574287841657e+02 2.488483549688542666e+02 2.478393550390249800e+02 2.489657241441809106e+02
2.607029240979087490e+02 2.601984845461485634e+02 2.585315392260268368e+02 2.620738664765414683e+02
2.563525946397816142e+02 2.558002204205042744e+02 2.542167071817081307e+02 2.566250861901798999e+02
2.560536740685021186e+02 2.559229856805932002e+02 2.538648901489345349e+02 2.568933861098364559e+02
2.738516624554676469e+02 2.728723508891156939e+02 2.706737426867794625e+02 2.724770587879579011e+02
2.496365352737251442e+02 2.497442905770790276e+02 2.490343108809665296e+02 2.501330997200869888e+02
2.472787448727542596e+02 2.474438404580407393e+02 2.470046464342064212e+02 2.473714743756983410e+02
2.589968277137720065e+02 2.584237573213819132e+02 2.558866897620400493e+02 2.583758600073974208e+02
2.495633029800525264e+02 2.497474188448758809e+02 2.485274699335018909e+02 2.503814602688879347e+02
2.526000306803132389e+02 2.524888155301460131e+02 2.518208732134294507e+02 2.537042110517624565e+02
2.509943005791356541e+02 2.513315914003855767e+02 2.495320287239446770e+02 2.519491351957751135e+02
2.540878547464660357e+02 2.537611448417539464e+02 2.526059636940613018e+02 2.547644727687487034e+02
2.533016969903980282e+02 2.543957531781328498e+02 2.515217298496923490e+02 2.551734888493994049e+02
2.486459053983585932e+02 2.490317772991961931e+02 2.480790423743009683e+02 2.486730992920420817e+02
2.625243980017382910e+02 2.632567273170867566e+02 2.612688458074958362e+02 2.634490896526023676e+02
2.489960937801347427e+02 2.495437993087167570e+02 2.482954265741387871e+02 2.501090209974080381e+02
2.654679174595347604e+02 2.667222691306170077e+02 2.632490554668843288e+02 2.675918800909955735e+02
2.479621576697240641e+02 2.486487663787104623e+02 2.471265531117687715e+02 2.485857995843498998e+02
2.506308903990353940e+02 2.506606004543715756e+02 2.494772054663038716e+02 2.507464584034544828e+02
2.656541000082678465e+02 2.668321495129644632e+02 2.636209249639224481e+02 2.664974086732516980e+02
2.529236459682181248e+02 2.539550361145269903e+02 2.521414158441190239e+02 2.542402430542801710e+02
2.667249362259199756e+02 2.673689564170879294e+02 2.639440352778687497e+02 2.673873642291240458e+02
2.539057460821707650e+02 2.543608617861443975e+02 2.517121651459664804e+02 2.545919117849988709e+02
2.487297991095712177e+02 2.486348882050866109e+02 2.480691670350098832e+02 2.492834983604188892e+02
2.608574541928397821e+02 2.603468835032757625e+02 2.590253869919421277e+02 2.619811902245060082e+02
2.624701402072553833e+02 2.633333470767195763e+02 2.604634818368932088e+02 2.636517198553347043e+02
2.586099159952290165e+02 2.591586945812931049e+02 2.565160834213382373e+02 2.605567155644684476e+02
2.751903178791673099e+02 2.744863357178392107e+02 2.725476271621670890e+02 2.761462292717142191e+02
2.505737503245171638e+02 2.509555759090845299e+02 2.500066229309698258e+02 2.511389357097823165e+02
2.475074514866915365e+02 2.477950176950671732e+02 2.471528801934671833e+02 2.482508724634995758e+02
2.537307126272660014e+02 2.546691552037339363e+02 2.531271914556790250e+02 2.550808151796941274e+02
2.555081538976161255e+02 2.557331974606501888e+02 2.541782154230630226e+02 2.564841330287802634e+02
2.468744851458691016e+02 2.470527672588834491e+02 2.455958030983004221e+02 2.474942034421383994e+02
2.789022228520424278e+02 2.805319655347178127e+02 2.770231858971876591e+02 2.805434327513413564e+02
2.537510896025684701e+02 2.548376701799336388e+02 2.531963397161861451e+02 2.552818740465894223e+02
2.500338742367809175e+02 2.506921756392567602e+02 2.488780886747248360e+02 2.509851165053849797e+02
2.651390967526976965e+02 2.654117696597128884e+02 2.629186462751657132e+02 2.654247918422994417e+02
2.516311920117117893e+02 2.517973533175122611e+02 2.504363486981893345e+02 2.518104628328674721e+02
2.527647461559076305e+02 2.526375220581019505e+02 2.510117599395972832e+02 2.528524879542533483e+02
2.467612304284912454e+02 2.469573146357036819e+02 2.467231992729809917e+02 2.470443368798270853e+02
2.588939101976511097e+02 2.589395399956100050e+02 2.566124792206285861e+02 2.593617555168764852e+02
2.508945086622543101e+02 2.505378500848744068e+02 2.491915268991921835e+02 2.514788468681968538e+02
2.473892733064892866e+02 2.475262339029370082e+02 2.466313475927520358e+02 2.478249250112695279e+02
2.575677492937703619e+02 2.586270444073147132e+02 2.561764069653106617e+02 2.594393252916609072e+02
2.470317075104168509e+02 2.473746600301969352e+02 2.468265756071973556e+02 2.476719769236184732e+02
2.462911422687897698e+02 2.468302062785670046e+02 2.460890729087302873e+02 2.467759384757104328e+02
2.583352119018564395e+02 2.587028590031121666e+02 2.559886005429052034e+02 2.590320088411350525e+02
2.635416139965660136e+02 2.644344311280308943e+02 2.614884080967636351e+02 2.648163501549717580e+02
2.493696380964578907e+02 2.496695334076309791e+02 2.487258185864823190e+02 2.500210986291579047e+02
2.536081637141319050e+02 2.540380162085181723e+02 2.519898975907241834e+02 2.550179486389333192e+02
2.671744667374930486e+02 2.669754910034438922e+02 2.638378828322269101e+02 2.676395112903567224e+02
2.530124763186889538e+02 2.533153616610280494e+02 2.527064957508744953e+02 2.535976988136854118e+02
2.642582514500283537e+02 2.646529156692051856e+02 2.614277935568998714e+02 2.642624802442884970e+02
2.562139184038316557e+02 2.568431727872034003e+02 2.541942518974167626e+02 2.575102452068242656e+02
2.485746517935257316e+02 2.488521605924491951e+02 2.481840128440124431e+02 2.490744115883377106e+02
2.579945794316300294e+02 2.586204406925129433e+02 2.556404280441776962e+02 2.590299691033707177e+02
2.500144781374849856e+02 2.501563007727500008e+02 2.487918404871040252e+02 2.510921932302352388e+02
2.465232924464566224e+02 2.467348295944251788e+02 2.458140567494115771e+02 2.469922756393755492e+02
2.470223187088279246e+02 2.471781608925663249e+02 2.466282900927096193e+02 2.477844330974660636e+02
2.543347487076568711e+02 2.547859217188463958e+02 2.532188651658305218e+02 2.547683691183998178e+02
2.439043546857620015e+02 2.440224541710971096e+02 2.425528769649156402e+02 2.445800061673262746e+02
2.633321221256730382e+02 2.640735608241640762e+02 2.610653228604085712e+02 2.643425719939028227e+02
2.471287209867183208e+02 2.472428536603907503e+02 2.464454620401793932e+02 2.480645785822795233e+02
2.468222849066135893e+02 2.469221018690849974e+02 2.464064215303109506e+02 2.476747105017788897e+02
2.510945575673638643e+02 2.517374333281096881e+02 2.500815430805876360e+02 2.515752816170986534e+02
2.586637757407019080e+02 2.594944605305576033e+02 2.572312184034701090e+02 2.599382847869076159e+02
2.562036616695409634e+02 2.561016751713035546e+02 2.545618565666663358e+02 2.574350345204895234e+02
2.668773819889414085e+02 2.676900107073996651e+02 2.646990342433947490e+02 2.676819292158770054e+02
2.542203742219203093e+02 2.545854926580742301e+02 2.529982488946947399e+02 2.550926705728492436e+02
2.506144770839625266e+02 2.509902964441470203e+02 2.490804298258107963e+02 2.518838928899812970e+02
2.493262006098862571e+02 2.488297130098667935e+02 2.489266101861483662e+02 2.494004729663764977e+02
2.526224588476214876e+02 2.531150609712734649e+02 2.517252311403783835e+02 2.540762401063701930e+02
2.513469007911771200e+02 2.513476844491276552e+02 2.502637553173782408e+02 2.520734449093945670e+02
2.493135025822581099e+02 2.496280167790395978e+02 2.481764837724288384e+02 2.495609131361354400e+02
2.546018543778801302e+02 2.549681478016505878e+02 2.531488346568420127e+02 2.562152840099514037e+02
2.469889006297075582e+02 2.470298284396616282e+02 2.460479714383117198e+02 2.478814941793717139e+02
2.486181988969349561e+02 2.488160247458575043e+02 2.485282197571953589e+02 2.491025682018512555e+02
2.936490118911182776e+02 2.931334864295088778e+02 2.905519534157659791e+02 2.920501952815754976e+02
2.533282979105519246e+02 2.535557587060294509e+02 2.518376470049103375e+02 2.536698157642680371e+02
2.649569819476130306e+02 2.648713442921635419e+02 2.620399998727734783e+02 2.659102137874547225e+02
2.770592949022789639e+02 2.787039561624238786e+02 2.748296748652136898e+02 2.786510379647394871e+02
2.612149586178128970e+02 2.620456618183045521e+02 2.588495456171926321e+02 2.630628736699624710e+02
2.492836036475322885e+02 2.495041889339053682e+02 2.484678652609520952e+02 2.495364595898217033e+02
2.506080377323810069e+02 2.511365396993871570e+02 2.495967993377137759e+02 2.517302398655420745e+02
2.507053136412918377e+02 2.514848593968902151e+02 2.497413583482518789e+02 2.522851006237233094e+02
2.659845610654193138e+02 2.681373070463765202e+02 2.641535678131650116e+02 2.680529286696405507e+02
2.516595716462023518e+02 2.520298221612406451e+02 2.508716840485274417e+02 2.520923910937734433e+02
2.619982322670028339e+02 2.620865381107445273e+02 2.601506863812393817e+02 2.635601692481466785e+02
2.709997546123827306e+02 2.706914721117131535e+02 2.670901369117073045e+02 2.713918885723100516e+02
2.487647010245912611e+02 2.494914534192752740e+02 2.470379890836655647e+02 2.495850880007284331e+02
2.450645499839452839e+02 2.455589150962194651e+02 2.444631309653186975e+02 2.458499358469103697e+02
2.534194977065008345e+02 2.544754757752667444e+02 2.525875429201136058e+02 2.545167149731879874e+02
2.576861480570718754e+02 2.580251403851309533e+02 2.560339546163602336e+02 2.586583524945161798e+02
2.496888552300553386e+02 2.502593641564618565e+02 2.489624732020694751e+02 2.508798330086904116e+02
2.679144949197008714e+02 2.678705884275844369e+02 2.648598966026152084e+02 2.694356329381220689e+02
2.618265750754201804e+02 2.626936324048023152e+02 2.583838151971223169e+02 2.642370241795398442e+02
2.523673140620778383e+02 2.525215378404945739e+02 2.510786007710654246e+02 2.530961732509861406e+02
2.621760247825823171e+02 2.633537495936362802e+02 2.590953280468804110e+02 2.635356926580787444e+02
2.459056747831324685e+02 2.465338782172617016e+02 2.453645035120906073e+02 2.463078675117596958e+02
2.474306076029475605e+02 2.476453475471000729e+02 2.465634145476036281e+02 2.479685498505368457e+02
2.484897719381168031e+02 2.492067679266160951e+02 2.473517075663361311e+02 2.496048508102992969e+02
2.664819360258442771e+02 2.668486848529976214e+02 2.633067889256493004e+02 2.683652975880187910e+02
2.633760514860722424e+02 2.639705800894251411e+02 2.607391824324855065e+02 2.642988770963735305e+02
2.515939041476539444e+02 2.512808341642160883e+02 2.511891873190383535e+02 2.517524366242348037e+02
2.792916515326448916e+02 2.791448037615766680e+02 2.757812917149256577e+02 2.797903561151649114e+02
2.588727303645040934e+02 2.594562662309309644e+02 2.563299388453746701e+02 2.595565241229292042e+02
2.737787296980990277e+02 2.748829015221745635e+02 2.703336047522674335e+02 2.756081405547545842e+02
2.469730649518650125e+02 2.468359541741681653e+02 2.462987565861940311e+02 2.476180743475915165e+02
2.644061299663782165e+02 2.652776443067101013e+02 2.625637030165823944e+02 2.649519425402334036e+02
2.471018265970086816e+02 2.476638770345137743e+02 2.470334083966745879e+02 2.474065004338238793e+02
2.575143223147163667e+02 2.579312875096223934e+02 2.561117853623399014e+02 2.576951212477405875e+02
2.718409852582167900e+02 2.727756923580666353e+02 2.703896804827097071e+02 2.736627297893417108e+02
2.655849344713196274e+02 2.661109752767332566e+02 2.629712767379278944e+02 2.661656416284491797e+02
2.479432688638261482e+02 2.476990554671744746e+02 2.470361910124598808e+02 2.482732101174537718e+02
2.472159668305669697e+02 2.477927813959059336e+02 2.466924723447391727e+02 2.483312978516634359e+02
2.469648434583845926e+02 2.471662309425284150e+02 2.461055606073912827e+02 2.477454152538747110e+02
2.710485962015268342e+02 2.720065065405406699e+02 2.689319856204869552e+02 2.739825737634219536e+02
2.536120654009215230e+02 2.538540748700195024e+02 2.526837192847527263e+02 2.542581396955546325e+02
2.559421405616048446e+02 2.566877080157245246e+02 2.536273231092180254e+02 2.568819181719259745e+02
2.785836951620750028e+02 2.794656944969715369e+02 2.763224566442685273e+02 2.801574470869954894e+02
2.520421438357348052e+02 2.519279479981722147e+02 2.504682851601369578e+02 2.523461450298172224e+02
2.484107576981370187e+02 2.484536905039480246e+02 2.472597118105632603e+02 2.487552418320255754e+02
2.629779529309899999e+02 2.642390108162391584e+02 2.605546292580025352e+02 2.644196238027673758e+02
2.491130217839466638e+02 2.494863276784519712e+02 2.485849526140872570e+02 2.499311200696747619e+02
2.584634330110562814e+02 2.594677784252929769e+02 2.561378046915209552e+02 2.605943325095097407e+02
2.904454449254460542e+02 2.920224099333385652e+02 2.895947749183765154e+02 2.914144808018290860e+02
2.526211614535930323e+02 2.527691456729749859e+02 2.513397312358451643e+02 2.528191488200175456e+02
2.536748416825831782e+02 2.549574356452612847e+02 2.527501777843082493e+02 2.548616588246821664e+02
2.585197584705269378e+02 2.583875752434904598e+02 2.553455133603824549e+02 2.595689324962774549e+02
2.563700051329084317e+02 2.566086751706358768e+02 2.548783844998633583e+02 2.570418585140468508e+02
2.505524554919385878e+02 2.510340850565097242e+02 2.496413536858084683e+02 2.515199173133781869e+02
2.489068870962875053e+02 2.491932474236350288e+02 2.480028911366891577e+02 2.499738953068112721e+02
2.498040567607001492e+02 2.499908307787693786e+02 2.494361995847367268e+02 2.505555309411468841e+02
2.450745108273386279e+02 2.457461296231788594e+02 2.444200282543411049e+02 2.466243733178084767e+02
2.602687410448378955e+02 2.612904314100309762e+02 2.583686338466772554e+02 2.617135398660113879e+02
2.481388707503921012e+02 2.485519681572548620e+02 2.471920262209563646e+02 2.491608901956907403e+02
2.496702716785116536e+02 2.496299683838573173e+02 2.478489934006250905e+02 2.502248754558568464e+02
2.464773601680290653e+02 2.469567120614903217e+02 2.460958525590401109e+02 2.470227559687553480e+02
2.459997879910181382e+02 2.462650737710544604e+02 2.459787739530645752e+02 2.469250570139460592e+02
2.458684463486695222e+02 2.463326473327195174e+02 2.455745188041695712e+02 2.465862573249750085e+02
2.571279645145829704e+02 2.570065588399807552e+02 2.550208084194757419e+02 2.574322665423529770e+02
2.606610653266560007e+02 2.605591469380828471e+02 2.594827608096738913e+02 2.604240378215172314e+02
2.472303431045572211e+02 2.473377873655960570e+02 2.455702672542982157e+02 2.474778449370962790e+02
2.532994822748086108e+02 2.535920910399225363e+02 2.521590495541476287e+02 2.543576593172435878e+02
2.744844893217426147e+02 2.741525770174037007e+02 2.715507096626440671e+02 2.748357498143092243e+02
2.525173277270074266e+02 2.528852400731380214e+02 2.508987950563355582e+02 2.535695386225447123e+02
2.545984444587314499e+02 2.545103952942211549e+02 2.530204836495214806e+02 2.544595705380332333e+02
2.504957662086565904e+02 2.510683587036836002e+02 2.493756102981654976e+02 2.515863455856797941e+02
2.503133604212401906e+02 2.506348143122800138e+02 2.495305494693911044e+02 2.509078025253793669e+02
2.492586319146843721e+02 2.490289571334789400e+02 2.484015934783296302e+02 2.492234755178562295e+02
2.488126968634715013e+02 2.493993819711251660e+02 2.483631506830816136e+02 2.502604739008453407e+02
2.617248814848404095e+02 2.622123062288933966e+02 2.594058009148824340e+02 2.622574773439560545e+02
2.469753421389839616e+02 2.469912518033326592e+02 2.455207186661000094e+02 2.476911498225390744e+02
2.467623785373237695e+02 2.470347721184094780e+02 2.463176995974193915e+02 2.472554216159434759e+02
2.472368287029192118e+02 2.476495615697491246e+02 2.463736548995187832e+02 2.480250159723935326e+02
2.474614610774598589e+02 2.477227983461237102e+02 2.477384029300056056e+02 2.481466351265848687e+02
2.560171299588249099e+02 2.568893989563896412e+02 2.539881000927585717e+02 2.570822133370656388e+02
2.499345638039721393e+02 2.496209416469474718e+02 2.484388701338974386e+02 2.502160073977867114e+02
2.707057689279139936e+02 2.719994235404152505e+02 2.679630417973277758e+02 2.708699208354615848e+02
2.485103076172003114e+02 2.488475136198150892e+02 2.485033421095301378e+02 2.492798846534307131e+02
2.936222174994564398e+02 2.929091158238407502e+02 2.908358258868121311e+02 2.925950351022286782e+02
2.556088127353810933e+02 2.556844752532481380e+02 2.537944643923661374e+02 2.562485294548791899e+02
2.598047420581066831e+02 2.606272945348807184e+02 2.576123324951386167e+02 2.608660384757084216e+02
2.560586960003989248e+02 2.557967639266721847e+02 2.549253493903286198e+02 2.563044967876292617e+02
2.706459379266070755e+02 2.710529785100313802e+02 2.680797299865666332e+02 2.716303403601648938e+02
2.487296514284134048e+02 2.492610830702031706e+02 2.483207313355052293e+02 2.496430092656431441e+02
2.574986837205689767e+02 2.586308291747430985e+02 2.566254349875523530e+02 2.586618706958514053e+02
2.477315936311483995e+02 2.476588393345498389e+02 2.471722478965376695e+02 2.484502882807512663e+02
2.493374365724245649e+02 2.495709992636718368e+02 2.486112544419978008e+02 2.503733961518341289e+02
2.592257456498036277e+02 2.588978944494637062e+02 2.574979578777134179e+02 2.595171316933888761e+02
2.526476132811131095e+02 2.530851888939372145e+02 2.511990726418655981e+02 2.527584380067324901e+02
2.752713957027611400e+02 2.764050522242152965e+02 2.722469918308770502e+02 2.760803460145569943e+02
2.654547723975749136e+02 2.667887180997473706e+02 2.638957805142863435e+02 2.675585449168074206e+02
2.583287967388660604e+02 2.588610786191999864e+02 2.567362587997962464e+02 2.603483295794094943e+02
2.577485273912723756e+02 2.584744783524907348e+02 2.566515463032357047e+02 2.592259047124240396e+02
2.579312088560124039e+02 2.589774212051246991e+02 2.567808230065174939e+02 2.596873957433743385e+02
2.576898462978215321e+02 2.576628347130497332e+02 2.555983902177107154e+02 2.577692993296627719e+02
2.946978874821097634e+02 2.946732577509634439e+02 2.926066218210877992e+02 2.920728235547574627e+02
2.677585528347380546e+02 2.679114660914241881e+02 2.651060966265551997e+02 2.692615275040545271e+02
2.517622625097215519e+02 2.516946223759231316e+02 2.507480923563230135e+02 2.528920632440739098e+02
2.630249654842159543e+02 2.631280166891472163e+02 2.608517612330629163e+02 2.636968208172762616e+02
2.488474092176568888e+02 2.492723919473136505e+02 2.473141796321885124e+02 2.496510646421272952e+02
2.770594384917354773e+02 2.765839136887028644e+02 2.741390942035047260e+02 2.774313240623619663e+02
2.470109286147843477e+02 2.471637116519286224e+02 2.460764087626273238e+02 2.471923327932442760e+02
2.545078877261337595e+02 2.556664511726636988e+02 2.536887301962075298e+02 2.554560019128726083e+02
2.783439760923856170e+02 2.784187758537740365e+02 2.751578044872587725e+02 2.796920625335234831e+02
2.462638914381821564e+02 2.462443938648514745e+02 2.454880799787588899e+02 2.468936630135238772e+02
2.493733932330129335e+02 2.496041268470921182e+02 2.485725205632930681e+02 2.506105342623710328e+02
2.952287465524599952e+02 2.952147103385313471e+02 2.938443901043832511e+02 2.942645782083164363e+02
2.450158211819637586e+02 2.452396569040922145e+02 2.444803783872555698e+02 2.455250081921476522e+02
2.491110563824659891e+02 2.491677418330304192e+02 2.480853525218476818e+02 2.499256436604848091e+02
2.470501261085317424e+02 2.476143176099048731e+02 2.460234531304039365e+02 2.473291072382747302e+02
2.618109412833015313e+02 2.626877915568755952e+02 2.591330590699345180e+02 2.635736468923620350e+02
2.685690453471857495e+02 2.686676604909144999e+02 2.648962689570056455e+02 2.689439588278677888e+02
2.504212038696256286e+02 2.511991075701608054e+02 2.499110766466423001e+02 2.516944157551554611e+02
2.471157679232603641e+02 2.477681308252413430e+02 2.462788012468166983e+02 2.481664799655657703e+02
2.580767917225085739e+02 2.578909280492740663e+02 2.560815686782083276e+02 2.584222609729487203e+02
2.536128973887963411e+02 2.533230893481194244e+02 2.512248488467946288e+02 2.541237840112916047e+02
2.502310845805644703e+02 2.502970774962282974e+02 2.497958639313856963e+02 2.508971351747192386e+02
2.586524135985406474e+02 2.591373388783769656e+02 2.572013980710097485e+02 2.596516219387305568e+02
2.498664412472872414e+02 2.503196814522981128e+02 2.489409662419108429e+02 2.503989374832909789e+02
2.778435968010316515e+02 2.788319564181002761e+02 2.749521455162611119e+02 2.783072410303336710e+02
2.526190847185505675e+02 2.532035831312055336e+02 2.512001672684237974e+02 2.533876143726139389e+02
2.535265838621421892e+02 2.541792818181025382e+02 2.519544241059070089e+02 2.542164289667906019e+02
2.485638711668844962e+02 2.490872599934202185e+02 2.477901019739241519e+02 2.491580241266255484e+02
2.659856592815520457e+02 2.660899794995256116e+02 2.625079976209320876e+02 2.660575868117982168e+02
2.666343555853893008e+02 2.678485289588706451e+02 2.636795093016136207e+02 2.678753812754873707e+02
2.556812319409906138e+02 2.570183295904039937e+02 2.539955149050801992e+02 2.566159102543401218e+02
2.492066161398637689e+02 2.493291569275305335e+02 2.486076684266453753e+02 2.497287510073364274e+02
2.496047761822733264e+02 2.495273252342896910e+02 2.483999270258404408e+02 2.497525488037032915e+02
2.784994535597792265e+02 2.786865161330395040e+02 2.763557440323316996e+02 2.785787976850547807e+02
2.746520504768837441e+02 2.757868155280960991e+02 2.725424108173682498e+02 2.745224034041172558e+02
2.618413789885325968e+02 2.633202421902400374e+02 2.601126386486548654e+02 2.633505099612828531e+02
2.502137308666066247e+02 2.505254350525995903e+02 2.493125416443408824e+02 2.512426169617399978e+02
2.500604935730024181e+02 2.505367301226748395e+02 2.488177141723819830e+02 2.507281940955224684e+02
2.527308511190571778e+02 2.526041668749058147e+02 2.509996785347223351e+02 2.531424838712944165e+02
2.483819443781133316e+02 2.487702240206318152e+02 2.476597178655807170e+02 2.489999995528731631e+02
2.575770383544765991e+02 2.575972707172947480e+02 2.561539257420035369e+02 2.592186670540837099e+02
2.467593732405589719e+02 2.466754462977247329e+02 2.463742246278986272e+02 2.473985686529368309e+02
2.504437355047872131e+02 2.509763212758697932e+02 2.494773564773624912e+02 2.511777228944087028e+02
2.930737829326689052e+02 2.942427517444906471e+02 2.906113698225810253e+02 2.928192695671871206e+02
2.509090484627982107e+02 2.509137845542000491e+02 2.501187704521614421e+02 2.511504009314757582e+02
2.483263072535590936e+02 2.484587467240542651e+02 2.475665495540295353e+02 2.490453372813187229e+02
2.534406073876905907e+02 2.529985676415556384e+02 2.513720600069893862e+02 2.544916414681481740e+02
2.700748370303502384e+02 2.716417606623909933e+02 2.686834784799037266e+02 2.711383236605128673e+02
2.632081397664207429e+02 2.639787562870365036e+02 2.607450055015423231e+02 2.643504483707186523e+02
2.491805123714557624e+02 2.494371611277661032e+02 2.476711791175949315e+02 2.494741437783966944e+02
2.462046721117926040e+02 2.467443930408760764e+02 2.454964178865851352e+02 2.470809424596932899e+02
2.853678156449897756e+02 2.852895838460137838e+02 2.832319531679573856e+02 2.851709399915245626e+02
2.481895748577935308e+02 2.484620377134274349e+02 2.477891816402379561e+02 2.485606207422541729e+02
2.640141129485095348e+02 2.657270184807480859e+02 2.619290159928823414e+02 2.658053526021106450e+02
2.577165859592381025e+02 2.578715696837256814e+02 2.556617399910506379e+02 2.593388255231506037e+02
2.683300889177613726e+02 2.694006772977764967e+02 2.658314991517136150e+02 2.695307646503183037e+02
2.548571548939839033e+02 2.558196403565682147e+02 2.531721576689476194e+02 2.567519452117583114e+02
2.478115008271384170e+02 2.474978056540740567e+02 2.470729217428206539e+02 2.479314952091074815e+02
2.530607266401112270e+02 2.534634603267379305e+02 2.510566308462693144e+02 2.534926359475435618e+02
2.490756364804100826e+02 2.490538300702676793e+02 2.483033984429778798e+02 2.499893630860191251e+02
2.520160953646794155e+02 2.519743259584091675e+02 2.508803280675603560e+02 2.523254605752099167e+02
2.587006267222921565e+02 2.591972784032457753e+02 2.569481742395596484e+02 2.591314586903449140e+02
2.459123103445542711e+02 2.460282275544291792e+02 2.459161989516956055e+02 2.472425909582738086e+02
2.444187274917902357e+02 2.442385603725459475e+02 2.428396133118262981e+02 2.445153323968755501e+02
2.513189298923849151e+02 2.516705363251074914e+02 2.497516020709937834e+02 2.522183957273492183e+02
2.681396802792519338e+02 2.686828064785146353e+02 2.657159864294546310e+02 2.685858618884740849e+02
2.578290868597733834e+02 2.583385044296735487e+02 2.559645538899242467e+02 2.591582299110838221e+02
2.557693155479341556e+02 2.559260517672848891e+02 2.537087901394135372e+02 2.564417348692613245e+02
2.816123118841128417e+02 2.823946982921481776e+02 2.788249726433506339e+02 2.825428808206750659e+02
2.616998734046482582e+02 2.626702412079688429e+02 2.594187634365207487e+02 2.626259842974496337e+02
2.529096594424034379e+02 2.540873657841361819e+02 2.516901706961569687e+02 2.536547468903211779e+02
2.551928976855757298e+02 2.559013647831731078e+02 2.537633916978204809e+02 2.557881308691071354e+02
2.435726109899331391e+02 2.438966983502022003e+02 2.431951159241605467e+02 2.445985009630112188e+02
2.537832995217582663e+02 2.537171985295001662e+02 2.519958744981612426e+02 2.546822704440321274e+02
2.501384082227401393e+02 2.508082697510600951e+02 2.491318580865850549e+02 2.503339373664016705e+02
2.766335095070268153e+02 2.766722601893900446e+02 2.730356595574682501e+02 2.771676614871446986e+02
2.545189443025797118e+02 2.547877707300566215e+02 2.524696300420639261e+02 2.547711824073241758e+02
2.457254620064624930e+02 2.459445439801366717e+02 2.443822447837970060e+02 2.464665042855037882e+02
2.930311806838770963e+02 2.923522152288740017e+02 2.898993527505215297e+02 2.918298973020715152e+02
2.613094380104990933e+02 2.618841795184702050e+02 2.585722071438952980e+02 2.621844095037707234e+02
2.502676032925783716e+02 2.504718331503673596e+02 2.496821232818046781e+02 2.505351296332696904e+02
2.593949416879869432e+02 2.593029167968439310e+02 2.573064674108629788e+02 2.605850084314427022e+02
2.485911601248137970e+02 2.476716602684974191e+02 2.475368167673526898e+02 2.489435502614417146e+02
2.836337365218341802e+02 2.846473955108839959e+02 2.805717661928929374e+02 2.836826719692534766e+02
2.792920064410564009e+02 2.802010351644876209e+02 2.764785064398187160e+02 2.778734709273074941e+02
2.494758637928169094e+02 2.501438022624705582e+02 2.480484191332566297e+02 2.505078900461808189e+02
2.452664429716225811e+02 2.456193315968742468e+02 2.448162399820843405e+02 2.462045712862176003e+02
2.655741309694463439e+02 2.653698170832150822e+02 2.622129254325494685e+02 2.651641141531280255e+02
2.476553500401098802e+02 2.479226067027092313e+02 2.470664589947861316e+02 2.479061493712190440e+02
2.516526112195939504e+02 2.516708741190252852e+02 2.503015197078670724e+02 2.515266506488498521e+02
2.792537532521589583e+02 2.790078297817173052e+02 2.763670461967128631e+02 2.787816838184996300e+02
2.531142400705622606e+02 2.537579604220292424e+02 2.521720376983001586e+02 2.542845302636823988e+02
2.479015686031595465e+02 2.481674114664263584e+02 2.471661468890902995e+02 2.491939090177814933e+02
2.487599129357011520e+02 2.492482845028353609e+02 2.486759765389910513e+02 2.493633999052254921e+02
2.499026546847338182e+02 2.501273232442110839e+02 2.491060264513693596e+02 2.499874275698731196e+02
2.531942257579651709e+02 2.537784926993996919e+02 2.522871419861244533e+02 2.533610270305749737e+02
2.496204417713995838e+02 2.498251508949905997e+02 2.493583198340046749e+02 2.505169572434268446e+02
2.599220175250652005e+02 2.601846578114513022e+02 2.582505383222698470e+02 2.605556683223841219e+02
2.836167626567304296e+02 2.835930456859619540e+02 2.813765457084947457e+02 2.828956579608757238e+02
2.546616780547642804e+02 2.543872255243216500e+02 2.530592696056369846e+02 2.555866235372191113e+02
2.475503684714930444e+02 2.482698867035093713e+02 2.469440983678826171e+02 2.487536560725664572e+02
2.665427779269323310e+02 2.669196797038740669e+02 2.625358668420630011e+02 2.654921343401808258e+02
2.490392160469588703e+02 2.491515675045045839e+02 2.481200184529849366e+02 2.495781455029970459e+02
2.910176878751254890e+02 2.904986826061405623e+02 2.893282632781658776e+02 2.916150552034180805e+02
2.666129557979191986e+02 2.665152767796556645e+02 2.642081345419376817e+02 2.671576665036540135e+02
2.465373659167221945e+02 2.464975269467723820e+02 2.453730079176632444e+02 2.467656491322098304e+02
2.538039873469880945e+02 2.541741125210548944e+02 2.522049022882962959e+02 2.544259263414360532e+02
2.482275069133069962e+02 2.489289033727363574e+02 2.474441884159643337e+02 2.488920738872054415e+02
2.492106982479093062e+02 2.491894509791532073e+02 2.480825441099804607e+02 2.499831270926511024e+02
2.482825676485858821e+02 2.478702725846066244e+02 2.471659468406613200e+02 2.484313305071565594e+02
2.499510169630703444e+02 2.505774701896717431e+02 2.485097472704873383e+02 2.497234364488142546e+02
2.545171013288822053e+02 2.541708571063198576e+02 2.529641254807386872e+02 2.546457848721641142e+02
2.620958645931297042e+02 2.621976926939459531e+02 2.592892203512316200e+02 2.628114619986184266e+02
2.733466326524476244e+02 2.739937247848952779e+02 2.703477448770998421e+02 2.744355891556794518e+02
2.479229776392485576e+02 2.480839237470043201e+02 2.474544095062337590e+02 2.483268216231368797e+02
2.517757656906877628e+02 2.518794997581826181e+02 2.509416345706323170e+02 2.523873610980440105e+02
2.497951341257448519e+02 2.506246191965257140e+02 2.486600909636070185e+02 2.510273716959786441e+02
2.506971636293785082e+02 2.514832092211170789e+02 2.505492564071867889e+02 2.517052662545287944e+02
2.526666814810233177e+02 2.527477449566905534e+02 2.518540186395137255e+02 2.538309957594150603e+02
2.529590984970029410e+02 2.531749032193028199e+02 2.514352498275461585e+02 2.549981659063363395e+02
2.639589605292900387e+02 2.637238794123045409e+02 2.619820403628682470e+02 2.648392034928461953e+02
2.693009721413112061e+02 2.698950604816414511e+02 2.652738098663000983e+02 2.682103963705648084e+02
2.581762653089919013e+02 2.578186362615890630e+02 2.563458620124465597e+02 2.583690189368938945e+02
2.504330155028717115e+02 2.515012567596873225e+02 2.493854191660699087e+02 2.517177255762414347e+02
2.497000039854036118e+02 2.495484343390295692e+02 2.485163657567366897e+02 2.502991230321839851e+02
2.615355098691158560e+02 2.618993936335152739e+02 2.598268788186377378e+02 2.617202198718892987e+02
2.522849969286911005e+02 2.522685965425587256e+02 2.510490464834834938e+02 2.524873448016736006e+02
2.580695231761081914e+02 2.580498687450952957e+02 2.556134615588828751e+02 2.588688258484380071e+02
2.708441377463199728e+02 2.717886602740625221e+02 2.682532266102104472e+02 2.715124673960086739e+02
2.653996656722947591e+02 2.654408974782897985e+02 2.634154853729190791e+02 2.672315557211221062e+02
2.493336245139358311e+02 2.494395602027159100e+02 2.479423144261313325e+02 2.502051853719512735e+02
2.475268308179616668e+02 2.476134252685329216e+02 2.465217735429885408e+02 2.482304491163374962e+02
2.492434563972294654e+02 2.500797706937438249e+02 2.485298257725686142e+02 2.502635700386885844e+02
2.764206397632022458e+02 2.780279738182622964e+02 2.743003043694257599e+02 2.775383871875135924e+02
2.530096968660082553e+02 2.533572937454962926e+02 2.521794992241678699e+02 2.535899686631788654e+02
2.502732844173478952e+02 2.509405171301521875e+02 2.493931658345537414e+02 2.513488229735390576e+02
2.777113926784669502e+02 2.777692722620964787e+02 2.751181309505900572e+02 2.779865982551788761e+02
2.890839194239253516e+02 2.890587207961677905e+02 2.878055638619634919e+02 2.887242029264068606e+02
2.517409532217091055e+02 2.524607693051831916e+02 2.505392962263729828e+02 2.524344455880752491e+02
2.496492233161334013e+02 2.501764205220643476e+02 2.495042394341002137e+02 2.504963526050565008e+02
2.502028113573425401e+02 2.504578071052043242e+02 2.498006639164894409e+02 2.507685695152143524e+02
2.503345418269378797e+02 2.506243399029629586e+02 2.496132166242933863e+02 2.508149646763856424e+02
2.833763510402131374e+02 2.831451440260238996e+02 2.796964156357398679e+02 2.825278961412459466e+02
2.554390367291394739e+02 2.564063055255539894e+02 2.545120022060987708e+02 2.566510741031169118e+02
2.495109443467161157e+02 2.499550199208393053e+02 2.488858340352408618e+02 2.499534024088916908e+02
2.457037544499183070e+02 2.458028691543422894e+02 2.448348504153751151e+02 2.460490912263817336e+02
2.516910289314417923e+02 2.524415102131475521e+02 2.510375598541873217e+02 2.524736777297994763e+02
2.506539732527176909e+02 2.503971439112129644e+02 2.498478309616470767e+02 2.509990793376672400e+02
2.486506025390352761e+02 2.492229292772871077e+02 2.483244069624578572e+02 2.494790075582954216e+02
2.478514200348846259e+02 2.479270776805698233e+02 2.475486427415461890e+02 2.484839019483081017e+02
2.484795172191492725e+02 2.491678200479961163e+02 2.478232266973820401e+02 2.491123507116616622e+02
2.452992202120280467e+02 2.454428986703047428e+02 2.444670049843085735e+02 2.457037644860472483e+02
2.492757244799108207e+02 2.496313006192311832e+02 2.485066750629779904e+02 2.502521019858613442e+02
2.447881192930195482e+02 2.450888586055612279e+02 2.438818637687178921e+02 2.453695147237370406e+02
2.518347043815718109e+02 2.515193553440615801e+02 2.504770920540022701e+02 2.517959692108978800e+02
2.594918229287972622e+02 2.599182540464857993e+02 2.574250961003781413e+02 2.611054924369807395e+02
2.528058250469022994e+02 2.533095115074217460e+02 2.521399502830771269e+02 2.534988710910096756e+02
2.831913658931468945e+02 2.840305809466764231e+02 2.812995652281871912e+02 2.843089074010617310e+02
2.482269221088476741e+02 2.485418328861094608e+02 2.473043967003767705e+02 2.487210590581864267e+02
2.486600238377127710e+02 2.490278865953014531e+02 2.481651406964220143e+02 2.489492665896777339e+02
2.459698186304352419e+02 2.464636757118624359e+02 2.454216635422191359e+02 2.463265456795504065e+02
2.798477881360106494e+02 2.805592733311591473e+02 2.769534167931058732e+02 2.804768633678130527e+02
2.642245503345595239e+02 2.646232210937363902e+02 2.619461965778489230e+02 2.645360372223631771e+02
2.473678642294846384e+02 2.477452041545425914e+02 2.467329126391354350e+02 2.475143428908270664e+02
2.486890911953833552e+02 2.496441465281213539e+02 2.480029316749296697e+02 2.499241213055855440e+02
2.639836517206900908e+02 2.659184495702141930e+02 2.620376864311450049e+02 2.656029135455460164e+02
2.653628106361107939e+02 2.658462510853865979e+02 2.625526362766482862e+02 2.653651758785400148e+02
2.509613031520723609e+02 2.513746837739386990e+02 2.500431807734355800e+02 2.517154472452622542e+02
2.466655467993212483e+02 2.471353845069283182e+02 2.458135525634280896e+02 2.474998966759329448e+02
2.507555551293416158e+02 2.505945724695391164e+02 2.494745532554750298e+02 2.506614040258347984e+02
2.498993407742910335e+02 2.493838546122684363e+02 2.490642934300874742e+02 2.507995112875358075e+02
2.492286526407958149e+02 2.490065720252535755e+02 2.480520435907354226e+02 2.496891249609163026e+02
2.495455189050540525e+02 2.495190678487668094e+02 2.481716946605569376e+02 2.501469889821255208e+02
2.469569852912064505e+02 2.468727622878353145e+02 2.465525302353130144e+02 2.471471882002385030e+02
2.944220179624459774e+02 2.945502890809138989e+02 2.938114928330936664e+02 2.937103572425074844e+02
2.660563798383422522e+02 2.657266057575342302e+02 2.629750032800851614e+02 2.674629980314371664e+02
2.586225925815528512e+02 2.585384660605053000e+02 2.569992307505954159e+02 2.595601142033548854e+02
2.537297573059559568e+02 2.537934388681867688e+02 2.523696690073620061e+02 2.546269426852982178e+02
