2.471521369662097527e+02 2.466502718071884601e+02 2.456005830768264673e+02 2.475986686040354243e+02
2.493660710405926011e+02 2.499203566650701021e+02 2.476582740659792989e+02 2.503332801589747589e+02
2.607788433382605149e+02 2.609372186553889605e+02 2.578584296316735731e+02 2.611925882406009123e+02
2.569327367711641728e+02 2.567614666296002497e+02 2.544551208682969730e+02 2.569666068025902632e+02
2.576244021847231238e+02 2.581307321137447843e+02 2.550398911909754815e+02 2.592192939432957246e+02
2.468995814414311099e+02 2.469146078065707286e+02 2.459291851459121574e+02 2.475153533217018662e+02
2.674627466987781190e+02 2.674145077474936443e+02 2.650575256818495973e+02 2.678049165369723710e+02
2.840898313868432297e+02 2.843150660401564664e+02 2.824114913200426145e+02 2.850599022298893033e+02
2.433688765135827623e+02 2.427945300608841421e+02 2.417298559891900993e+02 2.436274122337601398e+02
2.485517127632453764e+02 2.487892331812767281e+02 2.475432319577593887e+02 2.488869555137381440e+02
2.765083142575733746e+02 2.769253145698952494e+02 2.742873162036107146e+02 2.780951884045779821e+02
2.613316142705575089e+02 2.616195499525772448e+02 2.594826215241884029e+02 2.617630285986318768e+02
2.611088190348311855e+02 2.608423727774788290e+02 2.593370476614408631e+02 2.621629727630406137e+02
2.466030913709800814e+02 2.465000932802809075e+02 2.455087427243136631e+02 2.465443336279723212e+02
2.557558517951899830e+02 2.559024815325467728e+02 2.540030730043601181e+02 2.565695019305492224e+02
2.483970140759321907e+02 2.491047046710473580e+02 2.470439665722327902e+02 2.494017057225758833e+02
2.834150069071101825e+02 2.843759812813730719e+02 2.808181304465010726e+02 2.838827798393725743e+02
2.900285143433037547e+02 2.904491974544245636e+02 2.870065003811677116e+02 2.906224363705251221e+02
2.488943035798346841e+02 2.491693970116182300e+02 2.476519993560645219e+02 2.499331493931460955e+02
2.651415111988002309e+02 2.658888026827159479e+02 2.625911458713786146e+02 2.667932190935397898e+02
2.453263530585356875e+02 2.452142373539053040e+02 2.446622598670821276e+02 2.463512345054550394e+02
2.440344606063959816e+02 2.437049104601717602e+02 2.429420690730057970e+02 2.450852922951143853e+02
2.474210045639045461e+02 2.478601296602430750e+02 2.462832289964281074e+02 2.482662704979670991e+02
2.453623369591215351e+02 2.460271330853608163e+02 2.448325102513913976e+02 2.460562540069236093e+02
2.463290310137828953e+02 2.462198647572334380e+02 2.456147919826734380e+02 2.467299625729800425e+02
2.472514494286148192e+02 2.466135485405374936e+02 2.459797723284465292e+02 2.475913307293469927e+02
2.608502895633257594e+02 2.611670734895956798e+02 2.587698770694909740e+02 2.616922844893704792e+02
2.491481509543013431e+02 2.491288651156758078e+02 2.476974913078568079e+02 2.493229756681210745e+02
2.458982361748868755e+02 2.461042930171605860e+02 2.453519329531127653e+02 2.468258205548728199e+02
2.528019829841219632e+02 2.530634214271290432e+02 2.512141956617949461e+02 2.541458325910666929e+02
2.691019198575337441e+02 2.692626642798052785e+02 2.661029205941701434e+02 2.697466248293141575e+02
2.548991475800411592e+02 2.558906493985044222e+02 2.519124793322955611e+02 2.560709521105482054e+02
2.547625041268237283e+02 2.556444029878658171e+02 2.535597980542720506e+02 2.558270069222902521e+02
2.490470046787741580e+02 2.497443743770166691e+02 2.475825933952525588e+02 2.510224017695837802e+02
2.582313022055300848e+02 2.586801255736929761e+02 2.557809704830153237e+02 2.600521306332573772e+02
2.620728579200380750e+02 2.620330921955288659e+02 2.595271087242845738e+02 2.625222597295194760e+02
2.499698571648900725e+02 2.501091616829609734e+02 2.491976950346220008e+02 2.512769544431056659e+02
2.471728304231463653e+02 2.475585152286486448e+02 2.462149786371086861e+02 2.476802345789294009e+02
2.446501280247224202e+02 2.453933918183568323e+02 2.432761742724024714e+02 2.461078953066649717e+02
2.464472353492874959e+02 2.468733779526203023e+02 2.449242798988922800e+02 2.470929405960153531e+02
2.477096913443584185e+02 2.481107938248694040e+02 2.465751210694984934e+02 2.479250137983887043e+02
2.482084926281879973e+02 2.485637622907303239e+02 2.475785823702926791e+02 2.485760181824835229e+02
2.451049168770899485e+02 2.447391246491311279e+02 2.437285319225692035e+02 2.455072148972549826e+02
2.577647713369949543e+02 2.577745433334784479e+02 2.553729925596132944e+02 2.579531780058767367e+02
2.507674663665588071e+02 2.513340658978576414e+02 2.492480832416405576e+02 2.512402576736588173e+02
2.501365218903471543e+02 2.504105415993728343e+02 2.481061118988204726e+02 2.504712889649574379e+02
2.435071951999914290e+02 2.438095886543918027e+02 2.426863183509124156e+02 2.441283087873690363e+02
2.646424550170560792e+02 2.650472657887153787e+02 2.608577063338836410e+02 2.660276038842763455e+02
2.593531526776887972e+02 2.600554082098157096e+02 2.576951296098247326e+02 2.606339554031926582e+02
2.518127105808207205e+02 2.520891432273182886e+02 2.498387347368914106e+02 2.519533272990344983e+02
2.528433949430760492e+02 2.531650879822085187e+02 2.504694439326071347e+02 2.536482549026926279e+02
2.495754283512514462e+02 2.496486245592411990e+02 2.479861872521341581e+02 2.500755534636408299e+02
2.451027644245779129e+02 2.449604371647457413e+02 2.440533335233183152e+02 2.458210599045218885e+02
2.526763436724479561e+02 2.530048231116111594e+02 2.510706137532843627e+02 2.527116299024524722e+02
2.484599852660969646e+02 2.485327507269157934e+02 2.469847230015844843e+02 2.485068563932678956e+02
2.513170556193474567e+02 2.522841982044386384e+02 2.496755427255402253e+02 2.522236602063032649e+02
2.544109579420276077e+02 2.550189345912832835e+02 2.533064789470710423e+02 2.564947008022759860e+02
2.492123009661319770e+02 2.494720321323116252e+02 2.480644724439091249e+02 2.499815675924027403e+02
2.495459323955331570e+02 2.498911983679032573e+02 2.482517595783172908e+02 2.495995927492280089e+02
2.779493665872200268e+02 2.779423236405230000e+02 2.756040428515452163e+02 2.783534852361466960e+02
2.455945438859760657e+02 2.457610007620154136e+02 2.448319304206873710e+02 2.463986233344565733e+02
2.481688408511618888e+02 2.487156836186754560e+02 2.473353298062975227e+02 2.496044191813871009e+02
2.499652387507473748e+02 2.502537095467260997e+02 2.486921277911572759e+02 2.511108183339986510e+02
2.588114530780514997e+02 2.594809680892441293e+02 2.565149141886660118e+02 2.594881812197043587e+02
2.501024873438765042e+02 2.502441251879872368e+02 2.489390757533573435e+02 2.509881802732451206e+02
2.506983308581260701e+02 2.509766248248068337e+02 2.493347386181268348e+02 2.513573837103033952e+02
2.435085669472032919e+02 2.440386556911880973e+02 2.430509952112960832e+02 2.450007898210687642e+02
2.494598070628422306e+02 2.492101507267583429e+02 2.475028519533441909e+02 2.496448283364808276e+02
2.491032437914353181e+02 2.490070834737428243e+02 2.479376026436636380e+02 2.494202347709163234e+02
2.895734376887724579e+02 2.905019782853532320e+02 2.887939641075158761e+02 2.907024859982792009e+02
2.600709519466729489e+02 2.619066317713814556e+02 2.582774452246225110e+02 2.627465122504044075e+02
2.463008094312200456e+02 2.461040952737609473e+02 2.454723842116704873e+02 2.463587771542167957e+02
2.573250887355090413e+02 2.574306166123897697e+02 2.549144036901627430e+02 2.578030395138031281e+02
2.432793176216470101e+02 2.432439964594922799e+02 2.428990688244439298e+02 2.437633204685003250e+02
2.481599959336516292e+02 2.484808845536156241e+02 2.474717735446236304e+02 2.482824378382377972e+02
2.787484633507255580e+02 2.794823414171057721e+02 2.770126303730616542e+02 2.785188129158998436e+02
2.459546479028008719e+02 2.462300008953560848e+02 2.453203922100371415e+02 2.469418430106017013e+02
2.477531794238133216e+02 2.481126396181571181e+02 2.462662066269939771e+02 2.488151801354221675e+02
2.472794467179634808e+02 2.466775810900737440e+02 2.457259790824790571e+02 2.478400064316678311e+02
2.621695396990906488e+02 2.617451508691937079e+02 2.589841329882897867e+02 2.621298927896875171e+02
2.793686323389697463e+02 2.803658222367762392e+02 2.766363610992361259e+02 2.796845626106630220e+02
2.445697694110589566e+02 2.448210797820425455e+02 2.431296869916427283e+02 2.456490392319300895e+02
2.453823942910829032e+02 2.448207785664881442e+02 2.433634611007725823e+02 2.455334586282849898e+02
2.449129600374228630e+02 2.453347653672062165e+02 2.439498988997794982e+02 2.453152460195726690e+02
2.600714213109866932e+02 2.614717122654776631e+02 2.577629879291446287e+02 2.608959171916687296e+02
2.494170461710388622e+02 2.497226104637795459e+02 2.484982554179780436e+02 2.500034379833679168e+02
2.448040259005711619e+02 2.454887555971973825e+02 2.439437221956964379e+02 2.455716071338602262e+02
2.508749456056677332e+02 2.509595036582444436e+02 2.489326691015391191e+02 2.525252013235728441e+02
2.809572317668782375e+02 2.817085557554848378e+02 2.776344537481218140e+02 2.809120999950010287e+02
2.668896498764684679e+02 2.686758348174652156e+02 2.629392843503166546e+02 2.672622372580604519e+02
2.461739450746375155e+02 2.462248064193185257e+02 2.450285332029094150e+02 2.470041270267654738e+02
2.438678923999343908e+02 2.440201199868740787e+02 2.426634246756133564e+02 2.443596915696696499e+02
2.716804300630910802e+02 2.712936753610259757e+02 2.686066205920928951e+02 2.702840316989655776e+02
2.536652299747993027e+02 2.540143088974085117e+02 2.512361501677759179e+02 2.545548953772337768e+02
2.501400420201899522e+02 2.501704021621229970e+02 2.484978388561437441e+02 2.512034713348968182e+02
2.765745090216570361e+02 2.758582511607866081e+02 2.720240815651919775e+02 2.761429821665942086e+02
2.447456970707599169e+02 2.456992974569738521e+02 2.442319895105754028e+02 2.459392513181425386e+02
2.543528386864494450e+02 2.551462945972038483e+02 2.515704247759402676e+02 2.563371113531188143e+02
2.651770387509287730e+02 2.654321604560914238e+02 2.639544907419089554e+02 2.666222383851587097e+02
2.468006697325757273e+02 2.473228714788185130e+02 2.463430420934464848e+02 2.480751287068017632e+02
2.759647996555809755e+02 2.776663598699769295e+02 2.742207730916234709e+02 2.782098793830426189e+02
2.506633231096198244e+02 2.511986133199140738e+02 2.491919169057798911e+02 2.516985673702972690e+02
2.468011264419581607e+02 2.475783879308453095e+02 2.455587513349907738e+02 2.477924248098465512e+02
2.501704343731294955e+02 2.515294003210533162e+02 2.490431541209444504e+02 2.513707436190113071e+02
2.495561943474810960e+02 2.493675908532059111e+02 2.488817243453707704e+02 2.504315371312001162e+02
2.632047514620929292e+02 2.637096973205338486e+02 2.602576271317852843e+02 2.648497671854123041e+02
2.421443222366986561e+02 2.427839684956568362e+02 2.413655673641353872e+02 2.431585332873349614e+02
2.508998126941188218e+02 2.511402461580760814e+02 2.495233176434894062e+02 2.516657346692419139e+02
2.534990032880299680e+02 2.534719176678122494e+02 2.512087316849502656e+02 2.545354313042765000e+02
2.659243148074712622e+02 2.685877214002023834e+02 2.634300196984905256e+02 2.676135456651972504e+02
2.508307037499072294e+02 2.506643850954449704e+02 2.487692895650420724e+02 2.511224756810511565e+02
2.460121768373488180e+02 2.463175284642921667e+02 2.453152227619507926e+02 2.467117068820996053e+02
2.507806482821968643e+02 2.510829379702988717e+02 2.504056902376183871e+02 2.512183319825946910e+02
2.468848278907728684e+02 2.478945714869149981e+02 2.464187496325115774e+02 2.481889497202568293e+02
2.563129707133178954e+02 2.564095757373872857e+02 2.545909858739595677e+02 2.574633054730334152e+02
2.433720093735045964e+02 2.435378861212316508e+02 2.424194566931372492e+02 2.446485286603505926e+02
2.872404440343067904e+02 2.870943007156467957e+02 2.843472115460682517e+02 2.871464429150082651e+02
2.450362734160432296e+02 2.456662874626321980e+02 2.443675617360133003e+02 2.459740966088263576e+02
2.469513980554552859e+02 2.473865762086469999e+02 2.455663912382917431e+02 2.479498181169000759e+02
2.504462526345472781e+02 2.508633442835243272e+02 2.487720470587516388e+02 2.514150117666765993e+02
2.715237332950849805e+02 2.721976522838068604e+02 2.684920701746029295e+02 2.729084492454751967e+02
2.448531115935553260e+02 2.451789244725502499e+02 2.442945836995241962e+02 2.455786012859287268e+02
2.515546870110111115e+02 2.519198608261526147e+02 2.508153388238107482e+02 2.518803705301313585e+02
2.467163046458113342e+02 2.469063791063754536e+02 2.456024201356579226e+02 2.475945231834163565e+02
2.455416408332582705e+02 2.465876572615604232e+02 2.446592020989154719e+02 2.468623448648395424e+02
2.459433223837533831e+02 2.455002667478489116e+02 2.450533453339847654e+02 2.461403892856547202e+02
2.444910602547923304e+02 2.452402943605104895e+02 2.434457290875824356e+02 2.450352575164568805e+02
2.503484130986248886e+02 2.506712354040617186e+02 2.494360421586254688e+02 2.516858773016681425e+02
2.491084967222085425e+02 2.492734161782382500e+02 2.476273736964985517e+02 2.512315786741949921e+02
2.557587142804219411e+02 2.563268996825473209e+02 2.532400443164536625e+02 2.568978327292049926e+02
2.445695512839538992e+02 2.444663632989781377e+02 2.435304762624315913e+02 2.448863172893518083e+02
2.573336780377832724e+02 2.577257864400898484e+02 2.547852085546070668e+02 2.585618371702325362e+02
2.481808106572416932e+02 2.488866469744127414e+02 2.469197745423691970e+02 2.491656753044049140e+02
2.462650465126558572e+02 2.466892080468323059e+02 2.450532884610898350e+02 2.470505755348083596e+02
2.569674563013740567e+02 2.571105282789351349e+02 2.543064126811470089e+02 2.576209228551765023e+02
2.480815489528587818e+02 2.487537140810158007e+02 2.467095151642245980e+02 2.480616494895428445e+02
2.461189045700308213e+02 2.466605321031823905e+02 2.454614744445713654e+02 2.473795886690269867e+02
2.511950005626362383e+02 2.521015511346737696e+02 2.505256559687317122e+02 2.521638878248655260e+02
2.510632966855236532e+02 2.512871515771378199e+02 2.499832409305817293e+02 2.524079243689819236e+02
2.711528417896908536e+02 2.717892391864368733e+02 2.671635307681355584e+02 2.703258645225696455e+02
2.603569820501238610e+02 2.601314203350804064e+02 2.569137480036457646e+02 2.607249944045703955e+02
2.555707829267676345e+02 2.557513716094684355e+02 2.536370812744979446e+02 2.563196914145182745e+02
2.798805283120032072e+02 2.793039142040353227e+02 2.768551688459800175e+02 2.796240595288695090e+02
2.555751124297753165e+02 2.571329480356661179e+02 2.543566402126347725e+02 2.566774643788596677e+02
2.926890803731553774e+02 2.924093401663814120e+02 2.899824172871109340e+02 2.922295032427731485e+02
2.474109420497023564e+02 2.474238481662654578e+02 2.468299011223733714e+02 2.481177251230680270e+02
2.670409330421990148e+02 2.680723734644792557e+02 2.640429317791603694e+02 2.673379147165445033e+02
2.486674675054695456e+02 2.495658167961748291e+02 2.486344186343109754e+02 2.492829202443000725e+02
2.474226401327193230e+02 2.477098168254295558e+02 2.470344501016791696e+02 2.484080443414766535e+02
2.548829657849556725e+02 2.560122084289211557e+02 2.525541331326067507e+02 2.554658383096653722e+02
2.449741658576296288e+02 2.445720455954538011e+02 2.440808197188145527e+02 2.451823925288435646e+02
2.618580217553021043e+02 2.630013666001640331e+02 2.598480683217407545e+02 2.629497278751298950e+02
2.504392966139407974e+02 2.508663686174157590e+02 2.491753965328075537e+02 2.517399777097905371e+02
2.493493699553145859e+02 2.489060414854192231e+02 2.476011137904132227e+02 2.506235723664939599e+02
2.719253748315189796e+02 2.732259701884655669e+02 2.688978317932202913e+02 2.721993534937230379e+02
2.478666845151828113e+02 2.473700822577297345e+02 2.468398953484555705e+02 2.487401440627925240e+02
2.772505637880911991e+02 2.764335968096772831e+02 2.748681572828306798e+02 2.767048367424366120e+02
2.850974405002878598e+02 2.843131314190364947e+02 2.837006226188597111e+02 2.843551704798708784e+02
2.477612832661747007e+02 2.474687903705203667e+02 2.463731498357302598e+02 2.482275849140769139e+02
2.476460002301647023e+02 2.475564289600088159e+02 2.466982579254443522e+02 2.481797829171831893e+02
2.475440871415141260e+02 2.476713277908397686e+02 2.468962088851605756e+02 2.483686216868385657e+02
2.427735461652705737e+02 2.422695280707224867e+02 2.415836508223278258e+02 2.435343595701690731e+02
2.704427747964804780e+02 2.702209494100995357e+02 2.663886093556988612e+02 2.703785756303607855e+02
2.519601369433425475e+02 2.520300974181109552e+02 2.508955516184749683e+02 2.526727050213408461e+02
2.520439576696352049e+02 2.525370467465426429e+02 2.506543819449839248e+02 2.528340463623968901e+02
2.606442693227609197e+02 2.611307756426546121e+02 2.585066579804395133e+02 2.613635860859196214e+02
2.564940994617194860e+02 2.569836871628663744e+02 2.542956002410763006e+02 2.578218074930343846e+02
2.720261014698641020e+02 2.720493452977081006e+02 2.681479028593612384e+02 2.735824564510373307e+02
2.489519507591118384e+02 2.489210726264272182e+02 2.478246726209556243e+02 2.492552287549139578e+02
2.524663003200817855e+02 2.521966227284028434e+02 2.511215201484394868e+02 2.532560603724910493e+02
2.578864725834234264e+02 2.586241326593705594e+02 2.559396125639293587e+02 2.591659018738453142e+02
2.721201366369895709e+02 2.715411822903018333e+02 2.690841270957484994e+02 2.728041641101393111e+02
2.600991141946806238e+02 2.607139468901830242e+02 2.579175141696080686e+02 2.613132425943828139e+02
2.471605304259018396e+02 2.475921365899957891e+02 2.465601424253239884e+02 2.482347248820190657e+02
2.459171299145793910e+02 2.461714345409047553e+02 2.452064648978553976e+02 2.465963428019415460e+02
2.542515125227430701e+02 2.542790508491675894e+02 2.521147483740157327e+02 2.557276263205421856e+02
2.562421100297481757e+02 2.571949242048286237e+02 2.546352175914414033e+02 2.570745878756987395e+02
2.482780846930522216e+02 2.478930372603772980e+02 2.466048229066147144e+02 2.483835544849939652e+02
2.567249872660784149e+02 2.579511493636538262e+02 2.548911766657113560e+02 2.579503489071458375e+02
2.712496454676779081e+02 2.718646164460835735e+02 2.671777980221196458e+02 2.720182388139580780e+02
2.476062869271332261e+02 2.478112340131685301e+02 2.465006982050573754e+02 2.485892863582445216e+02
2.487488563279556786e+02 2.490616083085581636e+02 2.481127530298130637e+02 2.499191207659825977e+02
2.444789113834428917e+02 2.445098753559617819e+02 2.436040175669677978e+02 2.450144424857879244e+02
2.536722001689459205e+02 2.541809518728817068e+02 2.519007129872772452e+02 2.546291330066440821e+02
2.455449373688168180e+02 2.455324897223023015e+02 2.445026756948880120e+02 2.466029514318250904e+02
2.484253913807101810e+02 2.488546256338748037e+02 2.479636148298413900e+02 2.487823216167449232e+02
2.941490584480958432e+02 2.943992348794067766e+02 2.939141983913993386e+02 2.945210687450606883e+02
2.488031480199493899e+02 2.494943628666736402e+02 2.475446917053153584e+02 2.496989129649511199e+02
2.646037374372955355e+02 2.650353129735688071e+02 2.603814332596231225e+02 2.648164890707880659e+02
2.447763925003576446e+02 2.447331764084520103e+02 2.440392491472475456e+02 2.455307594937170563e+02
2.423271507982802291e+02 2.429901771517329223e+02 2.417691275334265129e+02 2.430696063062623864e+02
2.464678568533197733e+02 2.466991277094949737e+02 2.454341603216091414e+02 2.473689970287663868e+02
2.832582158323004364e+02 2.833895335107166602e+02 2.796559511037882544e+02 2.838255885541764769e+02
2.462597042434422576e+02 2.462942217175963719e+02 2.457029378970629239e+02 2.467301946505386070e+02
2.526873343997225732e+02 2.539954762176627980e+02 2.508348180278588302e+02 2.549464669094229237e+02
2.457037049120869483e+02 2.457749685466351650e+02 2.448311986647024696e+02 2.464918392824692717e+02
2.757249371184350935e+02 2.767549063645211618e+02 2.718708212485801710e+02 2.757320721030021673e+02
2.591404835318846835e+02 2.580360143267859030e+02 2.559021337799091214e+02 2.589477224078345330e+02
2.474060648425127056e+02 2.478374344480983211e+02 2.467440059913695904e+02 2.482679425831946958e+02
2.451833037325668556e+02 2.453499307649788364e+02 2.446277941332109833e+02 2.459568491351333250e+02
2.478211515799975189e+02 2.479791861115015479e+02 2.466179090430258327e+02 2.483333392906822610e+02
2.412947609854802522e+02 2.415176324882409062e+02 2.397760851616414186e+02 2.419654332666519565e+02
2.500608949170184019e+02 2.498749071096109731e+02 2.484010499636313227e+02 2.508095475991335093e+02
2.470378621384334394e+02 2.477662879157884390e+02 2.454935084548760926e+02 2.481461744830083376e+02
2.541616895029696934e+02 2.553339805736657127e+02 2.524044566683802486e+02 2.556276434982199532e+02
2.480685093375815313e+02 2.483464741867835528e+02 2.471727782012240482e+02 2.485157392150015880e+02
2.470591056050277246e+02 2.464149847931332431e+02 2.457855483197412525e+02 2.474781674983988182e+02
2.516983515240565055e+02 2.520808042151511756e+02 2.504850699272551537e+02 2.522576677346146141e+02
2.486270397517472190e+02 2.487199493585504797e+02 2.471971632066395728e+02 2.492000894206362318e+02
2.442915930121817780e+02 2.444576300031449421e+02 2.433638675361437151e+02 2.449341771909101624e+02
2.457963197014705088e+02 2.457824386635341796e+02 2.443966324615915084e+02 2.460077749152008266e+02
2.461186224583573789e+02 2.466114924861787472e+02 2.453045398695407755e+02 2.464410134070806180e+02
2.470308036681872466e+02 2.471299355231266759e+02 2.456290718413606839e+02 2.476449055273174906e+02
2.560389397504757198e+02 2.563402108607091918e+02 2.540633283739580293e+02 2.579440702498700375e+02
2.604308361827480667e+02 2.603639151517826349e+02 2.578334393331598449e+02 2.607914671402497788e+02
2.505504493702642037e+02 2.504100174215996333e+02 2.497146945056862535e+02 2.515272235439731219e+02
2.579189347818297620e+02 2.583628249276633824e+02 2.555655201490725119e+02 2.589998436944454738e+02
2.756374864043129378e+02 2.744014652772245313e+02 2.705375003715059847e+02 2.758127483636498027e+02
2.520965303898531999e+02 2.524648012526196226e+02 2.506172029395054608e+02 2.522089463182562952e+02
2.521269641867804410e+02 2.521610491971245835e+02 2.504602311895650075e+02 2.528400927137502947e+02
2.521103789272314373e+02 2.530073387975777166e+02 2.508779576099181270e+02 2.529662422949902236e+02
2.502139418122490326e+02 2.504523900472000832e+02 2.486775879439366292e+02 2.511845629903877750e+02
2.648095473180633803e+02 2.665416582968637158e+02 2.626657772797248072e+02 2.679286984074673228e+02
2.473800037764100068e+02 2.476749153226299143e+02 2.467211088842148854e+02 2.482454589105305161e+02
2.669255596578253176e+02 2.676789923081917664e+02 2.637207450842989829e+02 2.677639751386186049e+02
2.540602381916183390e+02 2.543132828486883739e+02 2.522928632532035067e+02 2.538817029133618064e+02
2.589997914583088914e+02 2.581503043665522341e+02 2.567789826176771157e+02 2.594121186176391234e+02
2.595360182970136407e+02 2.600280421134598896e+02 2.578133366701703721e+02 2.616145870634398989e+02
2.498115565542964021e+02 2.496433006484865018e+02 2.484090803047380689e+02 2.508692608730839027e+02
2.484626396067212113e+02 2.482213029949905376e+02 2.475338497560599933e+02 2.485473275229696810e+02
2.469256669347302591e+02 2.470826043581476199e+02 2.462221095501785157e+02 2.478085861679218453e+02
2.416789518068238465e+02 2.422335073831548300e+02 2.405282740803458523e+02 2.423765626681050662e+02
2.554191049125708446e+02 2.550603616534343701e+02 2.527684038204279489e+02 2.557258821789813510e+02
2.632475506609440572e+02 2.637811634725502472e+02 2.596111788577046582e+02 2.641820625333467092e+02
2.832374624790414828e+02 2.831292295824776488e+02 2.806227253831035569e+02 2.838127162197885696e+02
2.490944193146102066e+02 2.488803878238753953e+02 2.478024214286746769e+02 2.498809195979142146e+02
2.560418456665191798e+02 2.569011012314685445e+02 2.527954752065315063e+02 2.564712405799274961e+02
2.427397457879969807e+02 2.425608397525161877e+02 2.418434640198304635e+02 2.430899234057800697e+02
2.461656135940126262e+02 2.464400352835432955e+02 2.453745721158698530e+02 2.465890173192750012e+02
2.532653157012114207e+02 2.545622235239342785e+02 2.517571555971589987e+02 2.548727247858269038e+02
2.447070504765771943e+02 2.451619390754297285e+02 2.432747606963856413e+02 2.452205674176846060e+02
2.502256898399994895e+02 2.501859733138470574e+02 2.491081556404411685e+02 2.514111193944902993e+02
2.458930533201258299e+02 2.458362574015312134e+02 2.445529549860451084e+02 2.463553986143788279e+02
2.728649770720958259e+02 2.728037701990986079e+02 2.689857920712108807e+02 2.730549641156715666e+02
2.613357228770304346e+02 2.629144366590018649e+02 2.604364104457285407e+02 2.632021915536408301e+02
2.537923679076114070e+02 2.543184872351167769e+02 2.521418802954046896e+02 2.548162857007970956e+02
2.494416436912595998e+02 2.495249514416588852e+02 2.482486300677219617e+02 2.503296740570992824e+02
2.465745301823803572e+02 2.464375837806855145e+02 2.449100781519340160e+02 2.475191406583577987e+02
2.506889819302060687e+02 2.509788421119532700e+02 2.492569996152237479e+02 2.514108458716866323e+02
2.776627797934836508e+02 2.780439933423281218e+02 2.738411257638563256e+02 2.778826569286526365e+02
2.622997049537589191e+02 2.630052497830609468e+02 2.591965012176052028e+02 2.634446201340424523e+02
2.441503662715951464e+02 2.446220543991392447e+02 2.433327175503845581e+02 2.449457455061530595e+02
2.807487866540487289e+02 2.833712031676636229e+02 2.785711235766016785e+02 2.814635223522387264e+02
2.437360314466009186e+02 2.432047490733646669e+02 2.422357431795926743e+02 2.443550422735619065e+02
2.594000080378445432e+02 2.598307526574523081e+02 2.572807981762200029e+02 2.603690640981073443e+02
2.542461288012928264e+02 2.542594497775973252e+02 2.522858126176344626e+02 2.549248446437639757e+02
2.546279509798853553e+02 2.550960485733922667e+02 2.526546278325650974e+02 2.560087595865006165e+02
2.867642979558943921e+02 2.874000607104121627e+02 2.839552569447750443e+02 2.857344172995688041e+02
2.623173377757065055e+02 2.637166462957095519e+02 2.601147446697954138e+02 2.633239394771042612e+02
2.530253336329900549e+02 2.541659612857453112e+02 2.513348395436216265e+02 2.539607160038094662e+02
2.760398315139261172e+02 2.753593714710648896e+02 2.723674293303511149e+02 2.760637533124209426e+02
2.596460162632132551e+02 2.595048149228586567e+02 2.572873325608414916e+02 2.611736901613792270e+02
2.494306537825002010e+02 2.500352048789594051e+02 2.487369674729432063e+02 2.501366756420967192e+02
2.444889389798254342e+02 2.450186407354269420e+02 2.438354844188201582e+02 2.456310367196701350e+02
2.794786407550960803e+02 2.790191020445445247e+02 2.770199464318867513e+02 2.809737005819187630e+02
2.494472834636336813e+02 2.497055983440972398e+02 2.479970477059816290e+02 2.496607288969085232e+02
2.679166880727341891e+02 2.697973751594751093e+02 2.664342053924652305e+02 2.706293571260491717e+02
2.487900335109981427e+02 2.483577161254898442e+02 2.473467418033579577e+02 2.494227515318534643e+02
2.481240650920192934e+02 2.486517656371418070e+02 2.465891003969893518e+02 2.492700313305854820e+02
2.508206442448410201e+02 2.509075960001513295e+02 2.496470548349898024e+02 2.513126556737374244e+02
2.510975832446491154e+02 2.522659846612761498e+02 2.493142962245833303e+02 2.529976516327623699e+02
2.522006057766485867e+02 2.521764987150925776e+02 2.502589368137951453e+02 2.533532450424833939e+02
2.538805580038520873e+02 2.546070657909136798e+02 2.522779529127265619e+02 2.545139651889416825e+02
2.932169789205411234e+02 2.915717852366582861e+02 2.894461624272951781e+02 2.910832329452334193e+02
2.488626048079312625e+02 2.488303469332611257e+02 2.475692063775276495e+02 2.492609488713843007e+02
2.597523562955482248e+02 2.601759361541506337e+02 2.573759609743050305e+02 2.602605386397314078e+02
2.483055795776596142e+02 2.485014271076736350e+02 2.465578362049776899e+02 2.494420695258666569e+02
2.616267124298790350e+02 2.616365704231098448e+02 2.579053705451100882e+02 2.614100140360662863e+02
2.461471383837320559e+02 2.463027216209976018e+02 2.453211757198898511e+02 2.467782315293626141e+02
2.813605123130632251e+02 2.809970449404721649e+02 2.753670152074001294e+02 2.813596353186198371e+02
2.524016866907244605e+02 2.531098946800617284e+02 2.513431887299751111e+02 2.545339622683390530e+02
2.647305851313989820e+02 2.637452346000645775e+02 2.625136099341016234e+02 2.653636315977537947e+02
2.454226182217902021e+02 2.454479614918813866e+02 2.444230371089747393e+02 2.462047108230014771e+02
2.535114433007401828e+02 2.538027033739141416e+02 2.521538472969882889e+02 2.547318111567101937e+02
2.635342936361994362e+02 2.636653240012935839e+02 2.601228654694808711e+02 2.648446290409239054e+02
2.535526098909892028e+02 2.542401532428616804e+02 2.523190333416851843e+02 2.541873652948397933e+02
2.465940010039025765e+02 2.463895339815109367e+02 2.459547586742092733e+02 2.468725518598592998e+02
2.890103885762184746e+02 2.893644908434562808e+02 2.872527952681265333e+02 2.886115521402337549e+02
2.516995204537840607e+02 2.522195714414503414e+02 2.497039343504155227e+02 2.525760955036054440e+02
2.512050352370951316e+02 2.515161110977281567e+02 2.491812536646176852e+02 2.522108655401917474e+02
2.473726425273898997e+02 2.478931217190191774e+02 2.461042681649093709e+02 2.474345209933321144e+02
2.491961038735978207e+02 2.496997096287271063e+02 2.478830757225159971e+02 2.500640333234410946e+02
2.492338927557970862e+02 2.492564376779931479e+02 2.480435903936329396e+02 2.497585405872565332e+02
2.488844819742131165e+02 2.493235826217776321e+02 2.472576162782775668e+02 2.498867898924495421e+02
2.470095819550464569e+02 2.473947520756883307e+02 2.466872704541874839e+02 2.476787262616180101e+02
2.530273291271806215e+02 2.538913152589599918e+02 2.508680610237040014e+02 2.536873642809036369e+02
2.434606567385836229e+02 2.434082888017688333e+02 2.423138495682237874e+02 2.437708206489158158e+02
2.480713105388710460e+02 2.482952491513927100e+02 2.473138700977799260e+02 2.485682421530717647e+02
2.652016208993210284e+02 2.662396392759607124e+02 2.633825803876125633e+02 2.665101314317938090e+02
2.484807975685185681e+02 2.483082933125686225e+02 2.479035038919096223e+02 2.488127570875842309e+02
2.435280498330951104e+02 2.437491072997054005e+02 2.429091024022903866e+02 2.439131021533514172e+02
2.525365984110762270e+02 2.529771875357352826e+02 2.516234207373601350e+02 2.534117503515229828e+02
2.448808401410581155e+02 2.457785825767325605e+02 2.436778100296664320e+02 2.455866290795615043e+02
2.844170408882055199e+02 2.865308241183267342e+02 2.821640172228493952e+02 2.829599405461045762e+02
2.485827760940486542e+02 2.483880221384523850e+02 2.475050465239690141e+02 2.498995550687554044e+02
2.602984261066827685e+02 2.605363923316496084e+02 2.573637486399496765e+02 2.608834505780462791e+02
2.412104800761560739e+02 2.412006295115346859e+02 2.396357774658742699e+02 2.418256342101980181e+02
2.468142850625625044e+02 2.469372595129480601e+02 2.457228605991726909e+02 2.470551996647081126e+02
2.791768455305211774e+02 2.805670520585854320e+02 2.757855910521480496e+02 2.802224324668157465e+02
2.441509565421908121e+02 2.443734975699354948e+02 2.432566991194809702e+02 2.443525659346219072e+02
2.576110728631349502e+02 2.586076259111698050e+02 2.561878511495274893e+02 2.583461058148129155e+02
2.471702453315267576e+02 2.479499817862747477e+02 2.463607700702629018e+02 2.479915947836115890e+02
2.427434376442513440e+02 2.431410303460848468e+02 2.418782818676232580e+02 2.435160950839855900e+02
2.562875514319523518e+02 2.565248673842438052e+02 2.536506675019439285e+02 2.579646360228240383e+02
2.803800208071244242e+02 2.812364050387038787e+02 2.785769264971730763e+02 2.820885464583111002e+02
2.497141873259162139e+02 2.501245524792918218e+02 2.483387907087248720e+02 2.504821846119781412e+02
2.658129439487190666e+02 2.673700625114804552e+02 2.620340850332085552e+02 2.668551769820099935e+02
2.694944486013409346e+02 2.708142639671123106e+02 2.669559119337970401e+02 2.696562860132353876e+02
2.570963291093475505e+02 2.574055044275406772e+02 2.546297100922024015e+02 2.583077733802821854e+02
2.629983792610062210e+02 2.632752128936519966e+02 2.606818299651964708e+02 2.640232002263849722e+02
2.603514492412800791e+02 2.617829303825578791e+02 2.589624610432679219e+02 2.626029121752785045e+02
2.494028557776668151e+02 2.496944407832495756e+02 2.483611628742840196e+02 2.502857521872774385e+02
2.569418060924301130e+02 2.571159042363707385e+02 2.543763094968274459e+02 2.576616171530990300e+02
2.724436378515174511e+02 2.729718827747607293e+02 2.694204485442538726e+02 2.732709297633591063e+02
2.655360564577515561e+02 2.657047475106707566e+02 2.631693836449854871e+02 2.668975883543465102e+02
2.641621718460417583e+02 2.649013464659104216e+02 2.626944909240136781e+02 2.649503923761021156e+02
2.451139335056288076e+02 2.449772598920701228e+02 2.437639657976366721e+02 2.455737666462054278e+02
2.477615682288263201e+02 2.483469559567136002e+02 2.471612093741849492e+02 2.483681442297860258e+02
2.457248338708459983e+02 2.458485387267297426e+02 2.450220217542369312e+02 2.465624288633804895e+02
2.488203595456456583e+02 2.497655409918464500e+02 2.483104095647231020e+02 2.494856729045755515e+02
2.509989754083617584e+02 2.516976072963196032e+02 2.494772690284862904e+02 2.525835173678286765e+02
2.500967712273929635e+02 2.505488485608953226e+02 2.488629068745648567e+02 2.512127918502819170e+02
2.865214785709590615e+02 2.861030459330279996e+02 2.857922045462096889e+02 2.869945452257708212e+02
2.478867088093576285e+02 2.484444512252441086e+02 2.469966643958057091e+02 2.486360457540758091e+02
2.568080720326741471e+02 2.564652203334512137e+02 2.544278945466901689e+02 2.592321028862452863e+02
2.524589818428910348e+02 2.533197390078476872e+02 2.502567154532431744e+02 2.546040541656035714e+02
2.447418059683878084e+02 2.450355543417319666e+02 2.435380067090660532e+02 2.451490805941710391e+02
2.468430774569599748e+02 2.466942992768309466e+02 2.458507821740197983e+02 2.474744435403585214e+02
2.470813448701267419e+02 2.478294806961947927e+02 2.457926409608942038e+02 2.486139969260274825e+02
2.460797821383230826e+02 2.461425502844652158e+02 2.445797429156691294e+02 2.467811817548689817e+02
2.439050342370916269e+02 2.443998676234137690e+02 2.435398502781204968e+02 2.450054043889047364e+02
2.489827635729354540e+02 2.490498201362710233e+02 2.478855497778881443e+02 2.490295764695245850e+02
2.525025144455433121e+02 2.525016118973423715e+02 2.508492421726177213e+02 2.529910680767157771e+02
2.446682084637708101e+02 2.450904533457287755e+02 2.440247258016389367e+02 2.451970709582915617e+02
2.469403717678613077e+02 2.471863985525602061e+02 2.463104873205885781e+02 2.473845946655864338e+02
2.685588117420286949e+02 2.703754571810690095e+02 2.662536877907479607e+02 2.691253518060302667e+02
2.456106846037388038e+02 2.461428871604757944e+02 2.450099299952295269e+02 2.473051823798426767e+02
2.941866167543080905e+02 2.938578424648860050e+02 2.904695695932626336e+02 2.922546358500096630e+02
2.820189376621838733e+02 2.821592903544902811e+02 2.788538675572753505e+02 2.824673312889133285e+02
2.618720035644348059e+02 2.632352995555510802e+02 2.592675226531695216e+02 2.628173797392373103e+02
2.467533651558753149e+02 2.466600782624371959e+02 2.457608817720709169e+02 2.473520508565751470e+02
2.468718263590214121e+02 2.466198219450844249e+02 2.452675237171910112e+02 2.470651915170929840e+02
2.535678855024979725e+02 2.541267282791722266e+02 2.516018418544886117e+02 2.543555826093904386e+02
2.531253608382743323e+02 2.528176926833864115e+02 2.514538556929232129e+02 2.536908277954078414e+02
2.576347135515052287e+02 2.584958464143109040e+02 2.557006546595129066e+02 2.587966668466134479e+02
2.535825382938998303e+02 2.534553909966278695e+02 2.518820530650214664e+02 2.545478933922607325e+02
2.564076000784335747e+02 2.566195137046386776e+02 2.549608875156808665e+02 2.576211641245059241e+02
2.449154733189710100e+02 2.455795828291713860e+02 2.445771905454625426e+02 2.457810562696787144e+02
2.461490617598254289e+02 2.470079321080289105e+02 2.454548399805486554e+02 2.474099887086331648e+02
2.515357490014941391e+02 2.523025434006302135e+02 2.505676195708807370e+02 2.522132779423004934e+02
2.490227346292203379e+02 2.495796073785014357e+02 2.472473940355194770e+02 2.506117221493537670e+02
2.459632194275298218e+02 2.459461178879051602e+02 2.446377707767857430e+02 2.463891258126087962e+02
2.483616902901916887e+02 2.487991180203567581e+02 2.477311446387303420e+02 2.490617676058195400e+02
2.528835943726558639e+02 2.529387195806198747e+02 2.512537583978431428e+02 2.536038752049772143e+02
2.514196547559938892e+02 2.518231430873958629e+02 2.496492171825235289e+02 2.519800631799029134e+02
2.666218084278569904e+02 2.668246545702397725e+02 2.628357328673460529e+02 2.676394774817313760e+02
2.768475467965786265e+02 2.765183016228554607e+02 2.735574467264388545e+02 2.766728739948497378e+02
2.554522395384026936e+02 2.558839844411549223e+02 2.540724473225883742e+02 2.574639904696987287e+02
2.458694367591350272e+02 2.463218290201713216e+02 2.442503976064437552e+02 2.470244709520201809e+02
2.489373903194253330e+02 2.502109466399697055e+02 2.481007713081535258e+02 2.501323474760208967e+02
2.679394248028355037e+02 2.674061044433902907e+02 2.642500310281488964e+02 2.677260240506705600e+02
2.441857764131701174e+02 2.440723161737187468e+02 2.424673276559267094e+02 2.452276051905402028e+02
2.461869507907525190e+02 2.461442539327322265e+02 2.452556344181331554e+02 2.467243339901776267e+02
2.480976515279037358e+02 2.479891062057538704e+02 2.468819246356941335e+02 2.486011179009149146e+02
2.452463303663640772e+02 2.458146544910631803e+02 2.447810905872739795e+02 2.456011675780061978e+02
2.421656216272465656e+02 2.428558831919598049e+02 2.408573803423024629e+02 2.436855951103137841e+02
2.443268270197141305e+02 2.446460099079965858e+02 2.436294255867469758e+02 2.448696622105336758e+02
2.622681654832834965e+02 2.627964712221183845e+02 2.577946583719335081e+02 2.623185866014104022e+02
2.818049461229811072e+02 2.820696536762716846e+02 2.791603984449513973e+02 2.824765803877949111e+02
2.536961779885766646e+02 2.539540995310015603e+02 2.522575147629151218e+02 2.541619921860521742e+02
2.461075880623373564e+02 2.464621331626717904e+02 2.453620542848701973e+02 2.466214519484890957e+02
2.467698750755414778e+02 2.470374059221733205e+02 2.458863131374405953e+02 2.470164341432902972e+02
2.457961422592609040e+02 2.458009867294863398e+02 2.446366224220490722e+02 2.465448367725217622e+02
2.472890178996505313e+02 2.474167952335454288e+02 2.461691004755772951e+02 2.480551201262355221e+02
2.506552048207549035e+02 2.511351506101765381e+02 2.499198960031618526e+02 2.526971340709378069e+02
2.780975765133667323e+02 2.792241212503442966e+02 2.747704904763547233e+02 2.779856643468346533e+02
2.596163649119997672e+02 2.603370190875868957e+02 2.569821231807384265e+02 2.602505281112381113e+02
2.527882275342545029e+02 2.536609619686524013e+02 2.519476515673793244e+02 2.540851183641427156e+02
2.478535052228217523e+02 2.479717388477791076e+02 2.473458605933014667e+02 2.484497717816855413e+02
2.700460322436117622e+02 2.708354821467822262e+02 2.671906044949762986e+02 2.709201090051183201e+02
2.486183620497049276e+02 2.489027197764779658e+02 2.460483441748704365e+02 2.496689219001723075e+02
2.520859632350822324e+02 2.517371039713718233e+02 2.499013906299915391e+02 2.525472942774548528e+02
2.458132205535589208e+02 2.460687099076559434e+02 2.448087564508660705e+02 2.463226499046749609e+02
2.483961457760048859e+02 2.498531025848302534e+02 2.475534160026602706e+02 2.501795274727801086e+02
2.586167466028479680e+02 2.593029631931569838e+02 2.567747622289268179e+02 2.595976841807026290e+02
2.449329222288766914e+02 2.450993349334700326e+02 2.442813157237461894e+02 2.455356051948186575e+02
2.487592335363398774e+02 2.484660071732932636e+02 2.471650073197916981e+02 2.491649037088880903e+02
2.465627113463605440e+02 2.465918629477331194e+02 2.454992625600435758e+02 2.467996253390172399e+02
2.910361046314714599e+02 2.920646171248669702e+02 2.892505814710927439e+02 2.919196619810715561e+02
2.463086487878128992e+02 2.465936440064569979e+02 2.455351131893565650e+02 2.471164057805991661e+02
2.424613778723202415e+02 2.426040326031622669e+02 2.411611663529566556e+02 2.434939825105489319e+02
2.739644807341425121e+02 2.744024643675197694e+02 2.719839960742080507e+02 2.745705991294876753e+02
2.471427555060770374e+02 2.475788679517864068e+02 2.458644346670354821e+02 2.474437020219416752e+02
2.467635392043136164e+02 2.475203938235711689e+02 2.458731157203044120e+02 2.475571360640432772e+02
2.405296448745855287e+02 2.412366402606025702e+02 2.399344705309742949e+02 2.416518181926238356e+02
2.453598961596188701e+02 2.453410535776445158e+02 2.440070685080551982e+02 2.460454512796848690e+02
2.611403094646580030e+02 2.624928346353167967e+02 2.592320614041999534e+02 2.611455590141667358e+02
2.467759304171451049e+02 2.465131814730486894e+02 2.461985466056748351e+02 2.475146067480985437e+02
2.504663656702534240e+02 2.509045970330864179e+02 2.485108742712147887e+02 2.506186151659679524e+02
2.507508411877800540e+02 2.512578184487588260e+02 2.492332740942857185e+02 2.517633544336949285e+02
2.592976403254757543e+02 2.594200559565101116e+02 2.565491531950353874e+02 2.601610429526020880e+02
2.532766933124358104e+02 2.530787209796653769e+02 2.504263483805187036e+02 2.532786594620774849e+02
2.732300336557862011e+02 2.742197958323275202e+02 2.711599169459932455e+02 2.735413850056694969e+02
2.483187273222193880e+02 2.489826142761302776e+02 2.466973835184243740e+02 2.491595481878966609e+02
2.438572428190533401e+02 2.439507548567104038e+02 2.429938989844947628e+02 2.451634918780771102e+02
2.580207902953179655e+02 2.586140562985959264e+02 2.560458430120713160e+02 2.586517960227125741e+02
2.412388017591042910e+02 2.409418356728924095e+02 2.394530416561671302e+02 2.416657646119065532e+02
2.889033336817699364e+02 2.881489792342526925e+02 2.864477655250497037e+02 2.883379389256807599e+02
2.826322412527457573e+02 2.842378978454798926e+02 2.803968956143746709e+02 2.845491228012822944e+02
2.511713252280302129e+02 2.512059229489982499e+02 2.501752423295880305e+02 2.520611648182463966e+02
2.504521400123936132e+02 2.503608334336149142e+02 2.480922701307758302e+02 2.512183546395542066e+02
2.454135090782802422e+02 2.453342351827512289e+02 2.444148108530336003e+02 2.459514215321626125e+02
2.557988146361405484e+02 2.576776973471684755e+02 2.533483057260182818e+02 2.561533899369629239e+02
2.456558042819037269e+02 2.454720937293217276e+02 2.450745433214892159e+02 2.464729092221521398e+02
2.590974428957368900e+02 2.590589990037990447e+02 2.570221473658153286e+02 2.601467215361931267e+02
2.459790225483681354e+02 2.461328936495551716e+02 2.453486961335505896e+02 2.466093136518767039e+02
2.874206125633584179e+02 2.865842267637877967e+02 2.831242442755151387e+02 2.874780503496922961e+02
2.727867660287080298e+02 2.745263729360912635e+02 2.697436851694350253e+02 2.730682935568097491e+02
2.536107235855128863e+02 2.535115081770103700e+02 2.512157808766737048e+02 2.537286467906124585e+02
2.456866824543434689e+02 2.456787395635317637e+02 2.450798757001686852e+02 2.463249058000369587e+02
2.569684929618491651e+02 2.574628640156480515e+02 2.554777191441910986e+02 2.586373081724726148e+02
2.433836320746476645e+02 2.437316990804096974e+02 2.430024500943884505e+02 2.441154900909167793e+02
2.528676985056886792e+02 2.531489721215804423e+02 2.511786997687379142e+02 2.535774067075136315e+02
2.742456246058025613e+02 2.748287252533497167e+02 2.719767579852050972e+02 2.751801503788482819e+02
2.520107589552268337e+02 2.519319171899897185e+02 2.508980358942648650e+02 2.533796047369944233e+02
2.466817390317737022e+02 2.470873394930250697e+02 2.457490341511598615e+02 2.477709221835601738e+02
2.677331861580260579e+02 2.691859497148226978e+02 2.661438231640498202e+02 2.695321628995106380e+02
2.462360353975220733e+02 2.463497608782264194e+02 2.456211164661748683e+02 2.468864009146793137e+02
2.463011971774117228e+02 2.466625552357700144e+02 2.454416636399618312e+02 2.466199540989043726e+02
2.643844694643813114e+02 2.647406367917378702e+02 2.605309579453134461e+02 2.645544645637283452e+02
2.700801381567274575e+02 2.719103206421798404e+02 2.686593901712968204e+02 2.717950307825316258e+02
2.526270558777108590e+02 2.534251714665886652e+02 2.506613160118986912e+02 2.536554915418358576e+02
2.482402231192629358e+02 2.491779521449312256e+02 2.475362376541546610e+02 2.496939662976657814e+02
2.503942974536969359e+02 2.514318069200597279e+02 2.498663453944477908e+02 2.515907599196669651e+02
2.475334314109194054e+02 2.478706870971700198e+02 2.464081218653339249e+02 2.480599782739237185e+02
2.850401812220242164e+02 2.850865186461232952e+02 2.826009659537216407e+02 2.837686759964279872e+02
2.760455370364961141e+02 2.755139402340673200e+02 2.739120615046824696e+02 2.780249000175597871e+02
2.478441001736946703e+02 2.481119833473116500e+02 2.463674208951069318e+02 2.480123497714217820e+02
2.483171531496521141e+02 2.487985190653444931e+02 2.473838434710938827e+02 2.490833898347956676e+02
2.520372125123165574e+02 2.518091335585339152e+02 2.498695632747659090e+02 2.519833440932053463e+02
2.485758917065369076e+02 2.489684618572945851e+02 2.470390187625015415e+02 2.501613319928307817e+02
2.717957115057562874e+02 2.716108544799462265e+02 2.684377066074289928e+02 2.717418192419624461e+02
2.576420728699054621e+02 2.573738631606365175e+02 2.549618336629911255e+02 2.585496917050363095e+02
2.639455461125936040e+02 2.640816412292002724e+02 2.611745206390543785e+02 2.653271228609108903e+02
2.454748345397705975e+02 2.462135006552624930e+02 2.447150855331918535e+02 2.465813658622162734e+02
2.497056253643006016e+02 2.499671069038340647e+02 2.483492091304586893e+02 2.502461463527648107e+02
2.942858565712713244e+02 2.933472087958626275e+02 2.892175255971181400e+02 2.943619325266676015e+02
2.595540905345799843e+02 2.601593632030440517e+02 2.577068128962246192e+02 2.600664586016488897e+02
2.613012825755170070e+02 2.626444568359236769e+02 2.586927497759804169e+02 2.614900526907979383e+02
2.437627739310336210e+02 2.442475969179016033e+02 2.427992465375007214e+02 2.446162151286494577e+02
2.519161930665352713e+02 2.520852119706106009e+02 2.501914277535178428e+02 2.521686716263609753e+02
2.530277621265766470e+02 2.532010241369119115e+02 2.512501509470653502e+02 2.541303434678153792e+02
2.530837372575120128e+02 2.538817183397924282e+02 2.512466151042180798e+02 2.540223752156921933e+02
2.515095111497928713e+02 2.516481461381783333e+02 2.504063812713383470e+02 2.528939720364619461e+02
2.492404442068761341e+02 2.500056493725347764e+02 2.483541934392149528e+02 2.496491402686878018e+02
2.514460839957065446e+02 2.523964787755836312e+02 2.502406027452041428e+02 2.524287110984942331e+02
2.509452950085387783e+02 2.511440451881290130e+02 2.497868131823978501e+02 2.519302039813624958e+02
2.585396414424671434e+02 2.591528241208455938e+02 2.564313304206540920e+02 2.599105924610105944e+02
2.590055343312930063e+02 2.613091940897025438e+02 2.569639640120475974e+02 2.617346992612183953e+02
2.559404943917728019e+02 2.565357931441095047e+02 2.537016330236284318e+02 2.578331855567055300e+02
2.655624088014243398e+02 2.666872953580680701e+02 2.634431537593166581e+02 2.684455969112245839e+02
2.560348041537171184e+02 2.564769325225503280e+02 2.546580990775002817e+02 2.576621905765874203e+02
2.465356211834595683e+02 2.474705779569228241e+02 2.451203426752071266e+02 2.472563088623063265e+02
2.450321621720468102e+02 2.455349176705730372e+02 2.437453492858278423e+02 2.456085354549628050e+02
2.591254576743475582e+02 2.594217194379169769e+02 2.573811923401150352e+02 2.600627061768593080e+02
2.445656003024604388e+02 2.450558756214142306e+02 2.436978247941145241e+02 2.446418820775053860e+02
2.485307230110969670e+02 2.495607918875699625e+02 2.472754505742429387e+02 2.497870927792204441e+02
2.477173139566770885e+02 2.472824351674761090e+02 2.462002911354232992e+02 2.479952534416234471e+02
2.552566765545904275e+02 2.550767672867999067e+02 2.530262623381320566e+02 2.559993410613310800e+02
2.721330297052287506e+02 2.725657714951473167e+02 2.687603333995569983e+02 2.723016851206018600e+02
2.466119721659762547e+02 2.467872406209053793e+02 2.460787022792678727e+02 2.476715614598515458e+02
2.472007968933772020e+02 2.478771906920227366e+02 2.460372467060336703e+02 2.479955512380621201e+02
2.438859235735337165e+02 2.437934211911035902e+02 2.429500579450222233e+02 2.442656395945887482e+02
2.554658564517171158e+02 2.562252990328083229e+02 2.531467192983233190e+02 2.562205689517731457e+02
2.544475465330536110e+02 2.550690136164923558e+02 2.522950181574065311e+02 2.554835441375902576e+02
2.539536817504222483e+02 2.541703360524978166e+02 2.524569206278379454e+02 2.546565414393560900e+02
2.648350690227545101e+02 2.646691382262724801e+02 2.622755738213143104e+02 2.663067146891743278e+02
2.607168501173447339e+02 2.614181810336256717e+02 2.583596014662429070e+02 2.622158098942938409e+02
2.484644191134651692e+02 2.487380235777957012e+02 2.478387766124821496e+02 2.490337526960012156e+02
2.504834232054729171e+02 2.511383544754753245e+02 2.500495810146652218e+02 2.513742976972716008e+02
2.467153055975416578e+02 2.475266894669215958e+02 2.454645347655356034e+02 2.478614816826764979e+02
2.494977656110778241e+02 2.499723964608259905e+02 2.489132506688129638e+02 2.499583415688608170e+02
2.578885928008737665e+02 2.582584819482050875e+02 2.555820683186471456e+02 2.585794386573588781e+02
2.442338190811109655e+02 2.444550992019921694e+02 2.435755837833676196e+02 2.443579824928526421e+02
2.459361687540824164e+02 2.460896132090593653e+02 2.442137824964648871e+02 2.465329399862243065e+02
2.724121720449782629e+02 2.737834852694713845e+02 2.698947085658377887e+02 2.724909734220627229e+02
2.488950070150423244e+02 2.492226215683819817e+02 2.481107932807596796e+02 2.491628554974607823e+02
2.604917316247281747e+02 2.613131944724040636e+02 2.569984964733284869e+02 2.612902802692114506e+02
2.483571500164387373e+02 2.491835011054684799e+02 2.481606328986804044e+02 2.492568956866952590e+02
2.443679297971663686e+02 2.442817555430253833e+02 2.434504193476967373e+02 2.449566770877280533e+02
