2.569192890208465769e+02 2.571904972080071730e+02 2.566514836905363950e+02 2.576605518789273219e+02
2.936750544086376635e+02 2.941039845332481946e+02 2.927064425304020006e+02 2.935305310296937478e+02
2.731708435120328318e+02 2.748127947750618318e+02 2.717941703097943105e+02 2.740013295154357706e+02
2.640896897455041312e+02 2.648316286384292084e+02 2.631516128403284824e+02 2.647864267271198173e+02
2.611989051184567074e+02 2.614257534889731005e+02 2.608965986768000676e+02 2.609333527686646335e+02
2.766598442388930152e+02 2.768259181283920043e+02 2.751187122709061441e+02 2.772471907874388535e+02
2.586368294501800733e+02 2.583068687214539523e+02 2.573432937394713349e+02 2.586610500135773236e+02
2.601128652692709124e+02 2.605341636647813175e+02 2.598494484198984651e+02 2.601175094541039243e+02
2.631475289111413645e+02 2.632080323234946491e+02 2.621815518896260073e+02 2.631575963366245219e+02
2.583826567252891664e+02 2.589616429865961322e+02 2.585672893226267206e+02 2.589772925152159928e+02
2.607458781063443780e+02 2.607300557277156940e+02 2.598437552280256000e+02 2.607807244927634542e+02
2.671708941188443873e+02 2.674659501905439356e+02 2.664614154170985216e+02 2.675194396257127210e+02
2.581986253554419477e+02 2.587882976952006970e+02 2.580819831984659913e+02 2.585785267471235898e+02
2.951945218327697944e+02 2.959915604037466323e+02 2.931842918978595094e+02 2.944357045921780696e+02
2.689729028881488944e+02 2.687350153285204328e+02 2.671133329960136393e+02 2.697951500644498992e+02
2.694611826819602811e+02 2.701139436734450214e+02 2.680758774964178883e+02 2.700496999423103830e+02
2.974541592254669240e+02 2.977156573790782090e+02 2.963752253634819454e+02 2.973770236294379856e+02
2.608356486960939264e+02 2.606560436957476554e+02 2.606792911193126656e+02 2.608626124190642486e+02
2.597286304491463511e+02 2.602052265238826294e+02 2.596742417930665283e+02 2.600184741283051153e+02
2.595307331766654784e+02 2.593945220410449224e+02 2.587418780113527532e+02 2.596879867099682997e+02
2.678526311733280636e+02 2.682761476583385161e+02 2.668283217359000332e+02 2.684523825988571275e+02
2.612803666834980731e+02 2.620828085618286991e+02 2.602627283784718770e+02 2.617359237327975734e+02
2.585138201739196688e+02 2.585404038282077863e+02 2.579281894212048201e+02 2.585699770656766532e+02
2.692516210504729202e+02 2.700532504653807564e+02 2.667869470696361418e+02 2.699465921702739024e+02
2.634254884916652486e+02 2.637906196758918327e+02 2.623717670229543728e+02 2.638207427817652047e+02
2.593212780786682288e+02 2.595124955334667902e+02 2.587396322117892282e+02 2.595277781447265397e+02
2.587058526106282557e+02 2.587043788773925144e+02 2.586322177929820327e+02 2.586334862071759630e+02
2.567244277085985118e+02 2.569795852628629973e+02 2.569635159315487272e+02 2.575149495629982539e+02
2.753093870110894841e+02 2.757843185010999605e+02 2.733674357454625010e+02 2.754025604353365111e+02
2.607449533719292276e+02 2.613040914688396015e+02 2.603591242268000769e+02 2.613454773810550478e+02
2.587679451714399192e+02 2.583753567288749196e+02 2.581417857355977503e+02 2.585945809141502423e+02
2.622223357797921039e+02 2.614756751675085980e+02 2.616690430084894388e+02 2.616667899994097297e+02
2.623129351557781206e+02 2.631457113930442802e+02 2.620383448879795196e+02 2.625783182331795729e+02
2.774975761307680386e+02 2.780647941115924482e+02 2.762536070681464366e+02 2.779268551011630848e+02
2.636238663000821134e+02 2.632595271678220001e+02 2.624126080688347429e+02 2.640296229821350380e+02
2.594883877444706286e+02 2.599262208444158659e+02 2.599427743440376162e+02 2.600362014004860498e+02
2.578918567514517122e+02 2.581207604981635768e+02 2.576557825839529414e+02 2.580338908848310666e+02
2.569176296173560559e+02 2.572797653851460495e+02 2.565275580021408359e+02 2.573976973284495102e+02
2.593690452840392595e+02 2.599477804579956342e+02 2.592929611879830532e+02 2.600797004476745542e+02
2.618784909667899115e+02 2.622122004145076062e+02 2.618603108270697817e+02 2.621876896649646369e+02
2.606814728774759260e+02 2.610542262058441452e+02 2.604495710264185959e+02 2.607094223851411243e+02
2.683223780362410480e+02 2.685524491829007161e+02 2.673233740044805700e+02 2.687677296087612149e+02
2.601924256764287975e+02 2.605261389995406489e+02 2.598373246536273200e+02 2.606639692414703404e+02
2.622378111516715080e+02 2.624584085693878706e+02 2.616312159761623661e+02 2.628943558944269512e+02
2.569374707973759087e+02 2.573130086096227274e+02 2.571996732180346612e+02 2.569924964801368787e+02
2.809223230445431909e+02 2.810246878316003176e+02 2.783485415200403850e+02 2.803337007609068223e+02
2.986204538738351744e+02 2.979161287719090865e+02 2.970324831397154526e+02 2.986613979166514241e+02
2.774787066222514795e+02 2.782296436817894119e+02 2.763581079232149591e+02 2.781384994116153280e+02
2.870918960834991367e+02 2.883462797639171526e+02 2.861968983416456354e+02 2.867283612403089705e+02
2.871981881315251144e+02 2.873452662093483241e+02 2.847901398303108067e+02 2.873072366453397990e+02
2.591625448205117550e+02 2.589751324285130067e+02 2.590062455034047275e+02 2.594338069489019176e+02
2.603255417659639193e+02 2.600408078331236652e+02 2.595877255543518913e+02 2.602473548472160019e+02
2.648805444756935685e+02 2.649000380673885502e+02 2.649408757026208718e+02 2.650926646924726811e+02
2.591216482364154103e+02 2.595107729966825900e+02 2.583228467091837501e+02 2.592718236079476242e+02
2.650110883234864332e+02 2.654629738920149862e+02 2.647879308082240755e+02 2.647639233304272466e+02
2.959998867170181143e+02 2.956069208476843073e+02 2.947123290882856850e+02 2.951950487783781796e+02
2.628589228539889291e+02 2.625685632983613118e+02 2.623889428198341420e+02 2.622062115171618188e+02
2.613907061382672055e+02 2.618290923683723008e+02 2.600586834188047760e+02 2.612857524609211737e+02
2.603241437827049367e+02 2.607209200615030227e+02 2.592967588141002580e+02 2.609509009528646288e+02
2.667168812066955752e+02 2.661892744931809602e+02 2.652054848313791240e+02 2.665537777790812584e+02
2.937063656955017450e+02 2.935709377971355138e+02 2.913549922958865181e+02 2.925484263737988044e+02
2.662441991528835956e+02 2.662742987694882117e+02 2.659405676909422027e+02 2.665781663748684309e+02
2.601421080114577649e+02 2.602927838378806200e+02 2.596141269203803859e+02 2.598850520325299840e+02
2.647291576709729952e+02 2.648617418469043514e+02 2.630284038538757159e+02 2.655689053357502871e+02
2.646922731866833374e+02 2.650611700164125182e+02 2.638997796211842797e+02 2.655047829676032052e+02
2.566502498952976339e+02 2.569431332143922759e+02 2.555365485052588781e+02 2.563842074280496490e+02
2.555258397279613121e+02 2.556303812276436815e+02 2.550302917861282594e+02 2.555740908792085690e+02
2.594877906331971076e+02 2.603037827910597457e+02 2.590021924089610366e+02 2.600660368117166854e+02
2.865166184592603145e+02 2.861919353951615790e+02 2.844605710419501179e+02 2.870932403386802889e+02
2.591002989291954464e+02 2.590558517557840901e+02 2.592907779077593204e+02 2.593347756668498505e+02
2.642896612325909018e+02 2.647953709187565892e+02 2.632201165623450265e+02 2.648757224955092511e+02
2.601827383967550986e+02 2.602706908864088859e+02 2.601208928525127249e+02 2.597637503929069567e+02
2.592350966896840987e+02 2.596176039554657109e+02 2.594022242994136036e+02 2.594778656333497793e+02
2.656964022308625886e+02 2.658798691369191829e+02 2.650446349825696757e+02 2.661044451785506340e+02
2.709685009728083855e+02 2.713712743500113902e+02 2.692615280460291274e+02 2.712218621914775554e+02
2.879423446661378989e+02 2.885390777549784502e+02 2.859016032567366210e+02 2.872340041408306774e+02
2.745038201498034027e+02 2.753078135156368944e+02 2.737763803025113134e+02 2.752318648838684680e+02
2.751039000374009902e+02 2.754426677481350794e+02 2.735302692415756383e+02 2.754700701062988628e+02
2.628469589714673589e+02 2.642279969620902875e+02 2.624631837960601501e+02 2.639935343242600538e+02
2.759740514846197925e+02 2.770101933767617766e+02 2.740640231364453712e+02 2.767670852281318048e+02
2.654451775844135000e+02 2.654617774328393125e+02 2.650409338995863777e+02 2.657336838499455780e+02
2.633627923559876081e+02 2.627160102121586647e+02 2.627628100825116348e+02 2.631928541237734862e+02
2.753305208346624795e+02 2.763408198871738364e+02 2.741047784785654926e+02 2.759722997119082493e+02
2.822724638065288332e+02 2.831677079762706057e+02 2.817302399928794898e+02 2.832772509148252880e+02
2.726907413854331708e+02 2.746853691068534431e+02 2.714006903464378979e+02 2.740577013205692651e+02
2.800607236943012595e+02 2.808261840221825310e+02 2.788220344424706241e+02 2.811389295305938845e+02
2.614441215644879435e+02 2.609629835200348680e+02 2.607023270015550906e+02 2.614764669685019385e+02
2.592315814085731063e+02 2.596171286293720186e+02 2.593713231150741763e+02 2.596466350796594043e+02
2.609937604269314306e+02 2.607844235596262479e+02 2.599043964371441575e+02 2.612215273831396303e+02
2.560764925260560290e+02 2.570833851312065121e+02 2.557514839957152333e+02 2.568492380524156715e+02
2.866611936608662745e+02 2.871375100666250546e+02 2.853687998502953747e+02 2.861901394271380923e+02
2.644682805762198541e+02 2.640594197263554292e+02 2.629223443667151514e+02 2.639759968148438247e+02
2.593549253568538688e+02 2.599207352520165841e+02 2.593434880415194357e+02 2.598981838234619772e+02
2.650684052786486404e+02 2.653636552470364904e+02 2.648011957965497913e+02 2.652302320053965445e+02
2.585806750328278554e+02 2.584309731467482720e+02 2.575443137446654305e+02 2.590291349234703375e+02
2.602301554071994474e+02 2.608151394053534204e+02 2.601223125603616495e+02 2.604816386845581633e+02
2.606843032844295180e+02 2.606794210567922505e+02 2.607787159455604069e+02 2.606576781850612292e+02
2.625966215433317075e+02 2.630840244572818847e+02 2.617903457704923085e+02 2.632509580618790892e+02
2.601197120394907074e+02 2.606384848617182115e+02 2.600714636395064758e+02 2.605987544420809741e+02
2.617012802181938014e+02 2.621129523602824065e+02 2.613545456371140858e+02 2.624179412343391959e+02
2.585510086196244401e+02 2.579007076539104446e+02 2.573327579372427181e+02 2.581783360941578849e+02
2.593799108743768898e+02 2.594942668397810053e+02 2.589401963299491172e+02 2.594327499757262103e+02
2.609618821565608755e+02 2.615509800677859857e+02 2.598433468585786272e+02 2.613373280324033772e+02
2.871669097699572148e+02 2.886336070085097845e+02 2.852948272414615190e+02 2.870845716583353919e+02
2.637057583394165476e+02 2.639400917658848016e+02 2.633044708464130395e+02 2.636389127415581015e+02
2.540713671456269651e+02 2.542480004005256546e+02 2.534227528401662539e+02 2.542856538925989582e+02
2.854614124880494614e+02 2.853724731975577811e+02 2.822457079603618695e+02 2.852064865726469520e+02
2.604509081974236437e+02 2.610906395130533042e+02 2.604983148945839844e+02 2.605740146079351689e+02
2.961812077408745836e+02 2.968017885437518544e+02 2.934482116475962812e+02 2.957704257790016982e+02
2.638800690501741997e+02 2.642881561084589066e+02 2.633869643756254959e+02 2.644415061842531713e+02
2.659007673011205952e+02 2.661746936249375608e+02 2.651437179729644527e+02 2.661616729423298580e+02
2.653405181946219500e+02 2.659358296484289781e+02 2.639998464617443688e+02 2.661707741825168796e+02
2.712405041029559243e+02 2.706405079265368272e+02 2.702460054333762969e+02 2.707770556369596306e+02
2.636881598037955428e+02 2.638910928648273284e+02 2.631647747117380050e+02 2.632999343540004134e+02
2.591716175241775204e+02 2.592104057433169260e+02 2.582780837138298580e+02 2.594357986081774357e+02
2.561928765023034202e+02 2.563062773216029768e+02 2.555069684479332750e+02 2.562523001231062381e+02
2.551671206432969825e+02 2.546017305918571196e+02 2.540516113742487505e+02 2.548945947797909639e+02
2.700829902339709179e+02 2.696994435914598967e+02 2.683297768153538527e+02 2.699786873888335776e+02
2.756977412598066621e+02 2.756619578630876504e+02 2.741333239718379104e+02 2.758967546882237798e+02
2.736527708113585504e+02 2.744592603189056490e+02 2.721391490054833753e+02 2.738201680030931016e+02
2.649072488247777528e+02 2.643485136325955409e+02 2.634592049275675549e+02 2.643857630639855074e+02
2.904007043674937449e+02 2.892771979447439890e+02 2.883840827156979572e+02 2.902482910615344167e+02
2.921208331324908727e+02 2.926531293653571311e+02 2.909595509558073445e+02 2.925532645677631649e+02
2.667554723290172660e+02 2.663688754287998677e+02 2.654424749318324075e+02 2.663962401197938448e+02
2.806371403352686116e+02 2.809041860703893576e+02 2.784516330923618739e+02 2.802434728607722150e+02
2.609871602272680207e+02 2.609247514094359985e+02 2.613361070876067629e+02 2.616833043642997723e+02
2.677113474437724108e+02 2.679202546850741555e+02 2.651632044939614730e+02 2.673601414304916943e+02
2.998464353054848743e+02 2.992810796462729286e+02 2.987720949148773002e+02 2.993683682200624503e+02
2.828991273232477965e+02 2.833637681627521374e+02 2.803033720719669191e+02 2.821974195705369084e+02
2.598914001550828630e+02 2.602987551767735113e+02 2.595748430855064726e+02 2.600614785507723923e+02
2.996171753929017427e+02 3.001260328450433690e+02 2.985876293138494475e+02 2.993988954852131883e+02
2.657058523503711172e+02 2.659869404403337967e+02 2.653249708676718797e+02 2.665366640308838555e+02
2.643100371952293699e+02 2.643462923573960666e+02 2.634044496183270780e+02 2.642525452326219693e+02
2.607862751184727585e+02 2.604659956798446387e+02 2.602099896045988885e+02 2.610214981701458896e+02
2.623365311779939475e+02 2.629313757838882566e+02 2.620856639013948666e+02 2.631911150033315607e+02
2.685058629168567563e+02 2.701965628942602962e+02 2.666857755380762569e+02 2.695773490582341765e+02
2.665250422905297683e+02 2.666260502194659807e+02 2.653192426422264703e+02 2.670266889799692080e+02
2.611864087634506859e+02 2.616025635125954523e+02 2.598911330769999495e+02 2.615543916069087231e+02
2.675508585154452135e+02 2.683224265684165744e+02 2.657889732782151100e+02 2.686766856176734564e+02
2.611829695994384224e+02 2.611876558417806109e+02 2.608105641082048578e+02 2.611478834827954074e+02
2.603273428685518525e+02 2.606808010323828739e+02 2.600681337142762573e+02 2.603981981603774898e+02
2.611699618944104486e+02 2.613490474981916805e+02 2.608378660409387066e+02 2.614561052690879706e+02
2.741907560443212901e+02 2.739619075337466825e+02 2.714387860146323987e+02 2.744147069667709502e+02
2.638824345790330881e+02 2.645128666897862217e+02 2.627999463767694692e+02 2.652290856817693339e+02
2.994916234849532657e+02 2.992649562203549749e+02 2.995599192585021910e+02 2.989636264590487826e+02
2.587713565018368627e+02 2.596060624337969216e+02 2.580277309794350913e+02 2.596333537333867412e+02
2.668532425085766135e+02 2.670693324426125628e+02 2.658061730242146155e+02 2.673494172549419545e+02
2.618596713235243669e+02 2.619194053969995366e+02 2.602688487970768279e+02 2.620733725344990148e+02
2.586174412071082429e+02 2.591950240314226335e+02 2.577406045667295302e+02 2.589418656538196046e+02
2.976953224251709571e+02 2.972801865731650537e+02 2.959103720533722708e+02 2.962567202237537458e+02
2.588367756311184849e+02 2.596300463579357825e+02 2.580752157780510174e+02 2.599320919126896570e+02
2.747206567027440087e+02 2.749577002503617109e+02 2.723264726260220527e+02 2.740075148840626866e+02
2.719009971159239853e+02 2.722962350836461951e+02 2.705510664033445209e+02 2.718574368432838924e+02
2.811536774335651785e+02 2.817710682841305925e+02 2.790260586100816909e+02 2.812422404365119633e+02
2.607186022869905742e+02 2.611989378753335131e+02 2.610263413542591593e+02 2.612735428226489489e+02
2.622025209545575990e+02 2.624878059059824977e+02 2.622944649136696285e+02 2.623218686698422175e+02
2.593618131167967817e+02 2.595642413046033994e+02 2.586793567760653332e+02 2.599647448632241549e+02
2.925499309260599148e+02 2.930538448185635616e+02 2.904356250759474847e+02 2.927476895001042294e+02
2.771809020025493169e+02 2.778112247795099279e+02 2.756557659153514237e+02 2.776948236817713678e+02
2.632242672096305114e+02 2.634663824539883308e+02 2.619992414528694553e+02 2.632910515930014981e+02
2.705970685727594969e+02 2.711232868040000312e+02 2.698890978473128825e+02 2.712803817621559119e+02
2.612177872297699537e+02 2.605746502566518643e+02 2.600653325616461302e+02 2.606234534580627837e+02
2.597749579945583491e+02 2.597777429627015522e+02 2.596143550043488517e+02 2.595141546847503378e+02
2.627232702997820297e+02 2.629770321180758401e+02 2.623872629526288165e+02 2.632024314842362287e+02
2.650648601338726849e+02 2.652084445486661366e+02 2.630455578744378045e+02 2.653924374574989997e+02
2.714429461947196955e+02 2.711361538787545555e+02 2.701244001582801957e+02 2.725370853778933338e+02
2.612827645780918147e+02 2.619966466061073902e+02 2.605756440343131430e+02 2.620140797213715018e+02
2.645761024571986582e+02 2.648019314363532430e+02 2.638998994697095668e+02 2.651077802220557373e+02
2.932350586673730959e+02 2.920667689137127354e+02 2.908591548672891349e+02 2.917641329872671463e+02
2.635014659840280160e+02 2.637207182992162302e+02 2.623181503259605165e+02 2.631358721464158066e+02
3.036443330829072238e+02 3.032224640415495287e+02 3.026086923640919508e+02 3.032371209497283076e+02
2.545531260232343129e+02 2.545388244985318806e+02 2.540921380861266243e+02 2.547963578231498047e+02
2.582580738577244119e+02 2.583430374750058149e+02 2.582829147777700882e+02 2.583157719351535206e+02
2.566007664230497767e+02 2.564905744902798688e+02 2.557233221447768585e+02 2.564933776023002565e+02
2.569382602064013099e+02 2.571889701117517575e+02 2.564982043327237307e+02 2.575361813722691977e+02
2.910549927028949355e+02 2.923252234333802448e+02 2.902050189297401062e+02 2.912421992102462127e+02
2.664916609807881969e+02 2.665717368301568513e+02 2.659276340340006755e+02 2.666332061748669275e+02
2.813646461044979787e+02 2.810624875607685453e+02 2.786304840699579017e+02 2.808125456753254525e+02
2.621425742124981184e+02 2.626273166851591441e+02 2.611623593645074948e+02 2.624965603174865123e+02
2.611462634608352573e+02 2.611843325257031552e+02 2.599851889677572672e+02 2.616379869334779187e+02
2.644212628284956850e+02 2.652233979110894211e+02 2.642804241365200824e+02 2.644845669081529422e+02
2.575768501824241525e+02 2.581085067589826281e+02 2.574771813398645577e+02 2.583195652644795359e+02
2.562986645948853379e+02 2.559856833431121856e+02 2.556576470146715110e+02 2.566002594910414700e+02
2.627233320453125884e+02 2.632998962717853715e+02 2.629914338744778775e+02 2.632052679245386457e+02
2.631796018679985991e+02 2.637047542033028549e+02 2.632574808120168086e+02 2.633841013701410247e+02
2.620432660458319560e+02 2.625634063014338153e+02 2.619017471695422614e+02 2.624364628495033571e+02
2.674002832173825368e+02 2.678625064263727609e+02 2.669587764651708994e+02 2.685131438623871531e+02
2.722187599830880913e+02 2.726644469228062917e+02 2.701704166538277150e+02 2.718465901654442973e+02
2.631250984988497521e+02 2.631599763198149162e+02 2.617066317519382324e+02 2.640160554026510340e+02
2.633771772303494458e+02 2.641328161681720417e+02 2.624501248879665809e+02 2.638552325446211739e+02
2.668219046112960768e+02 2.682448781995398690e+02 2.656059843208238362e+02 2.680679611029217426e+02
2.690504443920881386e+02 2.694148266533598530e+02 2.677207229448084149e+02 2.694453996036258445e+02
2.805791871636309338e+02 2.816993987124258751e+02 2.779549345403558505e+02 2.804777640371504503e+02
2.656269388026672686e+02 2.661937113587608223e+02 2.649171463401436881e+02 2.662797517863593839e+02
2.650755396934002874e+02 2.654316614466658280e+02 2.642495622581964767e+02 2.654764995021479308e+02
2.807565187692295012e+02 2.807083222733137404e+02 2.790991752094361118e+02 2.814467039673619979e+02
2.669847361422123981e+02 2.673940245717403172e+02 2.667652409933102717e+02 2.667741647746436797e+02
2.636802987023515925e+02 2.633339215239649320e+02 2.626098565548292072e+02 2.641571736057745738e+02
2.695048270929622731e+02 2.693432694588784102e+02 2.678671403495305299e+02 2.694057616352801006e+02
2.697210444862138274e+02 2.697994568979363521e+02 2.676003421096111765e+02 2.700699635486275838e+02
2.614822296889774407e+02 2.614703572974361236e+02 2.603500066895059604e+02 2.619019635667981447e+02
2.640156264383488178e+02 2.647576215291347808e+02 2.629625693627981491e+02 2.651364248249458342e+02
2.591540169917039407e+02 2.592383632635100525e+02 2.587986748472871454e+02 2.594322602540809157e+02
2.579325616758380306e+02 2.576018028292755275e+02 2.567316692200488433e+02 2.581748702174052141e+02
3.002103860044533121e+02 3.005347314502110976e+02 2.980233297486856259e+02 2.981979834663827660e+02
2.635121793152205214e+02 2.634823903063898456e+02 2.633861069911714026e+02 2.640062136706991396e+02
2.641874821214465783e+02 2.645143806557948665e+02 2.636059842298096783e+02 2.647183563457739979e+02
2.567209104020029713e+02 2.567344284137556087e+02 2.566893511419810920e+02 2.573102621057839769e+02
2.608184285730455940e+02 2.619078757262579984e+02 2.607320831628336464e+02 2.617820350462109218e+02
2.653007429377119024e+02 2.660514658934138197e+02 2.653251207727010978e+02 2.662752911581545163e+02
2.664833060748640037e+02 2.663044508077927048e+02 2.664391516201508807e+02 2.666590747889486011e+02
2.626762657789045647e+02 2.623938902076146746e+02 2.620897624007451441e+02 2.624266192530595276e+02
2.611358293453710075e+02 2.606448613714290445e+02 2.607820418336236798e+02 2.610799558727658791e+02
2.778860422267139256e+02 2.782314327712023783e+02 2.756957540555767991e+02 2.791483589018349676e+02
2.891267462316624801e+02 2.895580945320381261e+02 2.886784901104331311e+02 2.898219169242923385e+02
2.631050595196830955e+02 2.638235626458885008e+02 2.632110185876836113e+02 2.635824571428584022e+02
2.740342066978845992e+02 2.739725642190823010e+02 2.711340580812570238e+02 2.740529411846617336e+02
2.665580498809064238e+02 2.667583938096883003e+02 2.658294111184150665e+02 2.669555745241090676e+02
2.600915050498758774e+02 2.600518042428578269e+02 2.603187735929979567e+02 2.602431343024809394e+02
2.680224180191718233e+02 2.679211433102142337e+02 2.650679694471161270e+02 2.678403382545567979e+02
2.625838776982240006e+02 2.631356137541270641e+02 2.619378107450536959e+02 2.629406769241231814e+02
2.661084813764950923e+02 2.665338467193531642e+02 2.655246162046038876e+02 2.664075675610898770e+02
2.962313284750994171e+02 2.954247596538757534e+02 2.943108219277045805e+02 2.964734431255001255e+02
2.806921059987110993e+02 2.819333854415441465e+02 2.792022574490040938e+02 2.820845732574113640e+02
3.059031955230790345e+02 3.056351994600173612e+02 3.047677103807700405e+02 3.043844991098149535e+02
2.604518608263184660e+02 2.604839615119942096e+02 2.600555868918833653e+02 2.607181684083276991e+02
2.601904904614337397e+02 2.602748659165200138e+02 2.600494015936108099e+02 2.604973067944321201e+02
2.615011978716530621e+02 2.617903028233345140e+02 2.615216565854076975e+02 2.618151250988157699e+02
2.607927794065820990e+02 2.614932308751303367e+02 2.611237938612632092e+02 2.616378771806298573e+02
2.589612142895585407e+02 2.586274309434862175e+02 2.585570110328841338e+02 2.591177413358565218e+02
2.553003453544174874e+02 2.551571124464660443e+02 2.546774957188462167e+02 2.560690288931323835e+02
2.735621032872890055e+02 2.740104672327680078e+02 2.716511903352215995e+02 2.743395011876011722e+02
2.849947115864544571e+02 2.850352421413682578e+02 2.834436197172639140e+02 2.856569013853110732e+02
2.615026397363989190e+02 2.616862456855730557e+02 2.611813798814368965e+02 2.611692708634773794e+02
2.897591599580820230e+02 2.903377723104759411e+02 2.881158478755672832e+02 2.891109597783210461e+02
2.596303831477265476e+02 2.590991148686876500e+02 2.580159249159104320e+02 2.591426881205425161e+02
2.600393410793672047e+02 2.599773022689161053e+02 2.591032509447984467e+02 2.598757158511405692e+02
2.557893147622400249e+02 2.561333746733729981e+02 2.560961029887419613e+02 2.563553303142032860e+02
2.940553939563928338e+02 2.949148243646623655e+02 2.930405827137221877e+02 2.942189884699732261e+02
2.580391895682134304e+02 2.579379683894084110e+02 2.570583080314747235e+02 2.583934363238619767e+02
2.758027669436368114e+02 2.755484314406739372e+02 2.743965112213530801e+02 2.766519035699991491e+02
2.566507020782672157e+02 2.567853988501808544e+02 2.560554719637646031e+02 2.570535560209028176e+02
2.816697796547384200e+02 2.832402553892790138e+02 2.810998079380046306e+02 2.829871673302209842e+02
2.579089223290390009e+02 2.580301225482235736e+02 2.578127074569328556e+02 2.580792929631546713e+02
2.577234720590530515e+02 2.578779612503376484e+02 2.568680502411269799e+02 2.580434005107629787e+02
2.628947640064506572e+02 2.634718082445538698e+02 2.629799025718631924e+02 2.632680252948812836e+02
2.926089189242093198e+02 2.929638730199259840e+02 2.906175023794422714e+02 2.933189578091153749e+02
2.621861321692734350e+02 2.619878089403192121e+02 2.617885190763306582e+02 2.620127731827301432e+02
2.782193795090967114e+02 2.789372526006533235e+02 2.771857352619759354e+02 2.790614545930349664e+02
2.624740821311042964e+02 2.628537646965129397e+02 2.621018062385606413e+02 2.630154236187358379e+02
2.610634333191345604e+02 2.614917922831717192e+02 2.613354368924718756e+02 2.615492906035109968e+02
2.804781499681516834e+02 2.807598502893196724e+02 2.784600331006858482e+02 2.810901685511230426e+02
2.746758600087972013e+02 2.755118075503169166e+02 2.740063732480099361e+02 2.770000811048971627e+02
2.704469486676129009e+02 2.705582149036208079e+02 2.691531457032777439e+02 2.708196421279354240e+02
2.866767587999084412e+02 2.860924464298764178e+02 2.840403128842112324e+02 2.859717474484697277e+02
2.652600427908478764e+02 2.658642786173983268e+02 2.639885020981452044e+02 2.658215746045733567e+02
3.063445327558933968e+02 3.071044893897506540e+02 3.056179305444314878e+02 3.057678782474972081e+02
3.082275438795519449e+02 3.088998876041997619e+02 3.083168723251291681e+02 3.069568186995194878e+02
2.816761406671478198e+02 2.826009387336076202e+02 2.794725640455258144e+02 2.822366334251818785e+02
2.690901217508795753e+02 2.696568302607598184e+02 2.665021607202214682e+02 2.701763086045979207e+02
2.968694946821187273e+02 2.968990510669945593e+02 2.962167345423893607e+02 2.968534358578937713e+02
2.603603722976992003e+02 2.601921502446883210e+02 2.594187314606786003e+02 2.609718975274078616e+02
2.575673708296401401e+02 2.581079047203267010e+02 2.571174707996368056e+02 2.578766611137577343e+02
2.586339990632075683e+02 2.589277682954636362e+02 2.579451771818145858e+02 2.588055111562522370e+02
2.622485224746733934e+02 2.615396260336987098e+02 2.618848954655060197e+02 2.624731633427578004e+02
2.617364993300784590e+02 2.614242220911850723e+02 2.605241402515217715e+02 2.619531718196010956e+02
2.601144303763089169e+02 2.600774262458565431e+02 2.598926209524253181e+02 2.604791097501858985e+02
2.564788453743256014e+02 2.563739999322741596e+02 2.563704052633619312e+02 2.566189356960093733e+02
2.579409874683614703e+02 2.580404199315069604e+02 2.569167286918477657e+02 2.578007017025774417e+02
2.629590912282783961e+02 2.632931950593396095e+02 2.628094193227616984e+02 2.629787548058262132e+02
2.616683601943908570e+02 2.617779304354714895e+02 2.605964547340650483e+02 2.618394968592879763e+02
2.562133413159797328e+02 2.566115950876367151e+02 2.556377580494649919e+02 2.567351944914594810e+02
2.579578731462277688e+02 2.582362922242294871e+02 2.576381948655801466e+02 2.578433566029328290e+02
2.772750190497456515e+02 2.775775376951156659e+02 2.748701340654514524e+02 2.766689738523697315e+02
2.656202250985383557e+02 2.655029781433394760e+02 2.660495764047125249e+02 2.659866205349808865e+02
2.585049473060252581e+02 2.590506408705428498e+02 2.579144587722207689e+02 2.590028438675839766e+02
2.624383105364370863e+02 2.624546874940987209e+02 2.620277122616982410e+02 2.629785864749098323e+02
2.719396827099220104e+02 2.723336598798526893e+02 2.706679543496388760e+02 2.726149102928453658e+02
2.717158342635705139e+02 2.727082966144611191e+02 2.708748028751329002e+02 2.721873099669577982e+02
2.695067641264844838e+02 2.697242094882273591e+02 2.671754808283167222e+02 2.692714023797387313e+02
2.601999411923252978e+02 2.604466925105124915e+02 2.599883154347766094e+02 2.604734208623612517e+02
2.595292886777073136e+02 2.590427688537506583e+02 2.579472636958180942e+02 2.589804271323537250e+02
2.627373021852940838e+02 2.634344159506310916e+02 2.632629086010385322e+02 2.631002010798697484e+02
2.563556497407348047e+02 2.565184141218198874e+02 2.557797495122980251e+02 2.565909802653346787e+02
2.612904335344992433e+02 2.613754481550067794e+02 2.614390505633522821e+02 2.611443599439127752e+02
2.585293928132519454e+02 2.591119354917539681e+02 2.580828103831817657e+02 2.593354648391236310e+02
2.599684495000468587e+02 2.602566320203463874e+02 2.592257479416066417e+02 2.602499047190360102e+02
2.568718227760984973e+02 2.573816306789647115e+02 2.563840015998580384e+02 2.573240915381211380e+02
2.828078786071380932e+02 2.828159889110646077e+02 2.813172357002772515e+02 2.834151324706107857e+02
2.584150353838360274e+02 2.584601095869496135e+02 2.577352072726480401e+02 2.587146110816341320e+02
2.567039220214315378e+02 2.567149964389493562e+02 2.563519946712869455e+02 2.570241527087011946e+02
2.645274552357582820e+02 2.646235317868307106e+02 2.641871975376910200e+02 2.652004400831824000e+02
2.913358179658252425e+02 2.916654492431113113e+02 2.904139909956973042e+02 2.912756441441004540e+02
2.549691825871712467e+02 2.552031595611778982e+02 2.545511712089645187e+02 2.547156502451976223e+02
2.678821876666783055e+02 2.685372515543323289e+02 2.669507446022058730e+02 2.688702802381762922e+02
2.666721549600572416e+02 2.671155298571036383e+02 2.656836583586902520e+02 2.671987285542342079e+02
2.640853602363242203e+02 2.641186978628240354e+02 2.628293047229305444e+02 2.644569109763931465e+02
2.586053502856295836e+02 2.590507726305197593e+02 2.580542458595159019e+02 2.592650239194945243e+02
2.723709762695557970e+02 2.730815785545707399e+02 2.711994558642813331e+02 2.738165504830962504e+02
2.630551903337652107e+02 2.637832941320205009e+02 2.626991437417280508e+02 2.638788941501109093e+02
2.655552870985342793e+02 2.656610341145042185e+02 2.643292490970976019e+02 2.659994920103323466e+02
2.827973954971973853e+02 2.830149601079510830e+02 2.812327986216772047e+02 2.820879953769745612e+02
2.570297984560729105e+02 2.570184906569950272e+02 2.560724956051259937e+02 2.569443326510014458e+02
2.608075372535821543e+02 2.608473375455758401e+02 2.605689763584956040e+02 2.602120982289233666e+02
2.809214935801095976e+02 2.802518009201406244e+02 2.774723186100403041e+02 2.797530537528122068e+02
2.592132474769823602e+02 2.591378053024852761e+02 2.588987233911835233e+02 2.587899710224874070e+02
2.707257010213477315e+02 2.706921269729260189e+02 2.690511912635743101e+02 2.712408086180432747e+02
2.636080486039910511e+02 2.635840177417863401e+02 2.633037709556122650e+02 2.638683209082844883e+02
2.624411813947237420e+02 2.622826174711119620e+02 2.635411497641058531e+02 2.632588354735067355e+02
2.668337337874692707e+02 2.673094150927282726e+02 2.668282013917094559e+02 2.669679256674981502e+02
2.662644435115904571e+02 2.667862447489407600e+02 2.656856802301773541e+02 2.669936011982259174e+02
2.934915162949455976e+02 2.937735605481192920e+02 2.917498221361604465e+02 2.943084765621129577e+02
2.693980914396000230e+02 2.698726166579726282e+02 2.678763409654215479e+02 2.692168325146101893e+02
2.588397440834884264e+02 2.593666369806975354e+02 2.587927090003902322e+02 2.589399979327114352e+02
2.635954257555814024e+02 2.639551089806573714e+02 2.632015865947752218e+02 2.636634585370904915e+02
2.769569213871542388e+02 2.776382745452679615e+02 2.752257676513498836e+02 2.769702758022129387e+02
2.678258602166486071e+02 2.679403518375527256e+02 2.663589457161757537e+02 2.678723730292943515e+02
2.609103036888577094e+02 2.615667575594431469e+02 2.611393172296582179e+02 2.613727612352668643e+02
2.599953615996632266e+02 2.601263198974086777e+02 2.595580189963396833e+02 2.601234420908316451e+02
2.716256025533032812e+02 2.704698494177508792e+02 2.700570341060575288e+02 2.712839194594261016e+02
2.596222680006416681e+02 2.601451596868623142e+02 2.599081250941308667e+02 2.602085218787648841e+02
2.598051203065027153e+02 2.607263665214788944e+02 2.596195970293280197e+02 2.599860884940760002e+02
2.638338884274978682e+02 2.642862499490483401e+02 2.630336182132232921e+02 2.643106427206461717e+02
2.591413218668789682e+02 2.591458249515187617e+02 2.590894698336993542e+02 2.587760482770081012e+02
2.655090043463711140e+02 2.657615248820292209e+02 2.642661124095973264e+02 2.656814241274292385e+02
2.599564353836746022e+02 2.596023569465051537e+02 2.598393491088466476e+02 2.596580867023627661e+02
2.593363588377811766e+02 2.594238190609646608e+02 2.590286945857230876e+02 2.591577407559138351e+02
2.592590021930775492e+02 2.598355954607034164e+02 2.585078475585656861e+02 2.604042033556953584e+02
2.642754052879882352e+02 2.647653528203525752e+02 2.630926694444815439e+02 2.638026613226242603e+02
2.637685655188436158e+02 2.642818365208811429e+02 2.629414221546584827e+02 2.642520685955607860e+02
2.817753889614041896e+02 2.829430920892365862e+02 2.808267811559985603e+02 2.819180882035962554e+02
2.614354920241897844e+02 2.615616497357494836e+02 2.609937435589495749e+02 2.617535635319918015e+02
2.774006727194413315e+02 2.776723578788755731e+02 2.749373462571955429e+02 2.774019336562517424e+02
3.029041656379587835e+02 3.041754689206271678e+02 3.018256022985269738e+02 3.012092866690608162e+02
2.636664249683494745e+02 2.640880450870449181e+02 2.622153680647934948e+02 2.640569388046334325e+02
2.909077289157079917e+02 2.906680095555271919e+02 2.886258398651839912e+02 2.897482736116244268e+02
2.636781549211589777e+02 2.638581399824150822e+02 2.628303209541487604e+02 2.636994771666550719e+02
2.904126806498271662e+02 2.899597954205870565e+02 2.878474650365843104e+02 2.893843040322313414e+02
2.658842374685262939e+02 2.661567397497393586e+02 2.649064306259358546e+02 2.662912772377466695e+02
2.839828616660431067e+02 2.839664612572728970e+02 2.825358927978386987e+02 2.842585939645402391e+02
2.572928522531155409e+02 2.574760078736636046e+02 2.573282318737345804e+02 2.573265472457119927e+02
2.656740554162746548e+02 2.661002069490180588e+02 2.653573688902641265e+02 2.658502729973540681e+02
2.562924268769037894e+02 2.559464054872026111e+02 2.547075575552143789e+02 2.564870553502836970e+02
2.665077894361794506e+02 2.669563845806569589e+02 2.655730053487943110e+02 2.672202783827090116e+02
2.626063538357804532e+02 2.619676453521322514e+02 2.625474358586807853e+02 2.624753558508214155e+02
2.588647108128928949e+02 2.589924390279887234e+02 2.590659490271203254e+02 2.592015829357781058e+02
3.005130701544508725e+02 3.007572084479750174e+02 2.990866384688511062e+02 3.001204196970726912e+02
2.602542536209095374e+02 2.604245022916082917e+02 2.594872859097358742e+02 2.602222616182447723e+02
2.632668770951461283e+02 2.632651852237132744e+02 2.623903354586180399e+02 2.633096686818238936e+02
2.613856949929900679e+02 2.605973309120293493e+02 2.592927529836554754e+02 2.614863643424717452e+02
2.682521818911093874e+02 2.688322062134132580e+02 2.674304079403109426e+02 2.683030575454334894e+02
2.590784945860924608e+02 2.596989774381088978e+02 2.591094231806987978e+02 2.597755692763523712e+02
2.623800113638938001e+02 2.621588705813465481e+02 2.623944370801005448e+02 2.622576231794528212e+02
2.695234757043263585e+02 2.695962316606801323e+02 2.679458305606257795e+02 2.700847560969439201e+02
2.649064302140517384e+02 2.644941724992121976e+02 2.640478203379628326e+02 2.649354125144978980e+02
2.604588174591711436e+02 2.607224586135550908e+02 2.597015058823939739e+02 2.602368748407166663e+02
3.090740307029697647e+02 3.090944062178120362e+02 3.091448933498376732e+02 3.085817253008281114e+02
2.599048939016563509e+02 2.602676641738489138e+02 2.593452213711723857e+02 2.597732945344253039e+02
2.780703214122739837e+02 2.788020146315143393e+02 2.764494363447822707e+02 2.781670823734388023e+02
2.556629989433070591e+02 2.556982628697452640e+02 2.547273712003029118e+02 2.559567953268546319e+02
2.606133208429153569e+02 2.611257722777602339e+02 2.604168967716004772e+02 2.609614785692047576e+02
2.841126564394315324e+02 2.843206513345378994e+02 2.828995878816133427e+02 2.850583658003021128e+02
2.647871051051787390e+02 2.649350611334180030e+02 2.637487127545510361e+02 2.654776231456577875e+02
2.577966424513098218e+02 2.580698205535001080e+02 2.578563208887439373e+02 2.585158937823823067e+02
2.575208203258580397e+02 2.575791919866686612e+02 2.570301904849638959e+02 2.576724385344737129e+02
2.697715673564071039e+02 2.700552430148793519e+02 2.678278561896943870e+02 2.701569148308544754e+02
2.985282158140266802e+02 2.975320666776017902e+02 2.961737559657235579e+02 2.978282232967595746e+02
2.590348804539166281e+02 2.595171148307867384e+02 2.582949324851671804e+02 2.594834233978978659e+02
2.963333685009558849e+02 2.962033196637144101e+02 2.944678476166718042e+02 2.962474583217865529e+02
2.581238524366838760e+02 2.588750877297008515e+02 2.587032361853427460e+02 2.586106323298166672e+02
2.690292660716462478e+02 2.684756951301922072e+02 2.675715265862831984e+02 2.681601796750215954e+02
2.679137098948044127e+02 2.679379234339489813e+02 2.675477263410173805e+02 2.683180164453555676e+02
2.569119126314735126e+02 2.575752047648892926e+02 2.569941076859993814e+02 2.574034392058566141e+02
2.587182580915132917e+02 2.586914522506132812e+02 2.581952337584927477e+02 2.588241355063350397e+02
2.621326065174413316e+02 2.622551989132668950e+02 2.616145610510736788e+02 2.628215449194273106e+02
2.644328004441586586e+02 2.648237941065270320e+02 2.632848020657528423e+02 2.656222166588038931e+02
2.638515025103936864e+02 2.636431494647657132e+02 2.634726914000192437e+02 2.643980796760171756e+02
2.606217363683939539e+02 2.606435145400236024e+02 2.600655976632943975e+02 2.610793667545096923e+02
2.602567597332400169e+02 2.602011543274924179e+02 2.596230030723088475e+02 2.607950460803178316e+02
2.594008123978297249e+02 2.597741161604016042e+02 2.587449666087740638e+02 2.598721494262921397e+02
2.556353515163490044e+02 2.562613044005747156e+02 2.548402634433855098e+02 2.559211187119945805e+02
2.587352085695256960e+02 2.587511181090810055e+02 2.581940974237151636e+02 2.587783520612811685e+02
2.624726732217628751e+02 2.631319788419870065e+02 2.614733880485413806e+02 2.627907841236550439e+02
2.612893323971840687e+02 2.621470777822715377e+02 2.607981308185949842e+02 2.619835737776376163e+02
2.580636258975750366e+02 2.579758011584140718e+02 2.575053333003228886e+02 2.582697570058945189e+02
2.764793297302822452e+02 2.774365008162822619e+02 2.746088602692456675e+02 2.770324431292421536e+02
2.611699472213424542e+02 2.616086857154107292e+02 2.605569163654969316e+02 2.611849322089764200e+02
2.578552078761339317e+02 2.577363061209877628e+02 2.574568212799264870e+02 2.572751631556806728e+02
2.623315526445681485e+02 2.629232752575978793e+02 2.617859112400741992e+02 2.626523426213067296e+02
2.783492129558879355e+02 2.781004624514444572e+02 2.760181051816664990e+02 2.781495282926900359e+02
2.661741291093827044e+02 2.658835974542830058e+02 2.643380532529750440e+02 2.666688108192831237e+02
2.618359924332952460e+02 2.622497173573063378e+02 2.611405846052942366e+02 2.621437442270452607e+02
2.611573051455340533e+02 2.609162948906926545e+02 2.605372368812162449e+02 2.611179832380902326e+02
2.723859592787657675e+02 2.727896217099234946e+02 2.711471006104882235e+02 2.728146530556683729e+02
2.967559925452565608e+02 2.968336277392375564e+02 2.951919502381561529e+02 2.972638568563442050e+02
2.655779412910836754e+02 2.664710722279390893e+02 2.649421796859510323e+02 2.652674940162121970e+02
2.607615921657289277e+02 2.611518311431367465e+02 2.601429835456262367e+02 2.612356195266062286e+02
2.661074880481324954e+02 2.663407749974042531e+02 2.653245857883505323e+02 2.659868305486104418e+02
2.686175003562199208e+02 2.685444084969149685e+02 2.665392554956987397e+02 2.692629730068335903e+02
2.616029098735581897e+02 2.618844011883295479e+02 2.611963520650602391e+02 2.615877954135340815e+02
2.602196212787391687e+02 2.609726552569763953e+02 2.597825034773831021e+02 2.610454098845765998e+02
2.585113225069846408e+02 2.589843396709201784e+02 2.579417960483385741e+02 2.592390515586833999e+02
2.642514959454335894e+02 2.644069369977912629e+02 2.628812323497335797e+02 2.649025725909846756e+02
2.678900306609036761e+02 2.674580465572651633e+02 2.664150504285344709e+02 2.671522390168231595e+02
2.757556283858251618e+02 2.756108417197012841e+02 2.743633025678707895e+02 2.758402753566535353e+02
2.714434643350672332e+02 2.710071102950180375e+02 2.683937482784406257e+02 2.709505479608230871e+02
2.822433505163029963e+02 2.828808530076483976e+02 2.794282277194237167e+02 2.822716935591327569e+02
2.813001364970930922e+02 2.815166078347934899e+02 2.798997908112582422e+02 2.818521422005819090e+02
2.706298550976134152e+02 2.711053664561073901e+02 2.690155826363161395e+02 2.705590842483765641e+02
2.585675419311749010e+02 2.592577700880368070e+02 2.583399060049990226e+02 2.594380500479394414e+02
2.687364339634181647e+02 2.701592829226535741e+02 2.684159596441427311e+02 2.697646482063121312e+02
2.758529809300281386e+02 2.752492386304159027e+02 2.738905090859523739e+02 2.745800322299107847e+02
2.615539780747223517e+02 2.617675324914632711e+02 2.603155847737253907e+02 2.615615563110353605e+02
2.605830664737137567e+02 2.605681055168056446e+02 2.602758074746732859e+02 2.607394259434979062e+02
2.578445200511946496e+02 2.580647285933860644e+02 2.567005698581313595e+02 2.581893429448102211e+02
2.633267885646254740e+02 2.632480359212710823e+02 2.625874087871817437e+02 2.634070846339067202e+02
2.785212007249047588e+02 2.792404542145267783e+02 2.775185871036885601e+02 2.791732068438315650e+02
2.637768025067948088e+02 2.637560363404157329e+02 2.631476293666380002e+02 2.635713186236040997e+02
2.586202160243632306e+02 2.588983464880677161e+02 2.581688920663009981e+02 2.588541788371322241e+02
2.575992287722723404e+02 2.575849511083296193e+02 2.571803466707427788e+02 2.579379142212529814e+02
2.579207235071786499e+02 2.577906870039865339e+02 2.572770631229802234e+02 2.581843066920572483e+02
2.734377598943046337e+02 2.737441932962907458e+02 2.715223779433536038e+02 2.735140943200169659e+02
2.648242590060841053e+02 2.648328746704943910e+02 2.644453446263435126e+02 2.651839076687961096e+02
2.580862160797829006e+02 2.578228496193705155e+02 2.575312931250053907e+02 2.581822877741389561e+02
2.629386111724970192e+02 2.632587388922164564e+02 2.619218720252990806e+02 2.635602982331343469e+02
2.615738103166908672e+02 2.617130588949917183e+02 2.614350326071769928e+02 2.622039704228772621e+02
2.645209320582450232e+02 2.645015119705223583e+02 2.632482729383247033e+02 2.647223098338745331e+02
2.673248634979230474e+02 2.670007114942777662e+02 2.669186170735515589e+02 2.674791549873942245e+02
2.744104127682432477e+02 2.749663261091558297e+02 2.728389565046067560e+02 2.744000756393650136e+02
2.645243600957829244e+02 2.653031417703815009e+02 2.636963504697709482e+02 2.650014355348659478e+02
2.589010455507100232e+02 2.587008586510879127e+02 2.585047862490645798e+02 2.583635930815663073e+02
2.745540068847443536e+02 2.751669126737360216e+02 2.731425135307714527e+02 2.749919687644541000e+02
2.606343835512159330e+02 2.603976687412344972e+02 2.610642524402800859e+02 2.606378050651410376e+02
2.626918410797010779e+02 2.631432244239868510e+02 2.621979076109829521e+02 2.626922808397424092e+02
2.615488353503013741e+02 2.617041820411890285e+02 2.614616451156036305e+02 2.617119678945005035e+02
2.630065753607603938e+02 2.630580961663197286e+02 2.626124878670172507e+02 2.633439210439578915e+02
2.603864126700324846e+02 2.607261100983304232e+02 2.592778709120672147e+02 2.607147498039457219e+02
2.873925689700110979e+02 2.877526257150825586e+02 2.850207091660747665e+02 2.875608269838598972e+02
2.664707789437796350e+02 2.666259042277596336e+02 2.658339871061580766e+02 2.665847207374866912e+02
2.615202003267886539e+02 2.618020196081352537e+02 2.611900366831911811e+02 2.617055456624957515e+02
2.564596655205754132e+02 2.575606412265649396e+02 2.558617775506394878e+02 2.574998936663021709e+02
2.605187049477353867e+02 2.611504994170983309e+02 2.604213940895584756e+02 2.605094873634653254e+02
2.618555586088053815e+02 2.620966782108405937e+02 2.607874506987309928e+02 2.617566108444315205e+02
2.595435254829394012e+02 2.595166660454810312e+02 2.592620424340822183e+02 2.600286740266060406e+02
2.590939988927430591e+02 2.582696319264676390e+02 2.580152262195032904e+02 2.587418107482184837e+02
2.600846154100547665e+02 2.603500836233120026e+02 2.592176281257177948e+02 2.599640377804616946e+02
2.570470624391350611e+02 2.569949197592575842e+02 2.561883100503674200e+02 2.576236764515650748e+02
2.790290344138581986e+02 2.795994321819821380e+02 2.775948869278253710e+02 2.790693549255293533e+02
2.636274177501430245e+02 2.638779560101760921e+02 2.618174256767168231e+02 2.636368052647139280e+02
2.648636512055041408e+02 2.649446774439558681e+02 2.641720358985700727e+02 2.649956852112206889e+02
2.572904533496117665e+02 2.575270485218368322e+02 2.565967195679573365e+02 2.576781545106516660e+02
2.587432444906482942e+02 2.587884830674352656e+02 2.583312381365641386e+02 2.592523661557678452e+02
2.637735333839230520e+02 2.642989432115932118e+02 2.637916377743065937e+02 2.637102016215860658e+02
2.672291837385301392e+02 2.672361225502177717e+02 2.668569079526162113e+02 2.673274737698473587e+02
2.685392098079396419e+02 2.684968880883326960e+02 2.675142080578307855e+02 2.691379418538220420e+02
2.866143613864993540e+02 2.868290942944789776e+02 2.844281121607381237e+02 2.862079520327251316e+02
2.572787127350808305e+02 2.571202180281468941e+02 2.559975256435195661e+02 2.570671534337623143e+02
2.689896243523463681e+02 2.686098347257654382e+02 2.673587803355741244e+02 2.691896852640517750e+02
2.736006163887106482e+02 2.738575901515575879e+02 2.721804029166076475e+02 2.737843149435885266e+02
2.606420705593469620e+02 2.614952430400921344e+02 2.601178496153959827e+02 2.613287364077265806e+02
2.796615894946924641e+02 2.791080530838979143e+02 2.767535535177360089e+02 2.790259309048752243e+02
2.641381825473871459e+02 2.643980123126347621e+02 2.632764065920739540e+02 2.643499365338122971e+02
2.755466289451294415e+02 2.768783083842645283e+02 2.742176261360593799e+02 2.767529883167409253e+02
2.767687596017703981e+02 2.764570228459970735e+02 2.746038269760921366e+02 2.758925525456023138e+02
2.684033164713036967e+02 2.689053522771151279e+02 2.668055027077342629e+02 2.682765375258473455e+02
2.561733566806537965e+02 2.563352127764732700e+02 2.555181763919302966e+02 2.565578366172321125e+02
2.616786397000570332e+02 2.618297599332572076e+02 2.619822279119715063e+02 2.618549548269445495e+02
3.002527224830160435e+02 3.004275608027605244e+02 3.001613291233720133e+02 2.996167561779605535e+02
2.735004687372593253e+02 2.737428858856455349e+02 2.723685410594542873e+02 2.742454147534319304e+02
2.589414823337360758e+02 2.590027433851648198e+02 2.585183852665029463e+02 2.595777535409830534e+02
2.618775582304774616e+02 2.623760814155486401e+02 2.610018372582854909e+02 2.623603457093832958e+02
2.712033111724840069e+02 2.707398085064567681e+02 2.696042534704873219e+02 2.712493383149004558e+02
2.817965380519968335e+02 2.827038247312784733e+02 2.799141386579797199e+02 2.822003975374146307e+02
2.627912957595582384e+02 2.632838362726529340e+02 2.615895032979770463e+02 2.633638583512827154e+02
2.554519169326264318e+02 2.554247627822284699e+02 2.546933202698743344e+02 2.553336437996165387e+02
2.666276521297119189e+02 2.673938579767294073e+02 2.660990393911594083e+02 2.667180637151274709e+02
2.666479076649333138e+02 2.675079103783466508e+02 2.658688377442769024e+02 2.671579789754536591e+02
2.612322233466819625e+02 2.616441220574181443e+02 2.606667596603292054e+02 2.619429284810277068e+02
2.767361314886779269e+02 2.760984664633664920e+02 2.752449916313634617e+02 2.767798729914886167e+02
2.661299089741686998e+02 2.663067243408526110e+02 2.651763486984486349e+02 2.662913269317845675e+02
2.611848834856741064e+02 2.614021756747287100e+02 2.607226251971227953e+02 2.617763119269583854e+02
2.608958102073228247e+02 2.611731284502976109e+02 2.610153532786153505e+02 2.609503876236598217e+02
2.714046250893237584e+02 2.732788162454548342e+02 2.705970215201980409e+02 2.735477451091138619e+02
2.693495075387293696e+02 2.697027355177219761e+02 2.679983386474168015e+02 2.696215172190879912e+02
2.606634535435105704e+02 2.602713658287843259e+02 2.604706017497174457e+02 2.603868141149520170e+02
2.762782163122038810e+02 2.763975904328022466e+02 2.733138474113052894e+02 2.769115838084456414e+02
3.028185425107341757e+02 3.025006428397607010e+02 3.008410929393022570e+02 3.001211366399439839e+02
2.632589760369701821e+02 2.630616423166881077e+02 2.624376289078996365e+02 2.633306873961704468e+02
2.560538333744392503e+02 2.562060714102872794e+02 2.550084091496141809e+02 2.565367791463752951e+02
2.865663555013633186e+02 2.861357656422304672e+02 2.847971094922979205e+02 2.852875088551245426e+02
2.571218599953611488e+02 2.570668721900454443e+02 2.567236782403218172e+02 2.572598791620681027e+02
2.585288684071731495e+02 2.588162257908740571e+02 2.579413757019625564e+02 2.587301215043846128e+02
2.606751394395385546e+02 2.605506886899255505e+02 2.596821264776312432e+02 2.603428448750531174e+02
2.669890810920460353e+02 2.672558562350183706e+02 2.647947105296859149e+02 2.681400086570880603e+02
2.761306378427552772e+02 2.766828994331679041e+02 2.744357661896343075e+02 2.761673234445642606e+02
2.684664529760032678e+02 2.688006784397858837e+02 2.671040106482788588e+02 2.688005987959196545e+02
2.652135355631231732e+02 2.656459537429018383e+02 2.641416663939510840e+02 2.655302158160503154e+02
2.602823343674970715e+02 2.604035585737744327e+02 2.599223820879818732e+02 2.613273588003930286e+02
2.696396254517965190e+02 2.698704902210167234e+02 2.694866713264017903e+02 2.696587300914630418e+02
2.996808636639267434e+02 3.005503055189018369e+02 2.986541358574866081e+02 2.992897236031694774e+02
