2.852751671633585033e+02 2.840358918748114547e+02 2.825754250433542438e+02 2.834142369874169276e+02
2.534297028233262381e+02 2.532819477960126733e+02 2.525950799796522404e+02 2.539849479031723547e+02
2.502257397906510050e+02 2.504860399353853211e+02 2.496968385987858596e+02 2.505166545143976009e+02
2.544768238404674605e+02 2.549024108052734334e+02 2.535526758723636647e+02 2.550005710636829122e+02
2.520900224602890489e+02 2.521143511640270845e+02 2.511118369141654796e+02 2.524596625949662041e+02
2.517307999561500083e+02 2.516131177600037745e+02 2.511419442188965547e+02 2.518709240457831982e+02
2.573354453876349339e+02 2.577284947683754694e+02 2.565682122703852315e+02 2.579305299682514487e+02
2.486183269368754338e+02 2.487093730160243865e+02 2.477568721259704034e+02 2.490344658764965686e+02
2.610533646429071837e+02 2.612902156029744560e+02 2.597055080381769585e+02 2.614954755492680647e+02
2.543210204109423955e+02 2.544676776067813080e+02 2.547929861379683416e+02 2.548581289720506220e+02
2.565404238381603932e+02 2.565110286521342573e+02 2.561326731295322361e+02 2.573128041157311827e+02
2.504494847186549578e+02 2.500963739125551797e+02 2.495647591369575764e+02 2.504608135310431294e+02
2.570450050563399600e+02 2.572068795438931943e+02 2.556180793271761047e+02 2.573387515453741798e+02
2.619436520486610220e+02 2.624387260144016523e+02 2.602844975544276735e+02 2.620765141831893175e+02
2.568336204668018468e+02 2.566421639036345823e+02 2.557562033352604089e+02 2.575771013218603116e+02
2.505791767416509970e+02 2.503932224430910196e+02 2.497961080558526703e+02 2.511773242388500478e+02
2.739565124353142664e+02 2.732143888535842962e+02 2.717201461045252131e+02 2.741155735760414700e+02
2.734380333506302918e+02 2.743466262366818569e+02 2.715703098983803443e+02 2.753956409017380338e+02
2.539639428133624222e+02 2.547870863727296751e+02 2.531145246526623396e+02 2.549522301631890571e+02
2.562179180748189538e+02 2.565390479143022162e+02 2.552490401375290219e+02 2.564247912888268388e+02
2.499407915442238846e+02 2.500281700414100499e+02 2.497326724777637992e+02 2.503916597951892982e+02
2.542647412364323429e+02 2.543209919578584390e+02 2.538040251243364480e+02 2.546229948592001904e+02
2.651245005596645683e+02 2.662437912654844467e+02 2.633243536200792505e+02 2.667958131609033217e+02
2.553473479857242978e+02 2.561221115702318230e+02 2.547730046479447594e+02 2.563172606746586553e+02
2.492784560564814171e+02 2.493334218386452505e+02 2.488861248693720540e+02 2.498031528305887434e+02
2.494300546357696078e+02 2.497323268622473904e+02 2.490773405357654156e+02 2.501033654939663506e+02
2.531369587466426765e+02 2.533335778534026588e+02 2.529955340075172217e+02 2.538858858955499613e+02
2.500759611477740236e+02 2.507801834867645425e+02 2.501371180687709170e+02 2.510325502193609566e+02
2.540738589144597199e+02 2.533915221461567739e+02 2.530095467531537565e+02 2.537455804472801333e+02
2.559967288708775754e+02 2.562707935139354731e+02 2.554267122138631407e+02 2.564074296677275697e+02
2.517732521220167996e+02 2.517108344718153035e+02 2.509122674178562988e+02 2.522140865039907851e+02
2.480193602820059482e+02 2.479664709744819220e+02 2.474003970429089918e+02 2.483407034958373174e+02
2.483713671919932153e+02 2.484995152626336221e+02 2.477183578290135983e+02 2.487334698077397377e+02
2.475849957245777944e+02 2.477341973471097276e+02 2.470852340702379877e+02 2.477104339739314298e+02
2.520560536239976273e+02 2.523943082808295912e+02 2.517151322079372733e+02 2.525687260958100069e+02
2.546007518563317262e+02 2.545284291208252796e+02 2.531759308233408774e+02 2.552783459285415404e+02
2.728226725801065982e+02 2.725377845179381779e+02 2.707175532104752733e+02 2.732523851887327737e+02
2.519740043936513416e+02 2.517929305011537906e+02 2.515450688221505970e+02 2.521462071941447221e+02
2.603525253366444190e+02 2.607962920201993597e+02 2.590010222404558249e+02 2.609858030729855045e+02
2.587076813480512101e+02 2.595716457786437559e+02 2.580821760828317224e+02 2.597087626922880759e+02
2.587310392811278348e+02 2.585294566776883585e+02 2.566646813625050640e+02 2.589456686508074199e+02
2.633722608960042635e+02 2.643983240116707520e+02 2.620169494903911414e+02 2.646925239533350123e+02
2.712418326828578756e+02 2.721735573423063101e+02 2.706285102072726545e+02 2.730140716967191565e+02
2.506324030139667229e+02 2.508006008744398230e+02 2.508527951439170351e+02 2.510775953890255323e+02
2.684138444045295842e+02 2.689551373743358340e+02 2.661415620165456062e+02 2.695987913753543808e+02
2.508577945860260741e+02 2.510024929029473242e+02 2.503858358867252889e+02 2.512672793619150582e+02
2.534541057487817852e+02 2.535340996608850901e+02 2.525943990534005081e+02 2.535941314073106128e+02
2.651565712201912106e+02 2.653092996497974241e+02 2.631748340097822165e+02 2.669647434151565903e+02
2.594483941704693848e+02 2.592458759166284494e+02 2.571498815977120671e+02 2.592536535175257200e+02
2.526549043215978827e+02 2.530237086708996799e+02 2.519715124401873823e+02 2.527390622687983353e+02
2.499898325437970357e+02 2.501442414045693852e+02 2.497372174501892914e+02 2.509511836736600685e+02
2.498060166408576492e+02 2.499112419404365539e+02 2.495713108001371552e+02 2.504097767730148973e+02
2.518880725309541049e+02 2.519606423326085860e+02 2.508070099857492323e+02 2.521938602065533530e+02
2.535235850265029569e+02 2.533248865746896001e+02 2.522892960780084195e+02 2.538137731113026803e+02
2.583107536917451625e+02 2.585022286362771524e+02 2.559944445801772304e+02 2.589082066519885075e+02
2.536923775569855195e+02 2.539172660443202574e+02 2.529085429929729969e+02 2.538283031324157832e+02
2.609362228160159134e+02 2.609969478838743839e+02 2.586584329771688431e+02 2.618748396974728507e+02
2.490315395333233255e+02 2.499931321490902292e+02 2.489200842207413018e+02 2.500508436935753309e+02
2.908454055866696990e+02 2.905772713203013495e+02 2.885261713740804339e+02 2.904190033175868280e+02
2.603020593755643404e+02 2.612583266119127643e+02 2.584915971354060957e+02 2.610958089932279904e+02
2.626114081426372309e+02 2.639922762798031499e+02 2.609158790007610946e+02 2.637373792803048218e+02
2.662888849254607067e+02 2.672129073078436932e+02 2.635106915670260150e+02 2.672827662561122111e+02
2.490021379331919320e+02 2.493679247639036589e+02 2.486189239880057755e+02 2.499132984187511966e+02
2.568859631632813034e+02 2.566267718218063578e+02 2.557804639862764020e+02 2.572086337435549126e+02
2.825727413261461720e+02 2.834047730973992998e+02 2.798793694274585846e+02 2.837785153392918573e+02
2.676491388690616304e+02 2.681036858679687498e+02 2.649692384955100124e+02 2.671375431644298715e+02
2.641494308783313727e+02 2.644445988413288546e+02 2.622919998625051790e+02 2.646775900626564066e+02
2.493735065712745325e+02 2.495963861132855470e+02 2.486793113769323043e+02 2.505862516370450805e+02
2.530879169586767148e+02 2.534527450472234023e+02 2.516283546072328363e+02 2.537816802635669831e+02
2.529358369812145781e+02 2.533920881470519078e+02 2.526813618683471532e+02 2.534754185841029823e+02
2.513898742955417731e+02 2.515971735838724896e+02 2.507418901990803874e+02 2.518380186579875897e+02
2.741330629927561517e+02 2.750979684352915910e+02 2.713566014719423265e+02 2.748244994322191133e+02
2.593804737960912803e+02 2.598170341741216021e+02 2.584938294675943098e+02 2.599346143521954104e+02
2.532392197829102827e+02 2.531323408702172060e+02 2.529662284951909328e+02 2.537077501860805455e+02
2.528219598857167796e+02 2.536454620338993777e+02 2.520892921460223022e+02 2.537433415410162638e+02
2.498983745119620608e+02 2.497621303777656578e+02 2.488871989670764719e+02 2.501725557777657514e+02
2.746806965715437059e+02 2.758857242873326641e+02 2.719848939350846990e+02 2.748536618600850829e+02
2.733723172433888635e+02 2.728723392949897288e+02 2.704082049285444214e+02 2.742271815717949721e+02
2.587766508808315962e+02 2.590741034262443350e+02 2.566777943354413765e+02 2.600034624581434741e+02
2.522672281453903906e+02 2.525546982071183493e+02 2.517025597673336108e+02 2.526416583285333957e+02
2.657428035287434227e+02 2.655357901366386386e+02 2.647052199640404524e+02 2.669717158532109806e+02
2.681041012909034293e+02 2.675967827235854202e+02 2.653994555430321611e+02 2.675120967168377319e+02
2.478601242678574579e+02 2.478024109554459073e+02 2.472488629063075223e+02 2.485351558879194727e+02
2.484814644318269643e+02 2.489671290153796690e+02 2.486636372269503568e+02 2.490103436389595402e+02
2.515962157988967647e+02 2.516294462506463958e+02 2.512963600647896953e+02 2.517822359109105719e+02
2.511783826164516995e+02 2.519351774423974746e+02 2.519263866309688922e+02 2.520268851076366730e+02
2.581668661933065323e+02 2.585008354083338418e+02 2.567088541939565971e+02 2.584566705383520571e+02
2.520117867050302891e+02 2.521524174226570096e+02 2.514836932988836224e+02 2.530912305436284839e+02
2.514561920102454735e+02 2.514642802854964998e+02 2.511390027355753034e+02 2.518799544909722954e+02
2.583458949427709967e+02 2.594947674345907558e+02 2.572229459533048157e+02 2.590673712594007156e+02
2.511262422018264715e+02 2.516016972722731282e+02 2.505941039925425002e+02 2.515216064554470847e+02
2.507054737861928118e+02 2.507341841702840952e+02 2.507794707484273999e+02 2.512464281315799610e+02
2.597545194474145092e+02 2.596996994828644461e+02 2.586604790593399912e+02 2.606535880818448732e+02
2.847709601161524233e+02 2.844307403058280670e+02 2.822902435238547696e+02 2.843642303612486444e+02
2.542956868537816604e+02 2.545707983888220838e+02 2.531865184362734453e+02 2.544473113666831239e+02
2.876438774688221542e+02 2.888060748459698743e+02 2.872778084011943065e+02 2.878455802906881331e+02
2.518779629712045676e+02 2.519652437985317022e+02 2.515961498704475616e+02 2.525704090731374549e+02
2.516293213559087860e+02 2.516510131338558836e+02 2.501686455684393025e+02 2.523496041229927584e+02
2.546221488060346871e+02 2.544666823000052602e+02 2.529133381293229661e+02 2.548902852182485788e+02
2.531923811760483147e+02 2.535641269973503711e+02 2.528899519436349976e+02 2.545922337473417940e+02
2.654310113646554896e+02 2.665962336441011189e+02 2.634273389458034558e+02 2.661901237475120183e+02
2.664174949192859572e+02 2.663396041114250465e+02 2.647260682093825608e+02 2.671373416350465959e+02
2.488503964531600730e+02 2.490350631869360427e+02 2.482552741974238018e+02 2.490465909091680317e+02
2.551329592967719009e+02 2.553898535058326615e+02 2.539339011387399125e+02 2.560912542377219552e+02
2.495680828753078515e+02 2.498932313441448514e+02 2.489598677385697840e+02 2.503468908943239910e+02
2.627358302474050902e+02 2.632409730810060751e+02 2.607362586067764596e+02 2.632625254332568829e+02
2.524480307908574446e+02 2.527678429285454627e+02 2.516211031452415341e+02 2.529138989912708837e+02
2.568368751598360973e+02 2.573165337063824722e+02 2.563592448639330428e+02 2.577491209885446892e+02
2.620359503222647959e+02 2.627326706299713805e+02 2.612733669082777510e+02 2.628520490908111924e+02
2.529568219592713376e+02 2.534425583710677472e+02 2.524311100485599297e+02 2.540731530255053201e+02
2.615006746521094669e+02 2.623014421276189978e+02 2.601121565367795938e+02 2.617746594439385035e+02
2.528099565080603668e+02 2.529283672373812522e+02 2.518233153844651611e+02 2.531195272472131990e+02
2.547141557644255840e+02 2.550451696671050570e+02 2.541740219878038261e+02 2.550325881851649967e+02
2.482078741186700199e+02 2.481468385126837290e+02 2.477285300381726643e+02 2.484363369937528034e+02
2.891044769924893671e+02 2.888273722964423200e+02 2.873112933287213195e+02 2.884270755794806291e+02
2.598490395334394520e+02 2.603793659482986982e+02 2.589359757773997899e+02 2.611010577758256090e+02
2.498878128655743183e+02 2.502465511878639290e+02 2.500692161669953180e+02 2.501661174381678450e+02
2.516048745082171649e+02 2.524181565566323684e+02 2.509750587709485501e+02 2.528824646179386093e+02
2.595706368403392048e+02 2.598867430220072947e+02 2.581396374793648079e+02 2.601554157728365340e+02
2.508659039890953579e+02 2.514106339718294407e+02 2.506678151427524597e+02 2.520345634253714593e+02
2.879235853501157294e+02 2.896993140041627157e+02 2.882426912716189236e+02 2.884460327476207340e+02
2.507074911755352673e+02 2.512180820742875653e+02 2.509984815962289701e+02 2.509680053665463788e+02
2.574426166345850788e+02 2.581420360426958496e+02 2.554544023682376519e+02 2.583893736927824989e+02
2.677706762498744411e+02 2.676337854799269849e+02 2.649282770231914128e+02 2.680317560213860588e+02
2.580620193242199321e+02 2.583998115198389200e+02 2.568254446614782296e+02 2.588247029358917644e+02
2.639462959440388090e+02 2.647177604992070883e+02 2.620603525933506148e+02 2.654017723779377889e+02
2.619948434684831113e+02 2.633947391267366243e+02 2.603247919082220392e+02 2.629532974383251371e+02
2.662571137462522870e+02 2.665750665049291683e+02 2.638913681345584905e+02 2.661388899979150438e+02
2.549951677750954957e+02 2.552605166103762144e+02 2.533398115645909456e+02 2.553740336073744572e+02
2.534234012632522024e+02 2.535517840933550247e+02 2.531560162298205512e+02 2.541167121400174551e+02
2.511994395739341712e+02 2.510999580771782576e+02 2.507785060989656643e+02 2.516178848520334839e+02
2.475510353756572215e+02 2.475289373256911176e+02 2.471129804936987284e+02 2.482483039019893170e+02
2.534391004608116873e+02 2.533156229707131786e+02 2.529258738308817271e+02 2.537447052610430944e+02
2.688761723875698522e+02 2.702632632571101112e+02 2.665395742816415350e+02 2.687807165182711628e+02
2.887013914032089019e+02 2.900308323016986947e+02 2.867555352662141104e+02 2.885926567144315982e+02
2.573844411516786863e+02 2.575453278788527314e+02 2.560426993077063571e+02 2.587102735791719965e+02
2.496163420750839919e+02 2.500735780962385775e+02 2.491836624397746789e+02 2.498045694760891706e+02
2.747863787180302211e+02 2.756141743289894634e+02 2.731371918073310781e+02 2.758420273743162170e+02
2.527116697573314923e+02 2.525846781504871785e+02 2.518704378009070126e+02 2.533582646767941355e+02
2.619372514646339596e+02 2.619458193064778584e+02 2.601660332299667289e+02 2.625449138806292240e+02
2.595289524700680772e+02 2.601760878039838190e+02 2.580017419939258616e+02 2.606546226728218585e+02
2.554820332836585521e+02 2.559907136632044455e+02 2.544806373136177911e+02 2.561532408962913223e+02
2.591234666126264301e+02 2.597540313967385828e+02 2.585562351499758620e+02 2.601395875321276776e+02
2.556352759693097312e+02 2.561488060560350277e+02 2.554596122535109828e+02 2.561265079365207384e+02
2.495631076242497386e+02 2.497195152950334602e+02 2.483258537331540765e+02 2.500729481295330174e+02
2.844390514510049570e+02 2.866267425078056021e+02 2.820152217335244700e+02 2.855536057563651298e+02
2.830461178408271508e+02 2.841145514410226269e+02 2.803433291545343877e+02 2.823317712970116986e+02
2.560532168945354670e+02 2.565943895165880804e+02 2.546227972991746640e+02 2.571690332372159560e+02
2.524021978153468808e+02 2.527700482549643368e+02 2.526840787014546379e+02 2.527505708973425271e+02
2.516256679739103106e+02 2.523777370992718261e+02 2.510401096502254177e+02 2.522010151203222108e+02
2.512375984213875313e+02 2.513907954531119344e+02 2.511772807688012392e+02 2.516012905701510931e+02
2.607946318721433840e+02 2.610955617905984241e+02 2.590870404820218482e+02 2.611023186457477436e+02
2.561398909456516435e+02 2.560675018302500803e+02 2.549328625565040625e+02 2.565524707282088457e+02
2.592801518990487466e+02 2.594769827133681019e+02 2.576309166564450948e+02 2.602215504704986415e+02
2.509511405988128274e+02 2.512382050188878679e+02 2.502597785840059998e+02 2.516492331945080139e+02
2.606420790754128802e+02 2.607958198324826071e+02 2.586839702113820181e+02 2.614340367798071156e+02
2.614999132550492504e+02 2.613766862522483052e+02 2.599040079245081074e+02 2.619473846597484794e+02
2.901324456724216247e+02 2.910515707598703443e+02 2.883945101862473734e+02 2.909104046743176468e+02
2.607392496134129374e+02 2.613699156064034241e+02 2.597053887730461952e+02 2.617620621248411226e+02
2.554706196111956160e+02 2.556823831191138083e+02 2.542331147994354126e+02 2.561126553012783802e+02
2.503184187750059664e+02 2.508036366694437049e+02 2.497639881443860190e+02 2.512199556805648797e+02
2.496524355780621249e+02 2.499437559960100828e+02 2.495070700624484914e+02 2.505055494454929885e+02
2.753853717321087515e+02 2.770515744319712326e+02 2.728933022006705187e+02 2.764025727809007549e+02
2.512806246077016681e+02 2.517960375342332497e+02 2.503823863182853131e+02 2.522893578815521209e+02
2.762912389602282701e+02 2.755572672754739187e+02 2.733086987194718063e+02 2.748426565458590858e+02
2.841401480834143172e+02 2.825026093812114709e+02 2.819221971759866392e+02 2.836748007797849027e+02
2.523911661738862620e+02 2.523471710809705542e+02 2.514466838995026876e+02 2.527146604037287432e+02
2.494837610039739388e+02 2.498032127035270378e+02 2.490908926790100395e+02 2.497398596752421440e+02
2.506247861214972090e+02 2.505597504957412696e+02 2.501449655437765784e+02 2.509617372051404516e+02
2.614767950289320311e+02 2.626657499094143304e+02 2.597988310092184179e+02 2.628472210227249093e+02
2.545476005680125695e+02 2.547009400319171277e+02 2.534563624512555862e+02 2.550569841131069779e+02
2.514605295064405084e+02 2.519419585446165399e+02 2.519650638149320798e+02 2.518055043120777725e+02
2.954319198045613462e+02 2.951451841234926405e+02 2.945207803158941147e+02 2.959293673335714061e+02
2.655224991137588404e+02 2.657350193050370990e+02 2.638977836519409266e+02 2.659865616566406743e+02
2.494413622586482973e+02 2.492842903408080133e+02 2.492817799244196806e+02 2.494656824779571025e+02
2.510623632901005351e+02 2.509803848313672745e+02 2.504706109520291761e+02 2.513526974755937431e+02
2.618394459429118797e+02 2.622236692403644156e+02 2.601183626462185430e+02 2.628483251818887538e+02
2.885661354801496259e+02 2.896465124408547354e+02 2.891025657694581241e+02 2.886704072226760900e+02
2.495892664073705021e+02 2.497170553008293439e+02 2.495506133384301677e+02 2.499574251003098482e+02
2.510187757218104991e+02 2.512885168065308221e+02 2.507060457921137981e+02 2.519064467736411643e+02
2.540084417832223949e+02 2.543130953161928858e+02 2.539761476835535063e+02 2.543192900327614439e+02
2.898196389814082181e+02 2.904596555462593415e+02 2.874010338534048969e+02 2.894086330970230847e+02
2.505087712941568725e+02 2.503284471519295380e+02 2.505876661731354318e+02 2.503433553120738111e+02
2.592842287324725135e+02 2.588991042898263117e+02 2.576977143784625923e+02 2.595497261767369537e+02
2.601785985191485224e+02 2.606850413430629487e+02 2.583394818439208507e+02 2.608795999722386227e+02
2.554895914583712226e+02 2.554556235123187093e+02 2.541269522787331425e+02 2.555355692039751716e+02
2.497446574316085730e+02 2.503957912247950901e+02 2.490049247541549278e+02 2.507617523398981518e+02
2.519657296026151982e+02 2.518689694203226281e+02 2.507008268734241199e+02 2.522803005775298573e+02
2.585189653382954020e+02 2.595230749509365751e+02 2.574576448917106859e+02 2.588458465345910327e+02
2.578127364153465919e+02 2.581038278180488987e+02 2.557761463278868632e+02 2.578890205570914986e+02
2.849673448985099071e+02 2.855467910602674237e+02 2.828263384754021672e+02 2.841742348482204079e+02
2.562015097256611398e+02 2.563310933623480992e+02 2.552685487651295375e+02 2.573768030298978147e+02
2.510613159189709052e+02 2.517657601945468571e+02 2.504722616445171752e+02 2.520487179153247723e+02
2.599237634507734924e+02 2.606270966249484786e+02 2.580394028577910035e+02 2.606537034218152940e+02
2.515125656614128218e+02 2.515232891808923910e+02 2.510066793491466512e+02 2.520604910176342628e+02
2.615580697386365614e+02 2.616236727430675728e+02 2.600823671272885349e+02 2.625563205873786501e+02
2.539618120431467219e+02 2.544089080048804306e+02 2.533338368906970004e+02 2.547074289439376855e+02
2.596384259652666060e+02 2.601280117820863325e+02 2.585349280268784469e+02 2.608823461420788021e+02
2.846742585629176574e+02 2.862976434651170052e+02 2.826359564416413264e+02 2.853423493101455506e+02
2.568517774894763193e+02 2.575618133768201687e+02 2.558607792368777041e+02 2.572899708034825608e+02
2.484192210432054821e+02 2.483495179959343488e+02 2.481638113720319723e+02 2.489666229402444912e+02
2.658735935793826570e+02 2.663209271101313220e+02 2.637103052726646979e+02 2.668326484380555712e+02
2.528932557107074501e+02 2.535423062470806030e+02 2.525546257707386530e+02 2.538902633828058413e+02
2.488656225997565627e+02 2.493615469024526021e+02 2.488612508740755231e+02 2.487174940240151386e+02
2.701781972887868619e+02 2.707443271040848458e+02 2.689021930984885671e+02 2.708760420108939115e+02
2.472175233232012204e+02 2.476646034986245297e+02 2.469328312609208069e+02 2.477320716746568507e+02
2.506657602038977473e+02 2.516226522678215076e+02 2.498226189889554405e+02 2.514475077201362581e+02
2.532293720355917799e+02 2.534238626899682743e+02 2.522034988875414001e+02 2.542603428704872215e+02
2.530011121753765337e+02 2.534503921064984411e+02 2.524276004524195400e+02 2.529242466164145071e+02
2.507389784444210079e+02 2.508602562783071619e+02 2.504609885852003117e+02 2.512497176895782047e+02
2.783855828073827752e+02 2.784784149131050413e+02 2.761724792082124509e+02 2.796044748920451184e+02
2.503766890547566959e+02 2.503855399190566118e+02 2.491791576526016456e+02 2.504655050216411780e+02
2.501546148567356056e+02 2.499696770352010162e+02 2.498668063603198846e+02 2.507666808306214534e+02
2.529218611137474682e+02 2.533624162256446937e+02 2.523245272888065642e+02 2.538229854987562248e+02
2.504716711639261462e+02 2.502847973947189644e+02 2.497865094167606514e+02 2.504907491933924462e+02
2.625472129975192388e+02 2.640746726834944980e+02 2.610986814652473527e+02 2.644216671109187473e+02
2.510609878692320933e+02 2.511214730130431292e+02 2.503653660098549096e+02 2.514027667322204991e+02
2.500254212401119673e+02 2.498431630184781795e+02 2.491404179274279045e+02 2.501504993647868105e+02
2.522362634191244410e+02 2.519727439924089083e+02 2.517980324479174215e+02 2.519414516474070922e+02
2.531627888639299613e+02 2.534000237415210961e+02 2.520884235683656129e+02 2.534426732507076281e+02
2.754557616093059664e+02 2.752366104744567679e+02 2.724462947480187154e+02 2.758229339166363161e+02
2.518761396214061108e+02 2.521931234349997055e+02 2.515348676831547152e+02 2.523974535148788618e+02
2.481036354087491134e+02 2.483884844846587043e+02 2.479489166652039955e+02 2.485802288097654298e+02
2.668073325195701955e+02 2.662599371667589025e+02 2.647953572694748345e+02 2.671246369154160334e+02
2.737760583432723251e+02 2.740836458862735867e+02 2.720286591377673062e+02 2.740496414176618032e+02
2.516560500757062471e+02 2.514264447188011786e+02 2.508390411575935843e+02 2.514603266064328579e+02
2.563805080242957501e+02 2.566080981624379547e+02 2.550115876114038826e+02 2.572074626768230132e+02
2.505014935736769530e+02 2.499039861184856761e+02 2.502944850581866376e+02 2.504111107754926593e+02
2.548629953102937122e+02 2.554011659708982904e+02 2.531872499793405780e+02 2.555491365539419348e+02
2.483523519101363206e+02 2.481911135628882619e+02 2.478951529700990761e+02 2.483451645795032618e+02
2.584159308005924913e+02 2.591094759668151255e+02 2.573033988403196304e+02 2.586971903466831577e+02
2.509496173997503661e+02 2.510520669200339228e+02 2.501592307203994778e+02 2.515764419482722190e+02
2.658187298595633479e+02 2.660400853369914103e+02 2.639833859885173410e+02 2.662252027884825338e+02
2.653326712618714964e+02 2.650710233800217566e+02 2.633499569065215837e+02 2.660064272348963073e+02
2.734858460076573010e+02 2.731181542447009178e+02 2.716817327864327467e+02 2.745432925030776801e+02
2.560591686420654014e+02 2.562408921947512113e+02 2.542963127672944665e+02 2.565559128706647698e+02
2.578686856836495735e+02 2.582286024703312819e+02 2.567495014143275966e+02 2.584171017772313803e+02
2.587907065660256194e+02 2.591971526646191251e+02 2.577163198458089255e+02 2.596468742078234300e+02
2.514047968143286482e+02 2.510961354332590645e+02 2.499769298324084161e+02 2.513631633723837240e+02
2.613628382429727708e+02 2.612544975122025903e+02 2.598835203561633875e+02 2.621054566236767869e+02
2.968209358773944473e+02 2.964659322552830076e+02 2.968004243848556030e+02 2.956792545965057002e+02
2.535979152478887215e+02 2.540090046778916246e+02 2.530814175095458438e+02 2.545739079646799325e+02
2.588869617679775956e+02 2.588539763989731455e+02 2.579525793499574320e+02 2.594015662285198118e+02
2.556856209387484284e+02 2.558499325994477829e+02 2.541518540556613743e+02 2.561102380632311224e+02
2.909672827518382974e+02 2.895415706564836569e+02 2.887322980218921771e+02 2.901239880808877274e+02
2.512780613818775919e+02 2.516564878578195135e+02 2.508600726250451771e+02 2.521034274381700584e+02
2.522038944389097423e+02 2.524447665031426027e+02 2.519019379347522829e+02 2.526053783750586206e+02
2.554058260625774039e+02 2.552027427120067387e+02 2.536426085671502335e+02 2.552903063777905857e+02
2.522926218752340333e+02 2.524524991188943943e+02 2.521464787259779143e+02 2.527949677027656605e+02
2.655890090571761561e+02 2.661295906509907354e+02 2.633949510576422313e+02 2.657995082535110782e+02
2.465338929026715959e+02 2.466331187520137860e+02 2.461175237614679361e+02 2.471464564871021707e+02
2.507656514014499862e+02 2.509893366895431370e+02 2.502986200524346714e+02 2.506929652195454139e+02
2.484044602887825874e+02 2.484787633924024703e+02 2.479648042260222098e+02 2.490205438079607347e+02
2.544517130710024446e+02 2.542492173040758985e+02 2.535595826791824550e+02 2.547002678954033570e+02
2.658175157979484879e+02 2.656763232358370033e+02 2.634906117800462084e+02 2.659801864801923443e+02
2.506115221364918000e+02 2.507614399473015681e+02 2.501714769163081371e+02 2.513317261882366722e+02
2.786269557268503263e+02 2.775248579037648256e+02 2.748784682975175997e+02 2.776410245628908342e+02
2.484644790993251036e+02 2.490162415105093601e+02 2.481595984018398724e+02 2.490934089170531536e+02
2.474092519384631430e+02 2.477393811738215277e+02 2.471755213388112793e+02 2.486298390008175829e+02
2.515193992245097832e+02 2.520349871091958676e+02 2.509435908008271667e+02 2.520079539931958550e+02
2.531322158627381498e+02 2.534546753482665338e+02 2.522625859692952019e+02 2.534195689108501028e+02
2.669945784833544167e+02 2.669737225812197039e+02 2.653606873166044693e+02 2.673650968075213541e+02
2.503771440576876159e+02 2.505267572234917282e+02 2.498888749539798084e+02 2.515656892617843994e+02
2.566829025471150203e+02 2.562056930079758104e+02 2.548643730703685435e+02 2.572369330471154854e+02
2.591146853271068267e+02 2.589264603865293566e+02 2.578783565957098745e+02 2.600767203682662512e+02
2.514849237397949651e+02 2.519342295441106785e+02 2.505688598730923502e+02 2.524447857246546789e+02
2.489217899672007093e+02 2.491414280282293419e+02 2.484584807926074745e+02 2.491307247511763592e+02
2.550147548450012778e+02 2.556785814577988845e+02 2.545152979322127464e+02 2.562926876625291470e+02
2.666190733390375840e+02 2.664723416756052075e+02 2.640101268609665794e+02 2.670783400817903157e+02
2.641663746902408434e+02 2.639586325332834349e+02 2.620126291183305511e+02 2.645726085134051004e+02
2.681489856345663156e+02 2.693281166341316180e+02 2.659490240959668768e+02 2.687880056508097937e+02
2.535399228914403977e+02 2.542372995245256675e+02 2.545484010755080533e+02 2.546705258638500311e+02
2.648319772020209371e+02 2.642602900509961614e+02 2.627965770971374013e+02 2.659990842860908629e+02
2.795206538951370590e+02 2.803558955960975254e+02 2.771535687145080260e+02 2.796868419156771211e+02
2.564222113704395269e+02 2.567919873180239847e+02 2.555943399906726654e+02 2.571435763660189764e+02
2.525361482629901957e+02 2.524693487547739039e+02 2.513222955428799423e+02 2.525327184876526587e+02
2.694335355546180040e+02 2.692110892258787089e+02 2.675668160051421296e+02 2.699391098998887060e+02
2.659831456876648872e+02 2.659181856886936544e+02 2.642816407368186447e+02 2.668137136745860403e+02
2.832630263292710424e+02 2.832994864473640177e+02 2.804608390485878431e+02 2.832458851791235475e+02
2.526737017890162065e+02 2.527228183521122276e+02 2.529468348828390276e+02 2.526875650722179785e+02
2.532803131224023900e+02 2.536348811636747769e+02 2.528921326903585793e+02 2.538219697783775928e+02
2.964146502359549231e+02 2.953364898052833496e+02 2.925017552782622943e+02 2.945247724222210195e+02
2.593317543382565304e+02 2.594953530024178008e+02 2.578366023327587300e+02 2.597208859436108810e+02
2.538978732471074693e+02 2.540612514701883526e+02 2.533950810999392047e+02 2.539638075686261232e+02
2.669177831620305597e+02 2.669003005291315844e+02 2.651362470103799183e+02 2.683097875124227016e+02
2.517135967240654395e+02 2.514274283890003119e+02 2.513197077044885930e+02 2.520045126516708649e+02
2.507128573537397358e+02 2.508851169118005942e+02 2.502086198667830104e+02 2.515996093869061099e+02
2.660515689928361667e+02 2.661870105150642871e+02 2.628329058748408897e+02 2.656593656043291389e+02
2.541221921018634191e+02 2.549101249268778417e+02 2.537536477705662321e+02 2.545241074262916641e+02
2.868544339967469909e+02 2.868781150125932982e+02 2.837510177513758549e+02 2.854401944180265218e+02
2.510696239858714307e+02 2.517483719147400336e+02 2.507558750444947577e+02 2.520461785543019744e+02
2.663803322873889670e+02 2.671630369537302272e+02 2.651304835487449054e+02 2.672624402170044959e+02
2.499997420637644723e+02 2.495810580653905220e+02 2.493279630904058308e+02 2.502938633988699735e+02
2.515571346322047930e+02 2.520237423349024084e+02 2.511426567570628663e+02 2.521898866552074594e+02
2.618441304211843885e+02 2.622053400039976623e+02 2.604366692843581177e+02 2.624008195612469194e+02
2.921520797475246809e+02 2.927666118788916378e+02 2.919572187786776567e+02 2.935516910135482931e+02
2.470620478394398560e+02 2.472047620685117124e+02 2.470144630780966395e+02 2.477200316859006364e+02
2.509931771061624772e+02 2.514539864477730760e+02 2.505882910096362650e+02 2.514879537403288339e+02
2.667038463495580913e+02 2.664777377352796179e+02 2.640957452266379732e+02 2.665796985972928042e+02
2.516237657440917985e+02 2.516886834939207631e+02 2.511085646211072344e+02 2.522538456263798992e+02
2.771983333835840995e+02 2.781480424976572294e+02 2.754081068640551280e+02 2.771941069789972971e+02
2.528155350394408742e+02 2.527810837632435152e+02 2.516982537633358277e+02 2.529955044992809121e+02
2.517078092468946977e+02 2.518427797415747875e+02 2.515806587660799210e+02 2.523488925649233749e+02
2.568103065662603512e+02 2.570723267778099626e+02 2.554881955191185341e+02 2.571379513826913126e+02
2.504715362066976638e+02 2.506668970409477595e+02 2.502469857220794438e+02 2.509793951239368539e+02
2.545515670034814946e+02 2.550239939087981611e+02 2.541371485639306513e+02 2.554484073979965899e+02
2.577222512981253999e+02 2.583678782099560181e+02 2.568469538231163938e+02 2.587387551395856917e+02
2.908386567233962978e+02 2.919365337237739482e+02 2.896448561367107004e+02 2.916384792440239835e+02
2.513389512562065704e+02 2.516360831095962851e+02 2.513516656892684580e+02 2.518847662781759311e+02
2.556836010725315020e+02 2.557975372333636699e+02 2.546995162289481982e+02 2.559593507164801167e+02
2.486581562446245641e+02 2.489251838035365267e+02 2.488332079218176034e+02 2.492804989892718197e+02
2.612349159271499843e+02 2.615184862237238121e+02 2.597523579524666388e+02 2.624563056353921979e+02
2.571337872610776571e+02 2.571961585881023780e+02 2.555924269019704980e+02 2.580267722744310390e+02
2.504455156274272269e+02 2.509897673113343615e+02 2.505352773863821483e+02 2.510467110580364647e+02
2.777503018999837536e+02 2.776839828670927091e+02 2.748740391311424673e+02 2.781458961432730916e+02
2.565419373734090414e+02 2.567980632831315688e+02 2.558786710178784745e+02 2.576419604881936607e+02
2.685395378640563422e+02 2.693748064780776872e+02 2.669100540594687345e+02 2.696165159709134400e+02
2.522753146105318365e+02 2.526435836680446982e+02 2.521151501623120623e+02 2.527321814487801532e+02
2.612055351293673198e+02 2.611637645338067841e+02 2.599932390221579226e+02 2.622325950139351107e+02
2.556715265344452064e+02 2.558917151123407336e+02 2.546121148528086735e+02 2.565049008155266392e+02
2.496240454633554009e+02 2.499469264759925977e+02 2.493670401564083079e+02 2.504770685099312288e+02
2.535502034670730325e+02 2.539278748228374809e+02 2.532185959090195695e+02 2.541126087043596442e+02
2.567219121704671352e+02 2.573138655998404261e+02 2.549872478488816228e+02 2.577383601140507494e+02
2.502503169142580646e+02 2.505380670907820218e+02 2.498201694610058325e+02 2.507482343863630092e+02
2.510561956179833771e+02 2.512039226160854923e+02 2.506520397497583588e+02 2.514602365331928127e+02
2.538381643546343298e+02 2.539582067685122979e+02 2.521942831750901348e+02 2.548378166707206844e+02
2.877027521681407052e+02 2.884035632781982486e+02 2.861416081416924726e+02 2.874629889827285751e+02
2.566465658767286868e+02 2.568574164116188854e+02 2.551122433543802401e+02 2.580756852662486835e+02
2.490724969340288908e+02 2.491581042662997447e+02 2.482968519506130178e+02 2.495575968587176021e+02
2.503168786898408769e+02 2.510051896591053264e+02 2.501138164635065095e+02 2.508562916246098098e+02
2.540435016363686032e+02 2.544471218531521970e+02 2.543142286569650423e+02 2.547422462968196442e+02
2.504459504853753913e+02 2.505692236028580169e+02 2.502382391103076884e+02 2.510825720341110241e+02
2.499438298110023027e+02 2.504001516547471624e+02 2.490803901280929153e+02 2.502461671540529835e+02
2.491968740160368156e+02 2.491466276787203071e+02 2.482601840971074694e+02 2.493571162173069808e+02
2.550336549511580699e+02 2.551745989022110166e+02 2.542240011902902381e+02 2.557419251007747789e+02
2.545678056278193253e+02 2.551348233257481013e+02 2.539086916222128707e+02 2.554393863546940224e+02
2.615124085609566578e+02 2.626343491166748549e+02 2.607826048975221624e+02 2.620993649904947915e+02
2.926684399775613770e+02 2.922033973444777075e+02 2.916320330343932596e+02 2.923615766651650461e+02
2.837675005534638899e+02 2.844869283700620599e+02 2.825716580948248406e+02 2.852222064677303592e+02
2.615060498517334509e+02 2.610933413371821530e+02 2.600271170291214275e+02 2.616460872086620384e+02
2.549543820334576480e+02 2.554949481423201973e+02 2.538895353700460760e+02 2.561857111452041522e+02
2.477569185138621037e+02 2.481053806617912869e+02 2.477607071605117994e+02 2.484548659725534492e+02
2.585819465354424551e+02 2.590447626787878903e+02 2.573052081836271441e+02 2.593994165658536417e+02
2.522722622942251007e+02 2.525032789906626931e+02 2.519030800444977558e+02 2.531859825519102003e+02
2.537074589644300033e+02 2.540520760332030079e+02 2.525218671120915133e+02 2.550515987156125277e+02
2.488316913360964975e+02 2.491474946972857651e+02 2.481139202638549079e+02 2.496212406470414180e+02
2.503843668018036226e+02 2.505551792414118779e+02 2.498428401504467899e+02 2.506864257623232390e+02
2.495682004862548524e+02 2.501544683322711649e+02 2.490602328766873370e+02 2.502573981761413506e+02
2.563139347766598348e+02 2.562711431569686624e+02 2.555336943394752893e+02 2.569839940764181847e+02
2.518961482976638990e+02 2.518180688043966597e+02 2.510794813083628299e+02 2.516910828959699131e+02
2.616176190322489106e+02 2.618740651033149902e+02 2.602160938270830570e+02 2.626351905371179782e+02
2.545188534959547155e+02 2.546748241907677937e+02 2.539607042143857996e+02 2.552741688650522178e+02
2.901646061832130954e+02 2.901017634059189731e+02 2.869928990706118839e+02 2.900552116352245662e+02
2.590731934892824597e+02 2.586337754121544208e+02 2.574490344653153784e+02 2.590264701432903962e+02
2.636630447947759421e+02 2.650997902997174833e+02 2.623039825685263509e+02 2.657089296273034620e+02
2.506328109963637303e+02 2.508042531907615569e+02 2.499220741934836099e+02 2.508089364853435370e+02
2.614051015165724721e+02 2.607673352633351556e+02 2.589720999195208719e+02 2.619509912563964349e+02
2.720240302509818093e+02 2.727524724583719831e+02 2.698545573918697755e+02 2.726597058057910772e+02
2.733219520016126012e+02 2.743303263109831960e+02 2.709216105298739876e+02 2.744649640568733275e+02
2.554889387781333596e+02 2.561175916841649496e+02 2.546720448381278743e+02 2.575647623210034567e+02
2.767903213804297025e+02 2.768053994419558421e+02 2.745398094310328929e+02 2.764897502189903093e+02
2.478332351148600594e+02 2.480291304702094521e+02 2.474094730007038550e+02 2.485168846777676777e+02
2.494626651193007945e+02 2.495199674856194463e+02 2.489534587127446343e+02 2.496711553991528660e+02
2.511462352107413665e+02 2.514465347122725802e+02 2.517008819198802883e+02 2.514029543331043328e+02
2.555878964860459632e+02 2.557917677945301591e+02 2.549827293846532257e+02 2.561633206626888182e+02
2.524705074032377468e+02 2.526266656978696119e+02 2.524186763933431337e+02 2.527187429217463261e+02
2.763065688459870444e+02 2.766507714674533531e+02 2.741266415828839058e+02 2.762819080138717140e+02
2.546722185345748244e+02 2.547438736828633807e+02 2.534575685841231234e+02 2.552001261812239647e+02
2.555318769196282176e+02 2.558027337152661005e+02 2.540683624031707950e+02 2.569109724900928882e+02
2.525900053307903761e+02 2.529500723042444861e+02 2.525280851315887105e+02 2.528973053945261142e+02
2.492944170626939524e+02 2.490231301122998104e+02 2.489010223718974828e+02 2.491832012795694880e+02
2.516042407676643506e+02 2.519593514374286656e+02 2.508641916328006403e+02 2.525318345510153790e+02
2.507752555638436434e+02 2.505597818430246946e+02 2.502018818130595150e+02 2.506235969109797566e+02
2.921059389544420810e+02 2.925083707307925351e+02 2.898728602091943003e+02 2.909405881205443620e+02
2.465697142750053672e+02 2.468413500108402445e+02 2.455289090300536543e+02 2.470321315061964640e+02
2.553606924997867793e+02 2.560690054497328561e+02 2.547409158378563632e+02 2.563028465888254459e+02
2.623411329540198267e+02 2.629868150750390896e+02 2.604181553622625529e+02 2.628409466922456659e+02
2.608290717324220509e+02 2.608868157557670315e+02 2.599740411885524622e+02 2.615199800100028256e+02
2.526613146242378320e+02 2.522296262090659695e+02 2.515234226827068653e+02 2.524984469901627335e+02
2.653539584438811403e+02 2.654421247834950464e+02 2.628092736159742913e+02 2.661955118300876393e+02
2.532127456726943535e+02 2.531595982357079038e+02 2.529230356668147977e+02 2.533705862125979706e+02
2.511906240811656232e+02 2.516531238152279286e+02 2.506293152716278030e+02 2.519002722682853346e+02
2.560364380152148556e+02 2.559318388689181631e+02 2.547610496263822597e+02 2.559163658692186516e+02
2.588454892450278635e+02 2.592381914631433233e+02 2.574395206819257282e+02 2.593783082262655171e+02
2.529192151991160529e+02 2.529273147710614467e+02 2.509621313897173138e+02 2.529387656527694617e+02
2.534452755170950979e+02 2.537009154219194329e+02 2.527141554710513844e+02 2.536729189411345544e+02
2.774990776756661717e+02 2.781809692068507616e+02 2.758961268189975158e+02 2.780892056213327237e+02
2.607223541336730932e+02 2.613086899207684723e+02 2.592173697878743610e+02 2.616013348298129131e+02
2.471672351015578215e+02 2.472946627631580441e+02 2.468445299860812838e+02 2.477029186801012486e+02
2.564846065356211966e+02 2.562198849192479315e+02 2.551879868335621495e+02 2.568821312321262553e+02
2.531602934797744808e+02 2.535662789001774229e+02 2.525938315304080959e+02 2.535594450090768817e+02
2.567692309371981878e+02 2.569278269622815287e+02 2.557995095942466151e+02 2.571356875606183507e+02
2.673040251177058622e+02 2.683121835949172578e+02 2.658685000790781601e+02 2.679470360146673329e+02
2.843316178803178218e+02 2.839561395611158900e+02 2.832758816955289376e+02 2.840103977759729332e+02
2.499567787471163740e+02 2.499757013941960224e+02 2.492535066920019347e+02 2.506388332550740756e+02
2.715495595818288734e+02 2.712695630971929859e+02 2.690666436646209831e+02 2.717300837871946442e+02
2.586720938114960404e+02 2.591224487784686517e+02 2.571861146036035848e+02 2.586889751227035958e+02
2.502015810650728156e+02 2.500837566828436422e+02 2.501220867190039598e+02 2.505712648453713314e+02
2.499934215018636792e+02 2.500990760694559469e+02 2.486085122105302787e+02 2.498716798577829650e+02
2.530500962360788719e+02 2.532223584700089134e+02 2.524571891787707330e+02 2.527476259392618942e+02
2.535333245020204060e+02 2.534337680999962288e+02 2.533197575736326428e+02 2.536976612288339652e+02
2.527168939834550088e+02 2.525450775157787859e+02 2.515135207261165817e+02 2.526369270923700014e+02
2.530983511455940231e+02 2.529492278622481933e+02 2.529268751211398012e+02 2.532424066140066259e+02
2.571212609525305766e+02 2.567317064812033891e+02 2.553083238301126130e+02 2.566928604242193046e+02
2.497753122172331359e+02 2.499222550618806906e+02 2.487983683151477408e+02 2.499414175958643796e+02
2.943253370439715013e+02 2.956362949953545467e+02 2.920438591366308856e+02 2.943874601733701297e+02
2.603533329759291064e+02 2.604453785163287876e+02 2.592312687062637337e+02 2.611330540249390424e+02
2.491682131034810936e+02 2.496715304205287964e+02 2.487777134241982253e+02 2.497016109756075934e+02
2.484825142117010159e+02 2.488344884514995954e+02 2.476141656833257514e+02 2.485728859864900642e+02
2.619452970776455913e+02 2.624327526992509547e+02 2.602335214813154494e+02 2.616325347061134607e+02
2.525262106100311144e+02 2.523933500712871592e+02 2.520981471508067386e+02 2.531598625447630013e+02
2.641854281810882412e+02 2.650992486032213264e+02 2.624397994877634801e+02 2.649463027896331369e+02
2.468448462278770705e+02 2.472057527087580979e+02 2.466023080569762271e+02 2.476198989736297733e+02
2.513096256115022982e+02 2.514902961045431198e+02 2.507885228133868623e+02 2.516480377167828522e+02
2.515617601397519820e+02 2.516561240400933173e+02 2.519124315859251908e+02 2.526218544288053351e+02
2.501316474759001949e+02 2.504820810099623714e+02 2.500739754066916589e+02 2.507863257471276484e+02
2.527883872002243493e+02 2.527899372925540433e+02 2.516231080962120927e+02 2.530450794926651383e+02
2.584267877092290746e+02 2.583473877566997317e+02 2.573754867385342209e+02 2.592617010021280635e+02
2.567632139305594592e+02 2.573724881131702205e+02 2.554923163276459093e+02 2.575643866320114626e+02
2.540254678618378250e+02 2.538312008368964712e+02 2.536842607067244444e+02 2.542103867006106839e+02
2.575764282863222547e+02 2.580453781762531662e+02 2.564539865218249588e+02 2.585557138698761150e+02
2.609917017039600751e+02 2.612865276020221472e+02 2.598690940048216476e+02 2.619116573183054584e+02
2.583826996611732056e+02 2.589101335088748215e+02 2.571754524525395027e+02 2.587587555823326397e+02
2.529960166522965892e+02 2.531047821131824378e+02 2.526001915939732498e+02 2.534327513545652266e+02
2.526960276957914573e+02 2.528943843236719147e+02 2.516018527497149364e+02 2.528451511711958233e+02
2.549114793804128851e+02 2.557512078677264640e+02 2.542428531939042671e+02 2.559860942792562355e+02
2.548793980206640128e+02 2.544408864780070587e+02 2.544754329688549035e+02 2.550370604336458769e+02
2.705390579343949184e+02 2.709814002085014408e+02 2.679128570413118382e+02 2.702519162564721000e+02
2.506375361933729948e+02 2.505101992373526798e+02 2.502431483592902168e+02 2.510011361176163120e+02
2.562626670918072591e+02 2.562977415787635778e+02 2.550809983222083872e+02 2.567500451549137779e+02
2.599821440209985326e+02 2.604455838677717452e+02 2.587059095941780811e+02 2.608841171049563741e+02
2.494059895179408670e+02 2.495497663620248829e+02 2.490032818232507736e+02 2.496061696523285889e+02
2.515820408058744704e+02 2.519250271255076257e+02 2.508832112249615136e+02 2.520611732346662848e+02
2.533990754597211037e+02 2.532242781852268081e+02 2.526735693259823847e+02 2.537455818931331919e+02
2.768013386540684451e+02 2.779848730602444675e+02 2.746832556119460378e+02 2.775334305774661061e+02
2.861245565767034691e+02 2.862763981750640028e+02 2.848338879238443155e+02 2.856188480785228307e+02
2.519254380322966824e+02 2.511883747123266346e+02 2.511294412909915366e+02 2.522429426643329009e+02
2.485981353632946025e+02 2.487847728186533232e+02 2.483353343097975596e+02 2.488853254858008768e+02
2.509956919084750382e+02 2.511172965809057303e+02 2.500943117211393201e+02 2.514427169793868870e+02
2.549259240990620299e+02 2.547765167707505327e+02 2.531279955095648688e+02 2.552164179269551596e+02
2.524199604646266550e+02 2.520653394084708339e+02 2.514094573186400510e+02 2.522925527509646315e+02
2.620667757755114167e+02 2.615560251049423641e+02 2.599607680417155962e+02 2.622716310696774826e+02
2.509567584090396224e+02 2.511525182450534146e+02 2.509823361569080475e+02 2.514243735983112913e+02
2.505499004828557474e+02 2.506988952392655108e+02 2.503797190804152706e+02 2.508743296123036544e+02
2.513357621937684030e+02 2.520058410999987188e+02 2.508275176406725961e+02 2.523811698251353164e+02
2.900679917892667277e+02 2.901521478697988528e+02 2.873102639602730619e+02 2.882911377690884365e+02
2.535873916655912410e+02 2.534193090484656921e+02 2.526907271642623698e+02 2.536118075379253582e+02
2.667601866668528601e+02 2.675942312385457740e+02 2.651632886133463103e+02 2.673878939810657585e+02
2.547618378538680588e+02 2.556251158053412667e+02 2.539738806268221083e+02 2.556988816919422334e+02
2.521085578341636051e+02 2.517020181110453052e+02 2.513482199992298263e+02 2.521523389404288764e+02
2.517248196148863997e+02 2.522510669086252619e+02 2.517005073957718366e+02 2.521530347024624916e+02
2.509448076460011805e+02 2.504929841992522768e+02 2.499268605015691094e+02 2.515989957783071702e+02
2.920388391462203117e+02 2.914831687215164493e+02 2.894533272148991614e+02 2.918074656095683963e+02
2.635511239802402770e+02 2.644774543020342890e+02 2.615794805327156496e+02 2.640490603553409983e+02
2.517609923317910443e+02 2.519080863179749770e+02 2.518236112768284727e+02 2.519071539927890626e+02
2.617551208284318136e+02 2.617314425068144601e+02 2.596011930599401012e+02 2.622050552873391212e+02
2.517928776694566864e+02 2.522099325740164204e+02 2.515415013143692420e+02 2.528405479495673376e+02
2.514737403217576741e+02 2.516556873643406220e+02 2.511686306409732765e+02 2.518617329413685582e+02
2.844893528754299723e+02 2.854884188990395728e+02 2.829754105102961717e+02 2.846592727008904262e+02
2.670306639156800657e+02 2.668719913174750218e+02 2.651042936826934238e+02 2.668053187644459285e+02
2.513874820161420871e+02 2.516611610357896325e+02 2.511338996358786346e+02 2.518357182852744529e+02
2.785187084352447755e+02 2.789136803532604745e+02 2.766537699682219795e+02 2.787731952740039105e+02
2.459607148184447567e+02 2.460362355389191293e+02 2.452569244808957194e+02 2.463119899394105232e+02
2.772351925252255569e+02 2.771314680020291235e+02 2.742058233186266989e+02 2.776329853297411887e+02
2.795863090087327123e+02 2.784394554174866130e+02 2.761081857914307420e+02 2.788725357205685214e+02
2.485849194657692465e+02 2.486082896496829449e+02 2.478506894910061078e+02 2.488895738386914047e+02
2.588999479527300309e+02 2.593572909831831339e+02 2.577091777453299528e+02 2.584581570525744496e+02
2.512749591888391762e+02 2.510391674112165674e+02 2.500794992566263772e+02 2.511575595550638695e+02
2.829729663921690985e+02 2.841606279479891555e+02 2.812119790528826684e+02 2.830941240197899447e+02
2.813931415522299631e+02 2.817438359625788280e+02 2.788932866967680297e+02 2.812084729482602370e+02
2.517900455093108860e+02 2.512910045091229563e+02 2.511698052443066445e+02 2.515666155962455832e+02
2.607772120832572682e+02 2.608555223362986339e+02 2.586842961895566759e+02 2.606659658655028693e+02
2.569244555688374589e+02 2.573192059914469496e+02 2.562587076157272463e+02 2.578741655374863058e+02
2.646915010947508335e+02 2.640576291170040122e+02 2.618083512087923168e+02 2.654234095096796295e+02
2.509978486757483438e+02 2.511862990410940881e+02 2.507416078849971370e+02 2.509652617770298662e+02
2.471730983145481844e+02 2.472054899770703287e+02 2.466728877469042516e+02 2.477145777441873804e+02
2.734747112579698864e+02 2.735567621616305587e+02 2.707960985439293609e+02 2.739927900658296380e+02
2.610477654100201335e+02 2.603467231139933347e+02 2.586698895295750162e+02 2.613933638872029519e+02
2.477862201417977701e+02 2.479768258869181921e+02 2.478369894234350284e+02 2.480612417148562088e+02
2.802957386962123110e+02 2.792043019269358410e+02 2.764213613523376125e+02 2.806194939621322533e+02
2.510948883938335712e+02 2.514462353777383612e+02 2.504759875988435454e+02 2.514672311687165234e+02
2.716282758459568640e+02 2.729478544172280863e+02 2.696871529040865312e+02 2.725505321013901607e+02
2.574210318073894541e+02 2.572649755896812849e+02 2.563239553315019066e+02 2.579379283750054697e+02
2.938083251028243694e+02 2.944333207202341782e+02 2.927899416102002306e+02 2.938011872533047040e+02
2.540974451075968545e+02 2.538180419371879566e+02 2.535374025916182745e+02 2.539849253358755448e+02
2.527850869677396304e+02 2.527794802709391888e+02 2.523257184675354665e+02 2.527668729558613450e+02
2.593608533028227612e+02 2.595886085418557059e+02 2.576673865843740714e+02 2.600913461196780077e+02
2.776572692376777809e+02 2.779733873637932788e+02 2.761648235002023739e+02 2.769633493989415456e+02
2.493634291707427053e+02 2.496809157462663222e+02 2.494000444445190965e+02 2.501319088362847936e+02
2.701765988920162158e+02 2.701162280834541889e+02 2.664473171890899721e+02 2.704913655868096498e+02
2.870722554405077744e+02 2.876550175400090552e+02 2.859203607550851984e+02 2.873297420815469536e+02
2.628775466242515222e+02 2.631201442740695029e+02 2.610780510884974888e+02 2.637869764184732162e+02
2.977124369393981169e+02 2.982370907856137592e+02 2.972084351755551666e+02 2.976438153704623346e+02
2.547451400458097908e+02 2.548121218745542649e+02 2.540983845398085634e+02 2.545708362447851130e+02
2.508450385571751440e+02 2.510453619769041893e+02 2.509875493165366152e+02 2.514039008443481862e+02
2.503598188861598146e+02 2.506877823492455946e+02 2.499732208020610358e+02 2.510204535756917039e+02
2.603767900275665284e+02 2.617095364490638190e+02 2.590120030127922064e+02 2.615370576371186075e+02
2.549827827358527372e+02 2.550185177590079206e+02 2.542473706575339349e+02 2.553943161773172221e+02
2.590390603370912004e+02 2.588614170764448659e+02 2.567878381587178183e+02 2.591159411759794011e+02
2.490082041631266918e+02 2.488154393664722193e+02 2.477447565849396085e+02 2.492713235474319902e+02
