2.667678499652338360e+02 2.674413996280264314e+02 2.651583720831382607e+02 2.678946504242452420e+02
2.511447342651152894e+02 2.507557856585479783e+02 2.498666541762186739e+02 2.517938693717951821e+02
2.921384488048682329e+02 2.920545442172088997e+02 2.911008890564572198e+02 2.918885477465154281e+02
2.734795184783401396e+02 2.739077663190231533e+02 2.711115510532613939e+02 2.733785766403582898e+02
2.527049877276126040e+02 2.521996053129280426e+02 2.507580026907265278e+02 2.531005972920823979e+02
2.613991262327141385e+02 2.622325089466046393e+02 2.599154593140953011e+02 2.618825857735607769e+02
2.524232469897727071e+02 2.525521825224675467e+02 2.514801347716980047e+02 2.526707002194577569e+02
2.543050308889998803e+02 2.544600282790083270e+02 2.536562506410465687e+02 2.544374577930171029e+02
2.522497691235157902e+02 2.533928312806426106e+02 2.512312582936708623e+02 2.536836952775921077e+02
2.787765126904819226e+02 2.806029204761857727e+02 2.765085701490980341e+02 2.800679553726396307e+02
2.589253074750639598e+02 2.597918601165866335e+02 2.586368786673178874e+02 2.597283873314055427e+02
2.494323093213230322e+02 2.496066879807398493e+02 2.490422430835882039e+02 2.504416616543246334e+02
2.555341731132423320e+02 2.555793872905837247e+02 2.548205959793377247e+02 2.559120009064235148e+02
2.556721458277640693e+02 2.563896541564004679e+02 2.544491606488905120e+02 2.560823426450633065e+02
2.744246148144534914e+02 2.753486329650664288e+02 2.718334949366914088e+02 2.759014748401257862e+02
2.650605421774297952e+02 2.650973136073632190e+02 2.625766028850641760e+02 2.652253154435215379e+02
2.500816817121884696e+02 2.505408757453257351e+02 2.493974832862759285e+02 2.515782342324374383e+02
2.568470048014941653e+02 2.571300078643799338e+02 2.566051877753318422e+02 2.573956108074937106e+02
2.519011378667422605e+02 2.523439608643799943e+02 2.512041846506238585e+02 2.526975145545133330e+02
2.780326122261561750e+02 2.770281846680560989e+02 2.748870008542958203e+02 2.779008739987838794e+02
2.502518451489893039e+02 2.501339097448914970e+02 2.493116066577908896e+02 2.504836274762797075e+02
2.843870205539653284e+02 2.850038998724806447e+02 2.806414938369008496e+02 2.846199262260951173e+02
2.602893044017841362e+02 2.600744932862994006e+02 2.583625255897167108e+02 2.598534474021788583e+02
2.525757374518265692e+02 2.528218374858592767e+02 2.520172964869370560e+02 2.530564499063696360e+02
2.591198641492144930e+02 2.587759978470512010e+02 2.580437715691510903e+02 2.595809482152956207e+02
2.555470217462314508e+02 2.559417400651858543e+02 2.546793560361765572e+02 2.561051787217938340e+02
2.653526459571465352e+02 2.653278574834981214e+02 2.635027057676347795e+02 2.662322966467739889e+02
2.570062912487258586e+02 2.581217204929700415e+02 2.552180018284962557e+02 2.583841396885598556e+02
2.503209554466256463e+02 2.512131852494049156e+02 2.486161190259062721e+02 2.511126543171695289e+02
2.967599360184144643e+02 2.976060709449716342e+02 2.955673941550376753e+02 2.956352303779250974e+02
2.802855146459456819e+02 2.802646408389170460e+02 2.785273138108558442e+02 2.790933754530634019e+02
2.541368349678485572e+02 2.544325357931349458e+02 2.534648585261439280e+02 2.543566024234311556e+02
2.562962294211879453e+02 2.563253232193328586e+02 2.550542217894803514e+02 2.571320752525117541e+02
2.511070086440462887e+02 2.516294085365145463e+02 2.505170387966526846e+02 2.515096080177751219e+02
2.624771570059874648e+02 2.623218362464516531e+02 2.605410645026998395e+02 2.628154243837502122e+02
2.500498690357503619e+02 2.500366496090553312e+02 2.483465571462498076e+02 2.503472219906333009e+02
2.533900008239683643e+02 2.530797101312813311e+02 2.525387639926491090e+02 2.535561451432616877e+02
2.617662491081059670e+02 2.623322078699508211e+02 2.596876921089158259e+02 2.629420374540763987e+02
2.547910776326583004e+02 2.546890590978534874e+02 2.534824239818263436e+02 2.552676671980085530e+02
2.916273215915998094e+02 2.921538945485168028e+02 2.887954959332399767e+02 2.911546569968122640e+02
2.690977949658131934e+02 2.695042927321337629e+02 2.658942973112648929e+02 2.698533614640016935e+02
2.685122094448228154e+02 2.689931664041611725e+02 2.672296004116548147e+02 2.693298396671281694e+02
2.817678567712902691e+02 2.825998607225620276e+02 2.806567428694331738e+02 2.820766342949493719e+02
2.538962640623205687e+02 2.541597903144586610e+02 2.522742559119133432e+02 2.548232441257520122e+02
2.536666733475978504e+02 2.538611180497990745e+02 2.522239163082171842e+02 2.541209592331785245e+02
2.974825160812462741e+02 2.974702860163290552e+02 2.969564081212606084e+02 2.977901540683510575e+02
2.614228859870819974e+02 2.611137550303183161e+02 2.600820545289055872e+02 2.617378202238784297e+02
2.542520749473857222e+02 2.541598577475002116e+02 2.533598528646811303e+02 2.540973197922788813e+02
2.546887435841204024e+02 2.551251628356225751e+02 2.542495288308736292e+02 2.558303817261634663e+02
2.596349581704278080e+02 2.596551454528911904e+02 2.579014933783467995e+02 2.600444022843799416e+02
2.535227926375222864e+02 2.538776784836284151e+02 2.527115730692295301e+02 2.539224395242412982e+02
2.546673631914942746e+02 2.545986729808671782e+02 2.532605347958026414e+02 2.548387162271600630e+02
2.723347442664905316e+02 2.735671716200148467e+02 2.688954558613928612e+02 2.739324815643105921e+02
2.678232742368336972e+02 2.678202348997272111e+02 2.651870131155593526e+02 2.684130816414801188e+02
2.529677608786675478e+02 2.532363773035802694e+02 2.526315186483067237e+02 2.537090196253873842e+02
2.592540882344000011e+02 2.608748442970058363e+02 2.574673564910151526e+02 2.612476245038168940e+02
2.559704289259533994e+02 2.570390090665379148e+02 2.552731220601752682e+02 2.570171307507497431e+02
2.542708533357537419e+02 2.548027588306103439e+02 2.525514407770640162e+02 2.543890158458237067e+02
2.516937027217938692e+02 2.515115010872487744e+02 2.508770705468596987e+02 2.521764800969526448e+02
2.504824890473925052e+02 2.499559696069724737e+02 2.490326385242447031e+02 2.510308295523405206e+02
2.494748225874310776e+02 2.494491885137449856e+02 2.485762100975514670e+02 2.502225494054785031e+02
2.789657211657784615e+02 2.788777898034521172e+02 2.774287501365764683e+02 2.802424817602887401e+02
2.525774353484709991e+02 2.530990211482495056e+02 2.513481427104876786e+02 2.532648350811251134e+02
2.679710618394831272e+02 2.683123883870058535e+02 2.659362105265381615e+02 2.679473527718531614e+02
2.528627602131996071e+02 2.527590581351643095e+02 2.521766320742241589e+02 2.524303982761162786e+02
2.652177262277573959e+02 2.660607771023115333e+02 2.631922819474748962e+02 2.653934264271059646e+02
2.539795045903807420e+02 2.536452914727421728e+02 2.529011090246943070e+02 2.533066895452700464e+02
2.742307472939323247e+02 2.758328847945623465e+02 2.738801490781207804e+02 2.764356468695006583e+02
2.547641844325851537e+02 2.551605657663649254e+02 2.535787998841220769e+02 2.546287022497260466e+02
2.520850024054692824e+02 2.526736189516355751e+02 2.519307467554002358e+02 2.516622089332631447e+02
2.536383440803372764e+02 2.538275514162767479e+02 2.524141412417640993e+02 2.544123636976300133e+02
2.514530856447137523e+02 2.519316396404408920e+02 2.504278048001785635e+02 2.518875224585820263e+02
2.514285217449571803e+02 2.520328529725391888e+02 2.506583530011337473e+02 2.521355899379156540e+02
2.591034528329304294e+02 2.595632658782803333e+02 2.580777897993253305e+02 2.601860318427575294e+02
2.504149640059474962e+02 2.500270235986860712e+02 2.491781873320851162e+02 2.507871223996640424e+02
2.568608234771297134e+02 2.574638873099130478e+02 2.550114462792349457e+02 2.581102094894987999e+02
2.668696719609332604e+02 2.678906040230333474e+02 2.640576187714568732e+02 2.673865402547448866e+02
2.488330751483279641e+02 2.495645549091936743e+02 2.482885516847939300e+02 2.490016631851688089e+02
2.592042884642182230e+02 2.604592831906708170e+02 2.569931240700726676e+02 2.600893002329293040e+02
2.557811490492089490e+02 2.563740164392143583e+02 2.548710691189177453e+02 2.571388632631895916e+02
2.513728941276823150e+02 2.506389383682693222e+02 2.503952385877227869e+02 2.516082116662377643e+02
2.516316142786426440e+02 2.523186258041264693e+02 2.503598400443937066e+02 2.517576215673647937e+02
2.660218413188253521e+02 2.654158462275674424e+02 2.628402120112995703e+02 2.653099909395029954e+02
2.762605626807278441e+02 2.768645276636718222e+02 2.738711860407208860e+02 2.772752950624307005e+02
2.582308151023703999e+02 2.581690166836710887e+02 2.572350152618533912e+02 2.581454708385408594e+02
2.828912328975471269e+02 2.840385400436667851e+02 2.822904125229899819e+02 2.842578418404494300e+02
2.524889634353274630e+02 2.522342591093887449e+02 2.512159186295718314e+02 2.527356479420937774e+02
2.567878419400285566e+02 2.574396956853067877e+02 2.562231857316988339e+02 2.576477163831079906e+02
2.610462211617709727e+02 2.605241423279165360e+02 2.594684683733766519e+02 2.622452357353158163e+02
2.702688268900867001e+02 2.704991718095272972e+02 2.683942950261338751e+02 2.702402426535751374e+02
2.682775580219819744e+02 2.683868550324599482e+02 2.655784200192046001e+02 2.684147635099901663e+02
2.851144264574563181e+02 2.863870407486908789e+02 2.847644792772702544e+02 2.862596968665270083e+02
2.861387467822091821e+02 2.871540992025209107e+02 2.847567066781143694e+02 2.872341471035846325e+02
2.598531100646907817e+02 2.599592892538017281e+02 2.580505324413098833e+02 2.591837859633958487e+02
2.604387346417445315e+02 2.606231330764121594e+02 2.581703138203176309e+02 2.611843309432028946e+02
2.666996098233834687e+02 2.661512444756613718e+02 2.646686800351494639e+02 2.664243419104192867e+02
2.765164985968701785e+02 2.765848003250815168e+02 2.748894680839587181e+02 2.775941187640985390e+02
2.760290446604633985e+02 2.755257597155181202e+02 2.724604663054453795e+02 2.762071742722096701e+02
2.685136008750004066e+02 2.702009380584698306e+02 2.676789279535605033e+02 2.700585150486300563e+02
2.514863018929349039e+02 2.528008336322416199e+02 2.500639986692897310e+02 2.524604913947120508e+02
2.539799759839851561e+02 2.550638410745774820e+02 2.533212877038495776e+02 2.549735072885833915e+02
2.513021998600518430e+02 2.513019904553381139e+02 2.502403416893176598e+02 2.519409449385388768e+02
2.530349839057417682e+02 2.532388834899770131e+02 2.521776980423895225e+02 2.533787557203556275e+02
2.921841181744219398e+02 2.943856100919035157e+02 2.908990810862181888e+02 2.923352383308943558e+02
2.819322220277642259e+02 2.830263724376486607e+02 2.803330844093153473e+02 2.826075526967150608e+02
2.736386823150164673e+02 2.740595355154851518e+02 2.712879781101117374e+02 2.734256086793782856e+02
2.501686613702901241e+02 2.502506036657095194e+02 2.493613009384408770e+02 2.502690835179098769e+02
2.575707612779123110e+02 2.575854788441288861e+02 2.564718121889497979e+02 2.575278558345780766e+02
2.642065730178442777e+02 2.647411419495155656e+02 2.626360431225128309e+02 2.648334702648388088e+02
2.488038141021643241e+02 2.493767987231468908e+02 2.483418675887616587e+02 2.498787799609442004e+02
2.493586759312177605e+02 2.496095120740500306e+02 2.475047152297660773e+02 2.500301193115825811e+02
2.570780395475601381e+02 2.580018473181781928e+02 2.570083592850211289e+02 2.575263741515669835e+02
2.583561098334781150e+02 2.594215717769978369e+02 2.576537708860629436e+02 2.590035332216687607e+02
2.525871940683743162e+02 2.529473243747561355e+02 2.511049396939610574e+02 2.523320859483659149e+02
2.951582916936977199e+02 2.954890883370998154e+02 2.941748013880101666e+02 2.947876681550723674e+02
2.591664999828716986e+02 2.590139169338259535e+02 2.574839398472934135e+02 2.590156218306779579e+02
2.559220697039560264e+02 2.564411693259257845e+02 2.552218928416560573e+02 2.567396928458751404e+02
2.757990004743979853e+02 2.754212678110427532e+02 2.729680343276421581e+02 2.749560978074002264e+02
2.535779370277422800e+02 2.540687001539487824e+02 2.529143810991005239e+02 2.548853701149618587e+02
2.755856065305319476e+02 2.759980602698449275e+02 2.727718092185282330e+02 2.759417334099210848e+02
2.858251503684843442e+02 2.857241003507729715e+02 2.825436868249992699e+02 2.848040254949713130e+02
2.826889222808290469e+02 2.837145799410387781e+02 2.801255951714349521e+02 2.830209624352046376e+02
2.621870586240348757e+02 2.626347881171205358e+02 2.612117120504278773e+02 2.630288565134587770e+02
2.630532252140810101e+02 2.642282028454905571e+02 2.614761533165121250e+02 2.643147951191260745e+02
2.465756217261573795e+02 2.469163799722435044e+02 2.456326784475186855e+02 2.466555982457732910e+02
2.522508262119396818e+02 2.522385601359535485e+02 2.508431143693399008e+02 2.526846209249679305e+02
2.514182847838245607e+02 2.518889418223184293e+02 2.502723245479630521e+02 2.519278409297320422e+02
2.555252086239076732e+02 2.558408065820541424e+02 2.550348752598667659e+02 2.558760614798448501e+02
2.641733721271983768e+02 2.649248721719478112e+02 2.625293762458034053e+02 2.650396338207785902e+02
2.675740738043112970e+02 2.688982065539200335e+02 2.660832732062451100e+02 2.683144783814213952e+02
2.596000470815096719e+02 2.606645958008554089e+02 2.590629389207900317e+02 2.601293028353935597e+02
2.692227504923548054e+02 2.695011133069937728e+02 2.661961483778625848e+02 2.698830339096451780e+02
2.683294923776629162e+02 2.688236689927440466e+02 2.675895004832092923e+02 2.687043462524996471e+02
2.558749003022797979e+02 2.557956269962274973e+02 2.543253983832468066e+02 2.562108005848310199e+02
2.528142744790899883e+02 2.538793519307196505e+02 2.517882601264629443e+02 2.542107930989474198e+02
2.587992096862183757e+02 2.585303880877220308e+02 2.585059361320112998e+02 2.594605661550974105e+02
2.557174542058633335e+02 2.554948147280977935e+02 2.545790273104771870e+02 2.557672355594902456e+02
2.486441734993477155e+02 2.498215871183921593e+02 2.486685937456763043e+02 2.499124009833238347e+02
2.512005982519002600e+02 2.517208039608608772e+02 2.507754347636802947e+02 2.519278640822450370e+02
2.610019915314242098e+02 2.602085382521866563e+02 2.589564675247148671e+02 2.611180896143537211e+02
2.631485769668020112e+02 2.649059960679686583e+02 2.618391844256490799e+02 2.643128417974463673e+02
2.653413326138605726e+02 2.652645262549171434e+02 2.634041182734906101e+02 2.663847465363711535e+02
2.595757878730976813e+02 2.603284531080092279e+02 2.584336684235247503e+02 2.600188467597890281e+02
2.643283302892320421e+02 2.648309955531555033e+02 2.618513072344723582e+02 2.646841867013180831e+02
2.603754875888710671e+02 2.607790153390079126e+02 2.593965747555217263e+02 2.618090700520994574e+02
2.561371312827439510e+02 2.566197611601836570e+02 2.545000726820674402e+02 2.570163551470026277e+02
2.862506545978955614e+02 2.867859889339172241e+02 2.839919062990342695e+02 2.860713711904874685e+02
2.576929234548960039e+02 2.579063071663605342e+02 2.562046485743384210e+02 2.579221612550982741e+02
2.690047259147173122e+02 2.698110212305522850e+02 2.673563893970426193e+02 2.692197324577210793e+02
2.632153531953378547e+02 2.626278964759954420e+02 2.603085464111295551e+02 2.629096146864206389e+02
2.649481429942370028e+02 2.657664301401327975e+02 2.627207725206009741e+02 2.663810971080111472e+02
2.763173624233942860e+02 2.763343227356311900e+02 2.742900565501569758e+02 2.753655948496422070e+02
2.746335351268064642e+02 2.744139534096753437e+02 2.715502083044883079e+02 2.743228292423702896e+02
2.536279822452504220e+02 2.532963735097167444e+02 2.522893492410208012e+02 2.540956348352307828e+02
2.557156419951943747e+02 2.558904471206381004e+02 2.539362990071321917e+02 2.561796720831636094e+02
2.537930780485841922e+02 2.536047895402859353e+02 2.526021436098379809e+02 2.538307538367605503e+02
2.568188892380988477e+02 2.569209166483810236e+02 2.556661723539787658e+02 2.572905649953789862e+02
2.679244525595048572e+02 2.691390300573797845e+02 2.654013309200848312e+02 2.698036549293749999e+02
2.475247709484919767e+02 2.481027071252155451e+02 2.465614872732174092e+02 2.477888148167420184e+02
2.578798634895006217e+02 2.582675240365788909e+02 2.563343877012001144e+02 2.587964384532380109e+02
2.539516320825384810e+02 2.541013817762563747e+02 2.534857017304559577e+02 2.546929289925620026e+02
2.757233894836289778e+02 2.745001509007591949e+02 2.720978202760933300e+02 2.756460441218268329e+02
2.516149293001265050e+02 2.517151360874149191e+02 2.511656030470365124e+02 2.523140355754839845e+02
2.556791718215559968e+02 2.556785417823159037e+02 2.534310997242110375e+02 2.562075241703372512e+02
2.512863224042016839e+02 2.513031709985569933e+02 2.497275253082951849e+02 2.518069440015558769e+02
2.504107871047220044e+02 2.496232672703356172e+02 2.485071502164982462e+02 2.505014038217340158e+02
2.806738129971507192e+02 2.818159685219947619e+02 2.781837557754535624e+02 2.816071642166979245e+02
2.585323817472011001e+02 2.594258547073964678e+02 2.578868477071663392e+02 2.594970252294330635e+02
2.526778506961482265e+02 2.528011865318822515e+02 2.520376034005431904e+02 2.532196354722790943e+02
2.602545868668945559e+02 2.604439322086975608e+02 2.589941120495353175e+02 2.610183179335596151e+02
2.508002682611769671e+02 2.508883026355223933e+02 2.500368699165933322e+02 2.510825114649682348e+02
2.587323404057730727e+02 2.593016906217117139e+02 2.567477601675741425e+02 2.592769906154960609e+02
2.574608633842836980e+02 2.570558652626276626e+02 2.571582157555428125e+02 2.577792082198701564e+02
2.562868631603419658e+02 2.566417723356439637e+02 2.561184247723980434e+02 2.577519733841164111e+02
2.508205380749590461e+02 2.514840635495472725e+02 2.499846068765136522e+02 2.518286352582704808e+02
2.843155764636863410e+02 2.834170271899754425e+02 2.807838336308158773e+02 2.836975069077785747e+02
2.613222349687932251e+02 2.614908538818287980e+02 2.603842280684708612e+02 2.619425654438226729e+02
2.564206214093365475e+02 2.573928770602890381e+02 2.555270722049876042e+02 2.570884836932887083e+02
2.535921567649799044e+02 2.536604070134858659e+02 2.521272068260467449e+02 2.547036702326465161e+02
2.622812003696516285e+02 2.623923190870701774e+02 2.609236669268955211e+02 2.634967959170863310e+02
2.560132033096375608e+02 2.559511071488520315e+02 2.552837081210485621e+02 2.565025735174172610e+02
2.551155424215005212e+02 2.558262470857719961e+02 2.555846452761695105e+02 2.568774186520637954e+02
2.808256204669739873e+02 2.803846446561507264e+02 2.766247140104031246e+02 2.796616409373721694e+02
2.600554344838373027e+02 2.608116960014413621e+02 2.583447392264739051e+02 2.606088346576130448e+02
2.570192478989793585e+02 2.569014613218688510e+02 2.560017308165166128e+02 2.572039682648651251e+02
2.716033099931447623e+02 2.724682701072097757e+02 2.685286920341509358e+02 2.714846617761652965e+02
2.571240423271713098e+02 2.572635795195593573e+02 2.559212939019871271e+02 2.576917976178547178e+02
3.002940639921768593e+02 3.000842318046583159e+02 3.001146568344657908e+02 3.007159008521141459e+02
2.560228025779491077e+02 2.559567313336085874e+02 2.549903245879011422e+02 2.563227039214326624e+02
2.589956310357953271e+02 2.587422110914135374e+02 2.558519233968885089e+02 2.595900403573447761e+02
2.509967017046279523e+02 2.513730057882626738e+02 2.502021288578064002e+02 2.515884906567419534e+02
2.600185137793861259e+02 2.599151849451208705e+02 2.597055369326315031e+02 2.601850852080215759e+02
2.520389648802792806e+02 2.524180154238306670e+02 2.512649152531831760e+02 2.524446428545913932e+02
2.542914720570206839e+02 2.545984757150692417e+02 2.525830064300376989e+02 2.548916223248160975e+02
2.521071209707662035e+02 2.526402071869319172e+02 2.521808752639221325e+02 2.526547472897615023e+02
2.503121174393803869e+02 2.503310539013093887e+02 2.492940009983264531e+02 2.508586779089925187e+02
2.632994837271193092e+02 2.629961836326133380e+02 2.616005833108282559e+02 2.653534734824199290e+02
2.667386881908058172e+02 2.677116632771540594e+02 2.653956385007086851e+02 2.676129675036186200e+02
2.528231664039419115e+02 2.531270811158785818e+02 2.519371240750426750e+02 2.535948169834721853e+02
2.601684235230910076e+02 2.608714025335519295e+02 2.595717578276560289e+02 2.602013266461676722e+02
2.570990092557423168e+02 2.577175362518914312e+02 2.569381610524280291e+02 2.571383581853539226e+02
2.649825305039831846e+02 2.654913510752127195e+02 2.623843328523109335e+02 2.651625195113380187e+02
2.548922219627324353e+02 2.547683724402544954e+02 2.545455970682222073e+02 2.556292150029561299e+02
2.788827925472141374e+02 2.802893252588449968e+02 2.766707469902382854e+02 2.791806218422394181e+02
2.673811052743296273e+02 2.678986791285484514e+02 2.655358752406090161e+02 2.676411128121164325e+02
2.527895456834610286e+02 2.532956402411856232e+02 2.521560975161947624e+02 2.532589675569892904e+02
2.529805683902402507e+02 2.534127595743048857e+02 2.524094757934609561e+02 2.529738761653861161e+02
2.632688992786648896e+02 2.642360343378522316e+02 2.626814653282726795e+02 2.647000272221548585e+02
2.818711440185245465e+02 2.835716440611344638e+02 2.803562812562940394e+02 2.826783089932967528e+02
2.552559095527157353e+02 2.552942303167347404e+02 2.543998445109893396e+02 2.561779391525957976e+02
2.707925891717632680e+02 2.709584541345495836e+02 2.686782529553324821e+02 2.724630155832713854e+02
2.791481119470156500e+02 2.786647263854396783e+02 2.749089620036798465e+02 2.787666559945195104e+02
2.866309940517633663e+02 2.872405400713670360e+02 2.827476938239133801e+02 2.854920684582028230e+02
2.565519639267146772e+02 2.569977877063914207e+02 2.568262230125765768e+02 2.573669549839549973e+02
2.891525031382042812e+02 2.889427754981371663e+02 2.863149160659839367e+02 2.879448027270043440e+02
2.567733904937380203e+02 2.563855835062751680e+02 2.562057940822193700e+02 2.565047891588112634e+02
2.651850673512980734e+02 2.652877465719538463e+02 2.633203445390591355e+02 2.652549338125753025e+02
2.521421863575400835e+02 2.518038304290492704e+02 2.504790375243306926e+02 2.520762604201569843e+02
2.982172791180784088e+02 2.974860721913717043e+02 2.967234114887201031e+02 2.967198178642420316e+02
2.525239601277938277e+02 2.529043442455545971e+02 2.519087017893880329e+02 2.536215204393969032e+02
2.737982287870145797e+02 2.743676440603953210e+02 2.710401320536510639e+02 2.737903476188633363e+02
2.735741507497373277e+02 2.732962142402655559e+02 2.715250787529012086e+02 2.739838980797504746e+02
2.788809417760737119e+02 2.796027820386536291e+02 2.782536865175954404e+02 2.795893304926960354e+02
2.685277943473292339e+02 2.691394221756857519e+02 2.661886873350588871e+02 2.689593734027889127e+02
2.528405116946405542e+02 2.531781739524074908e+02 2.516717634157005534e+02 2.535195708811651514e+02
2.499203075420899722e+02 2.499937786063065630e+02 2.488514431921028631e+02 2.501647262775600495e+02
2.711898042764373713e+02 2.712031175228282791e+02 2.676195269577181080e+02 2.710888307722726722e+02
2.857533337918124516e+02 2.863951037864408136e+02 2.837165012337013650e+02 2.856011296297266995e+02
2.535062986056111356e+02 2.539941060999930755e+02 2.526548549991672701e+02 2.541516362264132454e+02
2.739436585001683397e+02 2.737000800956415674e+02 2.713937709103748830e+02 2.744539601880016448e+02
2.544882832385624170e+02 2.548944054363627743e+02 2.543277428828543236e+02 2.552244424660717073e+02
2.561947748409889414e+02 2.564852111849045286e+02 2.546155323694038373e+02 2.568386878575041123e+02
2.533468540412725645e+02 2.537624051406975809e+02 2.522978492561572637e+02 2.541973431365365457e+02
2.769469434900096303e+02 2.772643394686545548e+02 2.743967536744904123e+02 2.781167946678593808e+02
2.543571036006701718e+02 2.545141213527511468e+02 2.535153440105328855e+02 2.544984218480928178e+02
2.541341041690122609e+02 2.540535929992794877e+02 2.534205566336005404e+02 2.543008977512406545e+02
2.559018728080278038e+02 2.558965875113982520e+02 2.551144511498828251e+02 2.565289131419391992e+02
2.559627339389945178e+02 2.559971961631277395e+02 2.549908343214786726e+02 2.561208684091826058e+02
2.570456360773864617e+02 2.570320003781354217e+02 2.560403404642623855e+02 2.578613964579901676e+02
2.473648047229206668e+02 2.479983474968134942e+02 2.462668310906242652e+02 2.477336884093187166e+02
2.571788183977273547e+02 2.571934182770295934e+02 2.566491161995736547e+02 2.580935429647250317e+02
2.919415688060937555e+02 2.927535660395818695e+02 2.906574564984221638e+02 2.910766165022625955e+02
2.495424681947281726e+02 2.495395910189874087e+02 2.487738033935878548e+02 2.495578796906570176e+02
2.654940138296755094e+02 2.660932504237066496e+02 2.637302506633211578e+02 2.658358162109998375e+02
2.488923525038613889e+02 2.487622588260021530e+02 2.473895396397645072e+02 2.493901523315835220e+02
2.673242549925287790e+02 2.675048406513858481e+02 2.643749552799273488e+02 2.675322629502583709e+02
2.566183437375341327e+02 2.574026290780823274e+02 2.561303252206562320e+02 2.572783389573136787e+02
2.674921689516561401e+02 2.682541158121920262e+02 2.651221002230537920e+02 2.687855080194086668e+02
2.584741364684669520e+02 2.589897344864920683e+02 2.578061189458047693e+02 2.583258149995716053e+02
2.542780011102388755e+02 2.542741809207034294e+02 2.533905996205121767e+02 2.545960140403723244e+02
2.574734433236401969e+02 2.567830829340937271e+02 2.566180986197402376e+02 2.580863246184044328e+02
2.523766709477972086e+02 2.527415328348889432e+02 2.509755720992038164e+02 2.532776342849572018e+02
2.610864937208522178e+02 2.608713419665473907e+02 2.600997459351310113e+02 2.618139269725215854e+02
2.570902148525333928e+02 2.579327992351689431e+02 2.551136355798345789e+02 2.581441546794993656e+02
2.887827392559063355e+02 2.865382393170902446e+02 2.842609727942219138e+02 2.865929372505229935e+02
2.536314478005890294e+02 2.540418690335289966e+02 2.524169840380028802e+02 2.536379644064741967e+02
2.568094331239702228e+02 2.571248528764595562e+02 2.564861519496459437e+02 2.569534862313138319e+02
2.554678541441469690e+02 2.554326970238616639e+02 2.546886458850504766e+02 2.556476811893095089e+02
2.546452864292197660e+02 2.547541594807099727e+02 2.531789137428534389e+02 2.561762947915005952e+02
2.530311929330704572e+02 2.536584041980877089e+02 2.511703412851613564e+02 2.542105152825131427e+02
2.623851315064163146e+02 2.637533115436351636e+02 2.608127094579838854e+02 2.640033861118573668e+02
2.556092446794310433e+02 2.564104595307745171e+02 2.549429081889085182e+02 2.564610089780694011e+02
2.582606310676172257e+02 2.579692285829934235e+02 2.573165446298945653e+02 2.584687661349966561e+02
2.576392652179795277e+02 2.585220548472239557e+02 2.561582053480822196e+02 2.592663609155381437e+02
2.574791141616651089e+02 2.586446539343650670e+02 2.569579265312141843e+02 2.584690393033121723e+02
2.524773437317792855e+02 2.529299024490109673e+02 2.518911452234593469e+02 2.528014640188741566e+02
2.562345538947208752e+02 2.571021117530095239e+02 2.556827839569621688e+02 2.568679265559143232e+02
2.522297631273054890e+02 2.523465516652813108e+02 2.518239545000318458e+02 2.526212975970612717e+02
2.539631997040756914e+02 2.550332416916670297e+02 2.527715168907463976e+02 2.543060801938327415e+02
2.679978158704605562e+02 2.685766974474817630e+02 2.651592400486613315e+02 2.680469300141409121e+02
2.495768148022164610e+02 2.494969917453018127e+02 2.481274025708204931e+02 2.497795030314044595e+02
2.947827413212315832e+02 2.950765401209430365e+02 2.928571775566930455e+02 2.939421926061749559e+02
2.625092020192358291e+02 2.626784038389787952e+02 2.605104511977974653e+02 2.635950910844314308e+02
2.554991672833332075e+02 2.562179233245257706e+02 2.544155975115061210e+02 2.563309459648476150e+02
2.569570561577669423e+02 2.564135949897967066e+02 2.567009431020554757e+02 2.570989170161819857e+02
2.747951930434722954e+02 2.745886004560613856e+02 2.729326942703758050e+02 2.749700374785625741e+02
2.558952635486297709e+02 2.563831816663190466e+02 2.546743039001748343e+02 2.570444775663023051e+02
2.535936602798649631e+02 2.531145450680232329e+02 2.525583305700039887e+02 2.531214666849707555e+02
2.572910685632423906e+02 2.572490772719287975e+02 2.567595922594928197e+02 2.576652479716094035e+02
2.585200035284735804e+02 2.586844506116132720e+02 2.573159211076164183e+02 2.589742580252602693e+02
2.627815258896516184e+02 2.637352311700876726e+02 2.614273267250177355e+02 2.635112809435443069e+02
2.570626915563819352e+02 2.573949055900144458e+02 2.562931687879312221e+02 2.574006723389820763e+02
2.484945440437973048e+02 2.482564568621482692e+02 2.477617362651559461e+02 2.489609972405304745e+02
2.625401611947884248e+02 2.629128471267196687e+02 2.608417740482325371e+02 2.631167647697058669e+02
2.724851758275665361e+02 2.718132692221785192e+02 2.692842448934167692e+02 2.725637390318785265e+02
2.607004476183860788e+02 2.606187795702445555e+02 2.585757170894312367e+02 2.614048323566147474e+02
2.482430194292701913e+02 2.484795952681560891e+02 2.468527412158664163e+02 2.480280448921424750e+02
2.515331959635664134e+02 2.519619066496503308e+02 2.503703735539753268e+02 2.518858221068758496e+02
2.687500710338163685e+02 2.695512553121131418e+02 2.676306437414221477e+02 2.705670010445212483e+02
2.525290270083574455e+02 2.525651608832240527e+02 2.511239643472277692e+02 2.537229002618508105e+02
2.488454893358444622e+02 2.491613333911208201e+02 2.480553769342858459e+02 2.493683207501404127e+02
2.526173556459459064e+02 2.535886230230780995e+02 2.521374964585891405e+02 2.543796119404140086e+02
2.516947125307664521e+02 2.517022292847391043e+02 2.509551234293772666e+02 2.519495493559905128e+02
2.532991007836825190e+02 2.529503885807769166e+02 2.523524319959210800e+02 2.536193451828698073e+02
2.688188863933019093e+02 2.703628568350471255e+02 2.673385855794127224e+02 2.708622722008263395e+02
2.620547170501481560e+02 2.622862816948640443e+02 2.605736626278911103e+02 2.628179001816392315e+02
2.488021766007420865e+02 2.491202305607003780e+02 2.479478969657920402e+02 2.494571842005344422e+02
2.518391928098351400e+02 2.522018566355614837e+02 2.503415703885355583e+02 2.520715739388448355e+02
2.757289087185066592e+02 2.759298429127688337e+02 2.728597491160098230e+02 2.763730400692570583e+02
2.556085813129919586e+02 2.557438219631668801e+02 2.544961536808789333e+02 2.560934780764350194e+02
2.518113234517218473e+02 2.524208986128284664e+02 2.514490788370629559e+02 2.519534184816904769e+02
2.552587412334189594e+02 2.557147883092922029e+02 2.546040594504073624e+02 2.563401439866046303e+02
2.453058102752552543e+02 2.458913663292110527e+02 2.446036431624226282e+02 2.467798523360843888e+02
2.650507181999231534e+02 2.641382465046179391e+02 2.632628666216699571e+02 2.646752994145624029e+02
2.501730472361802242e+02 2.498817815779829630e+02 2.485237905358538057e+02 2.505420231141487193e+02
2.529963213286519306e+02 2.529759749046741035e+02 2.521398245551312698e+02 2.533456701028390228e+02
2.572568779772498715e+02 2.566655368593213780e+02 2.550739511343342372e+02 2.568757759109503809e+02
2.581632797914536468e+02 2.591065488139854551e+02 2.564538721238093899e+02 2.587387515701601615e+02
2.609219720326261722e+02 2.614016899606448874e+02 2.599420171848383916e+02 2.620384306547242659e+02
2.599593838083532091e+02 2.599498045399989792e+02 2.575948012935265297e+02 2.606139516877779556e+02
2.819260879742137718e+02 2.825209413315130860e+02 2.795812959125644284e+02 2.826995109195880218e+02
2.507226319024835561e+02 2.514613927316719071e+02 2.496692404339655695e+02 2.521561371186550105e+02
2.783688412696437240e+02 2.783027050295495428e+02 2.767016187681032875e+02 2.776662968657678903e+02
2.548993404416773672e+02 2.547877871363979523e+02 2.535234579052071240e+02 2.552694286399099894e+02
2.491164988449850455e+02 2.497200892745443355e+02 2.481503547415879893e+02 2.502863421200572986e+02
2.608144894772025850e+02 2.614772426152130151e+02 2.584656600438752889e+02 2.612509391946109076e+02
2.640473565289513544e+02 2.642882784275417407e+02 2.614089813898968941e+02 2.645246003895228455e+02
2.960153518731553390e+02 2.953064048101201138e+02 2.935981687503210082e+02 2.958584770005003861e+02
2.547910056055522716e+02 2.556137137080521313e+02 2.539297516877173280e+02 2.553006882948419900e+02
2.450342888966482349e+02 2.455542021154693089e+02 2.437669988249961079e+02 2.462680760196332130e+02
2.796809290333977742e+02 2.798739558903563420e+02 2.763379401583344475e+02 2.800585354668296532e+02
2.511007819201905704e+02 2.510770330697234840e+02 2.499566778310433790e+02 2.512626604589061685e+02
2.576442119810067766e+02 2.578397451380525354e+02 2.563440537141441382e+02 2.580844800840708331e+02
2.515357706028826499e+02 2.522805364029902648e+02 2.504224323381727970e+02 2.519705119536185691e+02
2.829040268094005910e+02 2.836886546406045113e+02 2.801996154008039639e+02 2.833009667172527202e+02
2.937433636970547468e+02 2.938070442554651436e+02 2.931221333522208283e+02 2.938982449950261184e+02
2.534670382574389862e+02 2.541904951675367101e+02 2.530855380612423176e+02 2.549675343888357872e+02
2.626708645953086716e+02 2.644901922686522653e+02 2.618402832416719548e+02 2.644234181866926860e+02
2.582204018723995205e+02 2.590355269791925252e+02 2.557193475244852436e+02 2.591836084316409483e+02
2.971358288115189907e+02 2.968776348746285976e+02 2.970297539924947614e+02 2.971368620572125110e+02
2.568300569987262065e+02 2.565188115311282786e+02 2.570714532263340857e+02 2.569432338697596379e+02
2.574506846994437410e+02 2.571575563349215940e+02 2.563756605899091596e+02 2.584363737185627770e+02
2.522135300880177624e+02 2.530403673272280400e+02 2.519822773914846437e+02 2.524082843708682447e+02
2.680242184833530246e+02 2.682663554140690962e+02 2.664437544191454776e+02 2.690910238722777876e+02
2.602877136805590226e+02 2.609360481261380755e+02 2.583118037038242960e+02 2.614442646461580466e+02
2.692459079327057907e+02 2.710004393607503062e+02 2.664468167508885017e+02 2.699333715391177293e+02
2.608177856027014627e+02 2.611025429385279608e+02 2.578296278151240699e+02 2.608711442729516534e+02
2.494486272422961406e+02 2.498251158760170370e+02 2.483988998903140555e+02 2.496935309284926916e+02
2.569434116994536339e+02 2.574189653162565037e+02 2.544780910809062391e+02 2.571066121710058496e+02
2.811056389984751718e+02 2.818690727639458373e+02 2.787862749238913693e+02 2.810660741370712117e+02
2.596455731091580219e+02 2.591848062512152637e+02 2.579494592791793934e+02 2.595992617953851322e+02
2.733118627426815124e+02 2.733725518612827159e+02 2.701594071102802559e+02 2.745958706489439010e+02
2.560715052483520822e+02 2.562170038557825933e+02 2.534876271589507155e+02 2.566968572496307388e+02
2.508190939282580416e+02 2.509128878044801638e+02 2.501928778144066996e+02 2.510194905085382402e+02
2.562374692388376616e+02 2.563140210307930147e+02 2.548264221436336072e+02 2.565993067964379861e+02
2.565056823561573651e+02 2.566780703406683415e+02 2.551398303863963122e+02 2.567586619980567093e+02
2.688275242035601877e+02 2.694753903559272885e+02 2.667716917653661994e+02 2.699668319971568167e+02
2.786695091182629085e+02 2.783903279737455705e+02 2.755721296863869725e+02 2.786646973101484832e+02
2.572194802357498133e+02 2.574082381355063944e+02 2.559747321582649988e+02 2.575396227578937669e+02
2.546350483363717387e+02 2.551409493564982824e+02 2.533004848407972815e+02 2.549949769570852425e+02
2.558976920382745277e+02 2.559765955635408829e+02 2.547244578015002219e+02 2.568973362355258132e+02
2.606047306981845963e+02 2.610803727272074752e+02 2.581659846241027481e+02 2.610336383944173804e+02
2.595331006990086848e+02 2.603049309590912230e+02 2.581148507830226322e+02 2.607349848485291659e+02
2.504272425154599375e+02 2.507294014875310495e+02 2.502710128973817234e+02 2.513401188539552038e+02
2.485961187417823339e+02 2.489529245758908473e+02 2.477410537948274225e+02 2.489730512221572667e+02
2.560093804966172684e+02 2.559783334803920525e+02 2.548798219512615049e+02 2.562904064693519217e+02
2.827042321193248426e+02 2.836889446641071117e+02 2.805538429593986507e+02 2.826621433021159646e+02
2.522721494521214538e+02 2.522173210430149197e+02 2.514183985797753849e+02 2.528078231464491523e+02
2.521134385577619241e+02 2.529357031685299546e+02 2.517928419149481840e+02 2.528998803557866779e+02
2.511549024239089931e+02 2.516638407896931824e+02 2.499030526596627340e+02 2.519756113245459517e+02
2.602586476260690915e+02 2.617504273151284906e+02 2.594878427530398426e+02 2.615553952362915879e+02
2.535094732694098809e+02 2.542597653953984604e+02 2.525970358069906467e+02 2.540699479389282089e+02
2.514702369061619720e+02 2.517398771094197798e+02 2.503945792260697942e+02 2.527102307024734671e+02
2.539357876054939993e+02 2.535830277773491730e+02 2.531913199345184751e+02 2.540467359087075465e+02
2.555573809194793853e+02 2.558996446397202931e+02 2.539634483428403939e+02 2.563580046264402768e+02
2.527241166471076497e+02 2.528716906879389796e+02 2.520373163110606356e+02 2.530276681947032671e+02
2.538146481603611164e+02 2.547904634166290236e+02 2.537327613420727346e+02 2.546788158464930518e+02
2.537087053379857196e+02 2.529343057368448626e+02 2.520275479387077553e+02 2.539027008970327302e+02
2.530292651124312613e+02 2.537560497841404867e+02 2.528981009812364675e+02 2.536378744602235713e+02
2.777386448576541511e+02 2.789404915484962544e+02 2.753576008800291675e+02 2.786455628490593881e+02
2.500172735096374197e+02 2.501165837749721561e+02 2.494992469716075618e+02 2.506310069694650338e+02
2.598733316615044941e+02 2.606932355968278898e+02 2.579824265496907287e+02 2.604967050210846082e+02
2.552981081092821398e+02 2.552507577680740098e+02 2.548299658245989292e+02 2.557871414450967507e+02
2.575849615803629717e+02 2.582374131809813775e+02 2.562277843499023788e+02 2.583471374790987625e+02
2.591927906191186253e+02 2.590718018131508984e+02 2.577234390877414967e+02 2.600823785379357105e+02
2.674781104934834275e+02 2.685681390278238041e+02 2.647451726647403802e+02 2.685206086964253132e+02
2.611651718066348735e+02 2.620012318104712676e+02 2.602460552791760620e+02 2.624400267475347164e+02
2.822749713577763941e+02 2.826697135087260335e+02 2.810866477708048023e+02 2.831943938871194746e+02
2.591909448680489163e+02 2.591342805704963439e+02 2.576709184800824346e+02 2.592998058022714076e+02
2.521570318887871167e+02 2.518634014631057880e+02 2.510038879383539268e+02 2.526906960614098239e+02
2.507815598871536054e+02 2.505919324475240728e+02 2.493539888022491482e+02 2.516274683548703877e+02
2.657674140239158191e+02 2.662741101589843993e+02 2.638472916096367840e+02 2.673094415289828021e+02
2.552222966041121879e+02 2.561626685881999492e+02 2.545046245927236725e+02 2.559122567178812915e+02
2.583082034683063739e+02 2.588718296359000419e+02 2.573608006022969903e+02 2.588575116209522093e+02
2.535485365855682289e+02 2.541144624122619291e+02 2.531816291985724376e+02 2.543800127271441340e+02
2.521807216781444367e+02 2.525559568707007543e+02 2.512484324346683024e+02 2.527105387156508129e+02
2.655024974940229185e+02 2.663488537747282976e+02 2.624997759756777214e+02 2.659668419838128557e+02
2.591495162568101591e+02 2.595616223854143527e+02 2.567797983418349190e+02 2.596103440760667809e+02
2.546552444665370274e+02 2.548852894128857258e+02 2.545375828117320793e+02 2.555373355971701699e+02
2.570064950093210427e+02 2.572710610362873354e+02 2.553097684581958617e+02 2.573844722463385892e+02
2.558371258788989167e+02 2.552774452365509887e+02 2.555335169233293868e+02 2.565257656958560233e+02
2.547967546872479829e+02 2.556874618697063397e+02 2.535482065972150565e+02 2.560033540561965424e+02
2.529517026857524229e+02 2.537784346824545594e+02 2.523231736751956191e+02 2.530393889686792477e+02
2.744202594995090294e+02 2.746388959870192821e+02 2.714119769045995554e+02 2.743622189850071322e+02
2.609003849843709304e+02 2.609864154315435485e+02 2.596228533559929019e+02 2.614835108090534277e+02
2.641074184176159179e+02 2.649722721586279590e+02 2.619505686684424290e+02 2.651654162542100721e+02
2.479281091524767646e+02 2.487505208864503459e+02 2.469668933300870890e+02 2.486196941179434248e+02
2.719163547249237354e+02 2.728749338791492391e+02 2.698398406281730786e+02 2.738310377498215757e+02
2.525527742213220677e+02 2.530984967893995758e+02 2.510315908897835016e+02 2.535953441236546553e+02
2.593201697290436414e+02 2.595955292671906705e+02 2.580462696643181175e+02 2.595211731982988681e+02
2.522258212641711168e+02 2.528498581048258984e+02 2.513726226090050773e+02 2.527406768368425105e+02
2.497041146028913374e+02 2.491061900135890141e+02 2.482633889557344560e+02 2.502422818946499206e+02
2.691766437698925643e+02 2.701165338388231589e+02 2.656206785991018933e+02 2.697198716068330668e+02
2.528068090426931747e+02 2.533165052688003129e+02 2.513550421737098475e+02 2.533405800942215649e+02
2.638069416774503679e+02 2.636690087018042732e+02 2.621545705706764124e+02 2.638079121088377974e+02
2.569173851555250963e+02 2.575418921755353381e+02 2.547034951788191677e+02 2.572768319151996366e+02
2.583248131018794425e+02 2.586643499438254139e+02 2.563999954574350681e+02 2.587941553061901914e+02
2.652731753420852101e+02 2.657962551391670445e+02 2.635327799478847624e+02 2.665370416362622450e+02
2.565171261997039664e+02 2.563985643971366244e+02 2.563286298280967799e+02 2.568149174299815627e+02
2.562705047486833223e+02 2.569650572864780429e+02 2.555001757078851483e+02 2.561609748341492718e+02
2.578819082505692677e+02 2.588336182465778279e+02 2.560890968156976442e+02 2.593890982222677621e+02
2.677581734915671063e+02 2.675112596785592132e+02 2.654720607938323269e+02 2.675291905407712534e+02
2.503646132734578202e+02 2.507983729455523587e+02 2.498379638077650498e+02 2.510985286359138513e+02
2.614389998659939920e+02 2.618260717507936874e+02 2.595720050483790828e+02 2.628916059519824557e+02
2.473503679443333567e+02 2.477644578139186535e+02 2.469961231836754223e+02 2.480085093316124585e+02
2.517204507592281857e+02 2.517322328550168322e+02 2.508441877664429569e+02 2.519929345745070179e+02
2.485408086428558647e+02 2.487561601208958564e+02 2.480428167218399551e+02 2.494353653736641547e+02
2.535144136102927632e+02 2.543228310147233060e+02 2.529568558199707695e+02 2.538643644641524588e+02
2.595478134836721438e+02 2.591774611684307956e+02 2.584995106902546240e+02 2.593462236697125718e+02
2.518782978046490939e+02 2.525096476785782045e+02 2.515435252426255204e+02 2.533102136800007429e+02
2.690333436780870215e+02 2.693826611933321260e+02 2.670081037317147548e+02 2.694615140538866740e+02
2.546335722466106404e+02 2.548025512343130004e+02 2.541590362521312727e+02 2.548705371849886490e+02
2.541290793108633181e+02 2.539789699253202571e+02 2.525470230609351461e+02 2.546631174084342604e+02
2.598345607876204326e+02 2.600532972932310827e+02 2.586416017010586756e+02 2.601552689893581487e+02
2.868195657005761063e+02 2.865989243807871389e+02 2.841136541729467808e+02 2.870474342939356802e+02
2.625592073577242900e+02 2.635454986631900169e+02 2.596145737941888569e+02 2.622911614191713170e+02
2.847777339322801708e+02 2.853476020580481531e+02 2.824485634950516442e+02 2.853146115789738246e+02
2.608410142722543128e+02 2.618315355217279148e+02 2.587148427612684713e+02 2.617323378113740660e+02
2.709296905056775699e+02 2.708601356553447204e+02 2.687001040945852992e+02 2.709672781082562665e+02
2.532544743358115511e+02 2.529738379987334156e+02 2.524789259012529214e+02 2.535296819300075413e+02
2.541465777905177390e+02 2.540145607507184309e+02 2.527580260406265040e+02 2.543214851196133566e+02
2.502612009260897707e+02 2.504003124142035688e+02 2.494764129367730732e+02 2.506966549344918747e+02
2.594208134832917949e+02 2.608901518105589048e+02 2.581048873316659069e+02 2.609406339625332407e+02
2.561304467587668228e+02 2.567524452411507241e+02 2.553645085230853056e+02 2.571008965399477688e+02
2.870840914162673130e+02 2.868300319057830166e+02 2.848870189008392231e+02 2.859052996878501176e+02
2.538699117925676489e+02 2.537409646009855066e+02 2.534702556130269500e+02 2.544164510629920528e+02
2.658538186606911609e+02 2.665681905934518454e+02 2.637677952133536223e+02 2.664802372699387547e+02
2.543893773377452021e+02 2.550118751969187372e+02 2.528294510429758191e+02 2.549612127049675507e+02
2.663708690580700136e+02 2.667133475250076913e+02 2.643370879665646953e+02 2.669271997184795850e+02
2.678123811966150356e+02 2.684593623438602208e+02 2.661869823881918933e+02 2.688744574821647007e+02
2.758258947256952069e+02 2.759419653938670649e+02 2.715518945582328456e+02 2.751310366632138766e+02
2.480267035107250138e+02 2.485204662811270850e+02 2.470292483553207603e+02 2.489806513212318748e+02
2.528787503285510638e+02 2.530206686984505495e+02 2.515220817561575188e+02 2.528900708393743457e+02
2.713743636471550076e+02 2.718006476597229835e+02 2.686250299280990248e+02 2.730351555133667603e+02
2.567027077123181016e+02 2.568526717743484369e+02 2.558462955422982645e+02 2.565242231316287871e+02
2.543241429182901925e+02 2.554900025952630642e+02 2.539733843737769234e+02 2.554304974639604495e+02
2.631447850275689007e+02 2.637481063214029291e+02 2.622257244508859344e+02 2.639296703251174563e+02
2.537509958701991764e+02 2.544101246859194703e+02 2.520374231743729183e+02 2.540241337321959350e+02
2.619543959737847558e+02 2.618794465196477859e+02 2.605688368740478609e+02 2.621249275262451874e+02
2.483462134083879960e+02 2.484720837568290506e+02 2.475403840871356351e+02 2.487939087164345722e+02
2.604921355080601870e+02 2.605745623220578864e+02 2.595109557110134233e+02 2.607769875717575587e+02
2.526816885523941494e+02 2.527159934434627360e+02 2.518928032300114239e+02 2.532932835709988240e+02
2.777149324618023911e+02 2.773785868798630077e+02 2.739208097207246624e+02 2.772097968195672593e+02
2.618154661316202692e+02 2.620634292038215563e+02 2.601054575720257276e+02 2.617784986954529813e+02
2.748651549093325457e+02 2.745363878733048750e+02 2.722446753779416326e+02 2.748663437687383748e+02
2.572667769132069679e+02 2.581664142519325083e+02 2.563529528282630849e+02 2.583667476907700120e+02
2.895963364554721124e+02 2.892570330427603835e+02 2.875953537626930938e+02 2.892804630096500773e+02
2.626411315076117603e+02 2.632032430875594287e+02 2.598535345330644191e+02 2.634265163110568437e+02
2.560345533688025625e+02 2.559810087598079349e+02 2.556285633319495219e+02 2.570183971431063696e+02
2.767041726606860266e+02 2.769499342756575402e+02 2.744854558668124014e+02 2.770085821622339495e+02
2.905568535942703647e+02 2.910605566725959648e+02 2.881484567395233967e+02 2.899597414112579941e+02
2.876913878902687429e+02 2.880808198753522902e+02 2.855701577508866649e+02 2.870469852090275253e+02
2.537655250153108568e+02 2.543539091185168104e+02 2.530228246106951531e+02 2.541296796929632933e+02
2.535863538012231118e+02 2.545264047535113718e+02 2.524092664096441467e+02 2.541403495559130477e+02
2.762238412197382900e+02 2.772943659924504232e+02 2.757068759306126253e+02 2.781931355929268079e+02
2.585251782863334142e+02 2.586335151719044347e+02 2.572065732735800339e+02 2.586083339881406573e+02
2.567246587072400530e+02 2.570053569338328998e+02 2.564543923170221547e+02 2.574753112484205531e+02
2.539438174323366866e+02 2.542561905752321536e+02 2.514028168639475496e+02 2.542247952388451893e+02
2.475333479713169424e+02 2.479844419966902080e+02 2.464472004489501842e+02 2.484996994375543693e+02
2.508498830902807413e+02 2.514012242408724944e+02 2.496653747415167857e+02 2.515994602901231474e+02
2.552697398953432355e+02 2.545926216234708477e+02 2.537772986458379876e+02 2.552955438951097449e+02
2.494793657742612822e+02 2.496342621762861427e+02 2.492827455035773880e+02 2.504886025989318910e+02
2.542444293343994843e+02 2.545446865245132244e+02 2.527244827704492991e+02 2.550791732796657243e+02
2.549367817101142180e+02 2.551292796809417212e+02 2.531910209631932673e+02 2.556367143622435378e+02
2.902123841243974880e+02 2.908163213410874732e+02 2.898679045947566806e+02 2.905249852952343304e+02
2.825834730153824239e+02 2.842088277303454902e+02 2.804297449038157310e+02 2.838276931499031548e+02
2.530027911047475868e+02 2.533327230640421135e+02 2.521139535024257725e+02 2.530870932552080319e+02
2.649229262642608091e+02 2.657923793704393347e+02 2.627116880536975714e+02 2.643186043927572655e+02
2.511648357790957675e+02 2.514313636934512886e+02 2.495592875348642963e+02 2.510502505822353214e+02
2.549405709355370391e+02 2.543479230385759706e+02 2.539575582582157836e+02 2.546284699608082747e+02
2.684357902472011119e+02 2.683563966367433977e+02 2.665197816434224478e+02 2.685067634653037771e+02
2.547704932380665923e+02 2.548562750515258131e+02 2.530857861417930508e+02 2.552407640222718044e+02
2.667286039419015538e+02 2.678731859804690885e+02 2.649282105235133713e+02 2.674963223955656986e+02
2.487980771391926282e+02 2.485269762473230344e+02 2.474115858526015188e+02 2.488001103433974492e+02
2.760710813351053616e+02 2.757300295977452720e+02 2.735935028840048062e+02 2.763123846777206154e+02
2.513446874086991727e+02 2.518401855494709878e+02 2.503031949859300767e+02 2.520902488550003113e+02
2.755103416067607895e+02 2.756054256749230831e+02 2.733588890112621357e+02 2.768507650387198851e+02
2.668434890205127772e+02 2.666571195449556626e+02 2.639338071894224527e+02 2.674751202425927659e+02
2.534346893907915046e+02 2.529469447077667610e+02 2.523434145788123999e+02 2.538538447939832849e+02
2.628243699699035574e+02 2.630160985729532399e+02 2.611806007538339713e+02 2.640699459260819708e+02
2.499530974518559674e+02 2.510255171912094738e+02 2.489030959901157871e+02 2.503937911214597705e+02
2.559926486949300681e+02 2.563027138221080463e+02 2.543535498078430237e+02 2.558728758293902672e+02
2.902610953735968451e+02 2.899264188376759535e+02 2.877309905829600325e+02 2.903065414975467888e+02
2.549390638299546765e+02 2.547081874176659539e+02 2.541478798459118309e+02 2.547078137691322866e+02
2.813635214898394565e+02 2.806637487901624581e+02 2.785323991794952008e+02 2.814716184470207736e+02
2.640508667534807614e+02 2.643314183350414623e+02 2.623405165377922685e+02 2.644198844250967682e+02
2.494013049183202213e+02 2.494696004773718983e+02 2.481731143461331328e+02 2.503343430385626220e+02
2.627336311419831532e+02 2.637241758457808487e+02 2.619359208889405863e+02 2.641690595402159261e+02
2.568165200993555004e+02 2.575553658798108358e+02 2.559626797623391212e+02 2.573139917911201451e+02
2.627452637875337587e+02 2.624362936672201840e+02 2.597739624713909166e+02 2.629029578203479787e+02
