2.492371113116005006e+02 2.490782351959666414e+02 2.494479380450341068e+02 2.498114635366291338e+02
2.548761385894391083e+02 2.552844715926830190e+02 2.537295876369013001e+02 2.559961409920163078e+02
2.548074956202558496e+02 2.551361487980115612e+02 2.536144798128588604e+02 2.556195873969334968e+02
2.501367821148581072e+02 2.505638182591605130e+02 2.498510500546734932e+02 2.505220673836655862e+02
2.494909846026803848e+02 2.496090967597335180e+02 2.489414674684645661e+02 2.500309506379083189e+02
2.485397299097666917e+02 2.484714848164041996e+02 2.480044613608184534e+02 2.488045457343091016e+02
2.482525466546608186e+02 2.483702307917437508e+02 2.477751643119465257e+02 2.493850532775875877e+02
2.525893479567507995e+02 2.531045080305849808e+02 2.513394692584029713e+02 2.534572837340637363e+02
2.521360304829496215e+02 2.524350900589020057e+02 2.514163253076702063e+02 2.525444634451779677e+02
2.558096714129335965e+02 2.562956114379633163e+02 2.544780377573834187e+02 2.563693578328652620e+02
2.538496758985100712e+02 2.540597487451489087e+02 2.529750805502274318e+02 2.540411661056717776e+02
2.500486490221524889e+02 2.509854533372619585e+02 2.498065091767367676e+02 2.516593405041126346e+02
2.563550469001382908e+02 2.567390611971572980e+02 2.552543149126555591e+02 2.570244667587609797e+02
2.515455580340777999e+02 2.519209491614388980e+02 2.509098622167259407e+02 2.521637064083186885e+02
2.599768439155776605e+02 2.604025475269210119e+02 2.585948449236449846e+02 2.604886486002712900e+02
2.519365295186196363e+02 2.524933368984677600e+02 2.512600268810867021e+02 2.528922792233717587e+02
2.490181810275965972e+02 2.488680905191618820e+02 2.483663475439848298e+02 2.496249928717353725e+02
2.544038610524094679e+02 2.547840596619975031e+02 2.537876495398755594e+02 2.545594349799721670e+02
2.521043460321675127e+02 2.521669952590137029e+02 2.515108638587733196e+02 2.527208448996743471e+02
2.479696970058429315e+02 2.480168894080862856e+02 2.473585266182519433e+02 2.483878937645388021e+02
2.560362496763555669e+02 2.567879184250932099e+02 2.548773236381024105e+02 2.565089392003964690e+02
2.479229636450621399e+02 2.477129435105459265e+02 2.470575930490202268e+02 2.478796392892363656e+02
2.537902706387781109e+02 2.534251625558806609e+02 2.528992192624394022e+02 2.540106266004461588e+02
2.553954794442407490e+02 2.550262723814067556e+02 2.539871347803917843e+02 2.552699982936718470e+02
2.477745034263899981e+02 2.479660169791810915e+02 2.473136023803820365e+02 2.485374339037337847e+02
2.786432182598362033e+02 2.792074658556820168e+02 2.771292681132553071e+02 2.796991483076306508e+02
2.539326918619202900e+02 2.540498908261851909e+02 2.529215871462878056e+02 2.547767125879159096e+02
2.564230241493220319e+02 2.568220642636188131e+02 2.546127963577252444e+02 2.570234419853446184e+02
2.494688671001761975e+02 2.495978443244027289e+02 2.497749977153752070e+02 2.493933327713669996e+02
2.822022588699640551e+02 2.838010588042112090e+02 2.801455469576329733e+02 2.823810762012089413e+02
2.491372214353287973e+02 2.493893980375639785e+02 2.488445283845157121e+02 2.495116250580746282e+02
2.525999735069181895e+02 2.529947395384784841e+02 2.514592428024434128e+02 2.539610815562043342e+02
2.628396627356796103e+02 2.631529483056822301e+02 2.604147120424881905e+02 2.637517493690920674e+02
2.668585209609395292e+02 2.674521712572654337e+02 2.645645511405234629e+02 2.670430843862461643e+02
2.573579678215534159e+02 2.562722205087740122e+02 2.548511185619966568e+02 2.568332388461485607e+02
2.498134985734322697e+02 2.503337962141349067e+02 2.494792951726928720e+02 2.507026601027651509e+02
2.641537742865087353e+02 2.645356525832186776e+02 2.613312369194117082e+02 2.656193221326079765e+02
2.884763690884852281e+02 2.873520702363333044e+02 2.863774200734734450e+02 2.888631973872280696e+02
2.498036130950244456e+02 2.494686938288606655e+02 2.493294403385461067e+02 2.502350116971524585e+02
2.481492775327640743e+02 2.479637000455287534e+02 2.473975865181009794e+02 2.480680249489754772e+02
2.670772634409579496e+02 2.668840289943246944e+02 2.645673339970713300e+02 2.677533547573906958e+02
2.478187694802372789e+02 2.488682459306905059e+02 2.477465499133770663e+02 2.488613746006560348e+02
2.505128611827901750e+02 2.500886309303839425e+02 2.499088808461378051e+02 2.506084394751188427e+02
2.489314454757502233e+02 2.491992984839926066e+02 2.489690581792631008e+02 2.496963567975553815e+02
2.496596112083770436e+02 2.496544839720968412e+02 2.490809339022776783e+02 2.493678806782447452e+02
2.520649203634621927e+02 2.525412948053628384e+02 2.516176901376946660e+02 2.527389469222413538e+02
2.856804593453925918e+02 2.859994502574372177e+02 2.834942740130641710e+02 2.869169400504231362e+02
2.505287837266035922e+02 2.510578642027332705e+02 2.505465389909148541e+02 2.511608757159336562e+02
2.617113639968018788e+02 2.620779926217117008e+02 2.600359907123116727e+02 2.630885739954117639e+02
2.649535290221816695e+02 2.651450801417893786e+02 2.619817505944989193e+02 2.652894669133476668e+02
2.692236307670633551e+02 2.691193879219233054e+02 2.667530441956904497e+02 2.701556705198406689e+02
2.673270287665281444e+02 2.692437432536113420e+02 2.658893637982939140e+02 2.687500713491992883e+02
2.539786250417725739e+02 2.541184036995689723e+02 2.532059046894497953e+02 2.548565220801675366e+02
2.540581213781250369e+02 2.547870969054979184e+02 2.533685434116511885e+02 2.557938533081374715e+02
2.688393647489135674e+02 2.693797004443582068e+02 2.674595497501101136e+02 2.700885606088585291e+02
2.676103901632653788e+02 2.691512801869579903e+02 2.655863383716406361e+02 2.691888299633957899e+02
2.498106991422031626e+02 2.498034422431952919e+02 2.495780952998013049e+02 2.501089990085408772e+02
2.519785780856851716e+02 2.523247570992421061e+02 2.514385392610064116e+02 2.529236165999946309e+02
2.606374966866830505e+02 2.610181741860479292e+02 2.593791744139883235e+02 2.616057233433696751e+02
2.520413832085130252e+02 2.525792961802026184e+02 2.505992410078387138e+02 2.526735737430136055e+02
2.598660235018801927e+02 2.598989883618081080e+02 2.584093021273093314e+02 2.608512703152562153e+02
2.471223559387685214e+02 2.470736940178957184e+02 2.461716364656285236e+02 2.472874037434589809e+02
2.545568705621499817e+02 2.543432570408424169e+02 2.528908269166370815e+02 2.549978764865165601e+02
2.685579045155615745e+02 2.684920111818448731e+02 2.661224684995858638e+02 2.690099257400317470e+02
2.903310251706298573e+02 2.893579695822969597e+02 2.872349119495685272e+02 2.898645193133697830e+02
2.485086303940972243e+02 2.478637767222858201e+02 2.475644704561775313e+02 2.485963286326582136e+02
2.677959560736348976e+02 2.683383665846396298e+02 2.663518569853476947e+02 2.688624312801021574e+02
2.712471997430452575e+02 2.710289415185681037e+02 2.688065210093978408e+02 2.716648402561271496e+02
2.873297090023396549e+02 2.872503235670836830e+02 2.855872465026635609e+02 2.879232365421428881e+02
2.769898435575395297e+02 2.780420814813237484e+02 2.742544324934982001e+02 2.773240056131817255e+02
2.518176648864408946e+02 2.523253763985289879e+02 2.510442331347558707e+02 2.523111933255417796e+02
2.507517684493956835e+02 2.510663900347975073e+02 2.503060842138023361e+02 2.514319763969749033e+02
2.572967107928889163e+02 2.576006653173292875e+02 2.556307257659153436e+02 2.585398499566546775e+02
2.585531715026302209e+02 2.589112794697323352e+02 2.566463991199720454e+02 2.592326742409384792e+02
2.466003269049741107e+02 2.470605027375764564e+02 2.462203422867313805e+02 2.477600048295073520e+02
2.482743537662983613e+02 2.484319940766913533e+02 2.474736874675711817e+02 2.482806865763785993e+02
2.484590387101150668e+02 2.484988763402530196e+02 2.479178385384994385e+02 2.489423233903189896e+02
2.973685120213402229e+02 2.967862943571112169e+02 2.962647112523024475e+02 2.957216943034954966e+02
2.600498717254446319e+02 2.598811570998803404e+02 2.583688942335821253e+02 2.600119962483381642e+02
2.470448813657816913e+02 2.471912229211311285e+02 2.466090384337068429e+02 2.475069969988515481e+02
2.509827965512840535e+02 2.504919154068449529e+02 2.516104268461550078e+02 2.513698620917309086e+02
2.561937985940868430e+02 2.568690167173498935e+02 2.550818021651589618e+02 2.566720116775790643e+02
2.491173853658545170e+02 2.497572061328872053e+02 2.489918826529249145e+02 2.496016358414123033e+02
2.626758188824555305e+02 2.624074106017373538e+02 2.602656509966329281e+02 2.622520531915785114e+02
2.497481244710681665e+02 2.498033439176453214e+02 2.495806598981031357e+02 2.501524394719482984e+02
2.507970073715354999e+02 2.511084286497771814e+02 2.500757458183071549e+02 2.517775700039854598e+02
2.920080316960447249e+02 2.913015884676619294e+02 2.900011165337725174e+02 2.914242625222530592e+02
2.830677861366004322e+02 2.828257488176464562e+02 2.813796322961060241e+02 2.822562232919424332e+02
2.606009920257761792e+02 2.613050633069983633e+02 2.586539868021844768e+02 2.616164341145878325e+02
2.490225321464809269e+02 2.492954527996083698e+02 2.486461123925082290e+02 2.492760614064453080e+02
2.948905064912051444e+02 2.965600736430099573e+02 2.946298511400516418e+02 2.951253068127954862e+02
2.509937237481315435e+02 2.509419782155125063e+02 2.506015107647134812e+02 2.516151893927895458e+02
2.606532487185749005e+02 2.613312737618210804e+02 2.590705212872617267e+02 2.619870268038137056e+02
2.501167446251715489e+02 2.500115182290209361e+02 2.497017138689861611e+02 2.506731476578036677e+02
2.568284312198165935e+02 2.571356044500416829e+02 2.559161875625368623e+02 2.577923624218410055e+02
2.493836394472361349e+02 2.493175391341936233e+02 2.486507656916267308e+02 2.498790426087661558e+02
2.485108584320511227e+02 2.486098036643025750e+02 2.472949033509616470e+02 2.486627247619352659e+02
2.605288585130625734e+02 2.607867362379495262e+02 2.587619137647824914e+02 2.609296908007747220e+02
2.462924165837403336e+02 2.466926065447563587e+02 2.461780560958785884e+02 2.470040761803462885e+02
2.520925242418299206e+02 2.522975196312060291e+02 2.517461142162248393e+02 2.526119012728499627e+02
2.602813308193169064e+02 2.609544848987030718e+02 2.590458891914991568e+02 2.611096734122884300e+02
2.518337253846381998e+02 2.519677459881417292e+02 2.510029873889116061e+02 2.526786687134443810e+02
2.462071758541529221e+02 2.468816607265189589e+02 2.465405476316895488e+02 2.471196761463862401e+02
2.544199842718338118e+02 2.543252675899466055e+02 2.520001045055379336e+02 2.540569561495161111e+02
2.579801929450813418e+02 2.586622037882065115e+02 2.568561755193093177e+02 2.592034551799213773e+02
2.538883217969811312e+02 2.542805648191566377e+02 2.534505984152372378e+02 2.546225278273973913e+02
2.528700642932518292e+02 2.535046647136556146e+02 2.527432109814614876e+02 2.535654171500566463e+02
2.554833815445661003e+02 2.563485042267160452e+02 2.547400233076775464e+02 2.559902440313957186e+02
2.448296921841668166e+02 2.452050817473732991e+02 2.440534230932100570e+02 2.458249762982365496e+02
2.485170226586072886e+02 2.490662699536972582e+02 2.482277537493786497e+02 2.489359655307835908e+02
2.499815864175563149e+02 2.503889182082191383e+02 2.505038017474873300e+02 2.506228197522582946e+02
2.575083188639180207e+02 2.583222404697320940e+02 2.562777021414942169e+02 2.588056596566316330e+02
2.595557739548452787e+02 2.603869916272182650e+02 2.584936513006398400e+02 2.606078713916237461e+02
2.476225438512169887e+02 2.476990423161933563e+02 2.471909397016013656e+02 2.479993723648686910e+02
2.891255278498218786e+02 2.890801106666586975e+02 2.881004149433908879e+02 2.890466359016373303e+02
2.469352721441296126e+02 2.471450360587363662e+02 2.465777226536233684e+02 2.478754403382351938e+02
2.776343510048406529e+02 2.775212388918261013e+02 2.740342909450401407e+02 2.772285755552744035e+02
2.894228239196648929e+02 2.896505960997581610e+02 2.874253468383773793e+02 2.895152755564590166e+02
2.669800235963583077e+02 2.666090775606793954e+02 2.652215759838039162e+02 2.674829275582164883e+02
2.541195396951156056e+02 2.545341054331443900e+02 2.530717687349092557e+02 2.545228076854502035e+02
2.732955851222127421e+02 2.737064802319096088e+02 2.720246117928347189e+02 2.743438730971861901e+02
2.474728425905258007e+02 2.482133807163986887e+02 2.469732303800844022e+02 2.484006223922589811e+02
2.531243791134436947e+02 2.527622206017981057e+02 2.523925763233241071e+02 2.536819700715062140e+02
2.531220972959364985e+02 2.535083202669269156e+02 2.523905006045508799e+02 2.541500251528741501e+02
2.772236415386387876e+02 2.768534444098347080e+02 2.743444097031552928e+02 2.780091235162371390e+02
2.568033811558411230e+02 2.563989591080334662e+02 2.541922019061557307e+02 2.569162782998723173e+02
2.510862690894896332e+02 2.513703325119622889e+02 2.504265711881720051e+02 2.520192600707337647e+02
2.497288690133672446e+02 2.501872565716753627e+02 2.494420842714657738e+02 2.499614542016859673e+02
2.534957501275862910e+02 2.540969741807153355e+02 2.529810013358897436e+02 2.538429250605681773e+02
2.485024192030992083e+02 2.487028527645626070e+02 2.479571611166001048e+02 2.483619468153793264e+02
2.740780005826005095e+02 2.735267967806001934e+02 2.717053435370793295e+02 2.741763498096478315e+02
2.732545979264597236e+02 2.732378051265561112e+02 2.704162053172992159e+02 2.729229806744158964e+02
2.476920113233962581e+02 2.475608998805543877e+02 2.468943117220754289e+02 2.485168852765685870e+02
2.688995846266688545e+02 2.693603997643769503e+02 2.659104693173847522e+02 2.693172509345270100e+02
2.559109207663444465e+02 2.564794294031448203e+02 2.549660415859608520e+02 2.564959691299547444e+02
2.582870269880402816e+02 2.585907834174352615e+02 2.566822915759241823e+02 2.589465651681459235e+02
2.493569371876708374e+02 2.490289612999377482e+02 2.485402778348730806e+02 2.495995554978989901e+02
2.705741062085670023e+02 2.713639221391686078e+02 2.687779757364365878e+02 2.721355331677700633e+02
2.591903905891743420e+02 2.591211500138734891e+02 2.576568623352562781e+02 2.610584313629997837e+02
2.522537874345408966e+02 2.526072596524071798e+02 2.522462578114513860e+02 2.530422249516606144e+02
2.477128555392583564e+02 2.478482980592800970e+02 2.470507810074525992e+02 2.476319224719132137e+02
2.655461181776764192e+02 2.658895648619172221e+02 2.634859906108894165e+02 2.661038254296051946e+02
2.534365798677237365e+02 2.536321878838365649e+02 2.529465835069082971e+02 2.543820323977536191e+02
2.489976350289350364e+02 2.494182459718212783e+02 2.482261579002037877e+02 2.490005431482050255e+02
2.531251305011446391e+02 2.538009283980545092e+02 2.523953496564791692e+02 2.536087726340799975e+02
2.850420114973314298e+02 2.858373018265945120e+02 2.831502005525628647e+02 2.850364819153418807e+02
2.702492931311323900e+02 2.716031329047553413e+02 2.683310142451957176e+02 2.713948037706181253e+02
2.683431011784114730e+02 2.696651977543443195e+02 2.662111754810683237e+02 2.702426564024433446e+02
2.506299268583447315e+02 2.512322930717762688e+02 2.502935526552693943e+02 2.513049098086568165e+02
2.583586964718497825e+02 2.588308874545547269e+02 2.565410378901062813e+02 2.592025869875314470e+02
2.609634324826142233e+02 2.610193401557910988e+02 2.603431008996516312e+02 2.618821306174617689e+02
2.485168490019855767e+02 2.488373882374143591e+02 2.482535206936246936e+02 2.491730357102600237e+02
2.535324817944270990e+02 2.539985286163078797e+02 2.528505001992390930e+02 2.540046920086643070e+02
2.776536575811271064e+02 2.778062833334270181e+02 2.745946881812171796e+02 2.771254530922049639e+02
2.519456838527072193e+02 2.518484761954482281e+02 2.513539676574894770e+02 2.521818554389923577e+02
2.484405399082889119e+02 2.483362705481109174e+02 2.478858729733366033e+02 2.487464619915714650e+02
2.521562790393998625e+02 2.524512306550154506e+02 2.508719673120546645e+02 2.528747717211009842e+02
2.494738681301132033e+02 2.497927306476237845e+02 2.485285793209797305e+02 2.503894791147737351e+02
2.881947816007927941e+02 2.886982320756557101e+02 2.868182318261507930e+02 2.885411060892924979e+02
2.505317691656516104e+02 2.505965651411111423e+02 2.503566942637658599e+02 2.505648632965020113e+02
2.654261379850486833e+02 2.651098648745278865e+02 2.627917382803400983e+02 2.656615366832963900e+02
2.932725945032736377e+02 2.934627656953784367e+02 2.914009585560616529e+02 2.921887233808061524e+02
2.863199515810967455e+02 2.866294106634279615e+02 2.840634505290300922e+02 2.874068304237313782e+02
2.546906249400781519e+02 2.551691716375987653e+02 2.536696238689472125e+02 2.551000336449048120e+02
2.481161244290013599e+02 2.483618022998609547e+02 2.479159699177935750e+02 2.483946666812701380e+02
2.487821060873729948e+02 2.489497658012403463e+02 2.482591255816929277e+02 2.491937979254093989e+02
2.489711290425557877e+02 2.494281273933504508e+02 2.488543180544016025e+02 2.494376987275437614e+02
2.909158687765792592e+02 2.928560736025305005e+02 2.908748535446269443e+02 2.921501651394351029e+02
2.589468712911167358e+02 2.604041866148598956e+02 2.572218162595782474e+02 2.600972305582674835e+02
2.623996078279357107e+02 2.632429643128196517e+02 2.607398146024050334e+02 2.634999172370664837e+02
2.682750833667608958e+02 2.687744002054346879e+02 2.655719693211184449e+02 2.692203262574824976e+02
2.544165727824825751e+02 2.545743243470997754e+02 2.529772331050030800e+02 2.555739715006689323e+02
2.930397789135096787e+02 2.931557951510518478e+02 2.908823967808330053e+02 2.917245266125318039e+02
2.543971592124899530e+02 2.540937148026972068e+02 2.536751546869591039e+02 2.548404686451702332e+02
2.563553888325893695e+02 2.559981234475894780e+02 2.548168722840255498e+02 2.566495201287623331e+02
2.512369113724327008e+02 2.513843529197706630e+02 2.499818462141561781e+02 2.517323815934063589e+02
2.852286375825611913e+02 2.847954740721942812e+02 2.822502091168688594e+02 2.843031342668004982e+02
2.791000003341520141e+02 2.800046537561689775e+02 2.766113922987260025e+02 2.789181072018494660e+02
2.488867228148354798e+02 2.490057283594058504e+02 2.482633949478271518e+02 2.494126922283419674e+02
2.492165246484626664e+02 2.490603496050224237e+02 2.481834895037490014e+02 2.492009125949967085e+02
2.634256539111282223e+02 2.640564799030162817e+02 2.620727195308464843e+02 2.639501428034389505e+02
2.536427786757086551e+02 2.541803976460741694e+02 2.526586401375557216e+02 2.544937653880676010e+02
2.490277455837421030e+02 2.491237357815100211e+02 2.489460617936614426e+02 2.489009814636332294e+02
2.743761981684974103e+02 2.754438178995828252e+02 2.730839292384541750e+02 2.748500237215254174e+02
2.516156761086775759e+02 2.509167212608229818e+02 2.505900805061642131e+02 2.517600420473239637e+02
2.508003569085399818e+02 2.511301658909393382e+02 2.498398968749190487e+02 2.513481166548907311e+02
2.470440151179382156e+02 2.472921663979964819e+02 2.469792759887845932e+02 2.476736011525822505e+02
2.485959487435486324e+02 2.489170887115625135e+02 2.485975973910655625e+02 2.488914649940751360e+02
2.664517690177127633e+02 2.670999186688757163e+02 2.649108332810753268e+02 2.675842933440629849e+02
2.608145250264271340e+02 2.608610753257931378e+02 2.595479299769141903e+02 2.619584243018159100e+02
2.608582092058896365e+02 2.604974676991901674e+02 2.589475615663836265e+02 2.615482455993204667e+02
2.568339479002889334e+02 2.579251055838482216e+02 2.560197568470366036e+02 2.589084447882534619e+02
2.492501532281783909e+02 2.494702581582762662e+02 2.488736367772411313e+02 2.495107179065852279e+02
2.483473759898217565e+02 2.486057116921234069e+02 2.479023145677450657e+02 2.488068469580232147e+02
2.494952730770307880e+02 2.501908601779793173e+02 2.491097141213082296e+02 2.504538340811689636e+02
2.781695217722183884e+02 2.788868802552695456e+02 2.761012990312741522e+02 2.778036449784946740e+02
2.670807594708535362e+02 2.676101096730816380e+02 2.646432094766162777e+02 2.674143310842906089e+02
2.466475004602448564e+02 2.470166307318945371e+02 2.460586662460410707e+02 2.476730730446711561e+02
2.766721375864586321e+02 2.753780470604137349e+02 2.731990776833173982e+02 2.761985641722286573e+02
2.541027093397651981e+02 2.538341675957821337e+02 2.531708620840965409e+02 2.546069760486415703e+02
2.663525541060219552e+02 2.659882058083543939e+02 2.641482754896801453e+02 2.663919992345927312e+02
2.849669730325892942e+02 2.865113002558555308e+02 2.829280928987143398e+02 2.857145138484812605e+02
2.757334337121529302e+02 2.769230496709457725e+02 2.742383570321790103e+02 2.754798589242487878e+02
2.495711290240906521e+02 2.499459115261816748e+02 2.492965682165218197e+02 2.497715774803753561e+02
2.485764199693495868e+02 2.493707271270176591e+02 2.482270216311579532e+02 2.494457311725189754e+02
2.554306404552780521e+02 2.559837245359423150e+02 2.544848029738513162e+02 2.561930088906264587e+02
2.727145007113997508e+02 2.736662155792617455e+02 2.704853277467844919e+02 2.730743221479602312e+02
2.507422899218001646e+02 2.510688879251922287e+02 2.506197630134073790e+02 2.514336345566399302e+02
2.507543542522725488e+02 2.504660035093750423e+02 2.498667150611591694e+02 2.508896452558188628e+02
2.552478036584122663e+02 2.550336529392871512e+02 2.542254461911297483e+02 2.556088587844316748e+02
2.518399313160366830e+02 2.514825456962342685e+02 2.512632068876187645e+02 2.518039601278344719e+02
2.588667226591392136e+02 2.596754574705025220e+02 2.571880657039209837e+02 2.595583927010227399e+02
2.673200632901872495e+02 2.672085345206081684e+02 2.653911679317689050e+02 2.675431291785521353e+02
2.551518367131403693e+02 2.556450097194809246e+02 2.542833661629878463e+02 2.555734356399759406e+02
2.531513014131035675e+02 2.539479055393044291e+02 2.523895270493499936e+02 2.546425281905842724e+02
2.496053645646142911e+02 2.494549250299071161e+02 2.490471485817992914e+02 2.498228654288743087e+02
2.540308058333594943e+02 2.539406936900320773e+02 2.532593557210464041e+02 2.544952584104018740e+02
2.831689972460217746e+02 2.829073230168694408e+02 2.815741976268282656e+02 2.833300091985097424e+02
2.719988130522422125e+02 2.727441011270078661e+02 2.691350316788158921e+02 2.721782697037470484e+02
2.585641088217586230e+02 2.585549582272788030e+02 2.567221871472245311e+02 2.586073443162920285e+02
2.510350051763840042e+02 2.506527213306594604e+02 2.503656540624863851e+02 2.515226453814634624e+02
2.548954477125666358e+02 2.551752266702318366e+02 2.535593641810991983e+02 2.560686986390459197e+02
2.741492661526824577e+02 2.747726273033733833e+02 2.733966818734051571e+02 2.744988300696508645e+02
2.591063563017349338e+02 2.595984927379814167e+02 2.572411226297148232e+02 2.602123994181574176e+02
2.512168694994330735e+02 2.508313146304083148e+02 2.506223204072052511e+02 2.517792475641835210e+02
2.492833267410001099e+02 2.502896737007609147e+02 2.489485589945467154e+02 2.499886839162861349e+02
2.489807823265311981e+02 2.493601479607270335e+02 2.487804337669943209e+02 2.492734431537735986e+02
2.616549247326296381e+02 2.623244296592266096e+02 2.599447168902974568e+02 2.621601066667619193e+02
2.510877373644678130e+02 2.515209669726855850e+02 2.509526799663929353e+02 2.513451850277666324e+02
2.546196203907865367e+02 2.544851729831716227e+02 2.534920762815858097e+02 2.548097763555722963e+02
2.621137155983489038e+02 2.616144966591346019e+02 2.600153771156879543e+02 2.633459505873019566e+02
2.525397455628771866e+02 2.528765040712390828e+02 2.517306416058258378e+02 2.523303999394382515e+02
2.547171457710678055e+02 2.551859078321752179e+02 2.538481051323732913e+02 2.554226594542165856e+02
2.612760575913528669e+02 2.627602016309912187e+02 2.596331420748616097e+02 2.631009045280518990e+02
2.476772598956793559e+02 2.476661542333525006e+02 2.478943453721226433e+02 2.481151860426742815e+02
2.500879484849496066e+02 2.501556611884578274e+02 2.494790270934264811e+02 2.506190023974334053e+02
2.544946080302100313e+02 2.546207122786864829e+02 2.541204279497281959e+02 2.549681250903570628e+02
2.784619844224740177e+02 2.791409211667008776e+02 2.764969957355505130e+02 2.792300454665297593e+02
2.497959515680387881e+02 2.494808919824351108e+02 2.494460566301180791e+02 2.498241483133292888e+02
2.517893408704500757e+02 2.523173209936366277e+02 2.513665707967204526e+02 2.527156728052189578e+02
2.478440099353472306e+02 2.479751340472606955e+02 2.475240586388071620e+02 2.484555853121074449e+02
2.826125138383243325e+02 2.829906023729985236e+02 2.809459740532413434e+02 2.829207734409921500e+02
2.518924033112467953e+02 2.520069710526068718e+02 2.510128254745499703e+02 2.520247393998638472e+02
2.645300286388309701e+02 2.664092777737913593e+02 2.625111202229361993e+02 2.657361647777215126e+02
2.501983214970328504e+02 2.504148363907025896e+02 2.489420210940977256e+02 2.505116886363694277e+02
2.488571164326775431e+02 2.489778041856819186e+02 2.488439832675148580e+02 2.496776610915792673e+02
2.650466251306907566e+02 2.655321184639274747e+02 2.627480167977057022e+02 2.652743035517635803e+02
2.541623235733137562e+02 2.543423744742133294e+02 2.532729968644576104e+02 2.545082324848086444e+02
2.729321791191651982e+02 2.737546276054926011e+02 2.697946246578502496e+02 2.738175931268925751e+02
2.574531076358817927e+02 2.575975081633497439e+02 2.557938245764832743e+02 2.577950825103520174e+02
2.587220473485683101e+02 2.590615490126444342e+02 2.575710395433791859e+02 2.597071321769288943e+02
2.468192229888699103e+02 2.466864368780707366e+02 2.462831254384202850e+02 2.474511543534543137e+02
2.553230505059358677e+02 2.560432180291061854e+02 2.543819591285085551e+02 2.566807593503074827e+02
2.482008310589122573e+02 2.482489301668645680e+02 2.477314085302973581e+02 2.486473046965925562e+02
2.675982734117469022e+02 2.678075204888546637e+02 2.651251012298629348e+02 2.675685886225839454e+02
2.622897404493606928e+02 2.626205352234622978e+02 2.598466770426594508e+02 2.633996303539663018e+02
2.507755825692347003e+02 2.510442118828794378e+02 2.495262803749194234e+02 2.515366568857368463e+02
2.689268052177625350e+02 2.695331555302743709e+02 2.672780747752510706e+02 2.706650658737527806e+02
2.526657116319373699e+02 2.530408760071294409e+02 2.516928883975666338e+02 2.540166353160387871e+02
2.538428852049504485e+02 2.539921310713996832e+02 2.527500545587303975e+02 2.540268176518573853e+02
2.552275829577249908e+02 2.555754839824143119e+02 2.533258786972058090e+02 2.557640638120930419e+02
2.535788375661507530e+02 2.537322568031675871e+02 2.524107676361354322e+02 2.537640821605378960e+02
2.873596083750130674e+02 2.876774195125375968e+02 2.857996253355937597e+02 2.876182869409064438e+02
2.794626346589270156e+02 2.786405153602147493e+02 2.764192180620373165e+02 2.801212473379944754e+02
2.528228045156333224e+02 2.531479803806131770e+02 2.519678497013171068e+02 2.533498446900966314e+02
2.500128543155262264e+02 2.499217794579177223e+02 2.488089931732036746e+02 2.509859551662518697e+02
2.522884061657402128e+02 2.527189586224131972e+02 2.509794728343462680e+02 2.526279410387919029e+02
2.491126316421080560e+02 2.489598657100040668e+02 2.484912883469044118e+02 2.499409271676845776e+02
2.858343086436371436e+02 2.868651305566345968e+02 2.837880075129381225e+02 2.854650772049374723e+02
2.530463869339864686e+02 2.530529082073529423e+02 2.521355055336206306e+02 2.537998084299122468e+02
2.552624861624638015e+02 2.555872471205050829e+02 2.544803335658619119e+02 2.559614762536294563e+02
2.485954890409470579e+02 2.484719519626065676e+02 2.476023546204575894e+02 2.485597735997698123e+02
2.510286759602205962e+02 2.511888252649177957e+02 2.498196346738874354e+02 2.515443159024119666e+02
2.515590170245052377e+02 2.519830998771652446e+02 2.509815469288802774e+02 2.523330378885400194e+02
2.594432645621380971e+02 2.600151180025991380e+02 2.579909287922191083e+02 2.603040273523046721e+02
2.509907454921454359e+02 2.508502879724663899e+02 2.506674549663197524e+02 2.512024999560953518e+02
2.554056191620248910e+02 2.559364959232931653e+02 2.545913620724848840e+02 2.559606731702008062e+02
2.625879050084255937e+02 2.630452587217778841e+02 2.604370388793884672e+02 2.634406792635936654e+02
2.516622993530261567e+02 2.518240269524780786e+02 2.511011757520166725e+02 2.518382691500185615e+02
2.934037586893550724e+02 2.930068178003580215e+02 2.905854714825017595e+02 2.918606637926394001e+02
2.607279238720061585e+02 2.622243817477778407e+02 2.602438335365379203e+02 2.626756870629985201e+02
2.523489437743067469e+02 2.532152065056301353e+02 2.522527747074342699e+02 2.534933313777301578e+02
2.497996390854345066e+02 2.500514165468565579e+02 2.496922340005677086e+02 2.500679907228899026e+02
2.539663568802626799e+02 2.543923287007768863e+02 2.529283187451827644e+02 2.548319580715559312e+02
2.494116140362419571e+02 2.492630079894226753e+02 2.492094021121648382e+02 2.496347366491741013e+02
2.491180709534364439e+02 2.492095612780417184e+02 2.484306419194825537e+02 2.495752651245459788e+02
2.510062290090801866e+02 2.512003193415232261e+02 2.498438512585462092e+02 2.511774915095946881e+02
2.622818934651120344e+02 2.626080648478900912e+02 2.602816941229369831e+02 2.635598741421563886e+02
2.553817988394928022e+02 2.555486290172225381e+02 2.543568266359870620e+02 2.559180282683108203e+02
2.498613774169127737e+02 2.497939629094314000e+02 2.492282344673933210e+02 2.500761745210085394e+02
2.868142592242902538e+02 2.863278738317428065e+02 2.842158856205250004e+02 2.861320153922977738e+02
2.543275925321844113e+02 2.542238215796842553e+02 2.536824050189916022e+02 2.548716333454979406e+02
2.573851200047517409e+02 2.574194015843356738e+02 2.560516561800097861e+02 2.586372535494115823e+02
2.633317492963356017e+02 2.635576418988275691e+02 2.616602428376268108e+02 2.639277354066350654e+02
2.473110891015377888e+02 2.477092125915446559e+02 2.466367308756792056e+02 2.478890056732164453e+02
2.757386811484950044e+02 2.768158342170549986e+02 2.743147143833282939e+02 2.785298035354697959e+02
2.490344408054196776e+02 2.485804456218735368e+02 2.483324683502953860e+02 2.496564691500713877e+02
2.451932529516209627e+02 2.456156537232992036e+02 2.448742243907686316e+02 2.456888980220838334e+02
2.622431148046069893e+02 2.628469092984186659e+02 2.601822455316906826e+02 2.632469128537075562e+02
2.469508846340126524e+02 2.469603535635622791e+02 2.460928380502272717e+02 2.472784877228509686e+02
2.589231471439296115e+02 2.593049630526472242e+02 2.574803536630342364e+02 2.602881878892415557e+02
2.526079361540206492e+02 2.527142990471452322e+02 2.510826022704516447e+02 2.528267473772333176e+02
2.564413317471522191e+02 2.571671319047416091e+02 2.548417178377267760e+02 2.577626841782920337e+02
2.486060758868039784e+02 2.486508043705843534e+02 2.484009213858358578e+02 2.489712909349943857e+02
2.493327221263411388e+02 2.498236451021068945e+02 2.491392545796801983e+02 2.501673108311190674e+02
2.494586548310912519e+02 2.497026401312226653e+02 2.489178519847678785e+02 2.497534941250311817e+02
2.521387251542616070e+02 2.523878931859078136e+02 2.513801189928975646e+02 2.526353035800380837e+02
2.873601705470242678e+02 2.877758237110310802e+02 2.862741858019663823e+02 2.871868086040853996e+02
2.771672040371560115e+02 2.768416268139999943e+02 2.749066377091588151e+02 2.772761545454160910e+02
2.481725194258867475e+02 2.485072517087874076e+02 2.483055943920306561e+02 2.488847563397244471e+02
2.726747194241054331e+02 2.730611708785087330e+02 2.698478388630636005e+02 2.735691288462351167e+02
2.804107652272587643e+02 2.808953077459365204e+02 2.773664305872501359e+02 2.815234734834748451e+02
2.692027333385873931e+02 2.705101677339987987e+02 2.686329980101987189e+02 2.716383469077114796e+02
2.554354718717054595e+02 2.555092550122792829e+02 2.543687255054960872e+02 2.562511852784550115e+02
2.499384760967018622e+02 2.499019446662975668e+02 2.495979152757766144e+02 2.501062212766179584e+02
2.458520929289590526e+02 2.457599925327684502e+02 2.452185913028957884e+02 2.460015208549896499e+02
2.526840649943094093e+02 2.526896165984417451e+02 2.521864269811735539e+02 2.532563969296403457e+02
2.517619677085893954e+02 2.524850355024147177e+02 2.509955294385449918e+02 2.526361094421774283e+02
2.489376774670857912e+02 2.496487371466215279e+02 2.480424598510292924e+02 2.503808057738616526e+02
2.575807462920494117e+02 2.568205152713185839e+02 2.556056844010407190e+02 2.582623250386121185e+02
2.834503332468958092e+02 2.827241718861745881e+02 2.798437293477765593e+02 2.826245234837589351e+02
2.784517310398599648e+02 2.788004885384960403e+02 2.754978114476832616e+02 2.781737288196752615e+02
2.504061108297464955e+02 2.504960644282320175e+02 2.497049892826693736e+02 2.508917148333134719e+02
2.890473210612994421e+02 2.875007666910270814e+02 2.866118586700444553e+02 2.870022751190142003e+02
2.806733039690655573e+02 2.808208873393945737e+02 2.775927794819537553e+02 2.808603849554911562e+02
2.734660091412894189e+02 2.740562693319595269e+02 2.707264626777261469e+02 2.755532572550508803e+02
2.558768945939634989e+02 2.562201312982917898e+02 2.548005825029453320e+02 2.566318405942928962e+02
2.539503924942284243e+02 2.538712334254805398e+02 2.525356343876954952e+02 2.539546231569968882e+02
2.543179027801875520e+02 2.545480005009468698e+02 2.533053111153927546e+02 2.546811002140219102e+02
2.549445101894686729e+02 2.555499378930744854e+02 2.540865886621162417e+02 2.561428921562234109e+02
2.650929932456573397e+02 2.648130393368001023e+02 2.627750727461477709e+02 2.644599158116113813e+02
2.513147711245498783e+02 2.511925795686888989e+02 2.506132959197624359e+02 2.515618868831271016e+02
2.788958902666822723e+02 2.804603954352594997e+02 2.767602159681098897e+02 2.793193061548367382e+02
2.525450301040117722e+02 2.528299421395650199e+02 2.517292440640694906e+02 2.526763232041973311e+02
2.548708666706273505e+02 2.546847730102613525e+02 2.545217823188898478e+02 2.550851338861418185e+02
2.475252102545235857e+02 2.479529562026906149e+02 2.468851790466227101e+02 2.478049937734084835e+02
2.509014073997056471e+02 2.509542735228421293e+02 2.499551887512764665e+02 2.518800995805994205e+02
2.625481871555485327e+02 2.637111895457700257e+02 2.608047625157987568e+02 2.634119369857574497e+02
2.605320133170856707e+02 2.612811576561340416e+02 2.585537074654038747e+02 2.617143709403267735e+02
2.508114259324428019e+02 2.510023244817401462e+02 2.503044092928749080e+02 2.510891056267485908e+02
2.521069558544935205e+02 2.518385275002523827e+02 2.512882561665726371e+02 2.524421831463808985e+02
2.565341906158643610e+02 2.572490677623830493e+02 2.550967795544999603e+02 2.575307025538735957e+02
2.609950510364611205e+02 2.609721607716552398e+02 2.594395149486951482e+02 2.611347403738877233e+02
2.484550262476039393e+02 2.478655635468252285e+02 2.481369867699843326e+02 2.485885467462155134e+02
2.818609021672477866e+02 2.818562433999728114e+02 2.797340852972860148e+02 2.818817081437616139e+02
2.484204713106107931e+02 2.489045053910845127e+02 2.480730501859061690e+02 2.491467800596510642e+02
2.545400089528704370e+02 2.553396327575001976e+02 2.531505546774976096e+02 2.550301068026498967e+02
2.487862664996562216e+02 2.489720894799199584e+02 2.483678942937701493e+02 2.494491393526610068e+02
2.883865520888143124e+02 2.870851328966458595e+02 2.853443649244625249e+02 2.857160496124519682e+02
2.717098851993003450e+02 2.717337641788976725e+02 2.699522248998218288e+02 2.724282760361683700e+02
2.542820370203337177e+02 2.548474817763404303e+02 2.529468207247037128e+02 2.550991805991860701e+02
2.492667763677857522e+02 2.495649673184761639e+02 2.496031646704506670e+02 2.498740992197747062e+02
2.545613812229301516e+02 2.545043935004998445e+02 2.530522485145279177e+02 2.548143649966396538e+02
2.500943134378318007e+02 2.501611968886387558e+02 2.493571204073667786e+02 2.506764875374430233e+02
2.468789955991173883e+02 2.470894581442926778e+02 2.459914414423676305e+02 2.471513735962982139e+02
2.584367193187765110e+02 2.584210577045402601e+02 2.565100739117036710e+02 2.585492407970412501e+02
2.529881991632126130e+02 2.529379156273321314e+02 2.525068525389058891e+02 2.533242856184935192e+02
2.582155001824409055e+02 2.576825102686615310e+02 2.560477571395352356e+02 2.586376917175467725e+02
2.488091682369620514e+02 2.483104801039725942e+02 2.477753843663535349e+02 2.489572507424171590e+02
2.646252590623940364e+02 2.644484546549410311e+02 2.629986953858524998e+02 2.644504741397803969e+02
2.629937898776846055e+02 2.629918367509966401e+02 2.610905908280014387e+02 2.630889382265171434e+02
2.826444892459601306e+02 2.834500792601519947e+02 2.809224649284135467e+02 2.823961609641776818e+02
2.640793754545679235e+02 2.647562140507709501e+02 2.621077944161108917e+02 2.645764523277932199e+02
2.882231269821050432e+02 2.879316027126450308e+02 2.866539072738675031e+02 2.877833029080494498e+02
2.762968299010341298e+02 2.765007591364958444e+02 2.732412049863791026e+02 2.777723486651730695e+02
2.585599458541066724e+02 2.587486511753823493e+02 2.567871116984722448e+02 2.583625618537318473e+02
2.486705196928114674e+02 2.485356769674912130e+02 2.482119851117630560e+02 2.492736822563371675e+02
2.530941385337728491e+02 2.534006950618182259e+02 2.524514733913400732e+02 2.536045680758236927e+02
2.508799709247498697e+02 2.513733836762321801e+02 2.505290292974332829e+02 2.516450382417581864e+02
2.553800852031482975e+02 2.554170669495654522e+02 2.544066184610577466e+02 2.560535909727677222e+02
2.472002420286047482e+02 2.474385695486709267e+02 2.470158784857867147e+02 2.482878812012656340e+02
2.507959556946053112e+02 2.509628247363695834e+02 2.500388096665919875e+02 2.517661595939464974e+02
2.629426151183009779e+02 2.632424550557150269e+02 2.607840838076479031e+02 2.634827320847878696e+02
2.611186234836068820e+02 2.617398677747606826e+02 2.594361581133569530e+02 2.629676211394583447e+02
2.565028900406909997e+02 2.568797209825818300e+02 2.556217398279088968e+02 2.570971042503237527e+02
2.641938448643807646e+02 2.649715736491552320e+02 2.626454159149334373e+02 2.650187238881295002e+02
2.891403869287478301e+02 2.906468693854284879e+02 2.893766842482779680e+02 2.903474111577501162e+02
2.587983596340077384e+02 2.591103740951563736e+02 2.575009831608812760e+02 2.595544769209334390e+02
2.763373620074144696e+02 2.771187661749383437e+02 2.737988882921421805e+02 2.760331175787392795e+02
2.717891402274046300e+02 2.734330018858071867e+02 2.695332625389000896e+02 2.729362222194293963e+02
2.606400829143392457e+02 2.610624936171143418e+02 2.590095690971920135e+02 2.612367440233720686e+02
2.602916580645571685e+02 2.613127322841641558e+02 2.589896858903433099e+02 2.618604485125503629e+02
2.620080241936745438e+02 2.619491113118737076e+02 2.599919070075902141e+02 2.619443904802396901e+02
2.521168894006758876e+02 2.530417487698861692e+02 2.516779179500483963e+02 2.528362354377875363e+02
2.626940182580637497e+02 2.641145728388710268e+02 2.616805642468757469e+02 2.641758688462357441e+02
2.512419046525223223e+02 2.513881918983805122e+02 2.505294384733487334e+02 2.520820569255070893e+02
2.674931239036375246e+02 2.684836926507674661e+02 2.660571615258205611e+02 2.695143186011357557e+02
2.524967997732012179e+02 2.532899431593459667e+02 2.521565014401801932e+02 2.535940673577537154e+02
2.471888576416710634e+02 2.475053852067508444e+02 2.466906739136724980e+02 2.479495856941981060e+02
2.480562484473810798e+02 2.483096108840335603e+02 2.475592821676125652e+02 2.486469208214388402e+02
2.720411363704708947e+02 2.725795427756847289e+02 2.692716586128171343e+02 2.725181908137850542e+02
2.574229082724683622e+02 2.576407601074582203e+02 2.560828389103190261e+02 2.585093167563742895e+02
2.917146772916360646e+02 2.915394733545642794e+02 2.898033761941256330e+02 2.914795289137835539e+02
2.881176053623145208e+02 2.885150768324108412e+02 2.873281163902637445e+02 2.884106225217202564e+02
2.639448536669754048e+02 2.640363606525416458e+02 2.618577605049827639e+02 2.642693036717915334e+02
2.658006603933941960e+02 2.654724335393413526e+02 2.636719812921798507e+02 2.662173092679624915e+02
2.928092309253584631e+02 2.957821514926748137e+02 2.913547529715916085e+02 2.931987530646492246e+02
2.646578691492169924e+02 2.645490852097988181e+02 2.627843221261329631e+02 2.656292396423706919e+02
2.771496774246268160e+02 2.773307457739508664e+02 2.745662431753764281e+02 2.765140420889881057e+02
2.513874465374787803e+02 2.512763225297778718e+02 2.505888572019000833e+02 2.514302216126606595e+02
2.510968886156535689e+02 2.513197233747208941e+02 2.504803049290129309e+02 2.515689814287846673e+02
2.526564518124221195e+02 2.527202066655434010e+02 2.520573390104285636e+02 2.529283611971629568e+02
2.483179624829694774e+02 2.483846214197647555e+02 2.479497423162592327e+02 2.492509567590111317e+02
2.806202144563009711e+02 2.808261114648360035e+02 2.777126402271540542e+02 2.799089439745079630e+02
2.523232856596706881e+02 2.520836058946057960e+02 2.517352563092325965e+02 2.526915679048640300e+02
2.502042512528736324e+02 2.505292564871479613e+02 2.504330254143860088e+02 2.510153035503504100e+02
2.482824124552020635e+02 2.483567568391803491e+02 2.475072879695297559e+02 2.492281004013001962e+02
2.542516138310593590e+02 2.543537448120727902e+02 2.531640439150010593e+02 2.551145465022043766e+02
2.493950605221790511e+02 2.497004264226316934e+02 2.491472763105398656e+02 2.500792096500975390e+02
2.755063979823231080e+02 2.754180510711510692e+02 2.733150466814551578e+02 2.758604346575890531e+02
2.560742924372337939e+02 2.557175964022685264e+02 2.547146132508446783e+02 2.563666475688598325e+02
2.508702478771606650e+02 2.512192917434217634e+02 2.513584656477021326e+02 2.517820323545337828e+02
2.512822413453109505e+02 2.511710798762323407e+02 2.505012452370459926e+02 2.517720347463868507e+02
2.499368769508964476e+02 2.500541422278040784e+02 2.495253592366303508e+02 2.505121493519767171e+02
2.566412779964609285e+02 2.575143531699963546e+02 2.553742170980625303e+02 2.576981345843486224e+02
2.483123557461910309e+02 2.482283255573273948e+02 2.480281398404236484e+02 2.487918284633024371e+02
2.474456502570308771e+02 2.473299861166423739e+02 2.466300449978623703e+02 2.475584505240757096e+02
2.507484958659998142e+02 2.509241680599938320e+02 2.510143966868140808e+02 2.516483651775487260e+02
2.548647664793779199e+02 2.550019209123311157e+02 2.532296325938291091e+02 2.547240730224689571e+02
2.702650163993311594e+02 2.705867650698932039e+02 2.683296520155766984e+02 2.714338340132964049e+02
2.506774148803060314e+02 2.506604280957103867e+02 2.502484393248716401e+02 2.509293131217898178e+02
2.516670913966412968e+02 2.516212128327466360e+02 2.514193628724397627e+02 2.520077763957281718e+02
2.517596354666455056e+02 2.516882622409417252e+02 2.512857048933936710e+02 2.520249696905697192e+02
2.516392088375315836e+02 2.522561271343437568e+02 2.503971959582624436e+02 2.526883401359437755e+02
2.541853235606185137e+02 2.546233793545449373e+02 2.532636130524956570e+02 2.544409210520059617e+02
2.551538822476180997e+02 2.545005026035106539e+02 2.529703857587337268e+02 2.552409919382362204e+02
2.657144969429266439e+02 2.664439966222745397e+02 2.638844537880951293e+02 2.666055774118486283e+02
2.563071316052509587e+02 2.569598637515928772e+02 2.550296357859917293e+02 2.569833041016857464e+02
2.581441321657771368e+02 2.584450011702207917e+02 2.562807758466539667e+02 2.586699035328359741e+02
2.495245547563175137e+02 2.495490579801302715e+02 2.485046298885131080e+02 2.500972237815067842e+02
2.595539814786892521e+02 2.598560827821127077e+02 2.581499663942421421e+02 2.603771255772127233e+02
2.606717317582406395e+02 2.612737970075380645e+02 2.587028607242945100e+02 2.612094433592860696e+02
2.732485442019137167e+02 2.727867272062047164e+02 2.701245271375654511e+02 2.732534347184965782e+02
2.551019835605804076e+02 2.556504618333512155e+02 2.537359205249653940e+02 2.562557720671362631e+02
2.497811662955402880e+02 2.505400397084962947e+02 2.492929359557518296e+02 2.500653353910702208e+02
2.502711424242920089e+02 2.509540797495063202e+02 2.499185356159398452e+02 2.510827076743654800e+02
2.705035213639689573e+02 2.720211082013340160e+02 2.689456727646352761e+02 2.713491715170048337e+02
2.498242387703234328e+02 2.498965297627304665e+02 2.494581364174925682e+02 2.505691769283115775e+02
2.506368718708885410e+02 2.508684770950898439e+02 2.495310773997343290e+02 2.511158108012446917e+02
2.804848769877394830e+02 2.807919597013665793e+02 2.778098919401115268e+02 2.805711835823965998e+02
2.551646344847759735e+02 2.557123807043581962e+02 2.541612287803484378e+02 2.557980005546771736e+02
2.890938484337515888e+02 2.892244026492127205e+02 2.876684406662340621e+02 2.895083287689601548e+02
2.722655949956831023e+02 2.732251220450456799e+02 2.700981779379920340e+02 2.731769813034115373e+02
2.478656763404085837e+02 2.481128551396698469e+02 2.474220796362045007e+02 2.483431272763938296e+02
2.593406031630487405e+02 2.586778153657480175e+02 2.578375508695185658e+02 2.594117029378381289e+02
2.521160913855527497e+02 2.517868822720863307e+02 2.511548909059515324e+02 2.521524132472830502e+02
2.477431966312317115e+02 2.479533794994621303e+02 2.471667819797234813e+02 2.479292652759573912e+02
2.469480612720528825e+02 2.469789476619313291e+02 2.466660537024482949e+02 2.477169785924576786e+02
2.483807397644301034e+02 2.485856527979687769e+02 2.479485570681974025e+02 2.491152632030679399e+02
2.488466443095562397e+02 2.489440139947216721e+02 2.479206490785006451e+02 2.489855356905299288e+02
2.885591143193861399e+02 2.891573719998512502e+02 2.884156849099161377e+02 2.904825328148225481e+02
2.589991064028966434e+02 2.597882912668798099e+02 2.579806774443185304e+02 2.599611937449432730e+02
2.473895626194164663e+02 2.476213667686394047e+02 2.468165214160589755e+02 2.475734101894263404e+02
2.570846338250797203e+02 2.574038254205706835e+02 2.559427896698349514e+02 2.576597006825643348e+02
2.503601495070493854e+02 2.505959880150532797e+02 2.491757089460778616e+02 2.511414133709237433e+02
2.690185398145676459e+02 2.693540020621471740e+02 2.678646139925433545e+02 2.699387895122107466e+02
2.626323835443042753e+02 2.625740888797756725e+02 2.606554536774790449e+02 2.626765018145862882e+02
2.592720742556782625e+02 2.598725020861784287e+02 2.574495233414704671e+02 2.601854542140719104e+02
2.583151811808814955e+02 2.584963912309339094e+02 2.573731909553046080e+02 2.585449791092694340e+02
2.519899441889747607e+02 2.520458963862703285e+02 2.510457820931043500e+02 2.525893298959242657e+02
2.990473687954402067e+02 2.988357387046353892e+02 2.976529861578481473e+02 2.965749140645346529e+02
2.518070027759441984e+02 2.523585129947357188e+02 2.506684679205058615e+02 2.526138329015538773e+02
2.517625183694983093e+02 2.519432307456440867e+02 2.513844411189336085e+02 2.529063557695516806e+02
2.500265155254852516e+02 2.496808701500625602e+02 2.487805867377221318e+02 2.502018375176249947e+02
2.614041995167136747e+02 2.621852086893915157e+02 2.597407693581476451e+02 2.623299826869010190e+02
2.556209975401196175e+02 2.558733334848037657e+02 2.549364967522925269e+02 2.562194324880714476e+02
2.869243917878077923e+02 2.875429819358294026e+02 2.842554028858616562e+02 2.864780735348545591e+02
2.482588747720541278e+02 2.481322154517587251e+02 2.479319443362202833e+02 2.483825840020149371e+02
2.500465205199037655e+02 2.504841038741579666e+02 2.501201087614695382e+02 2.505498606317731856e+02
2.658720937254055912e+02 2.664025087679900139e+02 2.638233189425768046e+02 2.667836658717423006e+02
2.503584911022692552e+02 2.504597754383638630e+02 2.497057344140075941e+02 2.506618882468141862e+02
2.535092864206443721e+02 2.541301464643581483e+02 2.529390010875052894e+02 2.546144853585764167e+02
2.527058375020641279e+02 2.523199847644213776e+02 2.512746927019351517e+02 2.527450864988759065e+02
2.538167448862328968e+02 2.540834201954485252e+02 2.525719061112637007e+02 2.547010840399149458e+02
2.471679613332939027e+02 2.479687216519643300e+02 2.468360654149146285e+02 2.479501487343495114e+02
2.554155262938854207e+02 2.561664365335100229e+02 2.543172750724768889e+02 2.558997557955731565e+02
2.519677200173935034e+02 2.523953146312856575e+02 2.510577314112151441e+02 2.525026045398683721e+02
2.470548854143965229e+02 2.478430928616992617e+02 2.467129123310856755e+02 2.479136508068484943e+02
2.619866370967928901e+02 2.632987848249817944e+02 2.596684053323842818e+02 2.636865993528058993e+02
2.505757351862814630e+02 2.506278921862998459e+02 2.504903685569751985e+02 2.510887553449796030e+02
2.727326873340164184e+02 2.726065348231936127e+02 2.697611013035547103e+02 2.721061209296840957e+02
2.587810793192026040e+02 2.586644467389079409e+02 2.576657853357143608e+02 2.597656418032577221e+02
2.531322108372723108e+02 2.536535674651914576e+02 2.521352804901350169e+02 2.537896643118521354e+02
2.743007289771057344e+02 2.743186647375327993e+02 2.718864748272164888e+02 2.753436395176400424e+02
2.489980529896165251e+02 2.487234775574368655e+02 2.483480112999765481e+02 2.492896555578522566e+02
2.480773690825118365e+02 2.485116855563333900e+02 2.475438805652119640e+02 2.482409052398490132e+02
2.860630911321056828e+02 2.863845136149930113e+02 2.833001082908544390e+02 2.867698366998217807e+02
2.570868226109183183e+02 2.573469778303755788e+02 2.564609066108773732e+02 2.583064234553208394e+02
2.840331332730930853e+02 2.854474412599041671e+02 2.823173723302709277e+02 2.845382598288127838e+02
2.543821207104436155e+02 2.541069068542250307e+02 2.533533657698696402e+02 2.544012924695589390e+02
2.553038508090948540e+02 2.555900119067031255e+02 2.537558273221565059e+02 2.557569201654990252e+02
2.788788706348204869e+02 2.803854777240786689e+02 2.762879638638677875e+02 2.793328344050449914e+02
2.697900209001479652e+02 2.707249708124709855e+02 2.683188642602628988e+02 2.710013599566381117e+02
2.573842143400612485e+02 2.577368736449053586e+02 2.563534118624645544e+02 2.581866466349070492e+02
2.543170271637768280e+02 2.547020212152014551e+02 2.535025560563828151e+02 2.552289259158820869e+02
2.504416727358459980e+02 2.509157384560498372e+02 2.503529758493305621e+02 2.506455408343052511e+02
2.556066036344014094e+02 2.565397905806059384e+02 2.550956203654383501e+02 2.566818477901394431e+02
2.567584343607484243e+02 2.573177421307925670e+02 2.557616119397571595e+02 2.575659863660650331e+02
2.591857762814930766e+02 2.600076886655083399e+02 2.581289693350868788e+02 2.603675002234732574e+02
2.496604041141767993e+02 2.497381593429026339e+02 2.490775456227380005e+02 2.497844467377467765e+02
