2.492250818828127308e+02 2.490587118739380799e+02 2.487465562092478422e+02 2.495834271592758569e+02
2.537347645707054653e+02 2.539278627164720774e+02 2.527321176005486052e+02 2.547340701228754938e+02
2.482787629002568508e+02 2.488006343336272153e+02 2.474660954379008899e+02 2.489061469355353609e+02
2.756711415118199966e+02 2.765924325992440913e+02 2.719639107871597616e+02 2.755598255382799380e+02
2.471655559813392244e+02 2.470911859451032910e+02 2.463709560371985390e+02 2.478713061717439814e+02
2.536183267614362649e+02 2.538679923092587671e+02 2.521876291953762461e+02 2.546139043769420027e+02
2.514827158884700111e+02 2.519422070963317424e+02 2.510715626094293782e+02 2.519761856715911108e+02
2.528674587048858484e+02 2.534837490387948264e+02 2.518185793383728708e+02 2.535689337623345807e+02
2.458144159991051083e+02 2.463203075851558310e+02 2.455695987409001191e+02 2.462030098810180050e+02
2.928521728036614604e+02 2.942837915039222594e+02 2.905543746032915919e+02 2.935039240898556159e+02
2.523049204532833301e+02 2.524593784153534273e+02 2.506467914549347142e+02 2.532811704474306680e+02
2.560130073686895003e+02 2.564519963551535398e+02 2.550888422364286612e+02 2.564826592692247118e+02
2.501571093440685729e+02 2.509456673932275805e+02 2.504524219637166595e+02 2.512102826260297661e+02
2.578875962587038089e+02 2.586854873819891054e+02 2.566663581346010687e+02 2.591318422324885091e+02
2.556286761295521330e+02 2.567101422737767962e+02 2.536795578239552640e+02 2.568959914736988708e+02
2.546317642376235426e+02 2.551809270905016547e+02 2.531615805026179657e+02 2.555609943417668717e+02
2.949565877338794166e+02 2.961872585322178111e+02 2.936411043094460638e+02 2.939827175843934697e+02
2.513290903770033538e+02 2.516464492566068714e+02 2.509880393797378986e+02 2.519480721617659356e+02
2.701802677701431321e+02 2.708069627768407486e+02 2.692125769033164602e+02 2.713388569611445860e+02
2.496886753885454198e+02 2.499973598260269227e+02 2.493589292041535828e+02 2.504289628050545105e+02
2.692295652925760123e+02 2.698320520100339763e+02 2.666000325967602862e+02 2.709383213892654112e+02
2.473387143621002053e+02 2.476229048566402469e+02 2.463772821273957447e+02 2.482342599189761927e+02
2.515675141663328418e+02 2.518537233235138331e+02 2.503751142926082025e+02 2.521271075626593472e+02
2.993177482211376059e+02 2.973576922864157837e+02 2.966568879153349485e+02 2.975194739029047355e+02
2.592798782820496513e+02 2.593764930040354102e+02 2.571599318075452629e+02 2.591238837258401873e+02
2.501085063629951435e+02 2.504479186900324521e+02 2.499528637390257870e+02 2.509200177103324734e+02
2.935407648370576226e+02 2.937549904105917449e+02 2.906478532426132233e+02 2.944868218704431229e+02
2.495312170156682328e+02 2.501261159593661887e+02 2.499432559830139553e+02 2.516998035884074341e+02
2.522825373196439500e+02 2.524691994039996246e+02 2.514971786438328820e+02 2.527480919071388143e+02
2.511382447622231382e+02 2.511036428458918977e+02 2.493715585966170636e+02 2.517111669583321429e+02
2.904207872503141630e+02 2.911763990562951676e+02 2.892376855553974337e+02 2.907295726516533705e+02
2.575598498890994392e+02 2.586141961777299230e+02 2.559706696423489518e+02 2.586450931282330430e+02
2.515943064462306040e+02 2.512454234578653143e+02 2.502175819273080890e+02 2.515864533863959309e+02
2.722272735177257914e+02 2.730138057435352152e+02 2.697336360429951583e+02 2.745174190810463983e+02
2.758578679284511281e+02 2.756799288137669350e+02 2.727736923126145143e+02 2.762187956700166751e+02
2.519495594312645892e+02 2.518291428786016581e+02 2.511325578196051254e+02 2.529533090176308008e+02
2.583311545819578896e+02 2.588535617249813754e+02 2.565516507777168727e+02 2.595361526702626520e+02
2.841046047673077055e+02 2.842808764199954226e+02 2.801021481558580604e+02 2.836509074602242322e+02
2.550163186337450156e+02 2.550317526909157664e+02 2.538069901582145746e+02 2.553991609993563827e+02
2.849820360856260208e+02 2.862272525686753966e+02 2.836657401712070055e+02 2.843510062796057127e+02
2.518622885761041061e+02 2.513730895474929241e+02 2.501490899214650767e+02 2.511619431613253539e+02
2.499354431313941802e+02 2.499862968673518822e+02 2.497314465744472045e+02 2.503491717516153585e+02
2.563149748359657565e+02 2.567546835824305163e+02 2.552009056555291977e+02 2.566957719112719474e+02
2.525226189651318123e+02 2.529458572676075221e+02 2.514012709872462210e+02 2.533271825543490081e+02
2.533550915713975940e+02 2.537623499533188181e+02 2.526020885838296124e+02 2.536067003817831846e+02
2.441400785854496007e+02 2.444519078499544378e+02 2.431121129643973973e+02 2.447542597213690954e+02
2.758853302157052099e+02 2.763489467392861343e+02 2.727951393409118168e+02 2.761219717892027461e+02
2.753890708467812374e+02 2.756960642138548110e+02 2.730167138676414993e+02 2.767430889989017828e+02
2.555570247919535802e+02 2.559158991520860127e+02 2.535807274015323856e+02 2.554755849065580264e+02
2.607421072607291421e+02 2.610276073823680463e+02 2.576946164485284498e+02 2.612522628745555835e+02
2.566263491033680566e+02 2.572622354335306341e+02 2.552311526173716629e+02 2.585520035941920582e+02
2.487621142458842485e+02 2.483691714974137028e+02 2.478222465716536647e+02 2.488854635854968933e+02
2.460807492560873300e+02 2.466453412913899399e+02 2.455187641272319752e+02 2.464733741494441404e+02
2.499485216990449601e+02 2.502544931636512331e+02 2.494234658515801470e+02 2.504143074235237236e+02
2.516608462822725585e+02 2.522681454277460205e+02 2.506290435820503433e+02 2.523727581622208618e+02
2.580916538048554116e+02 2.588578123283671175e+02 2.571982220910261958e+02 2.593083844786029317e+02
2.487762227625772766e+02 2.489421573487129251e+02 2.481190894023782505e+02 2.493699598302326308e+02
2.546122329859479976e+02 2.549922963047207816e+02 2.534960404607375040e+02 2.552051234307216134e+02
2.898365877168108113e+02 2.908776275353088181e+02 2.880470994349906277e+02 2.918680429557227853e+02
2.461351719425133240e+02 2.465915002897867225e+02 2.451777758772390712e+02 2.468091372411897737e+02
2.498952750865363726e+02 2.504777176031608121e+02 2.491550921396464275e+02 2.506620550574522781e+02
2.634191508431854345e+02 2.641699462111449748e+02 2.603937160337543446e+02 2.648166954519599017e+02
2.475621991005439213e+02 2.476680777707142624e+02 2.469143750737294738e+02 2.479112343609886580e+02
2.685691394280525515e+02 2.690338023029765964e+02 2.651098535877843005e+02 2.679296773965559169e+02
2.534672418220098393e+02 2.544670380629638657e+02 2.523971222609204688e+02 2.541310501894368201e+02
2.520406733053471839e+02 2.524324545946418539e+02 2.518272933975868852e+02 2.528783081340863248e+02
2.469580726517145592e+02 2.470556064516906929e+02 2.461972115052519143e+02 2.470687751791601556e+02
2.579699006214613632e+02 2.584912923714189787e+02 2.549139932636669812e+02 2.586705287776548516e+02
2.504770739276061704e+02 2.503933543957058987e+02 2.502138739398702683e+02 2.508605739825770229e+02
2.826209012862594250e+02 2.820159499574906476e+02 2.790462203128747092e+02 2.817586111822494104e+02
2.840165602781611938e+02 2.846712931885480771e+02 2.824986011014315750e+02 2.851152498805930122e+02
2.659767854630751458e+02 2.662523398180201752e+02 2.638526691957403045e+02 2.671291938950032545e+02
2.585092086996245371e+02 2.582206278692134447e+02 2.559327621117487297e+02 2.581486067176256824e+02
2.492508049967884460e+02 2.492334655665468972e+02 2.481236200903874760e+02 2.496147012965276986e+02
2.480518492894734095e+02 2.482065624842831255e+02 2.472461130342567799e+02 2.487312065228022107e+02
2.572462143779306416e+02 2.577418782411045299e+02 2.564674088878931570e+02 2.581290259321344251e+02
2.548362493803797690e+02 2.552486040038255055e+02 2.530155041990115308e+02 2.556660902479553670e+02
2.513265015366426383e+02 2.515406709378953849e+02 2.502041525831931779e+02 2.521079615423066116e+02
2.570791593105482775e+02 2.567251039614589558e+02 2.540832974218685933e+02 2.571970166095295554e+02
2.516083632602801003e+02 2.510758201178598483e+02 2.508225573339569223e+02 2.510685643471514652e+02
2.484190578801380695e+02 2.484460896174456650e+02 2.476320609868780025e+02 2.486101212687285056e+02
2.476250808262028897e+02 2.476522375910399774e+02 2.471640805195365260e+02 2.484497422017493591e+02
2.486638575360838388e+02 2.487983434030037131e+02 2.485764247406317224e+02 2.491797968558946934e+02
2.914452008658507793e+02 2.916987174895430712e+02 2.900575872625154830e+02 2.909320984475072578e+02
2.508087857283123014e+02 2.511587401523845813e+02 2.504193934041922489e+02 2.514963741130682706e+02
2.594989083901700724e+02 2.605842129446508011e+02 2.579901492620393242e+02 2.602876094006213066e+02
2.926615090349674801e+02 2.924305444536303185e+02 2.906757261061842996e+02 2.930331839788348702e+02
2.510180603600094287e+02 2.515903824773721738e+02 2.496947824862116931e+02 2.520671691257847442e+02
2.813163718572397443e+02 2.815457716236469992e+02 2.769759090246529922e+02 2.810297528361742820e+02
2.486498513408434690e+02 2.490950945785290855e+02 2.472635288421826090e+02 2.491307637824461096e+02
2.518607316077583391e+02 2.518336912986052312e+02 2.510470582933878632e+02 2.525313032070011730e+02
2.516443224492797697e+02 2.515432056776224385e+02 2.501676144983449319e+02 2.521415825162953865e+02
2.477564364322053905e+02 2.481248859110839646e+02 2.466624571077599057e+02 2.486211585879031247e+02
2.692004715328129123e+02 2.698894397250325596e+02 2.672013818170073591e+02 2.706116675087668000e+02
2.539622084140659979e+02 2.534569339779599204e+02 2.526389517558670832e+02 2.538366002691973051e+02
2.477982139965057797e+02 2.485484266390581354e+02 2.479778745775224422e+02 2.486823627661847240e+02
2.478291081330459349e+02 2.481739169514596881e+02 2.472044033026040779e+02 2.481981970077496271e+02
2.470837021383603656e+02 2.472143290468963812e+02 2.462179454318116143e+02 2.476709837636711029e+02
2.521259414842890294e+02 2.517191512187806097e+02 2.510829018417569216e+02 2.529012729348513915e+02
2.512472657284118895e+02 2.516507017122669936e+02 2.506022719779683712e+02 2.516525559907663592e+02
2.509867894615027240e+02 2.515602173102871291e+02 2.507091448546583763e+02 2.518650759815373306e+02
2.571692044351922846e+02 2.569098280173154762e+02 2.549168705182371468e+02 2.579719398718735306e+02
2.522863849640203853e+02 2.526376019451439561e+02 2.520102984637138377e+02 2.532574830834745683e+02
2.522897405709173881e+02 2.518989501653690297e+02 2.514830844981304097e+02 2.525130136858486480e+02
2.484938365277554340e+02 2.481364557996303120e+02 2.469922585507176223e+02 2.484848496819248851e+02
2.682425948548682300e+02 2.693453369250323703e+02 2.664911061702676420e+02 2.687139304241202922e+02
2.562292814501735734e+02 2.564482863513850930e+02 2.543325588497033323e+02 2.578636885768486309e+02
2.581500010903183693e+02 2.582274926487115749e+02 2.555262276858847486e+02 2.592684785452287883e+02
2.614250683342602315e+02 2.609236571900097488e+02 2.581159231652044923e+02 2.614363668940383718e+02
2.767155945712640914e+02 2.783055610462233744e+02 2.746172693321522615e+02 2.767530439713856936e+02
2.744794797990167012e+02 2.757188658983823757e+02 2.722448693910971542e+02 2.756689483832586802e+02
2.475090027608316348e+02 2.480936771630184694e+02 2.464792927266728952e+02 2.487153932329582631e+02
2.529345540464428268e+02 2.532175068925417349e+02 2.516645937997388955e+02 2.528098953126042261e+02
2.557482320464024781e+02 2.557979346587432303e+02 2.543182590589771337e+02 2.569079388769378625e+02
2.596625535162397114e+02 2.593390261567954553e+02 2.582001456742001437e+02 2.596087267895014747e+02
2.468001402713001937e+02 2.470446345053603636e+02 2.462368321941839326e+02 2.474839646822186126e+02
2.506697360329866058e+02 2.509550858861766471e+02 2.503231952733770243e+02 2.513319965865272820e+02
2.618658177360596824e+02 2.620452085518517151e+02 2.590572186351897699e+02 2.620120785425700092e+02
2.500795148806925283e+02 2.502096175102103075e+02 2.490457299786189083e+02 2.505775320712138807e+02
2.503194041410515069e+02 2.503891340671077899e+02 2.498676851239200403e+02 2.506307474599119871e+02
2.610570105642207182e+02 2.612814775433732848e+02 2.595407004083846800e+02 2.616429714459139291e+02
2.609339495335508445e+02 2.616440077670002324e+02 2.584486125006922066e+02 2.615444334021401573e+02
2.920690619435637245e+02 2.925691177896803765e+02 2.909998505047761341e+02 2.922932145049437054e+02
2.610232495695903481e+02 2.610108759115628914e+02 2.584209949186100062e+02 2.616275975538966918e+02
2.661928759468680141e+02 2.668606323839459833e+02 2.634728881759786532e+02 2.682979698927361483e+02
2.516217769120627281e+02 2.514986669033433770e+02 2.509800558550487892e+02 2.519047492305936373e+02
2.541483345680262858e+02 2.541032730092098291e+02 2.529410696950351394e+02 2.546687600384875054e+02
2.532953513336732101e+02 2.528418853680012717e+02 2.520152244958414940e+02 2.538768131581167609e+02
2.494666125062511810e+02 2.496421168154122370e+02 2.482673665347528242e+02 2.498577554012036899e+02
2.899913510875992984e+02 2.909688352594662888e+02 2.882202232779703763e+02 2.894487918663001551e+02
2.474057678939991831e+02 2.473465476465440531e+02 2.466688515010974641e+02 2.483021940418386180e+02
2.499721195397127644e+02 2.502585216850828260e+02 2.488590902955488673e+02 2.503662911722316835e+02
2.524594055550430483e+02 2.522197685303623302e+02 2.511157017141387087e+02 2.528041522978945466e+02
2.494409143834961640e+02 2.491216575012570047e+02 2.488704644445090537e+02 2.494976375435957721e+02
2.517964508804691093e+02 2.520232939453798622e+02 2.502208656524031198e+02 2.522976924260755140e+02
2.543793833247876535e+02 2.546604793761059682e+02 2.532857047091749507e+02 2.546000998532955464e+02
2.742753286654337330e+02 2.741538234896092945e+02 2.716284175320618601e+02 2.744502717612865581e+02
2.699765131120511228e+02 2.693628545244625343e+02 2.669443901000756227e+02 2.692135322496733920e+02
2.527464656010297404e+02 2.529215229008353276e+02 2.523400339889808777e+02 2.528727211982062215e+02
2.592716238074959847e+02 2.599465446284600034e+02 2.573935918646038203e+02 2.594121376849718104e+02
2.912944821681574581e+02 2.926819019646566744e+02 2.911247628060420425e+02 2.918023128968333140e+02
2.560927779691120918e+02 2.565310191564653337e+02 2.541344225782787021e+02 2.564990628127155787e+02
2.540645592451994332e+02 2.542884801536262955e+02 2.535298632530961811e+02 2.544567676080424974e+02
2.576829930934916888e+02 2.584651127920510021e+02 2.568555960001181120e+02 2.590921806811829811e+02
2.925348043924255421e+02 2.920223804363397448e+02 2.909902210745732418e+02 2.908655071182105871e+02
2.857420655972213694e+02 2.857728058047789546e+02 2.833077406380849652e+02 2.854757496358633944e+02
2.491223864989372316e+02 2.489326668466447927e+02 2.485477239555899871e+02 2.493431988042716512e+02
2.502485208272967157e+02 2.503199600445269368e+02 2.494579943564068003e+02 2.512007699811626367e+02
2.570005676203827534e+02 2.576646643156941536e+02 2.545937997182255685e+02 2.580450588645700236e+02
2.699207026174337898e+02 2.697974553798240436e+02 2.676078652388034129e+02 2.727252709003224709e+02
2.704756378411030369e+02 2.714582757604617314e+02 2.673730179158469014e+02 2.727822130924878365e+02
2.464580526875452904e+02 2.461820823465717467e+02 2.458759225576044400e+02 2.467574883053220276e+02
2.474394217598628245e+02 2.477271977671703667e+02 2.466891203256671758e+02 2.482219864029879375e+02
2.546031963073759243e+02 2.560217905100083726e+02 2.534840852268783067e+02 2.557282346233149042e+02
2.589717966278876133e+02 2.595169785596654606e+02 2.567176718467242154e+02 2.594718685588211429e+02
2.475292028049139219e+02 2.481393659758753643e+02 2.469491542140830518e+02 2.484201730167276310e+02
2.809627470939927889e+02 2.831949584351844464e+02 2.792127805045572586e+02 2.829189639492950619e+02
2.907844881936838419e+02 2.915854628212601938e+02 2.892354128338271835e+02 2.915093176431312827e+02
2.581959241571474877e+02 2.587169848566726955e+02 2.564480720877530757e+02 2.592789794559719780e+02
2.564000033374784380e+02 2.567636239719703326e+02 2.548444543477307320e+02 2.575120946567308238e+02
2.514244700262319441e+02 2.514056969003999882e+02 2.508110926224222510e+02 2.518960430461394537e+02
2.752926858225831666e+02 2.748174229304876803e+02 2.725611388096990026e+02 2.747577685415116662e+02
2.618939045952138827e+02 2.611136695872986024e+02 2.594998707534227265e+02 2.617906947269642615e+02
2.487296876530210739e+02 2.491479592112877981e+02 2.489935753340905364e+02 2.493464494879345352e+02
2.511184088744230962e+02 2.512040383737985394e+02 2.500421605115250543e+02 2.520008595354222507e+02
2.519375565813998890e+02 2.518394403772304884e+02 2.517115204865940825e+02 2.526961714885981110e+02
2.473535397180589825e+02 2.478070568387949208e+02 2.461119638026070504e+02 2.482948463111405601e+02
2.511963085665048538e+02 2.515796072688922607e+02 2.500101995102624812e+02 2.528043615754218081e+02
2.759622793815619843e+02 2.777130346822359002e+02 2.741000552587457832e+02 2.766837436561274330e+02
2.644839726498039454e+02 2.651497621124270836e+02 2.627894030401590726e+02 2.656454948389218202e+02
2.569625865492151320e+02 2.577132043860335102e+02 2.559299322147272164e+02 2.577115227794051862e+02
2.519083822951179741e+02 2.521702210982127781e+02 2.512083234342945275e+02 2.520783325593909012e+02
2.553019462790844898e+02 2.561431932857767606e+02 2.546250417819021266e+02 2.572998546240104361e+02
2.559569662281198816e+02 2.562674569982253843e+02 2.542266134604202819e+02 2.561411509101384354e+02
2.789105597228505644e+02 2.804096541141434500e+02 2.762168025937311882e+02 2.800586644926070790e+02
2.663365960955858895e+02 2.667130451038164551e+02 2.643550819739336930e+02 2.674188062642347177e+02
2.475585213902449198e+02 2.479616616163504830e+02 2.468588340177628311e+02 2.487157703863147162e+02
2.535520089129021528e+02 2.534241148931712644e+02 2.525048932230653236e+02 2.543003681761367716e+02
2.484650080461092330e+02 2.481449815104708989e+02 2.475553351963492617e+02 2.486641352298819356e+02
2.661232826087039030e+02 2.656670269140282699e+02 2.630858346153972889e+02 2.657703630672907593e+02
2.831419598811519336e+02 2.845101434119378041e+02 2.822158404514688641e+02 2.851127149788344468e+02
2.482450233437185432e+02 2.479513827747383914e+02 2.475870676564227892e+02 2.489413829667372795e+02
2.630110970018627086e+02 2.630823301993988252e+02 2.609895297973794754e+02 2.639215935900492127e+02
2.646382607241720279e+02 2.632256791448068043e+02 2.616599820187791465e+02 2.655613826907311932e+02
2.483803561151530630e+02 2.489629286385413138e+02 2.477262561184408867e+02 2.493353772276191194e+02
2.481962173731839414e+02 2.486143675922878344e+02 2.469155350159293505e+02 2.491388470071459267e+02
2.627463136607317438e+02 2.631820911564812491e+02 2.603267030328653391e+02 2.634183972303815722e+02
2.880327213967787543e+02 2.886663455041160091e+02 2.855281140411371439e+02 2.884251126800140241e+02
2.751148001220315678e+02 2.749288959393326763e+02 2.714700169491490556e+02 2.746737712168558119e+02
2.494197571452817783e+02 2.499756130127641711e+02 2.484866468459620705e+02 2.505007531977190354e+02
2.471313794337585534e+02 2.475427606151451130e+02 2.464548798996646326e+02 2.474289487555566325e+02
2.735850123716681992e+02 2.728579075176978677e+02 2.707493264138889231e+02 2.744932593894023967e+02
2.599590456525771174e+02 2.596225456382487096e+02 2.579974934702064502e+02 2.614282807201821583e+02
2.829217407957706882e+02 2.827695355076882038e+02 2.799070209610032407e+02 2.831517888105669840e+02
2.838516989265594361e+02 2.848779325875325981e+02 2.826735306970393822e+02 2.842707922426419032e+02
2.502211380305483317e+02 2.503482237828089580e+02 2.492083842077718714e+02 2.509501837393007122e+02
2.611424277150714488e+02 2.606995055267670978e+02 2.595298280659944226e+02 2.614657528359244338e+02
2.507277719358853290e+02 2.504825063723269523e+02 2.506233497492044933e+02 2.513526185289246371e+02
2.533712119534636997e+02 2.537024221111248323e+02 2.517312282129378502e+02 2.539597604173801528e+02
2.516753640421911484e+02 2.513873578643776909e+02 2.505990493723229235e+02 2.518787280959906241e+02
2.962017407712961585e+02 2.971971331093324125e+02 2.947312130884097314e+02 2.949631534968710866e+02
2.502129197771489260e+02 2.503035152987684171e+02 2.494804240181947250e+02 2.503579548335166294e+02
2.605934660959583198e+02 2.603474228246801658e+02 2.574289762059142959e+02 2.608586507341104834e+02
2.545615350777685535e+02 2.560178048833256526e+02 2.530678472830318242e+02 2.560295339144051923e+02
2.479592707070598294e+02 2.483930067594637023e+02 2.470411063703610353e+02 2.487204395709891003e+02
2.897531673945628086e+02 2.911391295393422070e+02 2.879646875711857774e+02 2.901818786763287221e+02
2.495710773225748937e+02 2.496302936149418201e+02 2.486717835429473382e+02 2.499677612879763444e+02
2.492950330641361347e+02 2.499637625738103850e+02 2.484641365214016560e+02 2.507880638992940874e+02
2.538003664485189290e+02 2.544158169821969295e+02 2.526459477638041164e+02 2.550448988176073897e+02
2.519893815053645767e+02 2.517843208905075585e+02 2.505756553581040009e+02 2.526206170731969394e+02
2.543233676177296161e+02 2.549746751720473696e+02 2.532466747242466738e+02 2.552765131901917357e+02
2.539225115341374988e+02 2.542630344237354052e+02 2.521729587782528768e+02 2.551340547395283807e+02
2.518428335435046961e+02 2.521429178104820608e+02 2.504275547295897582e+02 2.529027754569179649e+02
2.456210267521690298e+02 2.460235552577971987e+02 2.446179389108797011e+02 2.465890309365347264e+02
2.478600322244996335e+02 2.482117988119355232e+02 2.477638578220595207e+02 2.483455522645048461e+02
2.500795158304925394e+02 2.502233567670343746e+02 2.491992794217937615e+02 2.505998133499662401e+02
2.520123314184636456e+02 2.524298672590372234e+02 2.510203697650071319e+02 2.529579094881891592e+02
2.567698764378653777e+02 2.572324559312883139e+02 2.554243217433127597e+02 2.573329057032020160e+02
2.548080549239948027e+02 2.549813274509508005e+02 2.534813473457414261e+02 2.557858041385996160e+02
2.490189254672232551e+02 2.494603283372609326e+02 2.481362215333062125e+02 2.503816629763488777e+02
2.473004983449097267e+02 2.473897738334409837e+02 2.462300760920633707e+02 2.477703744442762570e+02
2.532125148898501550e+02 2.531466629221439177e+02 2.522706841100569761e+02 2.535349462641049172e+02
2.896011242571460116e+02 2.912590549410813310e+02 2.881391432658444955e+02 2.888307504432577844e+02
2.495300155236035948e+02 2.498212664785443167e+02 2.479705038426205022e+02 2.498887279688181309e+02
2.812947371015503677e+02 2.827210634971939953e+02 2.798180087604924324e+02 2.828082205125050450e+02
2.865451855435341031e+02 2.865999030929503419e+02 2.850130582480470025e+02 2.858729931676409137e+02
2.514285866678897037e+02 2.518370384761748539e+02 2.502996311316972537e+02 2.522025013604064725e+02
2.601988371364495265e+02 2.614168785513886633e+02 2.582127179992790502e+02 2.612823807153740177e+02
2.694181678632090780e+02 2.693332987734454491e+02 2.667003078094352873e+02 2.704937534483732406e+02
2.613606736576155072e+02 2.626002531760694865e+02 2.591382720212480422e+02 2.626481899079574305e+02
2.540663608955711368e+02 2.533409743288407583e+02 2.522539646510493583e+02 2.540424831064687794e+02
2.629389417049030158e+02 2.636950748108040443e+02 2.612059697781697878e+02 2.645597692436838884e+02
2.510916672201435631e+02 2.520362878277872483e+02 2.494913585036455004e+02 2.513457012350410764e+02
2.539793318439089376e+02 2.540562841512661407e+02 2.529159774265753811e+02 2.553079532640313687e+02
2.720091778508090670e+02 2.722509740798591906e+02 2.687635718722845013e+02 2.725640188287311503e+02
2.496190392242278620e+02 2.500786565665439127e+02 2.489779358725378700e+02 2.501937346490377649e+02
2.477762834280315758e+02 2.479883104056419256e+02 2.472384614777991487e+02 2.486260225727181989e+02
2.546707942573089838e+02 2.544867439835976199e+02 2.528329031778663136e+02 2.554092493796922554e+02
2.531730461632369042e+02 2.532023498624461979e+02 2.517431969907082134e+02 2.542739548577553990e+02
2.532532722141739328e+02 2.530620900628374557e+02 2.516132784434751954e+02 2.537492030454615417e+02
2.503300553391230210e+02 2.505599349305694261e+02 2.489545730285506409e+02 2.513403120810110636e+02
2.553562309305706890e+02 2.556986734747462719e+02 2.541339116479322513e+02 2.564214733322518214e+02
2.511458173440200881e+02 2.511896005525402131e+02 2.501587716099436420e+02 2.519040081397289725e+02
2.925778750050895951e+02 2.926859507402361373e+02 2.885221224294368199e+02 2.918498554635820597e+02
2.671418955429795687e+02 2.658950831652477973e+02 2.633633497730539830e+02 2.668027363177785105e+02
2.523027230749290766e+02 2.528634245682822836e+02 2.524377841430462581e+02 2.525684522121893565e+02
2.526207954327936704e+02 2.525015918481558970e+02 2.515047547592884882e+02 2.532828038895208635e+02
2.548016362323871533e+02 2.552179607554938912e+02 2.528783479232124307e+02 2.553998907269293284e+02
2.483271856662757386e+02 2.483577934984718638e+02 2.479100183110156479e+02 2.485720175921796340e+02
2.525771201476524368e+02 2.530127090457790757e+02 2.515212024815590155e+02 2.537786041514024475e+02
2.585174572298627709e+02 2.583644559915098284e+02 2.569210930983952039e+02 2.598141877841951555e+02
2.529473859254801198e+02 2.531093906806113694e+02 2.513035549323888915e+02 2.531770738378049543e+02
2.468313731389663985e+02 2.471703688238850418e+02 2.461124873298897739e+02 2.478329011541118518e+02
2.498210426088698739e+02 2.502811013309858197e+02 2.490734593457373194e+02 2.506826482793323407e+02
2.557537110173399242e+02 2.555849180129083607e+02 2.539736626356712179e+02 2.568892573279090925e+02
2.537812356098264672e+02 2.544037966397781645e+02 2.521963077579793264e+02 2.550861226367423171e+02
2.898681671016457813e+02 2.905839343775450061e+02 2.880107355170972596e+02 2.910141245197832518e+02
2.464528748026221763e+02 2.465546628592469176e+02 2.458123885761765166e+02 2.471253191461431129e+02
2.486464702857563793e+02 2.488970128914838256e+02 2.476906075379380070e+02 2.490029820679781665e+02
2.750637648986150907e+02 2.757162953674127266e+02 2.718533178515535269e+02 2.767820283325924038e+02
2.487229734052170613e+02 2.488958042991566231e+02 2.477808082301224317e+02 2.496169849875021782e+02
2.761330454405082833e+02 2.780103433675764109e+02 2.744641485894027255e+02 2.774995341834906526e+02
2.453527296131130413e+02 2.458084063964684276e+02 2.444549609300445070e+02 2.464075351153959730e+02
2.951019498190217405e+02 2.933146592762710725e+02 2.926213651603704307e+02 2.943137128380924423e+02
2.613717583518114225e+02 2.616617199674539052e+02 2.591006668258654031e+02 2.615021760973294249e+02
2.495919676328932724e+02 2.497880052110038775e+02 2.486756489348310026e+02 2.503880746772964585e+02
2.576217617861718736e+02 2.588672501800591021e+02 2.563697552988163579e+02 2.587470251899500795e+02
2.572223346914242939e+02 2.573886934394793684e+02 2.559803941999929577e+02 2.580715003823015081e+02
2.474285250791594990e+02 2.476910418367892248e+02 2.464737258654784284e+02 2.477113450114135844e+02
2.510228177900943649e+02 2.516640602693560709e+02 2.501657911123263318e+02 2.515630749875143124e+02
2.491703639272904240e+02 2.491355047449958420e+02 2.490211807968297819e+02 2.495781391536725380e+02
2.486389588926321039e+02 2.489303053591013395e+02 2.479444915173988591e+02 2.492582882888454492e+02
2.493072133489465614e+02 2.498404059865747797e+02 2.479982452736576022e+02 2.509900462589532708e+02
2.531310203399372938e+02 2.534849503777705308e+02 2.524979246186165085e+02 2.541170178683082099e+02
2.566595689449450219e+02 2.574716539619549280e+02 2.549714263902653215e+02 2.576777611750691790e+02
2.958460810698589398e+02 2.966786333626775445e+02 2.944915885213720230e+02 2.961270518542692116e+02
2.495439311522924015e+02 2.500591349311276304e+02 2.488992207491812110e+02 2.500827708390449402e+02
2.736582997543396800e+02 2.758053204172397841e+02 2.716745361480687961e+02 2.745089076561975503e+02
2.522678063413927418e+02 2.526702418555977658e+02 2.513491404915236842e+02 2.527443938327948274e+02
2.550472330555675171e+02 2.554397154584647751e+02 2.545658524041510873e+02 2.553649693666444023e+02
2.530286496508747689e+02 2.536504115263500978e+02 2.519983036015462972e+02 2.535209549699822844e+02
2.697136252330204798e+02 2.701737058828788349e+02 2.686096014279152655e+02 2.711203718111081571e+02
2.538945549071958965e+02 2.550997540981944383e+02 2.527520753990255002e+02 2.546645397686809815e+02
2.503198245965877788e+02 2.508428995792461080e+02 2.494926488102909730e+02 2.513225694645844897e+02
2.525856897690381686e+02 2.529291959995176740e+02 2.513087132047190266e+02 2.533666282598089481e+02
2.647936033858915152e+02 2.653339197620000505e+02 2.621419918945310883e+02 2.669001257579736262e+02
2.525270628573331351e+02 2.525897661547652149e+02 2.514967402143427364e+02 2.537647093314172082e+02
2.493048916907452792e+02 2.493640312257863911e+02 2.481497912960601866e+02 2.502448555716727867e+02
2.518071783325490856e+02 2.518766278407996424e+02 2.509600459463968605e+02 2.521516149746661881e+02
2.480729747592541230e+02 2.483099767575480712e+02 2.472575883974319595e+02 2.488593380690084302e+02
2.533577834405095643e+02 2.539967457102233652e+02 2.523879197497074074e+02 2.538674677591806983e+02
2.508156560121891800e+02 2.510608721794010307e+02 2.494797929688242561e+02 2.516042305887626185e+02
2.524925144140814552e+02 2.526864078548081238e+02 2.521454699652192062e+02 2.528487601578012232e+02
2.754253425294869544e+02 2.765200200270226105e+02 2.726957510758394960e+02 2.765312249931878910e+02
2.906576772633304131e+02 2.902765069096238335e+02 2.887445864483047444e+02 2.899095482144185212e+02
2.534798958693899067e+02 2.539529951133752093e+02 2.525107108456664946e+02 2.545875822118414078e+02
2.585902644859346537e+02 2.591516436860480894e+02 2.570270064165164285e+02 2.594679126570036942e+02
2.512134743822873304e+02 2.511758046542927332e+02 2.511358121467837066e+02 2.515672220602145899e+02
2.475075760414125909e+02 2.479501827077984046e+02 2.469590102940505005e+02 2.480150275084884868e+02
2.661056658857922912e+02 2.674091324884821006e+02 2.645205290100444699e+02 2.666959226917410888e+02
2.663688501876612804e+02 2.662371368361595501e+02 2.644423609414949965e+02 2.664959227175980914e+02
2.485778558860362182e+02 2.486860281636399179e+02 2.475673351992543303e+02 2.490937162822281721e+02
2.622282554561223264e+02 2.628981202195922151e+02 2.604661479591115381e+02 2.635813739106882281e+02
2.893686423189275843e+02 2.892756103574067765e+02 2.883350763082116828e+02 2.892830329155165714e+02
2.497081154657071806e+02 2.495866378109539880e+02 2.487012478024657867e+02 2.495970179983331718e+02
2.767677257796700019e+02 2.772979023013579081e+02 2.739277961347420955e+02 2.765815690274027361e+02
2.498366941493324873e+02 2.500847396079789746e+02 2.495456335916392163e+02 2.503916657451808305e+02
2.919219266993741257e+02 2.919616126191733088e+02 2.889548438205511047e+02 2.917424353174292264e+02
2.625335190926080600e+02 2.617590449151136909e+02 2.603653838630157793e+02 2.631621941199389312e+02
2.508114264063634096e+02 2.507878629756027635e+02 2.507526215915306977e+02 2.513664371268372122e+02
2.654130574163434630e+02 2.656044210203058356e+02 2.632152133524013493e+02 2.654331861787838420e+02
2.486568202588025258e+02 2.483537924210796177e+02 2.482672829926937936e+02 2.488990620805446383e+02
2.607588981922461357e+02 2.609824526193772840e+02 2.588241109518273788e+02 2.617773102606877274e+02
2.514046486765565191e+02 2.513064890342162698e+02 2.494794021608152264e+02 2.515929518830996301e+02
2.799192106066677184e+02 2.788531910369432580e+02 2.756140007341510341e+02 2.785609086149353857e+02
2.564163358158364758e+02 2.565154853862279083e+02 2.546461546542649330e+02 2.567337206738425834e+02
2.508620084431378530e+02 2.513319153653607145e+02 2.495660030619428937e+02 2.513698154690743820e+02
2.625762712420846015e+02 2.630220423646247809e+02 2.602298014786074987e+02 2.633843511197395060e+02
2.526472166430090454e+02 2.533067747181862615e+02 2.502312395176803079e+02 2.532318288047727890e+02
2.482414895874073295e+02 2.489455878927477670e+02 2.478109688121602403e+02 2.491862815626175234e+02
2.539417813558688692e+02 2.543473604295616894e+02 2.528463741146209998e+02 2.548027254154889931e+02
2.742438636376149361e+02 2.751753223787353591e+02 2.729630185824693172e+02 2.756897590615063791e+02
2.457020922232286466e+02 2.463862710732558696e+02 2.454899686231546809e+02 2.465711558169989246e+02
2.495254144896140929e+02 2.499018837281509207e+02 2.481642010118111159e+02 2.508943220811849244e+02
2.583377046579403213e+02 2.585150126353848918e+02 2.566728867639607188e+02 2.582991288894586432e+02
2.662106175858675101e+02 2.665140128408425539e+02 2.631790733397941722e+02 2.662681484882034511e+02
2.571654625359731767e+02 2.571218771671979653e+02 2.556038495433532489e+02 2.580055560739011753e+02
2.685028335128353660e+02 2.689812993637415275e+02 2.663099445480578424e+02 2.700160857467460005e+02
2.456274873498521458e+02 2.459225493050055036e+02 2.450234582104249625e+02 2.465091464898060281e+02
2.478936817221963906e+02 2.482498738130963716e+02 2.473087486621776634e+02 2.485469421514575288e+02
2.643985032310129668e+02 2.651408355156651169e+02 2.624677892861546979e+02 2.647768347461545773e+02
2.549012902591731802e+02 2.553811242955179921e+02 2.534899043748870895e+02 2.550238682320996872e+02
2.719905864170862628e+02 2.722152630105140361e+02 2.683263501088771363e+02 2.732137866508275010e+02
2.588312467729845139e+02 2.591084061314003861e+02 2.569967170843859776e+02 2.598005119906779328e+02
2.608929758631588243e+02 2.612188414112559371e+02 2.594703430921793483e+02 2.614941876455321221e+02
2.494988096287557369e+02 2.495903653833554472e+02 2.487780887292485943e+02 2.500776974971655306e+02
2.481297904036323700e+02 2.487125363581028239e+02 2.476836835612919288e+02 2.488621972407726446e+02
2.571147687610063599e+02 2.575868939829421720e+02 2.548015074585021296e+02 2.578094898280036205e+02
2.476592021515927797e+02 2.475296386934810187e+02 2.471854994148683318e+02 2.479059001600825241e+02
2.458556605473490038e+02 2.461242067225159360e+02 2.450206940069538746e+02 2.465626159392855072e+02
2.510025635200020986e+02 2.516050866071063297e+02 2.505334230754996838e+02 2.516518798730031392e+02
2.482010915780253129e+02 2.483493626484005290e+02 2.475446749344746422e+02 2.489126726318234830e+02
2.493817750387780734e+02 2.497710596459234864e+02 2.478072426310662593e+02 2.500583981504667008e+02
2.522800001247935597e+02 2.523170410159488881e+02 2.516608315440736021e+02 2.528349938640793653e+02
2.485907849323309620e+02 2.492023936925400278e+02 2.480412902893985745e+02 2.492716266907724219e+02
2.482943546063608835e+02 2.487341267568973819e+02 2.476543714776268814e+02 2.492016629446790432e+02
2.654754046015074778e+02 2.655445301580869568e+02 2.614797311665159327e+02 2.650488484831550977e+02
2.507279795447194601e+02 2.509298372798184005e+02 2.500881901711517230e+02 2.513376312818288056e+02
2.478407851775074562e+02 2.474790040745317015e+02 2.467083245799823317e+02 2.480389246069285605e+02
2.484061221447909986e+02 2.487851801735058928e+02 2.476215878397013057e+02 2.489778222751131409e+02
2.696275563093605570e+02 2.685029657389149520e+02 2.671598603626575823e+02 2.693127909223582037e+02
2.494582758599494525e+02 2.499278371551819191e+02 2.482066677364156817e+02 2.503578881184872671e+02
2.479656740477699657e+02 2.484477337630255533e+02 2.472765291150591622e+02 2.491505750241498731e+02
2.550928960448008809e+02 2.549133076906222186e+02 2.535744157086230075e+02 2.557667786158358183e+02
2.595628945417225282e+02 2.599195943583197277e+02 2.581106997399866714e+02 2.603848749882077982e+02
2.602681816240609010e+02 2.612910100431030287e+02 2.585852730436498064e+02 2.616648367952973331e+02
2.478304762066849776e+02 2.475322986418201481e+02 2.459911248758255908e+02 2.481954454945085331e+02
2.493710791994849387e+02 2.495963641347139514e+02 2.485904865570960283e+02 2.506495551172406522e+02
2.492226090192775700e+02 2.492261078324235655e+02 2.482938551760407790e+02 2.496018385048649009e+02
2.487441865919691963e+02 2.487575700081836487e+02 2.488356522181155697e+02 2.497659043788359554e+02
2.507362493325950652e+02 2.507691952526144519e+02 2.494806569445204900e+02 2.512075074217452766e+02
2.508382487539872443e+02 2.513707094976739143e+02 2.502628503670640328e+02 2.517735035369370280e+02
2.525110297046216772e+02 2.525382631804640141e+02 2.510329934294487373e+02 2.526288387394794199e+02
2.487867669531435695e+02 2.490571267943931275e+02 2.483831463060075180e+02 2.488948495246825701e+02
2.512603855637266008e+02 2.514082689403880977e+02 2.508216013171543182e+02 2.516805525900753935e+02
2.466048619454284676e+02 2.465615682632704591e+02 2.456811976636809050e+02 2.472471187183244581e+02
2.578251790096330751e+02 2.591082686505593529e+02 2.566488752138316158e+02 2.593439765601016234e+02
2.666476882374388993e+02 2.654091378103946113e+02 2.640079590999068841e+02 2.668855003495155529e+02
2.494159332102140638e+02 2.491646667975375351e+02 2.479568349347891569e+02 2.496238396407255209e+02
2.515821346173955817e+02 2.519169094050310775e+02 2.506905586665014312e+02 2.522661798247295621e+02
2.524320801574691018e+02 2.522948912762114730e+02 2.512010998447761381e+02 2.529072865284061606e+02
2.594693129626208474e+02 2.593604172607317082e+02 2.571695964012351396e+02 2.601351689863917045e+02
2.783725944861261041e+02 2.803961309552441321e+02 2.773686599159356092e+02 2.791241899104217055e+02
2.514970138525783341e+02 2.515434038558458951e+02 2.510135385402978159e+02 2.516151343023554432e+02
2.503755766302334678e+02 2.505421038233378681e+02 2.494462406478350829e+02 2.508267585423172079e+02
2.578440257025860660e+02 2.589843047046386459e+02 2.554150445639127440e+02 2.591029794086148854e+02
2.512239467463831488e+02 2.514769106300507246e+02 2.510261084410230410e+02 2.521149513624733061e+02
2.769988590167421876e+02 2.783759869179702946e+02 2.741357012921964724e+02 2.783230763631366926e+02
2.529133133186316797e+02 2.530110785064982224e+02 2.513283094646490952e+02 2.540332887227892229e+02
2.518859179197542630e+02 2.523731260704395822e+02 2.510939343172458678e+02 2.523984483564439927e+02
2.523675783630943670e+02 2.527258881170463098e+02 2.521235165893474459e+02 2.529796191809051891e+02
2.585621075917457574e+02 2.593797085266588169e+02 2.567634421200963857e+02 2.595363255999502599e+02
2.506636573187084593e+02 2.505702908382495764e+02 2.501503557611501378e+02 2.502731290510821509e+02
2.495601591841571860e+02 2.500056493748237756e+02 2.487347934273880696e+02 2.503555310937029219e+02
2.747106288462613861e+02 2.760788740983989555e+02 2.726961325477925016e+02 2.769596029339867300e+02
2.496882915485228693e+02 2.496026836927763100e+02 2.485360072786245382e+02 2.505021511156519693e+02
2.567220165144240127e+02 2.567206177032941241e+02 2.548442009193062461e+02 2.570107131459548668e+02
2.454419269775924306e+02 2.459077475547269671e+02 2.448084945359495919e+02 2.460621773916936661e+02
2.721636551958769132e+02 2.728919402759805735e+02 2.686713059204620322e+02 2.718515098322191648e+02
2.840006222558204740e+02 2.842665047171836932e+02 2.810829427067923234e+02 2.825144205500144494e+02
2.511492216500739971e+02 2.512929749723768680e+02 2.508809585593352836e+02 2.513450862464143825e+02
2.513698794892055162e+02 2.517019264459513295e+02 2.501508688503278108e+02 2.518497129303208624e+02
2.494913804057493110e+02 2.498363497864771432e+02 2.488488630677880735e+02 2.501352088757350884e+02
2.532142975829953571e+02 2.536786619314149220e+02 2.514725606299207925e+02 2.543552234245809984e+02
2.686949162387792853e+02 2.683953733235827599e+02 2.651418634153649805e+02 2.704069986498650451e+02
2.519246433910001315e+02 2.527512778102372124e+02 2.510717055952519559e+02 2.531747858818183374e+02
2.502951114219113720e+02 2.506102029548229098e+02 2.495204381152955193e+02 2.506627309271124489e+02
2.591291104121078774e+02 2.589948257145731532e+02 2.569743694598624870e+02 2.593388464856724909e+02
2.505649563130733384e+02 2.508296302829491538e+02 2.496402525927464069e+02 2.517393696853474694e+02
2.509389663291178181e+02 2.511357446699038860e+02 2.502656494323482264e+02 2.522268136938390626e+02
2.675416303105247948e+02 2.702387264534534665e+02 2.659585680788973718e+02 2.686736617490814183e+02
2.509879079206529866e+02 2.512348985069993148e+02 2.500215750320312509e+02 2.516777380837193903e+02
2.655932178056317525e+02 2.655387606505481131e+02 2.629490871088669337e+02 2.659265507335082361e+02
2.507565296283307816e+02 2.509343225684716856e+02 2.494375190625673611e+02 2.514017182821161214e+02
2.517095627607436938e+02 2.518679803091809788e+02 2.507456729662799262e+02 2.521684873455022853e+02
2.495897759775792224e+02 2.501472681335691846e+02 2.480738347082589996e+02 2.508127617619880709e+02
2.509236182656457288e+02 2.510709982855013038e+02 2.500121349274638192e+02 2.514648150426548625e+02
2.468738280932298039e+02 2.470272054436115923e+02 2.460040458258327192e+02 2.474082420584100532e+02
2.512086749735857438e+02 2.512628200369481135e+02 2.502372414622582539e+02 2.514901671674132331e+02
2.479997419573236925e+02 2.479516838722734065e+02 2.463393039358967371e+02 2.482129855164663184e+02
2.543556547706169226e+02 2.546901847588902115e+02 2.530044909684034451e+02 2.549056631114891616e+02
2.479842039104953528e+02 2.479671590398991725e+02 2.468117105903039317e+02 2.483548921756835739e+02
2.953861350700375965e+02 2.950533527927207160e+02 2.941068767186054629e+02 2.946418777883704934e+02
2.522426166799538692e+02 2.529925865694104630e+02 2.518735637399715870e+02 2.530378438433573365e+02
2.918495650645526780e+02 2.929179161921996410e+02 2.904745087305182665e+02 2.915294026507768308e+02
2.493929334970655987e+02 2.490208394115348938e+02 2.480789542211739160e+02 2.497291839092320913e+02
2.517307090949474286e+02 2.517665526693355389e+02 2.507242818645603961e+02 2.527958917480309253e+02
2.678445899814552149e+02 2.695725706429404340e+02 2.654134000010892009e+02 2.693397786099529867e+02
2.827175794644433608e+02 2.841203655273882873e+02 2.791709865840668954e+02 2.815116640599574112e+02
2.459940472298999907e+02 2.459236229702813716e+02 2.453931658955973774e+02 2.458477809482591567e+02
2.499934113497027113e+02 2.503819172421754615e+02 2.493632883717847335e+02 2.507697704402886814e+02
2.493781497515717831e+02 2.492441973861882616e+02 2.486308942450934012e+02 2.499574874694449704e+02
2.655095509528579214e+02 2.664159372141316453e+02 2.628395215731665644e+02 2.663047403852255002e+02
2.548099036541218254e+02 2.555099409749791164e+02 2.538819350241325878e+02 2.557133303360380694e+02
2.547606102825741345e+02 2.549100796397472095e+02 2.536804858409261385e+02 2.554456461901335445e+02
2.539707490743899996e+02 2.539348668822388788e+02 2.530511443730272276e+02 2.543423158262662582e+02
2.515186008338439194e+02 2.517758876234169634e+02 2.502470987410167425e+02 2.519482831734716513e+02
2.860031087467240241e+02 2.877896949161537918e+02 2.834605232676599371e+02 2.849551191896671867e+02
2.528207674955201014e+02 2.531339861986428730e+02 2.510220531956362322e+02 2.535425478104544652e+02
2.664172641987526049e+02 2.680437151749434292e+02 2.654290773981783218e+02 2.682636487388909927e+02
2.496250705427354148e+02 2.497434868724153887e+02 2.483467539199392604e+02 2.498013515754155947e+02
2.543482363286184693e+02 2.545565832954765426e+02 2.539670447012757961e+02 2.545558029294599010e+02
2.530507334818122729e+02 2.533547815450597227e+02 2.520816332100226020e+02 2.537671505624465453e+02
2.546308191518355102e+02 2.551552666279659149e+02 2.528901484267587705e+02 2.552997761947842719e+02
2.590053933974192546e+02 2.590363257149591618e+02 2.568466083436957206e+02 2.592889034946353490e+02
2.609520938455528949e+02 2.607891003025860641e+02 2.589354458481449228e+02 2.613739420442296364e+02
2.574427922037214103e+02 2.577467551084810111e+02 2.563220281326570102e+02 2.581439514544350118e+02
2.480506803552339647e+02 2.483149242906317795e+02 2.471774924661178261e+02 2.486213606042624633e+02
2.699035910498366206e+02 2.708220319317870235e+02 2.675355650299258627e+02 2.703348097359639723e+02
2.833243352378535747e+02 2.832037727658773179e+02 2.808231275078646263e+02 2.827907096843670161e+02
2.496953299278626446e+02 2.501040183271263402e+02 2.494929234657180928e+02 2.503695780529430976e+02
2.502586235227033455e+02 2.503143892148138718e+02 2.489566482646932570e+02 2.509584679054628111e+02
2.871123111878150098e+02 2.890319583296940777e+02 2.841628500521275669e+02 2.870606941677478972e+02
2.639663803141494895e+02 2.650233819413018068e+02 2.624053135109102186e+02 2.653275057129738457e+02
2.538103288508352477e+02 2.541834215047508110e+02 2.524389955838635444e+02 2.548287399964481210e+02
2.494679045380809157e+02 2.494871050053433521e+02 2.488458211802463040e+02 2.493954634015198621e+02
2.564754497632544599e+02 2.568250970680714431e+02 2.553607121475833708e+02 2.580689942808750175e+02
2.550336443064749119e+02 2.551970416098922954e+02 2.539181082757528998e+02 2.558568720572268376e+02
2.556182906569323166e+02 2.558656180037069419e+02 2.544080675285114523e+02 2.565018397213386265e+02
2.750021640610752343e+02 2.775936010274434125e+02 2.741260085268307876e+02 2.765789278534616074e+02
2.532949185868353084e+02 2.536918721431686095e+02 2.523451352541976007e+02 2.544756239023956255e+02
2.713464450169450402e+02 2.718894612517976270e+02 2.682526423411079577e+02 2.707791804494585222e+02
2.493729315302493319e+02 2.495284096185675082e+02 2.486011375895468802e+02 2.501053562967605046e+02
2.791557114022948554e+02 2.780596251564208501e+02 2.756056814763339275e+02 2.782730547574281559e+02
2.485737644673068587e+02 2.485410889926978371e+02 2.478018761520083046e+02 2.488602701531721948e+02
2.525977410040602535e+02 2.531835674237462968e+02 2.510687936190514904e+02 2.529932198104449981e+02
2.599434080897524950e+02 2.609876936854776091e+02 2.582658652573940685e+02 2.613788258922351702e+02
2.936289491198064070e+02 2.950919224594981074e+02 2.915960187621406021e+02 2.946248230914779356e+02
2.478639411091740499e+02 2.479482799830713873e+02 2.467524922197803221e+02 2.488721839651033179e+02
2.552066908424195049e+02 2.556867594146850706e+02 2.543562936155715306e+02 2.560140087130834559e+02
2.536250644960794602e+02 2.536473038467444781e+02 2.515817444827935390e+02 2.534048683040350909e+02
2.515419720982243348e+02 2.515294956844572596e+02 2.502066038074362382e+02 2.523972442610243263e+02
2.751021565804310285e+02 2.762757528177908171e+02 2.735150566640820671e+02 2.759266110124260649e+02
2.696507166913681885e+02 2.713954837120526236e+02 2.690268144625950413e+02 2.710818297341037919e+02
2.511317844600006026e+02 2.513601282867703901e+02 2.511521226222813539e+02 2.514656895472589611e+02
2.502649238425082672e+02 2.504630807851932275e+02 2.485467518407994589e+02 2.502321711477815711e+02
2.605819213658083413e+02 2.605662420887487087e+02 2.592081496034623456e+02 2.620928808060093047e+02
2.539965208608452940e+02 2.544998804557082792e+02 2.520692511151759447e+02 2.545755888523518990e+02
2.485807360973088578e+02 2.486197871614157577e+02 2.479570801083000902e+02 2.491035757205729340e+02
2.568178015075083636e+02 2.570502997009268142e+02 2.557041641604850213e+02 2.576875963014698527e+02
2.478282534334547620e+02 2.482168118668940338e+02 2.474434598178571605e+02 2.482730912166929329e+02
2.479589213134724730e+02 2.481877083069320236e+02 2.475981541348943153e+02 2.483017002676640459e+02
2.502819656503945964e+02 2.506761072615231001e+02 2.490909499608993940e+02 2.510801761378031358e+02
2.579789116007319763e+02 2.583424482685244925e+02 2.563411159468253118e+02 2.593222354754479966e+02
2.517615861178693990e+02 2.530640454216820956e+02 2.505733482087548509e+02 2.537442815974815744e+02
2.723606429174935215e+02 2.726694974284972091e+02 2.687945387024941510e+02 2.717825575567176770e+02
2.495484517783493175e+02 2.496723189137184136e+02 2.489532993716265423e+02 2.497699182086891767e+02
2.653216155790998414e+02 2.671057816115794594e+02 2.638761688699381693e+02 2.664782173024150325e+02
2.483474160961970085e+02 2.485728611178887775e+02 2.472944055506133054e+02 2.486955530656244377e+02
2.628326816966870751e+02 2.641195304224963252e+02 2.614431331281766120e+02 2.643766620410966652e+02
2.483824769423118255e+02 2.485479114006302268e+02 2.479402522525170980e+02 2.486404344547567860e+02
2.495242567498039818e+02 2.491955605020350220e+02 2.486358566720983561e+02 2.498616839200870174e+02
2.511655004758440271e+02 2.513937680600250815e+02 2.500699417976502730e+02 2.519438074683619959e+02
2.550259493364335981e+02 2.546811542046342538e+02 2.534950403832492611e+02 2.560292803085483229e+02
2.519198382051645808e+02 2.522094772064425285e+02 2.507021459630024651e+02 2.526595270949943597e+02
2.491950524832733720e+02 2.492718940488997816e+02 2.478652103946154739e+02 2.495390672770604965e+02
2.482532945012158621e+02 2.481273235352007873e+02 2.468762623143094288e+02 2.487288203280458845e+02
2.461239554950409740e+02 2.456635838828581768e+02 2.450200141135840681e+02 2.463182532617200309e+02
2.734192247103630393e+02 2.736000738739576263e+02 2.699348093574943164e+02 2.730765908398335569e+02
2.493366300057287788e+02 2.499057540526694652e+02 2.492138891659937201e+02 2.497209970910842003e+02
2.718261210275521194e+02 2.720982408095520100e+02 2.688996675778496410e+02 2.729947832073318637e+02
2.522793502056777015e+02 2.522182054340750597e+02 2.506611181803046122e+02 2.528888235782736160e+02
2.470179790657406613e+02 2.470469685689169808e+02 2.466430271592420524e+02 2.476589784669718881e+02
2.492663665762764538e+02 2.497892286150094208e+02 2.481411288485181501e+02 2.500032040341533843e+02
2.493383963874873928e+02 2.492634364403392340e+02 2.483767155674128446e+02 2.496264774742932104e+02
2.534713868020093912e+02 2.536665688334348090e+02 2.522423973010348277e+02 2.533558582605240872e+02
2.784929463716113105e+02 2.787280153709962747e+02 2.774207241003086892e+02 2.793318895687061740e+02
2.536654442840427350e+02 2.535859746681996398e+02 2.522517017357823192e+02 2.543351043102870221e+02
2.732345244349108384e+02 2.733619476087787348e+02 2.692780944553929885e+02 2.729099021162903114e+02
2.479223975879796740e+02 2.480823174653079093e+02 2.469355609989467837e+02 2.481038276254165282e+02
