2.499744196171912733e+02 2.504799103663981157e+02 2.497394149659353104e+02 2.504103379094320871e+02
2.494911305384873970e+02 2.490082258873670753e+02 2.490899642621746466e+02 2.495690879980792261e+02
2.583669507413886777e+02 2.589235839573356088e+02 2.570494791036732067e+02 2.587944427125745506e+02
2.652112411941133132e+02 2.658712617535225604e+02 2.642581970825680742e+02 2.663851316655262735e+02
2.567770172463949621e+02 2.581407696385456916e+02 2.560818818271359305e+02 2.579587775419087734e+02
2.520179581157825339e+02 2.526001248367756205e+02 2.511049881258882408e+02 2.528723482259676700e+02
2.567613977517300441e+02 2.566945766741250736e+02 2.560612635947678655e+02 2.569707907607664197e+02
2.516892426165686913e+02 2.515807457075805473e+02 2.518470493146186016e+02 2.525555033273197694e+02
2.689778927641177688e+02 2.692549660480573834e+02 2.662808518865593896e+02 2.693740857873929144e+02
2.571428871098739251e+02 2.582074321046614500e+02 2.563958647427982669e+02 2.590844093892827118e+02
2.527094768928282065e+02 2.526478521333863227e+02 2.526532393723578025e+02 2.533376734725667916e+02
2.474896739141886144e+02 2.474064204334239321e+02 2.465096737671589153e+02 2.477694683681858976e+02
2.630629032916459664e+02 2.633415569228528739e+02 2.622900986181703047e+02 2.636626803520102840e+02
2.565405531154496543e+02 2.567299955609572066e+02 2.551821403822315517e+02 2.574198623552381946e+02
2.714913441816337922e+02 2.730684159964989703e+02 2.695696578206378149e+02 2.731204107098504892e+02
2.511305118994365273e+02 2.512800019627678978e+02 2.501195550383397403e+02 2.516399416835702709e+02
2.486756448105238348e+02 2.489090183445983371e+02 2.483344691701112765e+02 2.489667682326212912e+02
2.743723378198261571e+02 2.748988355242303214e+02 2.726699067628216540e+02 2.742438475614831077e+02
2.615461554226825456e+02 2.617456895358128577e+02 2.606121138361756380e+02 2.627355310639815116e+02
2.530164727105456848e+02 2.533528347509202661e+02 2.528730105996579596e+02 2.535912697666454392e+02
2.630118829919899213e+02 2.633511274136822635e+02 2.608751468645677392e+02 2.636827894215606420e+02
2.547451401954085384e+02 2.557677839520187604e+02 2.541814451090617126e+02 2.552335520871872632e+02
2.512463580977126014e+02 2.514672384711658708e+02 2.511515904303735454e+02 2.515052423536632205e+02
2.584607963498869481e+02 2.583667717865348550e+02 2.568376078474834685e+02 2.583704913424788288e+02
2.642096797447205176e+02 2.644594079223984409e+02 2.619172467134145563e+02 2.644169570255535859e+02
2.567849896845355602e+02 2.569230772484953036e+02 2.554677418957791701e+02 2.571793616454497169e+02
2.783808511693293894e+02 2.773168522967169451e+02 2.749997594008999613e+02 2.789224989660192477e+02
2.496211976404952395e+02 2.496838609426247046e+02 2.491881856615041215e+02 2.502802827595133692e+02
2.587669605454227622e+02 2.591108202290693612e+02 2.573873955530443709e+02 2.597200805960649177e+02
2.551415247630282295e+02 2.551785239399568752e+02 2.539479369908764284e+02 2.554436810381266980e+02
2.540035374642777697e+02 2.536510656426865182e+02 2.530741503489255422e+02 2.539227195600419691e+02
2.616023362691159377e+02 2.623578640194101013e+02 2.606001740127784956e+02 2.632042559012623997e+02
2.488914878006352183e+02 2.489342024326825822e+02 2.480534732125011317e+02 2.490918310757786855e+02
2.510330424174189261e+02 2.514226922713613419e+02 2.507889101002706127e+02 2.520606165786404631e+02
2.823551728579145674e+02 2.822829982468171011e+02 2.805825944410429429e+02 2.826853549331491422e+02
2.683288147234477492e+02 2.690279853801233685e+02 2.662839595269101665e+02 2.689521670655150842e+02
2.510418278350268793e+02 2.510994439851461948e+02 2.507612218053609752e+02 2.521933988743742532e+02
2.500413324923455605e+02 2.504276085193468191e+02 2.501037875563256137e+02 2.502920157010486264e+02
2.552051311227934889e+02 2.551757724501161704e+02 2.543592647997963923e+02 2.554657567285646280e+02
2.520840549841479685e+02 2.515863040348740185e+02 2.517501361572029168e+02 2.516866382758923635e+02
2.931969066427855068e+02 2.929896460753452061e+02 2.912721273222504124e+02 2.941419969159051675e+02
2.552007439669381768e+02 2.556554604039770595e+02 2.547016815788684312e+02 2.563675270772690737e+02
2.575368478217980623e+02 2.582028530358865623e+02 2.573776592410525268e+02 2.586050401808863626e+02
2.704918266393689237e+02 2.703212063402674517e+02 2.680429741170508464e+02 2.702443138035429797e+02
2.724115011499524712e+02 2.727774979359368785e+02 2.708011733280288240e+02 2.729939747515441582e+02
2.568092880541498744e+02 2.567055744309388388e+02 2.553789081956472558e+02 2.573329937488695691e+02
2.494109433663654443e+02 2.495336143392988504e+02 2.489499306342482328e+02 2.499341049662656076e+02
2.520376865376977094e+02 2.523050235671242945e+02 2.520756087436314488e+02 2.523120056943224938e+02
2.603314397646227576e+02 2.608355895843850476e+02 2.585995350530052406e+02 2.615422648815796265e+02
2.617550834877509374e+02 2.621977081083829262e+02 2.600961257684487009e+02 2.614154526201774615e+02
2.624778551535351880e+02 2.621833734608991904e+02 2.605982530679889351e+02 2.637112957826972774e+02
2.514926008040999363e+02 2.512171312029170736e+02 2.515906053118366970e+02 2.522828782177156199e+02
2.546305263201319917e+02 2.553600600343052633e+02 2.547225318529980029e+02 2.549670454508709270e+02
2.556557705753733103e+02 2.560474054738892278e+02 2.550352683152250677e+02 2.564456800003740682e+02
2.517209138144269218e+02 2.511657827238377081e+02 2.515078266110482161e+02 2.516910940541727371e+02
2.743179629882390032e+02 2.750737428724948472e+02 2.720281071094721597e+02 2.756509158308103338e+02
2.590747277934022463e+02 2.591531190610766657e+02 2.577267863351248707e+02 2.598673503774077744e+02
2.543135296958918445e+02 2.549961763893513762e+02 2.542638160911069178e+02 2.550772303097731424e+02
2.521750258799496578e+02 2.525885714686613994e+02 2.517388598204803998e+02 2.529574943470842925e+02
2.483971981901234187e+02 2.480349285309320635e+02 2.475989340519124084e+02 2.487983079317197337e+02
2.494866855304363753e+02 2.490220666101625113e+02 2.487613151233106521e+02 2.502248023847306229e+02
2.694280355394010371e+02 2.697263097640998240e+02 2.676817993230467323e+02 2.706213103694200299e+02
2.624376759256023774e+02 2.631828128417884614e+02 2.606253131478436558e+02 2.628721405553869772e+02
2.471250044297271131e+02 2.471234125558079313e+02 2.465979914595157254e+02 2.469576147494073837e+02
2.509408746862713997e+02 2.513012555271091628e+02 2.515775458058056415e+02 2.511529707876758835e+02
2.938443014234476323e+02 2.929213404557914942e+02 2.911105722970016245e+02 2.920225051961712097e+02
2.815623159325821803e+02 2.818990021893119433e+02 2.796882795324243034e+02 2.809526084993001405e+02
2.527315453044878950e+02 2.524687786877290989e+02 2.519531963031455462e+02 2.535784580297609807e+02
2.533322095341079887e+02 2.533627426301032983e+02 2.525790863004465905e+02 2.536643678627710017e+02
2.506830537236102714e+02 2.509965880252799479e+02 2.501152321330174004e+02 2.508775595014940905e+02
2.568751645612823040e+02 2.572112235471996655e+02 2.564410664768817014e+02 2.574885308939838637e+02
2.506692260813767916e+02 2.511611482413620138e+02 2.506001285408146373e+02 2.515396136854391500e+02
2.516009178783970697e+02 2.519309717546324521e+02 2.517268674943403539e+02 2.520582945175490863e+02
2.869535845763759312e+02 2.868850888317585941e+02 2.844984843700183319e+02 2.872333514385560989e+02
2.556753381948576020e+02 2.557882641326673934e+02 2.547949606672988807e+02 2.565083266238886495e+02
2.748162967888416119e+02 2.751182194706078121e+02 2.718240917388849311e+02 2.751636222491229660e+02
2.680770053940941580e+02 2.683777396445597105e+02 2.666838749861091742e+02 2.686913627218414149e+02
2.615658907247225784e+02 2.624715291393976599e+02 2.599102320873087137e+02 2.622910749918947317e+02
2.522469795248270827e+02 2.526471007731716156e+02 2.513306068013863523e+02 2.531205171351523688e+02
2.676173006153377969e+02 2.676446611307410421e+02 2.655357753538393126e+02 2.687007443241134865e+02
2.884437209875996473e+02 2.886038952637935040e+02 2.861352467426657427e+02 2.876508017259764642e+02
2.528200297085990940e+02 2.536332739550182964e+02 2.514795289496029511e+02 2.527647496497740462e+02
2.489960264746731013e+02 2.489340244749373880e+02 2.487739635384796770e+02 2.495273401877776678e+02
2.499863569957705067e+02 2.502899116219605560e+02 2.496256641261774973e+02 2.504800786743441563e+02
2.592903871645028175e+02 2.600097327836481895e+02 2.584867077697242621e+02 2.603558826590302715e+02
2.688087564449498359e+02 2.689712161963885251e+02 2.666918655927701707e+02 2.693276830361160705e+02
2.559461519646617660e+02 2.559337254858805011e+02 2.554540751920917216e+02 2.557772266003276513e+02
2.494764564343837776e+02 2.496966483812415447e+02 2.495294248736290683e+02 2.499840562949230218e+02
2.817566663836979615e+02 2.814775183201886080e+02 2.792510861071813792e+02 2.811837595725758092e+02
2.547610798351900598e+02 2.544938236301065615e+02 2.543199052937334841e+02 2.549629012074444461e+02
2.491207384944475223e+02 2.492405143604694047e+02 2.486934115701959911e+02 2.495428021150841289e+02
2.553015213144237237e+02 2.561397770531494302e+02 2.545687623021091781e+02 2.559714631795594926e+02
2.646390947647064991e+02 2.653645530375624162e+02 2.632963398237459955e+02 2.659047867716079736e+02
2.594781069462445089e+02 2.589932466572914791e+02 2.583408599323434487e+02 2.598147474933992385e+02
2.500623050950254083e+02 2.503648068141912972e+02 2.494441256700766871e+02 2.505128167862701787e+02
2.616935411487539227e+02 2.628314354549580685e+02 2.606479495998524385e+02 2.626009161223796582e+02
2.586070462094331788e+02 2.593442216412203152e+02 2.576339846974181569e+02 2.591722672381653183e+02
2.579702766327619656e+02 2.583720501647351284e+02 2.565148721241310454e+02 2.587092038618114884e+02
2.559788931601436559e+02 2.562105920984964200e+02 2.556666247996936079e+02 2.561630361164970395e+02
2.509067970405271524e+02 2.515452457684826300e+02 2.499184307874082549e+02 2.515037416294974548e+02
2.737088062306210077e+02 2.746970832684830270e+02 2.720375179058885919e+02 2.752865838731946724e+02
2.564873355195376803e+02 2.564661809727660398e+02 2.558798260379317924e+02 2.564183830255058751e+02
2.555904484440053750e+02 2.559464325561268083e+02 2.554976904524812369e+02 2.562422380516626959e+02
2.580422311264607060e+02 2.575036335059039629e+02 2.564300750818825350e+02 2.579237776476355180e+02
2.660023795798005040e+02 2.660619369445713573e+02 2.641865675254964003e+02 2.662285275122138728e+02
2.572260729863158986e+02 2.577652748092393722e+02 2.560950687112581363e+02 2.580871818718215422e+02
2.494851460671790733e+02 2.494153351300314228e+02 2.490754116388334864e+02 2.497772935551416822e+02
2.654800291032760242e+02 2.650438635948321462e+02 2.642275265966050597e+02 2.663550623400656150e+02
2.792055044136779998e+02 2.802511404708835130e+02 2.770574882429651211e+02 2.794909940893062981e+02
2.519161802749736694e+02 2.520605081470873756e+02 2.520833866669590861e+02 2.524607194044598089e+02
2.721836683251004274e+02 2.730183817051962478e+02 2.711190983091956923e+02 2.743378890367686154e+02
2.509921244968339522e+02 2.512640778987109229e+02 2.509576123713256948e+02 2.514330604967204863e+02
2.507623197635907104e+02 2.511001729011487384e+02 2.505743504441918219e+02 2.512084843103937715e+02
2.677710290107627884e+02 2.687862263776123655e+02 2.664431928023823275e+02 2.687549627516377768e+02
2.942408380478547087e+02 2.953984376894583761e+02 2.923043331134186928e+02 2.926028837473712656e+02
2.528301741989862705e+02 2.528532815112473884e+02 2.526444654916707577e+02 2.535896388511588952e+02
2.573240611408662062e+02 2.573274871472842733e+02 2.561005420864340181e+02 2.576401473375275941e+02
2.663857904316803342e+02 2.671285684259055984e+02 2.637623307954899019e+02 2.666170965988083594e+02
2.574417236895085921e+02 2.575509507267719300e+02 2.567004691729555361e+02 2.580887729555794294e+02
2.610509734306119185e+02 2.623099842922107428e+02 2.604509515776958892e+02 2.623793915997321164e+02
2.790283123959939644e+02 2.798911603537234782e+02 2.770495066645203224e+02 2.786608130038677018e+02
2.495087887536569156e+02 2.498126551552270769e+02 2.493976429895509739e+02 2.502276258856718414e+02
2.648685658365808422e+02 2.665258237483280368e+02 2.639142138179363997e+02 2.667529560921716438e+02
2.644180988146943037e+02 2.646455219460672197e+02 2.629642435682072232e+02 2.651273384757074041e+02
2.585775847838859249e+02 2.590027114478842805e+02 2.572935842702069067e+02 2.593442009708293767e+02
2.645068603417564645e+02 2.641942110403843458e+02 2.617219718381875282e+02 2.650029049036605215e+02
2.750292220684671634e+02 2.762605074994772849e+02 2.730195535175477062e+02 2.760493879369748242e+02
2.743578946335660476e+02 2.748096613014973855e+02 2.724402046895781950e+02 2.748525381308655255e+02
2.586620487580062786e+02 2.583017264078745825e+02 2.565380589262986177e+02 2.584734841389650342e+02
2.532995811110357067e+02 2.533085462673252550e+02 2.527083165081649838e+02 2.532325511693786666e+02
2.652747244982713823e+02 2.657202954086374120e+02 2.627597937945955096e+02 2.666063764288240350e+02
2.839219236451938855e+02 2.847702627296379774e+02 2.823140909339039695e+02 2.839306086277192662e+02
2.526119213931117429e+02 2.526346086503358208e+02 2.517528942861328574e+02 2.529987844946704456e+02
2.622577955804269436e+02 2.632523210699735614e+02 2.615162797622824655e+02 2.633760232272473445e+02
2.690248610734454360e+02 2.699177089997212988e+02 2.675335000841556052e+02 2.698459450851157726e+02
2.501220390192864613e+02 2.506117157226769621e+02 2.502190853128921333e+02 2.509477947470567472e+02
2.771290490753208360e+02 2.776356931700908035e+02 2.757360989595324554e+02 2.774226544656368674e+02
2.505306338404966766e+02 2.502789440066419502e+02 2.495924050393845732e+02 2.506548067346897994e+02
2.690322610162900219e+02 2.690407341618102919e+02 2.668777936243558315e+02 2.703248832069599530e+02
2.965464783496205996e+02 2.972705617248755630e+02 2.959654770587255257e+02 2.952771901368025738e+02
2.553274391592789812e+02 2.557909465765267782e+02 2.547514169416340906e+02 2.560351788077792321e+02
2.540316630386755321e+02 2.536960710797727074e+02 2.527657173099858881e+02 2.545299627590447642e+02
2.572360348718251544e+02 2.577873144491257449e+02 2.564859302225424358e+02 2.583027571524163477e+02
2.514815664501813615e+02 2.511985936048188535e+02 2.512900566673488925e+02 2.521586940100340257e+02
2.733072982927571388e+02 2.740533747782932323e+02 2.710638308425670857e+02 2.737825649606196521e+02
2.872198204018254728e+02 2.877657166164323712e+02 2.860274359870401213e+02 2.865393894956885674e+02
2.563026011215279141e+02 2.562196580373332608e+02 2.557697992136756966e+02 2.568193605403338893e+02
2.502202715069790600e+02 2.499404765015453620e+02 2.499633005100767775e+02 2.510061294949757098e+02
2.533790748424124502e+02 2.538073653673523893e+02 2.525403920804068889e+02 2.544322342194849966e+02
2.539766349957271814e+02 2.539440556684792512e+02 2.524273339134611831e+02 2.550507724642419021e+02
2.499457290416875708e+02 2.501391029904535230e+02 2.493665179270449812e+02 2.503461910785956661e+02
2.547925693493433812e+02 2.548905222667976602e+02 2.536413699455144410e+02 2.553883986826119212e+02
2.577019396519742145e+02 2.576009494667871422e+02 2.565122257425964563e+02 2.580616171200381359e+02
2.495712215552452449e+02 2.495617831875833303e+02 2.490315059308956336e+02 2.500400878712110853e+02
2.630353568247132898e+02 2.632655084360305864e+02 2.604885967535531108e+02 2.637055248666281386e+02
2.545816834183186756e+02 2.549149114849398643e+02 2.541668438548101676e+02 2.554667030786561099e+02
2.849218535992037573e+02 2.854743430879287871e+02 2.824181406042795288e+02 2.854717949472571945e+02
2.760790010809207047e+02 2.751931809741166717e+02 2.726999187717941027e+02 2.767656870260330493e+02
2.495292035242276825e+02 2.496381255386307885e+02 2.489452100150207912e+02 2.497839274644841794e+02
2.530643097860362047e+02 2.536602414505192655e+02 2.522499310244359947e+02 2.535543192477922503e+02
2.529569553631446865e+02 2.530968480753085430e+02 2.526562616235084988e+02 2.529925491860726368e+02
2.691339284473637008e+02 2.697925393717816291e+02 2.672739805490394929e+02 2.697610742223640159e+02
2.489776003189595031e+02 2.492803060890752533e+02 2.484491385627241868e+02 2.496451142459167158e+02
2.520356890873367206e+02 2.517305004945849873e+02 2.510343873498785001e+02 2.522180067033208388e+02
2.682352602576956428e+02 2.688124061498079413e+02 2.658222843889883507e+02 2.684397853411426240e+02
2.500691803723432258e+02 2.500318215665838295e+02 2.497469817594924280e+02 2.499577302155968255e+02
2.633101557987188244e+02 2.637221527870256068e+02 2.618341780213806373e+02 2.637121548892911278e+02
2.513233902179471784e+02 2.516409945584272805e+02 2.510913688069440468e+02 2.522514163483745051e+02
2.621100101464559202e+02 2.622593425553924931e+02 2.605317885167594341e+02 2.630825578294339948e+02
2.653869873194713023e+02 2.657056531026335620e+02 2.632882015582232498e+02 2.664078736433510244e+02
2.517781022370304242e+02 2.517722147914299455e+02 2.514071166030234394e+02 2.516831642515979297e+02
2.793323545799580643e+02 2.800609828091185705e+02 2.772761402791662135e+02 2.794148463146844392e+02
2.519376589419806862e+02 2.520529677774894992e+02 2.512356375936662403e+02 2.524700515198252901e+02
2.496302403519996176e+02 2.498472205020573824e+02 2.491925423946479441e+02 2.497922877734285692e+02
2.591118656730930070e+02 2.593040705595225290e+02 2.568088398754001673e+02 2.591944158340044737e+02
2.476755377810080461e+02 2.479175707713764893e+02 2.480016627826764477e+02 2.492489925566574414e+02
2.495974671289170601e+02 2.496142001567836530e+02 2.493018732385255305e+02 2.501136481980241228e+02
2.609609763340940276e+02 2.608171008869047114e+02 2.595668549375322414e+02 2.609915081209322807e+02
2.503155925232427421e+02 2.506348104087651336e+02 2.499568079502118394e+02 2.506091965076678321e+02
2.626879968916792336e+02 2.628914114058896416e+02 2.618259820919507206e+02 2.637840604665254318e+02
2.505902643200944055e+02 2.506765206980309415e+02 2.499554941863035822e+02 2.510133936881694297e+02
2.582531006550792654e+02 2.582608448626554605e+02 2.565516286664382051e+02 2.590670847628988440e+02
2.821886970141817415e+02 2.814853026872351620e+02 2.795947985596771446e+02 2.821850485175371546e+02
2.981416204969610817e+02 2.978948314414702168e+02 2.968681617105131068e+02 2.976622380275449018e+02
2.487160866580140919e+02 2.484670784023401779e+02 2.481108941792986116e+02 2.486401100085051041e+02
2.558538285921625004e+02 2.559872490911199634e+02 2.551971033974413672e+02 2.559579408612875966e+02
2.620864291938634665e+02 2.621967763832535070e+02 2.610530499705550938e+02 2.623881363870867744e+02
2.530438323415450839e+02 2.533452570465557017e+02 2.518801415227845553e+02 2.538693227071240130e+02
2.704363297642785824e+02 2.723770137637094422e+02 2.691164831925998442e+02 2.708100303590589419e+02
2.652780967062815876e+02 2.657592645972839591e+02 2.640406637034699884e+02 2.658016625327837801e+02
2.945324524830432438e+02 2.948749432702181821e+02 2.941443275039758873e+02 2.951990497652511181e+02
2.573653491333868146e+02 2.580977064323377022e+02 2.570443250981373353e+02 2.581863751284603836e+02
2.543096777514655287e+02 2.549202776659108167e+02 2.538968126065423974e+02 2.553748346495205510e+02
2.548389582623279921e+02 2.548433646556713370e+02 2.544053058030150964e+02 2.554502626812340225e+02
2.562631979685284591e+02 2.563762153303304103e+02 2.557990037155987011e+02 2.562772104528395403e+02
2.721089237487177570e+02 2.721068025881389190e+02 2.701881452650918050e+02 2.725952273144383184e+02
2.593082878339774879e+02 2.589261040955884141e+02 2.583036037589805005e+02 2.606155814730175280e+02
2.560138922890159847e+02 2.559339496710676087e+02 2.551110030672790856e+02 2.565218030957460655e+02
2.735202303471183995e+02 2.747744485576820352e+02 2.717428160730983677e+02 2.745751545483536233e+02
2.952277770998112487e+02 2.948340881739171095e+02 2.950362818216278242e+02 2.954905690528515265e+02
2.532236061445031510e+02 2.531894379130665413e+02 2.521426277487586844e+02 2.537190915290179873e+02
2.556191945825515006e+02 2.558458780530494892e+02 2.546795986264620524e+02 2.563046333331944879e+02
2.498871478566098006e+02 2.497160320527662236e+02 2.495936417133357281e+02 2.504053045943377072e+02
2.523950137654210550e+02 2.528508133754713469e+02 2.519807390495294896e+02 2.531566057998361146e+02
2.511987078318528859e+02 2.516597171716227876e+02 2.511692644682352977e+02 2.511750329497250505e+02
2.528986051033146225e+02 2.527468742106219395e+02 2.525356436655958419e+02 2.534031412956969689e+02
2.520326843531882162e+02 2.526044281390563526e+02 2.519287629836185829e+02 2.526752318207795440e+02
2.782084042057582565e+02 2.797335205442913093e+02 2.777851282656058061e+02 2.811702827299408227e+02
2.776291334257051631e+02 2.779527818375929655e+02 2.748163092609268574e+02 2.782724168116683927e+02
2.687454740904948949e+02 2.689261044626047692e+02 2.649958585369402613e+02 2.688024337463355096e+02
2.603112510838314506e+02 2.606349193621234122e+02 2.593048517506609869e+02 2.611698355338024840e+02
2.920406610860572414e+02 2.934342325411498109e+02 2.915078305512793122e+02 2.918587684559313971e+02
2.500733839754149130e+02 2.502019421982618326e+02 2.501317518983068453e+02 2.503039866182305673e+02
2.504416558273726707e+02 2.505210968793478514e+02 2.499956925034457527e+02 2.506563520656414994e+02
2.801969694209092836e+02 2.804345261046785254e+02 2.780394502613158352e+02 2.806348367444062433e+02
2.519569845506493095e+02 2.523537045798735505e+02 2.509356128164344852e+02 2.524898683256906224e+02
2.503691813851768302e+02 2.504946199664381368e+02 2.499385184187011646e+02 2.505081924752806231e+02
2.599918054103916347e+02 2.594200138028396054e+02 2.579755540679836940e+02 2.600455977151704019e+02
2.665942901431340033e+02 2.675433256612366222e+02 2.646535324748323887e+02 2.672364086095321909e+02
2.605317045465198476e+02 2.611903318874152546e+02 2.594136283501879348e+02 2.613623659014479585e+02
2.511817202040851384e+02 2.518360291160933571e+02 2.508487057596883574e+02 2.524690087202501445e+02
2.569763641724350691e+02 2.565768128275114464e+02 2.555892760595826303e+02 2.573062428416163812e+02
2.524433027186296670e+02 2.526419774854533102e+02 2.514237126319431184e+02 2.529317369191032583e+02
2.580247178421168428e+02 2.588419539609515141e+02 2.572801839390143641e+02 2.593371384935813921e+02
2.530975405425363363e+02 2.530183801380599391e+02 2.517412696191825034e+02 2.535963873826383406e+02
2.543949298522122717e+02 2.548649837445014725e+02 2.539974375194461231e+02 2.546870870619741538e+02
2.608512073781262188e+02 2.604078030739107135e+02 2.583958201615099028e+02 2.613302204158267728e+02
2.605944761545192137e+02 2.607251969904227735e+02 2.596165024453762271e+02 2.614581361789745415e+02
2.506478458169763428e+02 2.511551717207520653e+02 2.510346123088896491e+02 2.512781758629596141e+02
2.518416369812215407e+02 2.517604847077261638e+02 2.520362922927102716e+02 2.521152807252646539e+02
2.726672751733318592e+02 2.737835806972428259e+02 2.716347245380860045e+02 2.735872683279497437e+02
2.516056708577328322e+02 2.516555601445614911e+02 2.502091283493473384e+02 2.523636059237149993e+02
2.724994862892554579e+02 2.730270792818676000e+02 2.700743606415346676e+02 2.726639229357547265e+02
2.645386294012000690e+02 2.659122947598415863e+02 2.632177562771056500e+02 2.656767582711648288e+02
2.505221190085853209e+02 2.504620991949350923e+02 2.499034621402631160e+02 2.509239293269114341e+02
2.656615693798269717e+02 2.664096964183673890e+02 2.642558475433483522e+02 2.666755572825305194e+02
2.979329840143945489e+02 2.974854007638867870e+02 2.960319139846154712e+02 2.960853769478641766e+02
2.691768856859979451e+02 2.692972226600525119e+02 2.662907811790224741e+02 2.709692272886215960e+02
2.596923925904008570e+02 2.602666666004046192e+02 2.578135500388822834e+02 2.614372467440829269e+02
2.878123563142897865e+02 2.877530940877011858e+02 2.852641703799464494e+02 2.873591671187704719e+02
2.595109803996039659e+02 2.601506193687636710e+02 2.588347946718591288e+02 2.600853777964513256e+02
2.545952783254066958e+02 2.545329574912464636e+02 2.535055210591179389e+02 2.548440461786608751e+02
2.573502956338477361e+02 2.577240366728835852e+02 2.558435496418602781e+02 2.572865736116236235e+02
2.858698704695751189e+02 2.847803986977178852e+02 2.833079620709728488e+02 2.847961435769475429e+02
2.497060283074120548e+02 2.500842043436573761e+02 2.489704285648723214e+02 2.502816195253962235e+02
2.652293482017517476e+02 2.654620094178541194e+02 2.633116853566593818e+02 2.662993317242311946e+02
2.518612164592691727e+02 2.521869372078907929e+02 2.513575188448073732e+02 2.525350792338448684e+02
2.516973567135095777e+02 2.514675583935706982e+02 2.511962976532760763e+02 2.518316878235928584e+02
2.507647977484316755e+02 2.511046796081856769e+02 2.507018133562273192e+02 2.516089385628204695e+02
2.717191714027765670e+02 2.731485208788818682e+02 2.696839245337316697e+02 2.737519064223570240e+02
2.513255529566015127e+02 2.516434776187267630e+02 2.510299489078291231e+02 2.514369568749334860e+02
2.510351215318616767e+02 2.510929570724132134e+02 2.501221885473810289e+02 2.511059583915150313e+02
2.535490169200122637e+02 2.538085985327013248e+02 2.524362020412034155e+02 2.542973208318401248e+02
2.636640277561742209e+02 2.632318052461565117e+02 2.620059996785756766e+02 2.640299036022081509e+02
2.544580987459596599e+02 2.541041863358513524e+02 2.531115502137902524e+02 2.553483525773407621e+02
2.717243839647018717e+02 2.722269438927962710e+02 2.691363321385325094e+02 2.714985427358485026e+02
2.799110166654454588e+02 2.794517336684585302e+02 2.773291836259509182e+02 2.801819154305899815e+02
2.526549125183637159e+02 2.521068696290407445e+02 2.522748530608313047e+02 2.524597727025779363e+02
2.481843325914867933e+02 2.483732721587417984e+02 2.481381429554635076e+02 2.489603995359706801e+02
2.612913169352343061e+02 2.615570138432766498e+02 2.600477526069896044e+02 2.619168673415416038e+02
2.914444034896008588e+02 2.913937107942870171e+02 2.899136426277025294e+02 2.893624559186719125e+02
2.545806881253362519e+02 2.542305614904612412e+02 2.542387209408232991e+02 2.548654358187353353e+02
2.524517712669372145e+02 2.521806988763165123e+02 2.518068892971697608e+02 2.528019263690648870e+02
2.578099560002035560e+02 2.579060199943059501e+02 2.565904439771324519e+02 2.581583858410753010e+02
2.562761580951096789e+02 2.566796089288338862e+02 2.546446501158268916e+02 2.562517001340516458e+02
2.911914872851071436e+02 2.909189300182479769e+02 2.908800828683141617e+02 2.916955420679428812e+02
2.610457804932606791e+02 2.613596663141924523e+02 2.592996798845354078e+02 2.620885229581230647e+02
2.505709585195728266e+02 2.514611827177686507e+02 2.512364793138575862e+02 2.511384161312670642e+02
2.729220837160885935e+02 2.729925578165596107e+02 2.707748398567038066e+02 2.736975658217472187e+02
2.493637338205513174e+02 2.494539185762477587e+02 2.490344909023572768e+02 2.499692708877342397e+02
2.618915248700242273e+02 2.622623031719812730e+02 2.599404632042957246e+02 2.625401084938221175e+02
2.541699701391040946e+02 2.538183597632146871e+02 2.541064326607726684e+02 2.538024759485635684e+02
2.487231267230717151e+02 2.491467396504596934e+02 2.488864982778765125e+02 2.491163588293074440e+02
2.495842365266880165e+02 2.497549924049877461e+02 2.498526541147246007e+02 2.499457733111684377e+02
2.499699862579888645e+02 2.499679493625421003e+02 2.489732274323599768e+02 2.498543663178303689e+02
2.654626019095326228e+02 2.663921355738658008e+02 2.645752061771141825e+02 2.673056015642898160e+02
2.530529327152619317e+02 2.531287038941934213e+02 2.530460796470377147e+02 2.531793490961089219e+02
2.717001794214524466e+02 2.719470535481283378e+02 2.704743130075639783e+02 2.725254278764475089e+02
2.536267714595109339e+02 2.538448243648719824e+02 2.530090247818588125e+02 2.538472136949200433e+02
2.575906424355187028e+02 2.577915369677978106e+02 2.568853457046899962e+02 2.582601924737471677e+02
2.618561899242262712e+02 2.617519268249688480e+02 2.604473064579644301e+02 2.625981272413580427e+02
2.505538131571944973e+02 2.509725139899310875e+02 2.506579908524305154e+02 2.512926371762640088e+02
2.842811051878542798e+02 2.851677223592986365e+02 2.823744363827988764e+02 2.847357818774380007e+02
2.538474597681138505e+02 2.539622131112981265e+02 2.531182795016204921e+02 2.544203313695063287e+02
2.576992397881066381e+02 2.580755362279004430e+02 2.567865053335692096e+02 2.580466631071701045e+02
2.940531058843264987e+02 2.957454174978276455e+02 2.942322980282928597e+02 2.947716629921704339e+02
2.727117397965058103e+02 2.732794924834774974e+02 2.708061882796139344e+02 2.729951171109115649e+02
2.552270068044554421e+02 2.557936342118532593e+02 2.547558751483642823e+02 2.560570578717096737e+02
2.537476529186511129e+02 2.542919333077902593e+02 2.515749189905367302e+02 2.545431510209103863e+02
2.529495446232530753e+02 2.529808294002704088e+02 2.525854462180148232e+02 2.531180060242286629e+02
2.726524368060358370e+02 2.724076823225442467e+02 2.704362583965100839e+02 2.729344143257670225e+02
2.500286032897052451e+02 2.500243153001108283e+02 2.499790615136788574e+02 2.503631475633456205e+02
2.497299629900358013e+02 2.500891639239335120e+02 2.496803607148486321e+02 2.504517902355518686e+02
2.949773202450721783e+02 2.955815705499476849e+02 2.945042536337186334e+02 2.939942703586566495e+02
2.509754047512157911e+02 2.507083561455013410e+02 2.506209898869326764e+02 2.512855972317396152e+02
2.529122370164513995e+02 2.528408625499035622e+02 2.527766910537692127e+02 2.531555052146752871e+02
2.546554943034086591e+02 2.552607708615880995e+02 2.537096467172511325e+02 2.554592886309596054e+02
2.559214180491844672e+02 2.564244914080982198e+02 2.551260940024012598e+02 2.568792905510347850e+02
2.579126099820217632e+02 2.587790808404134850e+02 2.572780631020398801e+02 2.586267049610046911e+02
2.691405275815902769e+02 2.691384208053203793e+02 2.666800860038885048e+02 2.692461902419827879e+02
2.492910051761470811e+02 2.496339690070390134e+02 2.490625654621447040e+02 2.498956169463966717e+02
2.708238346844532316e+02 2.709323909613403316e+02 2.687309301313901528e+02 2.709278836560587820e+02
2.673376257121730646e+02 2.677546464849179415e+02 2.654286433593255197e+02 2.686604012973846807e+02
2.567527406660407223e+02 2.568582118908263396e+02 2.555508500700034062e+02 2.574728463073622606e+02
2.670596495601616880e+02 2.671052220379792175e+02 2.646556236906538402e+02 2.668620673732270916e+02
2.501552828055219209e+02 2.502384796806903751e+02 2.500683759408130982e+02 2.504186259932011183e+02
2.525089419278482126e+02 2.525413706802780212e+02 2.517714651186936976e+02 2.529148498461029249e+02
2.531252509847134888e+02 2.531720850774967744e+02 2.518759418054219452e+02 2.537935534214207394e+02
2.500708058486279413e+02 2.499839980644364914e+02 2.497082145964774327e+02 2.503774653468960594e+02
2.944676759726043542e+02 2.943501166695243683e+02 2.924014800765049813e+02 2.939568776213148453e+02
2.592217410858194171e+02 2.591635110570234701e+02 2.576177581826186156e+02 2.591276334330093505e+02
2.484814984436366956e+02 2.484863394750813939e+02 2.479235103877294932e+02 2.485505152960326996e+02
2.552968621030603629e+02 2.553579393048609063e+02 2.543589798771469930e+02 2.559168334878739870e+02
2.714970644284715604e+02 2.725264997511326328e+02 2.698119246010289203e+02 2.724543576930278164e+02
2.554290232597064687e+02 2.556838251391310735e+02 2.543639811403071747e+02 2.555815192647994820e+02
2.506669524243732212e+02 2.502114657643174382e+02 2.500524638348094868e+02 2.505799906736808964e+02
2.643251846206317168e+02 2.644721605331395722e+02 2.626544886817633824e+02 2.648858275220104588e+02
2.609674550689775288e+02 2.611891025696806992e+02 2.591153718714461434e+02 2.611898906804910325e+02
2.513085543684180436e+02 2.513608912093570495e+02 2.514366738784923427e+02 2.519391841900543625e+02
2.677685447512319001e+02 2.686135354538398587e+02 2.661480550251040995e+02 2.690475665383206092e+02
2.566920390031711463e+02 2.566404784142515041e+02 2.550830181016281131e+02 2.573952925571767878e+02
2.508666743391601415e+02 2.510355664915983311e+02 2.506559850106331453e+02 2.515739777169007425e+02
2.727863049791058074e+02 2.724886683731951393e+02 2.702996706224977288e+02 2.721738064148732974e+02
2.888641039077817254e+02 2.897323604242733381e+02 2.871337127982079664e+02 2.884552772825446141e+02
2.527245848525595875e+02 2.530023382593415988e+02 2.525144487642419051e+02 2.533542658707509361e+02
2.522391148574878343e+02 2.523592019977879204e+02 2.510051914300224496e+02 2.526372299011519260e+02
2.533540322163936764e+02 2.534213783505896345e+02 2.533592235615723212e+02 2.531161572447936692e+02
2.702135219325505204e+02 2.708314067250246353e+02 2.685815921590855169e+02 2.709007265162233011e+02
2.653725415715117606e+02 2.658153179010935787e+02 2.634088736075356678e+02 2.652226274208915697e+02
2.510887718295551565e+02 2.512379445571578742e+02 2.505317030344932903e+02 2.510577194566527055e+02
2.532038825748799695e+02 2.534179641332983692e+02 2.528910550177114089e+02 2.536956832269370921e+02
2.641072057260627162e+02 2.645322561570597486e+02 2.625342408439539099e+02 2.648505994332968498e+02
2.518892035710615005e+02 2.514642820342143068e+02 2.515845851287224093e+02 2.518016515702635729e+02
2.504556023583727153e+02 2.504642017644032705e+02 2.502449608376928722e+02 2.508247246741575225e+02
2.568125853594718819e+02 2.568160330862694423e+02 2.552509337745409255e+02 2.573230798014830043e+02
2.531709944074625298e+02 2.530576332497155363e+02 2.527570231194367807e+02 2.532599531408043845e+02
2.480348437182527164e+02 2.481039454137217888e+02 2.479255698165851811e+02 2.481918654684490377e+02
2.564409056654513392e+02 2.562514633689723951e+02 2.564067142580054792e+02 2.562691954453850940e+02
2.595931440275682007e+02 2.603427011379633882e+02 2.585766666562761316e+02 2.606610000722084237e+02
2.512149276677392038e+02 2.521437424335641140e+02 2.506768665045225362e+02 2.525264962066414967e+02
2.521413536189235458e+02 2.520345709146549495e+02 2.520747142785516814e+02 2.520414200848609596e+02
2.562789052812004229e+02 2.570289927831684622e+02 2.550695079441121322e+02 2.571747585446936455e+02
2.528759704459926354e+02 2.529219743939177647e+02 2.525542389004140205e+02 2.532104631946784821e+02
2.485495655488695945e+02 2.486080458780302251e+02 2.485942935755459757e+02 2.490984920280887991e+02
2.705914751147406605e+02 2.698754118991254813e+02 2.684800326135738260e+02 2.709506487080939792e+02
2.505208000895127327e+02 2.504784412196324581e+02 2.505426940802326783e+02 2.503925844636356430e+02
2.579801090664953449e+02 2.584805888113355081e+02 2.579231808382972417e+02 2.588015232034106816e+02
2.511330626926791751e+02 2.513348333598517854e+02 2.511336120283999662e+02 2.515810512390273459e+02
2.726327414396848212e+02 2.727812764377154053e+02 2.705469712749574569e+02 2.738589512757756097e+02
2.539605532525835656e+02 2.541241727128589503e+02 2.532890404134299729e+02 2.542709312986939949e+02
2.514468447886866898e+02 2.516027939381025078e+02 2.508319438419023300e+02 2.520275609100256986e+02
2.506590791156912417e+02 2.509424231133837679e+02 2.499390525553843645e+02 2.510250095641247015e+02
2.639634235418302524e+02 2.638222014686510306e+02 2.614430067726026437e+02 2.647396557550317766e+02
2.665022046142748877e+02 2.671082319870043875e+02 2.643319351782267859e+02 2.666487183589170513e+02
2.550956128177923858e+02 2.551043428051827391e+02 2.542495041420563666e+02 2.555949687202284508e+02
2.490865476535909124e+02 2.495472624249274531e+02 2.485298436274744915e+02 2.499888851859182068e+02
2.935408040306049315e+02 2.940523811954542452e+02 2.923001905203076944e+02 2.929448619652488901e+02
2.518192381381728353e+02 2.518603859762674801e+02 2.515792863486220483e+02 2.522333201866137529e+02
2.595799156134898453e+02 2.600523051724090919e+02 2.582121817574088709e+02 2.611070210742988138e+02
2.514568342285303117e+02 2.514901299836251098e+02 2.508866813918937737e+02 2.516347266986393549e+02
2.537580551677922927e+02 2.531249086151049994e+02 2.528400446622645461e+02 2.545773816118828563e+02
2.582105354209729171e+02 2.590432271899872489e+02 2.566885739442241174e+02 2.594163919466931247e+02
2.749946708551748316e+02 2.766045507273360045e+02 2.734747459604328128e+02 2.758901930213435207e+02
2.897295184319228838e+02 2.905813901870026257e+02 2.879849705125891433e+02 2.893870542313544547e+02
2.547288462542383627e+02 2.551948030433088661e+02 2.537135110551272419e+02 2.549467796576451804e+02
2.770666614108206431e+02 2.775028022650126331e+02 2.748799395573477682e+02 2.781617176936288161e+02
2.986213668542146706e+02 2.990132282942427082e+02 2.985726840169460843e+02 2.971378957251040447e+02
2.936676918942759471e+02 2.950671032279309998e+02 2.923274888905095281e+02 2.932833734460086816e+02
2.864401648841664496e+02 2.856972388442882220e+02 2.844069481271732798e+02 2.861883142331484464e+02
2.642182680208541115e+02 2.648509108724249472e+02 2.630019190677639358e+02 2.652283377209503783e+02
2.500540637609826149e+02 2.505850229341922386e+02 2.500100834589157159e+02 2.502482855810994806e+02
2.570077719404156937e+02 2.571035765613967214e+02 2.556846086009195460e+02 2.574107320369183753e+02
2.602698541559653904e+02 2.603391124528454839e+02 2.587882335797731912e+02 2.605704237888003263e+02
2.527872081558490436e+02 2.526753697778285925e+02 2.526248201520012913e+02 2.531980048922999913e+02
2.617439600814024629e+02 2.622715755755095302e+02 2.596667938556212221e+02 2.621366860753793162e+02
2.679853597428368630e+02 2.688573146190456669e+02 2.667724051511773382e+02 2.695153468348498222e+02
2.537925602987967864e+02 2.540553841657904854e+02 2.532963236730157348e+02 2.543097214416688985e+02
2.546727786634329789e+02 2.544374393634906539e+02 2.538748221266333189e+02 2.547671869300428966e+02
2.706820076214002029e+02 2.712591955989399821e+02 2.689203446001968132e+02 2.713697425658493216e+02
2.607995089561035797e+02 2.614282244641962620e+02 2.597859821776829108e+02 2.607260965963207582e+02
2.506292444330251215e+02 2.510654911168685999e+02 2.495903955042759605e+02 2.516280987149540351e+02
2.629699756545766149e+02 2.634302088314234993e+02 2.616002720572120666e+02 2.637026877028408762e+02
2.618741281298745776e+02 2.625205311382145510e+02 2.603125804611153740e+02 2.639825324932044168e+02
2.501157337143378072e+02 2.502496061857401060e+02 2.503975836705955942e+02 2.506198481374061942e+02
2.700991123427816660e+02 2.703549466532533074e+02 2.669070991187126651e+02 2.708205852463714223e+02
2.539429447915152878e+02 2.537909088815678444e+02 2.534466781026705178e+02 2.547351041743042401e+02
2.510945227749979267e+02 2.512817483550928159e+02 2.510322501544056308e+02 2.512566497373317702e+02
2.512817031181035361e+02 2.509374571326491150e+02 2.503537180713833266e+02 2.508807666645143684e+02
2.566196956437838708e+02 2.560174131476957768e+02 2.569189953162278925e+02 2.569611256525598151e+02
2.518966840386199522e+02 2.521261951928934195e+02 2.520359308345771865e+02 2.525935232924654485e+02
2.512775338556367331e+02 2.510801965343017912e+02 2.508318744089083623e+02 2.517596558328389733e+02
2.571419388098876766e+02 2.574194905277053635e+02 2.562457168717523359e+02 2.578026951462532566e+02
2.648990872668068164e+02 2.643788038859914309e+02 2.620016253013427558e+02 2.655009961254958739e+02
2.497191998573775891e+02 2.498398540151618477e+02 2.494401924432181090e+02 2.501724151557871494e+02
2.634437138106426914e+02 2.643779065545514300e+02 2.618794401615270999e+02 2.649129969642093556e+02
2.462423310147397331e+02 2.465531598502959980e+02 2.458378826755498778e+02 2.468288850623540611e+02
2.969496502771577866e+02 2.970146196513304062e+02 2.966277159792132920e+02 2.959261021093101363e+02
2.593185621282307807e+02 2.602678705597966768e+02 2.580056012514529016e+02 2.610305990025115079e+02
2.566459242366984199e+02 2.576309186321951188e+02 2.559955652210984169e+02 2.577028807813215394e+02
2.501310122306307449e+02 2.503789338186341809e+02 2.498233523779429106e+02 2.507996020576094907e+02
2.512254821888964500e+02 2.507036989150894613e+02 2.504287869768913879e+02 2.514230877939188531e+02
2.599000171996832478e+02 2.608323325134211927e+02 2.585407432619494443e+02 2.610057281144572698e+02
2.551070532769935539e+02 2.554423513216276262e+02 2.540092958057665840e+02 2.558763507715083279e+02
2.561474081304153287e+02 2.561847601935375565e+02 2.557967008747761213e+02 2.566201287008000236e+02
2.543417949542697727e+02 2.546358027865076394e+02 2.540672475078562798e+02 2.549090342355247572e+02
2.555860255564020065e+02 2.562128849768510577e+02 2.550283476260962630e+02 2.557010333178495216e+02
2.893285310079962755e+02 2.900157773512568724e+02 2.880984796589658572e+02 2.896230125438416962e+02
2.514126885932344919e+02 2.513550664866156978e+02 2.510049467645810353e+02 2.517958218911118422e+02
2.497448840692025840e+02 2.501259099085997093e+02 2.499183120749758586e+02 2.502592469294416730e+02
2.494612030749883615e+02 2.497431567063712237e+02 2.492685067820336826e+02 2.498995041974328331e+02
2.557519966311525366e+02 2.563825736030442499e+02 2.555629025692175844e+02 2.569167834929486958e+02
2.540722886629179698e+02 2.542950386316962863e+02 2.538643928463752388e+02 2.545762309545566495e+02
2.517405962924766811e+02 2.519622861834504590e+02 2.512624503274120684e+02 2.524278381886026352e+02
2.519008232106314438e+02 2.517032096065196356e+02 2.517945099355439140e+02 2.519406103866807314e+02
2.543941718382658053e+02 2.549854011688947537e+02 2.543213315844295153e+02 2.553824471983633657e+02
2.495947436035584701e+02 2.497070429368018267e+02 2.494847469222774521e+02 2.499957083342599731e+02
2.607280766312405831e+02 2.615163611748542394e+02 2.599765109506809040e+02 2.619041616611784207e+02
2.794337375645164343e+02 2.783515129947854234e+02 2.766451151028086883e+02 2.794536421848331997e+02
2.517621979609561436e+02 2.515329747610920776e+02 2.510516308095795921e+02 2.517506786225582687e+02
2.555477817593243230e+02 2.562079444237903090e+02 2.546460781702922986e+02 2.562263159503807515e+02
2.652969107373282327e+02 2.662892679439714243e+02 2.637407473175894665e+02 2.665395027938681665e+02
2.648496790907358900e+02 2.648376138729142326e+02 2.637465641669768388e+02 2.658160004179825933e+02
2.525538313380799025e+02 2.527132279941572506e+02 2.523304669706145376e+02 2.526874944250176895e+02
2.570543133186085925e+02 2.571242982110368871e+02 2.554972234762838639e+02 2.569218066240487701e+02
2.919531416104285881e+02 2.912040662963207751e+02 2.893037547473196014e+02 2.904304925278942164e+02
2.546002220018887670e+02 2.545943824117211420e+02 2.541542995045800524e+02 2.557152312735478574e+02
2.817721188160408587e+02 2.825495048993616933e+02 2.796615295379236272e+02 2.819904046884617514e+02
2.511408720090841200e+02 2.511389509815571444e+02 2.512350950609716449e+02 2.516017857501088884e+02
2.498831396709270223e+02 2.497706802431005997e+02 2.498001367950997746e+02 2.498277461285695722e+02
2.563009304554554433e+02 2.564865678794726591e+02 2.560695541902335890e+02 2.567161777724171543e+02
2.692103164708871645e+02 2.689429330027820697e+02 2.665408774136394641e+02 2.693091360660242231e+02
2.483655361194092279e+02 2.485248621647533867e+02 2.476950645836993203e+02 2.487128210050568100e+02
2.804231496903129823e+02 2.810572830233502941e+02 2.778331479652287612e+02 2.808866627111400476e+02
2.619356346182385096e+02 2.620892738981552839e+02 2.604833947632286026e+02 2.626606269161160299e+02
2.767915632043514051e+02 2.784353115612816509e+02 2.751184497921021261e+02 2.775592394518895958e+02
2.518860434266979667e+02 2.520020641590959372e+02 2.516362211350233906e+02 2.518520145189511936e+02
2.910371462236917068e+02 2.912551682289267774e+02 2.889217009788778228e+02 2.907171261513693707e+02
2.566360689281435725e+02 2.570218833054092329e+02 2.551541716201866450e+02 2.573916538686864328e+02
2.695426055035859463e+02 2.696731936707441832e+02 2.677028039496271390e+02 2.700225655981510045e+02
2.752428338320322041e+02 2.751091802530291375e+02 2.737349254377982106e+02 2.752724726574672900e+02
2.541795587029034493e+02 2.545136690917876763e+02 2.528455345782459744e+02 2.549206371971277179e+02
2.774208820835723941e+02 2.786459715779568569e+02 2.770123574532120188e+02 2.778220676728378749e+02
2.900430778316569445e+02 2.914060936956502132e+02 2.871450395572609295e+02 2.893488826715737900e+02
2.633850819603043192e+02 2.641300142244450626e+02 2.615952927781103199e+02 2.636081461714179000e+02
2.782473379411669043e+02 2.779224654615911732e+02 2.760385882179746773e+02 2.781479168863683640e+02
2.551498688126472985e+02 2.549636573443931695e+02 2.537381205198405212e+02 2.558781945894757541e+02
2.583411675009998021e+02 2.585599371419219779e+02 2.572283752949251152e+02 2.588956471769047880e+02
2.859683769944468281e+02 2.853312558364044094e+02 2.835132083007255233e+02 2.853739524689522682e+02
2.484540330130132872e+02 2.487878491267769050e+02 2.482148015023061873e+02 2.493338716276589366e+02
2.712536462106414206e+02 2.717642709577787627e+02 2.694079374703955523e+02 2.719503109810544856e+02
2.530065410083075790e+02 2.536076414195192115e+02 2.528358305085731672e+02 2.544166581891894339e+02
2.513042610403630874e+02 2.516037207924279642e+02 2.510654199902296568e+02 2.521378907437549799e+02
2.681693528105178075e+02 2.676208542721593062e+02 2.655169264211435234e+02 2.686767035088544731e+02
2.490093109100717470e+02 2.491188998216127288e+02 2.489767130887344706e+02 2.498497226630115335e+02
2.591672817065125969e+02 2.596230669000721605e+02 2.576662436401322225e+02 2.602878573190466795e+02
2.498573076105732866e+02 2.497437929146849740e+02 2.496891647272431953e+02 2.499659412210843925e+02
2.487041502612145791e+02 2.495547579846554811e+02 2.489991427594866877e+02 2.497093647984671918e+02
2.614502606225767067e+02 2.625865248848866145e+02 2.608068936140101641e+02 2.627766288263256911e+02
2.527062239700223927e+02 2.529395774981998386e+02 2.517169189161199085e+02 2.528042424310686442e+02
2.787681304840143071e+02 2.797912065902935979e+02 2.761437715498667558e+02 2.788751726393504669e+02
2.532845588903876717e+02 2.535121384450247035e+02 2.528773844197159519e+02 2.538245361481322391e+02
2.501079338874882296e+02 2.504101457847982033e+02 2.499930289474324923e+02 2.502485169467025798e+02
2.535442819140619406e+02 2.539116073659120332e+02 2.529918642043093371e+02 2.542300216059812215e+02
2.934019341352841366e+02 2.939469655052388930e+02 2.916244532350556824e+02 2.936753908601213539e+02
2.521095961044229341e+02 2.520953498279032203e+02 2.515604706192726212e+02 2.523661922216298024e+02
2.642417503252267466e+02 2.650949332815201274e+02 2.625019592506746449e+02 2.647251217034050796e+02
2.746421318002155090e+02 2.755241270738528669e+02 2.721968982056167192e+02 2.757257177593729693e+02
2.862651165462345944e+02 2.871186108827149610e+02 2.850321385914687653e+02 2.865570204245565833e+02
2.566899116886339698e+02 2.567898512572689356e+02 2.554860300992119164e+02 2.566911600627916528e+02
2.491513346077765618e+02 2.491150355806514654e+02 2.495038841166330030e+02 2.489809632265304344e+02
2.489058773512453513e+02 2.493915835189682184e+02 2.485160671312771967e+02 2.499564657185325700e+02
2.507375197659593198e+02 2.504659344051817413e+02 2.499815765154863811e+02 2.508199930626107061e+02
2.672948945593402641e+02 2.670428573303635744e+02 2.653143912069755856e+02 2.676924242674935499e+02
2.649707105784103192e+02 2.656033302140881460e+02 2.639212182259572614e+02 2.656129561561833157e+02
2.697738984474465269e+02 2.693819115825878612e+02 2.676251868287614570e+02 2.708807401543889455e+02
2.537971491069967271e+02 2.538505703742314381e+02 2.530474365593678954e+02 2.545827801495194080e+02
2.511180905396031733e+02 2.513033271273914977e+02 2.511277026949871356e+02 2.519216915284262654e+02
2.546540405804602187e+02 2.554486223189225882e+02 2.552727741594866302e+02 2.551618485811504229e+02
2.605946956599764235e+02 2.610059681214374905e+02 2.590784198958312459e+02 2.614361924629221221e+02
2.607163323228217564e+02 2.608108281095906591e+02 2.596042293346799283e+02 2.616981363860780903e+02
2.661739613827757580e+02 2.668147584357926121e+02 2.640519852926661315e+02 2.670157640843357854e+02
2.498976196194112163e+02 2.503165991685960989e+02 2.502229219486208649e+02 2.507566570559065724e+02
2.502802954028329339e+02 2.501601302735566037e+02 2.497006227712793418e+02 2.514618575575597674e+02
2.520211658852682319e+02 2.523972135742996556e+02 2.512803543212677084e+02 2.527841314455571649e+02
2.633709742518685175e+02 2.632161368240267052e+02 2.624442630041263556e+02 2.637995245236781443e+02
2.524006732272317777e+02 2.525684757055323360e+02 2.517616992949758696e+02 2.527346244218085189e+02
2.622250722814417259e+02 2.629668455547393933e+02 2.611680753017167831e+02 2.628128248143196970e+02
2.519180428863166981e+02 2.523794173149906328e+02 2.515382786132791466e+02 2.523434682408082494e+02
2.494593395838586218e+02 2.498431854070944382e+02 2.489474819423682845e+02 2.499217560804705442e+02
2.634457451481368366e+02 2.640918799740209693e+02 2.622858902669021290e+02 2.643754166073256329e+02
2.472045879505247115e+02 2.474388887844617670e+02 2.465611043527148354e+02 2.475557722366371252e+02
2.559773318500870971e+02 2.560221957036860090e+02 2.554599278341935928e+02 2.562203867136352642e+02
2.659198453688201766e+02 2.664808204121156905e+02 2.635180783718147950e+02 2.669434015201512693e+02
2.502667178385389946e+02 2.504750672670137703e+02 2.499259945574260939e+02 2.512192381929616261e+02
2.915651723970195803e+02 2.915835541207151778e+02 2.903385330783904124e+02 2.916180307155473201e+02
2.573727756531099544e+02 2.580721324292162535e+02 2.572106166601095651e+02 2.579684093118747796e+02
2.643374359755475780e+02 2.648581947693753023e+02 2.629644603792364705e+02 2.647725802863770355e+02
2.534438659149409148e+02 2.528616747261100670e+02 2.527104519598241268e+02 2.536336332869900048e+02
2.485192431063908884e+02 2.485140203090194007e+02 2.483696303241008252e+02 2.491377602024970486e+02
2.658693614240941088e+02 2.661258032686226329e+02 2.640902109967415754e+02 2.665590647767772907e+02
