2.457686320660246508e+02 2.460467315184675101e+02 2.455140392190640171e+02 2.467563227118839393e+02
2.450967558477113073e+02 2.451511456629285135e+02 2.441147602096428102e+02 2.459956822475816409e+02
2.597114729608140351e+02 2.600936381007317095e+02 2.573552683292076040e+02 2.603959158607165136e+02
2.473255699892723101e+02 2.477232247717557243e+02 2.454761951620814671e+02 2.481332758665144809e+02
2.486981315967558146e+02 2.487826310236123675e+02 2.468849097924468197e+02 2.497533016103038221e+02
2.802910340539261256e+02 2.800093137463295534e+02 2.785408960427918714e+02 2.810513792079440236e+02
2.434864348969154548e+02 2.440487696096394927e+02 2.430134046910943368e+02 2.443572344035814012e+02
2.751908956165627274e+02 2.762322835873437157e+02 2.725219146108724431e+02 2.750648883131075877e+02
2.734361133446198551e+02 2.738725708171682527e+02 2.703652273500509295e+02 2.748250569530596294e+02
2.575212729523658481e+02 2.587470992161598815e+02 2.556571635563854556e+02 2.598325316901941733e+02
2.724559033288847445e+02 2.722379531958371217e+02 2.695781975812503788e+02 2.729717308854866928e+02
2.536146854105919601e+02 2.533604425672964737e+02 2.514618754751586209e+02 2.531997399162599436e+02
2.539398638634672523e+02 2.556313361089775356e+02 2.531130769483609413e+02 2.554680211988311385e+02
2.439810502504680869e+02 2.443047720691643008e+02 2.435733852060804168e+02 2.446602157790981948e+02
2.541510901546487275e+02 2.537205472388650662e+02 2.522540629768727456e+02 2.545974571801500019e+02
2.829589424426889650e+02 2.817486062632335688e+02 2.806958607384420361e+02 2.809957112183121239e+02
2.566333637742480391e+02 2.573672781326045538e+02 2.542609395910439503e+02 2.581504967929303689e+02
2.741383807596794213e+02 2.751633130255778497e+02 2.727859870453129929e+02 2.757970516693499121e+02
2.475812378467443011e+02 2.484276769393928816e+02 2.470520977522243413e+02 2.486297791281863283e+02
2.492244446334684085e+02 2.494100231278321758e+02 2.484972507828708217e+02 2.499294091175445374e+02
2.465275153614730357e+02 2.469502836071187062e+02 2.456331522753850720e+02 2.473988442783060009e+02
2.544545934032257151e+02 2.543198971079205251e+02 2.528672518403416518e+02 2.552701636516053156e+02
2.703803040470278916e+02 2.708102981571016699e+02 2.677355806625238870e+02 2.710188907772470088e+02
2.461793280994107249e+02 2.467710813372653433e+02 2.448161966913488072e+02 2.472972851085252444e+02
2.452023773651294221e+02 2.453602788966281310e+02 2.437357873113389530e+02 2.464567179936134096e+02
2.477696201250945194e+02 2.475940309776404717e+02 2.470629520185203774e+02 2.487172783043760376e+02
2.611784466377169451e+02 2.612099998331518123e+02 2.588943671430126869e+02 2.618500965650852095e+02
2.808134512531563018e+02 2.819371718535235800e+02 2.794739954990241131e+02 2.816016158558205689e+02
2.499145343853921304e+02 2.503826202360774573e+02 2.491108914623419821e+02 2.513301791835549466e+02
2.468895349559143142e+02 2.475480497819923471e+02 2.452809109718260459e+02 2.476630825975466337e+02
2.560188428274128682e+02 2.571508999072671031e+02 2.547930957626705322e+02 2.570445506221527694e+02
2.455478484797225178e+02 2.455372125634067402e+02 2.450305496531712208e+02 2.464443875007630140e+02
2.681618442897610635e+02 2.678941048368384941e+02 2.643906260462284195e+02 2.679759879538663085e+02
2.681637784131972921e+02 2.677105821144746187e+02 2.628252934877520488e+02 2.684874376253068249e+02
2.460024404731731522e+02 2.461473977544885656e+02 2.454783722633355296e+02 2.466519774148464705e+02
2.500593814577881346e+02 2.497714989730260413e+02 2.483432575149904835e+02 2.500204361378719682e+02
2.480935881364657405e+02 2.493550398252441198e+02 2.471246091642805425e+02 2.493106851330099403e+02
2.561802732182960085e+02 2.573316294050885631e+02 2.550758026970003129e+02 2.578720186975767206e+02
2.752919601591757441e+02 2.758915107071574653e+02 2.733157370536570738e+02 2.759175796582748035e+02
2.572621605860717864e+02 2.574897617713859859e+02 2.553100393771236725e+02 2.587317839016953371e+02
2.544647053188678285e+02 2.541370118211049203e+02 2.529534975009843265e+02 2.547406993474456272e+02
2.439466256619264470e+02 2.441264081994038122e+02 2.433387992269884990e+02 2.447014778729353850e+02
2.440968842958802441e+02 2.445483632260964555e+02 2.437450619085642529e+02 2.450142661916753184e+02
2.445731243621458475e+02 2.447448090972915509e+02 2.440528985032757703e+02 2.446548828233467248e+02
2.597757672451059534e+02 2.598377844384847890e+02 2.577261725116116509e+02 2.604158804200840223e+02
2.464055578723682629e+02 2.471924191928373205e+02 2.445000857387157112e+02 2.470390693998906784e+02
2.566662432714435909e+02 2.582713225257865588e+02 2.550948174210647892e+02 2.594136202060121832e+02
2.522322274264604971e+02 2.527095125683019035e+02 2.514734112482516935e+02 2.530900836009328430e+02
2.463925795462188546e+02 2.467207447087735659e+02 2.451360226161955893e+02 2.474236205369941217e+02
2.627108885470897235e+02 2.620325665133788675e+02 2.603157895575114935e+02 2.631986416311551693e+02
2.498788736998893967e+02 2.499964996078862214e+02 2.486156562833978114e+02 2.510799479902905489e+02
2.460760727831461168e+02 2.466556691560945467e+02 2.456206000573363326e+02 2.470391045292208219e+02
2.495938025522218879e+02 2.495139601652771830e+02 2.489437338441809118e+02 2.497088272627438528e+02
2.536702750260931225e+02 2.536333532973868046e+02 2.521948271121562186e+02 2.542056497180965096e+02
2.642703971606557616e+02 2.635800639740085103e+02 2.614493197347415503e+02 2.647929297178875458e+02
2.568155377365555978e+02 2.583691524686977914e+02 2.547939190976631210e+02 2.590166743682240735e+02
2.534077964697506502e+02 2.548163645917930751e+02 2.521346938153775739e+02 2.543580078786452532e+02
2.433290817993756434e+02 2.434923180118532571e+02 2.425417603763252430e+02 2.430094462923054834e+02
2.571267738108895742e+02 2.586102973779443346e+02 2.555127344013193351e+02 2.584788500784941334e+02
2.473404296969037262e+02 2.473074788461097739e+02 2.459741183879163486e+02 2.475142253903538290e+02
2.783249914462236347e+02 2.778132694759245851e+02 2.765762602277497422e+02 2.798538441858564738e+02
2.680447520536936850e+02 2.692271414441540855e+02 2.649657996053794591e+02 2.696427631293891523e+02
2.769971902448143055e+02 2.767568126437381011e+02 2.744371848480489575e+02 2.768793551075131063e+02
2.463184650582120412e+02 2.466212646772254402e+02 2.452368795200196985e+02 2.470023554749026005e+02
2.542321652484146171e+02 2.547071979979859861e+02 2.521602337406605443e+02 2.542491509789142867e+02
2.499763641841702508e+02 2.492477940156438478e+02 2.481769115498139229e+02 2.505615067424355118e+02
2.482043718284824934e+02 2.481915882137676306e+02 2.471089703912975892e+02 2.486458081844512549e+02
2.528309701966260548e+02 2.532837261534097877e+02 2.515450871017201564e+02 2.547713669339160560e+02
2.606988175895202176e+02 2.609481296129242764e+02 2.586765949988097191e+02 2.618824558328828402e+02
2.486976810461256662e+02 2.487970624336372509e+02 2.475268798180286751e+02 2.495727413419747336e+02
2.683369656933963938e+02 2.687387092426444042e+02 2.667458723343506790e+02 2.691305573499332695e+02
2.802834436513107903e+02 2.812398620591627605e+02 2.803968588230873706e+02 2.801080384829530772e+02
2.440801449974400157e+02 2.444060425274768420e+02 2.431322273787679080e+02 2.447033790095672714e+02
2.760758816093115229e+02 2.757420370432851087e+02 2.723747165894669138e+02 2.759726588218774168e+02
2.459257817934290244e+02 2.457325081079129916e+02 2.443007264212359644e+02 2.464452943084848471e+02
2.515217292374226759e+02 2.515769653151099590e+02 2.497056859521788681e+02 2.516336703638739607e+02
2.459438311288787986e+02 2.461688866173992096e+02 2.448319348742448653e+02 2.465493178102250909e+02
2.545207675081589684e+02 2.543427401780450055e+02 2.538688285741106654e+02 2.557544793610671263e+02
2.555621451310819623e+02 2.556783152423251693e+02 2.538774854631706432e+02 2.568733896518069741e+02
2.490719293481558338e+02 2.497249548041029641e+02 2.480400105821990735e+02 2.505230935486623025e+02
2.461725301251190956e+02 2.462742025194091298e+02 2.456726148459642047e+02 2.468114928043897010e+02
2.506482948022259905e+02 2.504502395945724800e+02 2.494544687620462469e+02 2.510973082829782470e+02
2.481764486203462639e+02 2.484041834332308554e+02 2.471912631152423216e+02 2.485076042803279108e+02
2.463776008849060304e+02 2.463775269042808418e+02 2.455237304602730148e+02 2.470194014330107564e+02
2.445518791909825325e+02 2.447404403906419361e+02 2.436395824929149683e+02 2.450673308619636828e+02
2.471403270378842763e+02 2.479816186726117451e+02 2.463506274782387493e+02 2.470836518100196884e+02
2.581118861855815112e+02 2.580028406142044446e+02 2.546555274683700532e+02 2.577629478606830844e+02
2.441524493526590902e+02 2.443387627210071003e+02 2.433672783121738235e+02 2.449320760835084911e+02
2.494275085966915242e+02 2.498524162368921964e+02 2.483158056209716165e+02 2.513401593213288550e+02
2.479284281493895321e+02 2.478439601018145027e+02 2.469012311672655358e+02 2.483998864354781517e+02
2.568226436505856896e+02 2.572077656748118102e+02 2.538308346796563910e+02 2.576521881138921799e+02
2.558365927120905496e+02 2.568609247493885164e+02 2.541052416723444196e+02 2.566620079209235428e+02
2.425950050805327294e+02 2.430222630993983728e+02 2.421605662663439205e+02 2.435675231763815987e+02
2.631992314733400917e+02 2.644566203563643967e+02 2.608725276296061111e+02 2.644044223753414826e+02
2.472753796220706874e+02 2.466447490151266209e+02 2.466286596253228538e+02 2.473117694745101005e+02
2.571197862024071128e+02 2.572322540909689792e+02 2.544258694084745400e+02 2.584667441307600484e+02
2.485684301326640764e+02 2.484685061024231061e+02 2.479248745435055241e+02 2.488498429558123917e+02
2.448356027781412081e+02 2.456129551384947831e+02 2.446678103815699217e+02 2.456445234418926873e+02
2.448351189272903810e+02 2.453976237416056279e+02 2.440975404378812925e+02 2.451698360107008057e+02
2.528774100123274025e+02 2.524386173506684088e+02 2.509876779479729976e+02 2.531028013783930817e+02
2.670304154174895643e+02 2.665622851071329933e+02 2.645817583615599347e+02 2.668539442863268505e+02
2.497884250273603755e+02 2.497863078755310084e+02 2.492756690127982893e+02 2.496940444159606329e+02
2.627061358857342270e+02 2.631301495905970000e+02 2.604483920933251397e+02 2.640045586014097694e+02
2.513353942037547029e+02 2.516717494471800762e+02 2.497026344512449327e+02 2.521101553681244525e+02
2.478641611362999129e+02 2.470488991416224280e+02 2.460549969808875233e+02 2.482607723920031049e+02
2.463345115162106538e+02 2.465907179610595392e+02 2.458829413691303785e+02 2.465713287393167548e+02
2.551650533933341762e+02 2.556279574891582911e+02 2.534048574315119424e+02 2.553754879661474320e+02
2.562043070658687043e+02 2.563774878553344934e+02 2.547689053957417116e+02 2.574150714202172594e+02
2.482201395576131233e+02 2.488698594766954386e+02 2.466336017654930686e+02 2.493331519176160214e+02
2.485062890824796114e+02 2.493522405558231867e+02 2.473475196156837228e+02 2.492591867444101297e+02
2.692679579484685064e+02 2.697281883170551282e+02 2.676025177308590628e+02 2.701043918101054260e+02
2.532466302194420678e+02 2.533038460001102692e+02 2.510304113281239893e+02 2.538707572661285496e+02
2.469549502679394379e+02 2.464511129279765100e+02 2.455137324800581098e+02 2.470153583740855368e+02
2.632591711395219818e+02 2.651575168309452124e+02 2.624048773884336470e+02 2.654945551246467517e+02
2.450487094648421476e+02 2.454634644223807811e+02 2.441383357275913397e+02 2.455781843707259213e+02
2.664363618406179057e+02 2.665901842016447745e+02 2.635645649957776300e+02 2.671265777261506855e+02
2.472741350231444812e+02 2.475064692201472951e+02 2.466143979245856031e+02 2.480678972428530642e+02
2.472648923501363925e+02 2.469093031609566822e+02 2.460493084732401314e+02 2.475479986777941974e+02
2.492654916847223490e+02 2.497971012725032836e+02 2.484017739069177537e+02 2.503675385791304961e+02
2.468238934327168863e+02 2.466323843214318856e+02 2.456634107373245683e+02 2.472820952573259206e+02
2.541059532953160840e+02 2.544420806234466284e+02 2.527254275812619539e+02 2.546130420669248338e+02
2.502122992100225929e+02 2.506534544545818903e+02 2.491975675688895819e+02 2.509974656051219881e+02
2.439526991709337551e+02 2.443484678872844427e+02 2.431437160088455016e+02 2.451306912333620005e+02
2.701305344480398389e+02 2.711311422311789556e+02 2.679348289886496559e+02 2.704220294090841321e+02
2.547519471103107378e+02 2.559772057922114357e+02 2.534516791110856957e+02 2.560704607491156821e+02
2.458505963602944746e+02 2.459678980621486630e+02 2.449227895396513759e+02 2.463916238938011247e+02
2.463165233233410447e+02 2.460353417249257291e+02 2.453452278514857881e+02 2.473100356374682178e+02
2.467815957926142403e+02 2.472015323983503663e+02 2.457262937092505126e+02 2.476807445024098797e+02
2.436139397845917074e+02 2.441304870157509015e+02 2.424754727610510940e+02 2.445980224438684161e+02
2.491511399177622366e+02 2.489027940264608674e+02 2.480117867478139715e+02 2.499343561476186153e+02
2.619488676641981897e+02 2.627260151013153404e+02 2.598172705582775279e+02 2.635055016771081569e+02
2.850367997214613638e+02 2.854356345193592688e+02 2.834715055550132661e+02 2.848799572675100080e+02
2.664965552532003699e+02 2.662188718334568307e+02 2.629102748340465041e+02 2.657938032331908289e+02
2.427526259946652658e+02 2.427079622450216618e+02 2.417704067467763593e+02 2.429857473594876183e+02
2.566116915015680888e+02 2.567398847612420241e+02 2.544173651948700581e+02 2.566023895667307784e+02
2.422007202047365695e+02 2.422210176856669648e+02 2.410967032375129122e+02 2.429944186647528852e+02
2.553878938979008808e+02 2.546892352612925947e+02 2.540197948577467457e+02 2.559633556388769478e+02
2.446523287289151369e+02 2.450533281806117145e+02 2.431771429905733157e+02 2.449510771284997759e+02
2.536288985870982060e+02 2.544340451041285576e+02 2.519234065245279908e+02 2.554979106156676210e+02
2.552748390954276374e+02 2.543888280641879192e+02 2.531907786378684762e+02 2.549989796968206406e+02
2.473938248309431174e+02 2.473166586322676892e+02 2.465029096318106667e+02 2.480016779355127596e+02
2.458066591487726384e+02 2.461601034383502054e+02 2.448922390239019933e+02 2.461981963227635219e+02
2.583724550345025932e+02 2.593319592484342024e+02 2.557399897474854527e+02 2.599617046686798290e+02
2.472386945784298860e+02 2.475132058033470059e+02 2.466280099422758951e+02 2.483000373656078068e+02
2.433570771979383380e+02 2.436417953252675090e+02 2.426401672724872185e+02 2.440702991141180576e+02
2.779972999618070162e+02 2.781290108463321644e+02 2.762292782647600120e+02 2.782169669679738604e+02
2.444362571951369034e+02 2.445851228254070691e+02 2.438697012286331756e+02 2.453059535781658553e+02
2.436972206367066178e+02 2.434895934109431153e+02 2.432706770031547023e+02 2.443195130027727942e+02
2.488878522191619709e+02 2.495277322693175108e+02 2.474827141005384590e+02 2.496919879604124901e+02
2.494525452246531358e+02 2.504528301317799901e+02 2.482414660883448505e+02 2.496976399456119111e+02
2.465711727318573594e+02 2.466503101266432338e+02 2.456912428913111341e+02 2.470957528724562735e+02
2.645170038424520840e+02 2.653048859514004789e+02 2.625177570489355503e+02 2.649047790004220815e+02
2.455262798855500535e+02 2.458643384997580199e+02 2.454033336641780920e+02 2.461318072671720074e+02
2.465843346744295843e+02 2.468991147085871205e+02 2.462323763755051687e+02 2.476488716054624604e+02
2.521783776313236842e+02 2.527144268887963392e+02 2.507646794616437660e+02 2.529907003986502616e+02
2.591638134408707970e+02 2.592504669854319559e+02 2.567710401601357830e+02 2.590638543788432457e+02
2.587773665799936111e+02 2.580047318512222887e+02 2.555355060570768728e+02 2.580184534130223142e+02
2.881770610066179188e+02 2.888118168368864644e+02 2.869345812930251896e+02 2.872745530465012394e+02
2.649397600911145219e+02 2.643063789816265512e+02 2.616406208357420269e+02 2.653948690163047672e+02
2.435251100867886862e+02 2.436784308242736472e+02 2.426742970944793001e+02 2.440059214003184138e+02
2.746694769159237239e+02 2.742649246305867905e+02 2.710043418936282933e+02 2.746800237998421608e+02
2.454001773071926777e+02 2.459743389258078139e+02 2.437905377695156517e+02 2.458565474316283144e+02
2.491321032215221294e+02 2.494532604364622159e+02 2.476095362505258208e+02 2.500925683000264996e+02
2.528343644615525818e+02 2.527306287816236079e+02 2.508036438244508020e+02 2.532340778275087416e+02
2.595685956398638154e+02 2.592783865328747197e+02 2.563067835692105518e+02 2.608153495101456087e+02
2.536813273575586152e+02 2.546222330207211257e+02 2.521480272082656029e+02 2.551727136163763134e+02
2.529701554568740676e+02 2.525471517751373369e+02 2.516425654935803209e+02 2.533872936555271451e+02
2.452107629252398056e+02 2.455055823861999329e+02 2.441791189432420026e+02 2.459271145979064386e+02
2.440447011372082500e+02 2.444465160432417292e+02 2.433889231571271239e+02 2.449873480995892692e+02
2.506195509442218565e+02 2.506694498692583863e+02 2.498551160997792522e+02 2.513666979020851784e+02
2.445046251466087313e+02 2.450010917508654131e+02 2.436871162695458395e+02 2.458358478775795106e+02
2.479418306491851922e+02 2.484886288830121828e+02 2.468767439777813024e+02 2.483452070007256793e+02
2.560402621620758055e+02 2.571051644075786271e+02 2.543875612752157167e+02 2.576028813657645742e+02
2.535720843388750154e+02 2.539021578483977351e+02 2.517622293753864540e+02 2.544750246999373076e+02
2.708853241840166675e+02 2.706243092176431446e+02 2.676098562008182284e+02 2.710223854563020609e+02
2.532184768485784048e+02 2.538186872565008230e+02 2.506607306700786637e+02 2.541619568415811159e+02
2.534709845675161830e+02 2.546412251590372762e+02 2.525757134695554385e+02 2.545523026730209324e+02
2.922172837156727496e+02 2.906155633478892355e+02 2.899173225177370341e+02 2.908140295499618446e+02
2.555560664691609531e+02 2.557556279434355417e+02 2.529979876244709658e+02 2.565233871645313002e+02
2.465944644561297707e+02 2.463198053731385926e+02 2.446558006916439751e+02 2.471361766666771587e+02
2.446144622495039584e+02 2.446327867539137344e+02 2.441441645257783080e+02 2.450645133491657077e+02
2.465165979347142411e+02 2.465892241662785977e+02 2.457077369997271319e+02 2.475693934929902014e+02
2.708034616395307808e+02 2.720391214902368233e+02 2.692443889772068815e+02 2.723746443456939232e+02
2.414621133286615873e+02 2.416334494117505756e+02 2.403394157381090679e+02 2.421074382865780876e+02
2.513893131792524400e+02 2.522323895314924016e+02 2.509754104333725309e+02 2.529199184443164086e+02
2.432476674481904695e+02 2.433115044272813350e+02 2.426730089608933270e+02 2.439478237553223323e+02
2.450863042173996291e+02 2.453468719894020751e+02 2.442858920616468481e+02 2.457924924066165886e+02
2.476023591154454095e+02 2.477518412320874575e+02 2.468892223797651013e+02 2.486871749649903336e+02
2.561693597113749661e+02 2.567441553984699567e+02 2.546875434189201428e+02 2.577821293093750228e+02
2.534520537710276642e+02 2.530221564064961797e+02 2.511503190031805843e+02 2.545549381383645482e+02
2.494497576901011939e+02 2.495125975570928745e+02 2.479089221848955447e+02 2.501426715027265288e+02
2.579346268141330825e+02 2.577954044239616564e+02 2.560457570563592071e+02 2.589624516036327009e+02
2.555449471501718506e+02 2.554220700283297560e+02 2.537166302819163661e+02 2.557432787763897011e+02
2.448350823531347658e+02 2.449982535526306719e+02 2.441773766384677913e+02 2.454717483900602986e+02
2.625312486809632446e+02 2.639741145631141421e+02 2.601416502237732402e+02 2.637040962292881545e+02
2.653819246323511720e+02 2.650701110991711289e+02 2.625547098093543354e+02 2.658727195837008708e+02
2.445228711439270057e+02 2.445038607103813604e+02 2.435679213415103561e+02 2.453595848594104041e+02
2.455738719947292452e+02 2.457916161326614599e+02 2.449285710423379214e+02 2.459618688269887912e+02
2.481514708314393545e+02 2.484377223930749494e+02 2.468442912891278809e+02 2.492247139642405500e+02
2.441555222992550682e+02 2.445174599173668355e+02 2.439393033258502328e+02 2.451099581742121245e+02
2.879754073359292192e+02 2.864539253496195670e+02 2.847793382748391195e+02 2.861548388451499818e+02
2.533416373767084053e+02 2.542478452085968854e+02 2.516806205236146923e+02 2.545563762789652742e+02
2.474383173997709946e+02 2.475804717796084446e+02 2.464787426561411223e+02 2.481705968135202625e+02
2.610248423807365157e+02 2.617846244392684980e+02 2.588113584503488482e+02 2.623498169192046703e+02
2.495171258093699009e+02 2.498313328678449636e+02 2.480359247583428441e+02 2.507119223251560811e+02
2.471641615223244628e+02 2.469331553879371484e+02 2.461456554167077968e+02 2.473479657803340501e+02
2.550948958213707840e+02 2.555288393917001315e+02 2.532059811593265124e+02 2.558405305164266679e+02
2.841356473883805052e+02 2.831846681681133191e+02 2.814416524026801767e+02 2.824056514819466770e+02
2.528484625485927779e+02 2.526950320261205150e+02 2.512988602086493017e+02 2.530638753176150431e+02
2.561717975714159365e+02 2.574907063599068238e+02 2.536077809265027838e+02 2.564792542808973508e+02
2.478712704560006728e+02 2.485197890463995805e+02 2.467202724538219911e+02 2.489094272605001947e+02
2.554069377996236767e+02 2.565490029431418293e+02 2.544113221876880289e+02 2.563901701368179147e+02
2.457330299918091612e+02 2.460444834322713064e+02 2.443513021174958908e+02 2.459135510884273401e+02
2.454058178165561230e+02 2.458912166648709672e+02 2.447844098956937842e+02 2.462675599204401351e+02
2.497594620468441065e+02 2.498478229054692861e+02 2.485627062522286792e+02 2.501075374887389273e+02
2.598218307849672897e+02 2.601031775096413980e+02 2.574531716305174882e+02 2.604429196612194914e+02
2.795776850735640551e+02 2.791897415187621050e+02 2.768460033576213277e+02 2.787826101422200509e+02
2.454034102320188140e+02 2.467531256797941808e+02 2.442477059348187538e+02 2.468640860429621853e+02
2.510895674170088228e+02 2.513205723393377582e+02 2.498640956758206926e+02 2.517235988322815672e+02
2.806430103311000153e+02 2.819441225522236891e+02 2.783442829079994567e+02 2.815956953322854019e+02
2.735899894394636931e+02 2.754141748757844539e+02 2.716369438915768342e+02 2.733068702431648376e+02
2.421529789445203278e+02 2.424816038722457847e+02 2.419259983262022047e+02 2.432569045804034715e+02
2.663389623904063228e+02 2.664593396719520229e+02 2.637793125803368071e+02 2.668465359812432780e+02
2.563720092512526207e+02 2.566898830418438138e+02 2.540465768717872379e+02 2.567470498021855860e+02
2.499616478530532788e+02 2.507569964710696411e+02 2.486673179357444781e+02 2.512686974062129082e+02
2.514551601930756419e+02 2.510346823047083262e+02 2.491615077838607988e+02 2.522199083282440881e+02
2.528037346172209823e+02 2.526293835000947468e+02 2.513308062399452751e+02 2.533616599281174899e+02
2.646387339310281845e+02 2.655505725971397055e+02 2.621313267968066043e+02 2.645666339676810139e+02
2.582510989050449552e+02 2.573441512879187485e+02 2.553018289701269339e+02 2.588061813065271508e+02
2.643614223417214930e+02 2.660076804115668665e+02 2.623413568886360849e+02 2.652583975344977034e+02
2.495870728144347197e+02 2.491611510349339937e+02 2.481200900147031518e+02 2.497697791992485179e+02
2.463736138396871524e+02 2.464989126062386902e+02 2.461287313438643594e+02 2.469118920307329859e+02
2.473936001048902540e+02 2.475968383151356704e+02 2.470656024287212063e+02 2.483461315412884574e+02
2.456955948437325787e+02 2.460389901672544113e+02 2.441540779921605804e+02 2.459131664872519707e+02
2.684354319360986096e+02 2.698888696326313266e+02 2.669482075817205100e+02 2.703825666000896035e+02
2.439423621225093939e+02 2.438679999540713084e+02 2.434183864620811732e+02 2.442094586585255058e+02
2.419995921737564686e+02 2.419965665874202045e+02 2.414803114507793111e+02 2.426625566414941773e+02
2.454653357678927819e+02 2.450569814172314125e+02 2.445493874950014117e+02 2.458811333594977100e+02
2.521982834995976646e+02 2.527945731117933406e+02 2.506975011296990488e+02 2.536191145340310982e+02
2.419947563197154636e+02 2.423809934838578499e+02 2.411789883699883035e+02 2.428565417260771824e+02
2.424940805548140759e+02 2.430596724487399172e+02 2.419056423787297661e+02 2.433072990446014785e+02
2.610180590560954670e+02 2.632110595520412062e+02 2.593460696785408572e+02 2.626624051544326335e+02
2.498511570428297830e+02 2.510804199826686158e+02 2.482436231422861113e+02 2.503574332705175891e+02
2.799205552513342354e+02 2.797371641842229906e+02 2.779322853576877606e+02 2.803378490129479133e+02
2.794815408157963361e+02 2.792243347260250630e+02 2.766956873263268335e+02 2.803165249687418736e+02
2.459709576891692677e+02 2.463373365495031635e+02 2.450522200235716355e+02 2.465798560637710466e+02
2.437038842834128616e+02 2.436597447899686983e+02 2.429841417856949590e+02 2.443789350227302180e+02
2.484531309818172247e+02 2.485046471166805020e+02 2.471870845422696163e+02 2.488918643660765895e+02
2.472362893133168313e+02 2.473880505941841648e+02 2.459313705882152874e+02 2.476704012881826316e+02
2.815366626783035713e+02 2.813957333606870748e+02 2.800176138385600098e+02 2.830437268620799500e+02
2.518279698208503135e+02 2.521117387088877422e+02 2.508486221145304285e+02 2.523438746656836713e+02
2.594630562980124751e+02 2.595558698144055256e+02 2.572257009293275587e+02 2.598429128482273995e+02
2.492907799927102701e+02 2.498921130918249105e+02 2.474704930512666294e+02 2.507023627826642382e+02
2.545711910717057265e+02 2.555101844369521871e+02 2.531146933525623979e+02 2.552257275928935201e+02
2.496065353497104411e+02 2.500548059057178989e+02 2.482964891153170583e+02 2.510756235398150977e+02
2.537950950369072132e+02 2.541290996291673423e+02 2.522316595824344176e+02 2.560481476028608654e+02
2.534284690755100087e+02 2.540784858458213193e+02 2.522272153801023080e+02 2.543329660573290596e+02
2.543081465792112397e+02 2.538710557371165066e+02 2.523086684973830529e+02 2.552966847397817673e+02
2.467883811292895757e+02 2.472750017252632233e+02 2.463315002413715433e+02 2.472697605151153084e+02
2.456008583571827728e+02 2.461082894641810697e+02 2.450590586313856534e+02 2.466608921487618886e+02
2.511236107346909705e+02 2.514582376496397558e+02 2.497239831810214241e+02 2.516201792636662162e+02
2.488198940316110566e+02 2.485771378382254966e+02 2.477606423210924333e+02 2.495305935839105871e+02
2.489051997175704969e+02 2.488518896106834006e+02 2.475311656563559950e+02 2.492564257171966062e+02
2.760469584018628098e+02 2.762182135944007655e+02 2.733636271690432977e+02 2.762665314337032214e+02
2.687669305707532885e+02 2.687207107933428460e+02 2.649212488690212126e+02 2.683068701172551869e+02
2.482205404479012714e+02 2.483690333246164244e+02 2.474043695322147869e+02 2.486387811537900348e+02
2.487951761094456344e+02 2.490508079334412628e+02 2.478106601202460695e+02 2.489527891295227278e+02
2.433572372229433256e+02 2.435884277381947811e+02 2.427458309159017915e+02 2.442770408501194197e+02
2.522766183090276968e+02 2.523511507928049582e+02 2.514522853226475263e+02 2.525207912369995711e+02
2.465210042953305276e+02 2.465057849972924942e+02 2.452884724954336946e+02 2.468072072372491448e+02
2.466486585932716480e+02 2.474250158411585971e+02 2.454396998695757190e+02 2.470322959459068102e+02
2.503019551394696975e+02 2.498885253034299865e+02 2.483412581154588281e+02 2.503122761054922307e+02
2.454736822159935627e+02 2.456677151374229311e+02 2.444661770503117850e+02 2.461061351834888171e+02
2.588649628319159319e+02 2.595785846565562451e+02 2.573518716326445883e+02 2.597479781200619868e+02
2.606280745774658385e+02 2.612219458241558527e+02 2.582412475296189882e+02 2.616605519326429885e+02
2.433149060040706786e+02 2.443932469383271666e+02 2.424779971623639767e+02 2.450237478247117338e+02
2.748239097721402118e+02 2.743592455459835833e+02 2.722929169568158727e+02 2.746442432523399475e+02
2.463200507622291298e+02 2.462724534207929992e+02 2.452121962961422810e+02 2.469458444523986316e+02
2.593068309192785250e+02 2.590422378447325400e+02 2.579067278823940228e+02 2.600087995776030994e+02
2.515406770503399798e+02 2.528268656939414711e+02 2.501033277251001721e+02 2.521328728743172860e+02
2.462891247988831651e+02 2.471810785016326122e+02 2.453874491270937881e+02 2.471053527636721299e+02
2.577070019742869249e+02 2.583969020400228374e+02 2.563230230332933957e+02 2.591945381467318725e+02
2.691072338279738574e+02 2.683935344189727061e+02 2.668637446615637714e+02 2.693681508253750394e+02
2.627748954849802772e+02 2.645660698401052855e+02 2.616469291771409189e+02 2.634456774985166021e+02
2.444327589524393147e+02 2.444513738851349274e+02 2.437453887690149372e+02 2.445529512455681811e+02
2.625173248457021487e+02 2.640163251374294759e+02 2.597324133342652317e+02 2.630126590793528294e+02
2.443931612100763289e+02 2.444057026097727601e+02 2.443897655709229468e+02 2.449511063279528571e+02
2.468527368660831769e+02 2.475346073940104361e+02 2.454600691670439971e+02 2.476618797439158470e+02
2.465635750435379805e+02 2.463125930963069834e+02 2.458317821129827223e+02 2.464708408164324567e+02
2.748783408760953648e+02 2.743562100995823130e+02 2.711586330794621631e+02 2.748114991862951229e+02
2.495045237871221957e+02 2.498169533778705613e+02 2.486836887826869429e+02 2.495321197894358534e+02
2.504030673680788368e+02 2.511345073054719705e+02 2.494284405138506031e+02 2.513449720185604122e+02
2.683595455637211558e+02 2.681896647346310942e+02 2.647756196973892315e+02 2.691140566353164445e+02
2.482669391175564328e+02 2.492823210734083830e+02 2.472207938847909077e+02 2.499829323424893914e+02
2.449188169970643685e+02 2.455517743637944648e+02 2.435859372125314621e+02 2.457027912332104052e+02
2.449362456924417870e+02 2.450690301022685844e+02 2.437798762164138964e+02 2.454490431436787503e+02
2.569464402482622631e+02 2.577759858432456781e+02 2.550828393796828379e+02 2.578579052019829874e+02
2.540374293064654125e+02 2.538256910631323535e+02 2.523432121183538470e+02 2.544788900701316834e+02
2.560921469910501287e+02 2.562819753177920461e+02 2.542951790423462342e+02 2.569325605371647043e+02
2.704325810878243033e+02 2.693127439447810048e+02 2.666702332274751370e+02 2.695776671802443616e+02
2.445811118685957126e+02 2.448575657483718544e+02 2.439723792143398953e+02 2.450876698064075185e+02
2.502911207782911731e+02 2.502277374824059564e+02 2.487336914300447006e+02 2.510365987642870493e+02
2.522665727260745712e+02 2.518414857896806893e+02 2.484541100687098378e+02 2.524001877550648771e+02
2.490146557791198916e+02 2.491271930793276965e+02 2.484027083606548558e+02 2.495902015235667761e+02
2.480825591390872091e+02 2.485276801917897842e+02 2.465541760753430083e+02 2.491933965219950267e+02
2.502999679182551063e+02 2.503300885235414341e+02 2.491828447895642284e+02 2.513029348837849852e+02
2.670961824240695819e+02 2.681911786400904134e+02 2.639376555192725959e+02 2.673400266504837077e+02
2.757973335996042010e+02 2.766866851721911189e+02 2.749217199493660360e+02 2.762971781249037804e+02
2.442942291281682969e+02 2.450043743920511758e+02 2.434636351949775985e+02 2.453512425782747357e+02
2.540433972749218867e+02 2.540314031538962354e+02 2.518183638359923862e+02 2.540537461987778727e+02
2.479652811110430264e+02 2.488897862476198100e+02 2.456440121963178171e+02 2.485918611230953559e+02
2.430506937954502007e+02 2.437066730117597047e+02 2.420575901738073128e+02 2.439962026244988351e+02
2.707641417994891526e+02 2.723477758293029751e+02 2.682361017329594119e+02 2.718122566469115782e+02
2.517996772468322604e+02 2.521439173043930566e+02 2.507384185728244574e+02 2.523539505061707757e+02
2.459668131475209236e+02 2.465123390016077849e+02 2.450046494670423556e+02 2.467654160081897317e+02
2.476346979524171275e+02 2.482267012701128976e+02 2.468071235006596567e+02 2.480091650234357417e+02
2.470990008331884269e+02 2.475454156036972790e+02 2.452439520793122369e+02 2.475913041639243204e+02
2.701082026540159973e+02 2.698721089969034210e+02 2.663362039991506549e+02 2.689296210817760198e+02
2.457167710381440600e+02 2.458213471383467663e+02 2.455271576551106705e+02 2.462498767108299376e+02
2.853560827121163470e+02 2.864163810761748437e+02 2.850546519904805223e+02 2.861536503607499071e+02
2.451580347161624331e+02 2.454073268941951653e+02 2.444582944587443194e+02 2.457544941022756859e+02
2.510944842556422998e+02 2.512764886172711840e+02 2.501588198106755101e+02 2.517494978402388881e+02
2.829129870148383361e+02 2.819371456508703204e+02 2.805405665535476487e+02 2.819766913805578952e+02
2.477565962681213989e+02 2.481289128595153954e+02 2.467366914474367263e+02 2.480965878816587349e+02
2.535766961535981068e+02 2.536038797915246050e+02 2.517357640409283874e+02 2.540141749156956621e+02
2.898323842194577082e+02 2.896508181748714605e+02 2.878391026570209306e+02 2.889087024506413286e+02
2.721572494112096479e+02 2.722221614161252319e+02 2.680892025090794277e+02 2.710656110427738099e+02
2.511242960540471074e+02 2.513280283734221427e+02 2.501182061094646940e+02 2.517576388938099967e+02
2.645211863331990685e+02 2.655572606608910178e+02 2.605360435051429135e+02 2.643236365817482465e+02
2.547472831389745807e+02 2.550303981604737942e+02 2.532098386574319875e+02 2.554093266539971125e+02
2.486479946543904589e+02 2.484578126121086257e+02 2.476170945541613264e+02 2.490205609449193389e+02
2.578002758738219313e+02 2.581161494471057836e+02 2.563554768487961155e+02 2.588194167733192899e+02
2.879091208505657278e+02 2.883238958611669887e+02 2.876373700502055044e+02 2.874586866285640667e+02
2.809981693780732712e+02 2.831044190436763301e+02 2.787146900942393586e+02 2.826378074425297200e+02
2.488385005733046569e+02 2.490925881253723446e+02 2.479637962306788950e+02 2.496005696637147082e+02
2.467706633529031137e+02 2.469308639157201526e+02 2.459921831204831051e+02 2.473837996089364992e+02
2.688531110618689013e+02 2.705462859211481259e+02 2.662438938719515704e+02 2.698427475630207368e+02
2.481110654633618822e+02 2.483094436580821878e+02 2.472146547208186860e+02 2.489059886878935117e+02
2.470922148256766491e+02 2.475610532468816984e+02 2.464628916764274891e+02 2.477572355733399547e+02
2.472088857856801667e+02 2.480317070647286926e+02 2.460370918594183536e+02 2.482771191678283742e+02
2.554138909161232789e+02 2.562877082124347794e+02 2.532352989489240827e+02 2.557609228865011062e+02
2.594352127284602716e+02 2.602815867434413803e+02 2.585640475130072105e+02 2.606599792809598739e+02
2.524538326357247229e+02 2.525218131860928565e+02 2.507249550824452626e+02 2.532277662592988179e+02
2.463983825318379104e+02 2.462825286508419822e+02 2.460392614846314530e+02 2.467751072494256164e+02
2.450385942141875262e+02 2.451087548789519417e+02 2.443265849290166614e+02 2.456162627221585808e+02
2.466748449559871688e+02 2.468077205180838405e+02 2.452735497956338406e+02 2.468215310823662492e+02
2.538391533217860285e+02 2.551683116089623979e+02 2.521253144513387099e+02 2.554972621838533655e+02
2.508712893068504286e+02 2.508682064436091252e+02 2.498653933889725920e+02 2.513550679871736406e+02
2.474450910391228149e+02 2.475463643238409759e+02 2.465897046393291987e+02 2.473053824662952138e+02
2.568164513511313203e+02 2.571592472149732203e+02 2.547491087300573156e+02 2.581593042016875756e+02
2.460564653745690862e+02 2.461577260157054070e+02 2.455846491915582135e+02 2.463597679610098510e+02
2.449777769604775983e+02 2.450397137146990474e+02 2.440176084609210818e+02 2.455095417116015426e+02
2.429264889764508268e+02 2.429041067949331705e+02 2.422448113132646768e+02 2.434321657824060026e+02
2.455500412905137750e+02 2.457809711627190268e+02 2.452342121528741643e+02 2.462401755812741442e+02
2.488748897477866819e+02 2.487925760739097996e+02 2.480087484190775342e+02 2.492692482682820696e+02
2.432864146310580509e+02 2.435677669688440119e+02 2.426234827347069540e+02 2.439295371632683782e+02
2.549340657868013693e+02 2.565473059440648740e+02 2.528785194606073503e+02 2.564627615889619392e+02
2.500571491681766361e+02 2.506117321707097574e+02 2.482666166671774874e+02 2.502784685606902144e+02
2.629757914586667766e+02 2.638266855470665178e+02 2.602774286028287065e+02 2.641186575753595775e+02
2.462824172999928862e+02 2.460471942700861234e+02 2.455985060681545349e+02 2.469821284137064481e+02
2.505164736422999283e+02 2.507446475495243874e+02 2.493729521571758596e+02 2.516666721209920752e+02
2.499211241063983948e+02 2.501676698700892700e+02 2.484186028529348960e+02 2.506208790972494285e+02
2.755979115656730301e+02 2.761635401667540464e+02 2.733817401058723817e+02 2.765545820464389521e+02
2.611117595070591619e+02 2.617241430087663048e+02 2.579452187071253775e+02 2.616676034674109701e+02
2.481912735185456995e+02 2.482456117898970547e+02 2.474188896407349034e+02 2.490448416788657369e+02
2.486773024623330457e+02 2.486567308226225919e+02 2.482528316621344970e+02 2.488830203630244853e+02
2.474605846180683670e+02 2.476257923554486524e+02 2.465247705614067115e+02 2.474042754802384536e+02
2.475257934881754238e+02 2.473505712954434159e+02 2.455960154574465832e+02 2.484635271414700810e+02
2.696619228551981564e+02 2.702764625162585048e+02 2.682854754669688191e+02 2.701355657590928558e+02
2.473025019464047887e+02 2.473298482390792685e+02 2.460777810997302595e+02 2.476854250595488907e+02
2.618769425269600788e+02 2.621654360371786652e+02 2.595074468275286108e+02 2.630967769860545786e+02
2.516071637588895271e+02 2.511818818267604456e+02 2.497114195061728310e+02 2.518488803607256727e+02
2.820625490476819550e+02 2.804488054577685148e+02 2.784434776246387173e+02 2.813115065250646580e+02
2.575465713584300147e+02 2.582764377602224499e+02 2.555882272268167696e+02 2.585249601051091872e+02
2.578812629846569280e+02 2.586775915187117221e+02 2.565979622483339995e+02 2.585394253139810985e+02
2.490497610308669607e+02 2.494671054755357602e+02 2.485025620012148124e+02 2.493726222843850451e+02
2.462799022523274743e+02 2.471575098766299732e+02 2.442892950139361403e+02 2.467008039267536788e+02
2.649550103480749499e+02 2.640149933626856296e+02 2.606698267478009825e+02 2.646967191924960616e+02
2.452120284822014753e+02 2.451835446122562985e+02 2.437176293901118527e+02 2.463227581660962926e+02
2.536074428559823843e+02 2.539672880118571356e+02 2.516302778378787650e+02 2.539236745368142181e+02
2.544688222832533597e+02 2.544113987228097358e+02 2.524998108888590025e+02 2.554280289469984382e+02
2.474015870953607532e+02 2.478926713882956676e+02 2.462935607510918885e+02 2.486717333373558461e+02
2.607449507341469257e+02 2.616655205809176437e+02 2.578854870589793222e+02 2.617208637184926374e+02
2.443137814039236559e+02 2.444024091972268025e+02 2.431415606431401102e+02 2.452878256579083711e+02
2.520044783332844247e+02 2.528557063061386998e+02 2.506848393475155206e+02 2.531397433886691317e+02
2.468770623199937120e+02 2.468758869553646207e+02 2.459721407869780307e+02 2.468567808594879693e+02
2.874358898752263940e+02 2.883801240259194287e+02 2.859832040845017218e+02 2.877080867709765926e+02
2.467803131531426004e+02 2.470415649257329278e+02 2.455212108046324886e+02 2.472390144957814755e+02
2.447313178348435372e+02 2.450238661376884295e+02 2.439255661503894430e+02 2.456024772486343863e+02
2.432578256612772236e+02 2.430273543721126828e+02 2.422926082256218763e+02 2.434479131929550419e+02
2.487339071356113038e+02 2.489024057298127559e+02 2.474419500362464248e+02 2.487988239128063981e+02
2.435630402111079604e+02 2.438134062375935969e+02 2.424047679739281875e+02 2.444387357735294870e+02
2.510804387721111368e+02 2.516335762937822551e+02 2.491385797710421741e+02 2.522078973259579868e+02
2.629102068265094658e+02 2.620581125618891747e+02 2.599978674466342454e+02 2.635563082123566687e+02
2.697919722396083557e+02 2.709579045545733038e+02 2.669564889215810695e+02 2.694764362940219939e+02
2.649638675257724572e+02 2.653236050939650568e+02 2.615051567640271060e+02 2.644427237008947031e+02
2.887591386662036257e+02 2.877946116617807775e+02 2.866339699297104175e+02 2.864948688688148195e+02
2.472322764581934109e+02 2.473744137359512649e+02 2.467914739096113408e+02 2.481333434482356495e+02
2.733779701596309337e+02 2.732580391152430366e+02 2.714365777671270621e+02 2.741183761038253124e+02
2.833428264478969254e+02 2.840290001019374699e+02 2.814936576086042805e+02 2.831777632227685899e+02
2.470639418225094914e+02 2.473749326340515609e+02 2.463566361033161627e+02 2.479193839268781119e+02
2.583443567817338931e+02 2.600448183648122153e+02 2.554454215891583999e+02 2.588161336079368766e+02
2.529989555882555976e+02 2.529981533658769308e+02 2.513207000324711657e+02 2.529497537723568428e+02
2.508629340067972180e+02 2.509761812181562846e+02 2.488830872170336477e+02 2.516974526944845536e+02
2.568251801198366024e+02 2.570624926679591908e+02 2.549059236604541923e+02 2.572773358576333180e+02
2.752359143263669239e+02 2.762665387940783717e+02 2.736167193915533744e+02 2.753216357865604209e+02
2.464172494927502726e+02 2.475644586628112336e+02 2.455320890453844527e+02 2.479086527253926988e+02
2.541250138137968122e+02 2.546310482573833838e+02 2.527681377982735000e+02 2.549286367802961593e+02
2.502486779495620510e+02 2.505694845839508673e+02 2.483108339562003266e+02 2.508250249421953697e+02
2.548668226050592978e+02 2.555585989539274294e+02 2.537165979847385699e+02 2.553572936697961495e+02
2.589160972589751850e+02 2.591980732374079253e+02 2.572621061613469919e+02 2.594804374396493358e+02
2.662926470636051590e+02 2.681472081013230877e+02 2.638860526113894025e+02 2.682108614691264847e+02
2.478394800788304622e+02 2.484515678669733916e+02 2.462574260891273639e+02 2.484691111182116856e+02
2.549959869288335881e+02 2.555917844792343772e+02 2.534791501307993542e+02 2.555808441499545438e+02
2.505251182378410135e+02 2.512766378377892806e+02 2.485810061035692513e+02 2.518379161206094921e+02
2.543786345442474612e+02 2.542023631548941864e+02 2.524394167445479127e+02 2.552651542588100426e+02
2.584586721895856840e+02 2.579832060888826959e+02 2.567292458881651100e+02 2.585415685781714501e+02
2.502680090709008596e+02 2.511264182684659261e+02 2.486508032362797564e+02 2.511492950502657209e+02
2.459091765290732781e+02 2.462478420444487313e+02 2.453012394153749369e+02 2.464260783248916766e+02
2.525315536687997451e+02 2.527702897393075432e+02 2.514954864674847670e+02 2.534621252097080060e+02
2.462204380883323722e+02 2.459580202647524914e+02 2.453333298921569110e+02 2.465251215123768418e+02
2.606826252416246916e+02 2.617944156357510224e+02 2.589840342982117249e+02 2.615517034298951558e+02
2.778699276501503732e+02 2.781328694729659219e+02 2.762430149948673375e+02 2.790654233293073503e+02
2.475161059254949976e+02 2.474874474888546274e+02 2.466488508417851051e+02 2.485341362181698912e+02
2.510319293848843358e+02 2.515603231000150686e+02 2.495996322888828445e+02 2.512975993484016612e+02
2.439395381854926370e+02 2.440306033732297522e+02 2.422133437028802234e+02 2.443724439675829387e+02
2.497568447727845751e+02 2.501790678209904115e+02 2.484155346291044282e+02 2.502219591507618475e+02
2.570523933950667583e+02 2.576770558464716601e+02 2.561987450552616110e+02 2.586273404941459830e+02
2.666805050298418109e+02 2.671636465614593021e+02 2.629041200260861615e+02 2.683996430252028063e+02
2.521290550252651030e+02 2.522079885130874288e+02 2.507242948120543247e+02 2.525523040682364240e+02
2.899593739229430867e+02 2.894721396716726645e+02 2.876872039410218918e+02 2.896670129368890798e+02
2.618258590363320195e+02 2.634093362575702031e+02 2.599142533972880074e+02 2.626475309755661556e+02
2.496735141534362867e+02 2.499920326580332528e+02 2.487557827865304887e+02 2.501559815679178200e+02
2.459875706391422341e+02 2.460421033874676766e+02 2.453907211360692031e+02 2.465144751332967701e+02
2.502826588051505325e+02 2.506031002450962148e+02 2.490843335755530177e+02 2.509067492024331330e+02
2.469497953911054822e+02 2.466186636960210024e+02 2.458626958553100224e+02 2.471850167683743678e+02
2.420916125963456977e+02 2.428089194136726121e+02 2.410649086256817668e+02 2.420218425716000468e+02
2.467513250935047608e+02 2.469878097575206937e+02 2.456778148876983892e+02 2.476702713905649489e+02
2.762661349367770640e+02 2.773410468467342298e+02 2.739738347522676349e+02 2.771067670876365128e+02
2.467964657346958575e+02 2.472381819842961193e+02 2.462757085861608459e+02 2.474934621496718137e+02
2.446696306008325621e+02 2.449581102552629943e+02 2.439396180352081842e+02 2.453029400333305432e+02
2.490654285833526842e+02 2.493992136180999069e+02 2.480769759804821604e+02 2.498613853952891191e+02
2.493719844768066878e+02 2.494630674611154291e+02 2.472633772495999267e+02 2.501199903937967122e+02
2.425781201930147972e+02 2.428848620540456409e+02 2.417846387682849638e+02 2.431717732968089649e+02
2.482189600731518055e+02 2.481217869335692967e+02 2.471368350373307408e+02 2.486479791336321057e+02
2.493577536287502312e+02 2.494720729271916468e+02 2.480727215591565482e+02 2.502637592381280456e+02
2.440274648721058668e+02 2.443067909772437361e+02 2.432569307890883294e+02 2.452896755046969872e+02
2.486707600900197122e+02 2.487323969329011106e+02 2.480331382624193850e+02 2.490250186269120150e+02
2.835367250276877940e+02 2.837840679678878359e+02 2.816875913517745289e+02 2.833038500003389117e+02
2.522140990330834427e+02 2.529421431119760086e+02 2.510668367638034510e+02 2.536132311330717073e+02
2.555724763239441018e+02 2.553391876555764668e+02 2.537288423971688189e+02 2.572013362804745498e+02
2.451475992050206969e+02 2.455506539410462779e+02 2.443933585252226806e+02 2.457321667081356793e+02
2.543150633350072383e+02 2.545319317246306241e+02 2.527942641334785208e+02 2.548694635690513053e+02
2.470042572220570207e+02 2.471164585792416233e+02 2.451001841947115736e+02 2.480519823978666238e+02
2.716328937493682929e+02 2.724392486311644461e+02 2.696626347095265714e+02 2.717361183123833257e+02
2.615360331726809591e+02 2.628807310054539244e+02 2.603064199833150951e+02 2.628407061968314338e+02
2.463402645371291158e+02 2.466404629878605590e+02 2.455912941017998889e+02 2.467100722394270349e+02
2.503333721374456786e+02 2.508903028404447468e+02 2.490683752392343422e+02 2.511806508732874192e+02
2.596989670733184994e+02 2.605288292497515954e+02 2.587670643425407775e+02 2.606919337170338622e+02
2.624560814613229809e+02 2.633777740849105840e+02 2.608052923476465708e+02 2.634609330476806690e+02
2.608148783710187217e+02 2.627739569970837010e+02 2.592476662225250834e+02 2.631835420345679495e+02
2.699238979162055330e+02 2.709712119542988944e+02 2.674387655287994221e+02 2.714675531115471472e+02
2.783518761326549793e+02 2.777189785281155423e+02 2.737673673545580755e+02 2.780051523309791719e+02
2.657197547073929513e+02 2.652941946489136171e+02 2.624322088602271492e+02 2.661658097039400559e+02
2.786403053904217586e+02 2.791057343325680336e+02 2.768928454505538639e+02 2.782872053622924682e+02
2.521469146983928908e+02 2.522180909927558901e+02 2.507708854314564064e+02 2.532254190437935790e+02
2.469655325438923512e+02 2.473545370879493817e+02 2.462394494692430271e+02 2.472520085351834211e+02
2.638952148662833679e+02 2.637832843219104575e+02 2.614787935322868861e+02 2.647142928580738044e+02
2.473010530120986630e+02 2.473598159344065266e+02 2.466921438774348871e+02 2.475905381835725620e+02
2.554404408829352917e+02 2.565667651395696680e+02 2.539176514304207899e+02 2.569063221574417639e+02
2.494090834942495576e+02 2.496967837004981732e+02 2.481404576468045775e+02 2.498370064251103315e+02
2.495774129137602415e+02 2.499992291013738850e+02 2.484920481527515790e+02 2.504046245115958982e+02
2.561949246488189829e+02 2.572566121116822160e+02 2.540224841239700027e+02 2.580309925891558009e+02
2.445227040549831941e+02 2.449475070792505562e+02 2.436138064923341062e+02 2.451569030709851518e+02
2.513417167103370389e+02 2.516079526414748102e+02 2.500281882603372878e+02 2.524313295895408942e+02
2.514489206576648996e+02 2.520937871617350083e+02 2.499148881600505092e+02 2.524024141888174313e+02
2.530003316691237387e+02 2.527530537923050247e+02 2.500395490225488970e+02 2.531566850859568945e+02
2.470253350656456348e+02 2.473080122543915707e+02 2.456931624221116124e+02 2.481321787066855507e+02
2.442559065681660968e+02 2.449241270552600156e+02 2.436324569180127639e+02 2.455336324628723901e+02
2.433015481332270156e+02 2.436404234375039266e+02 2.428511719703199105e+02 2.437424945138391763e+02
2.468935500020084248e+02 2.467842669214128932e+02 2.455638090634111848e+02 2.464980728092718891e+02
2.584908128349469507e+02 2.587418170511790549e+02 2.558071032104892595e+02 2.595867518400029894e+02
2.621319592857346947e+02 2.622445042644898194e+02 2.599713636952849356e+02 2.626587341186592539e+02
2.529177774571468831e+02 2.535306603127479832e+02 2.517818370269472723e+02 2.537517490551486787e+02
2.479048546933698276e+02 2.481637980150651401e+02 2.467945369905577877e+02 2.488883193481254352e+02
2.520457168550813378e+02 2.516307492678659514e+02 2.503290825218347493e+02 2.521933281302894443e+02
2.486551296139255669e+02 2.491224058938870201e+02 2.479843343277689485e+02 2.496559883559110347e+02
2.700157085011255731e+02 2.701491196422233543e+02 2.673310294074522062e+02 2.701572414811767544e+02
2.472736339736578088e+02 2.474276493491802853e+02 2.455042116971447967e+02 2.485284584224606590e+02
2.452823281170313976e+02 2.453923570259283338e+02 2.446826433067373046e+02 2.455698726660979787e+02
2.470112736242488722e+02 2.469889842712660197e+02 2.463384135408706186e+02 2.468969672593222526e+02
2.631241944734206299e+02 2.636706584334015702e+02 2.606290828181843722e+02 2.632441665450186861e+02
2.495608314737943090e+02 2.493018706804865303e+02 2.483432327828435575e+02 2.502310640962884065e+02
2.634541889940379633e+02 2.641833381655643507e+02 2.619502174862546440e+02 2.654176299012793834e+02
2.481036857231615329e+02 2.488241176793914633e+02 2.464064485192487268e+02 2.494305259716002752e+02
2.619331406433457801e+02 2.630681090991786846e+02 2.602917134564628441e+02 2.627531653055107768e+02
2.460069913700830284e+02 2.460564747993085462e+02 2.451723154689271666e+02 2.461525013571844624e+02
2.510099705954473279e+02 2.520906029767935479e+02 2.503736585985460010e+02 2.526422797609369866e+02
2.565300111463504322e+02 2.566302256527375789e+02 2.539231425247174627e+02 2.573378203886778692e+02
2.489646494046772887e+02 2.488939853290504800e+02 2.476195175331077678e+02 2.493540767593001988e+02
