2.609522800655461197e+02 2.609723696675143287e+02 2.576579667245520682e+02 2.614527737140948602e+02
2.462375879318787781e+02 2.456958894279914887e+02 2.452504764494929361e+02 2.469255198256440735e+02
2.491465832796620248e+02 2.490884301564082932e+02 2.475451277639795649e+02 2.499190004855267375e+02
2.863869343467471822e+02 2.860091433710381921e+02 2.836381145236921952e+02 2.846233929082023337e+02
2.934819005201821369e+02 2.919193535068583856e+02 2.902303033527300045e+02 2.927061490800944057e+02
2.518686772479669855e+02 2.514199305991965900e+02 2.510756215196678340e+02 2.525215815333912701e+02
2.463783646593431627e+02 2.465493399046495426e+02 2.456269863225797963e+02 2.468034442002175695e+02
2.470028584541379360e+02 2.470592239802049050e+02 2.464246649200736101e+02 2.474085386325098455e+02
2.461342214373094350e+02 2.464392899879485412e+02 2.450495294618197875e+02 2.464925192253530781e+02
2.723702220471737974e+02 2.724940959633104853e+02 2.699517264723466496e+02 2.722267059608433328e+02
2.473403590854113077e+02 2.479391971275111928e+02 2.462652103081734936e+02 2.479477350821386494e+02
2.565079285656213983e+02 2.578064469649167449e+02 2.556499536871343139e+02 2.581795891005897374e+02
2.487157863449523916e+02 2.487112708159937711e+02 2.475350353411639333e+02 2.493609568937720553e+02
2.507644784010340402e+02 2.516482201793944284e+02 2.494063064745862448e+02 2.521084455546405820e+02
2.583967425458091611e+02 2.596947765390192444e+02 2.568486304282467358e+02 2.596830330898646935e+02
2.501577221507010904e+02 2.504849671152463486e+02 2.490208174077027650e+02 2.507515437011241772e+02
2.480259868161061547e+02 2.477501878637476125e+02 2.471178778009082464e+02 2.485005287621987122e+02
2.545799444045819655e+02 2.552579703835189662e+02 2.526627758321708086e+02 2.558491439267161240e+02
2.572165086724341450e+02 2.575166865228094935e+02 2.556423864693690291e+02 2.579673168770918323e+02
2.733682727896259621e+02 2.762412788981750396e+02 2.722269913010123332e+02 2.752295145247409209e+02
2.582197563281298471e+02 2.595559182897269466e+02 2.566692586824618729e+02 2.592687933880135347e+02
2.501654981404285536e+02 2.505071385929960854e+02 2.491444710581221500e+02 2.505935568405984952e+02
2.490971022206448424e+02 2.496249321880203240e+02 2.484330707672603182e+02 2.498696021208708373e+02
2.491311157441904811e+02 2.490887116969427666e+02 2.479977880287249832e+02 2.487768490816094697e+02
2.496909996608555389e+02 2.499001774206639652e+02 2.492829691134976997e+02 2.502550059828840574e+02
2.471977185973299811e+02 2.475596823820626184e+02 2.463219658332316726e+02 2.477301604885866766e+02
2.637165210520071810e+02 2.663845968253793330e+02 2.616932741463369894e+02 2.653067768092752203e+02
2.640986846982756902e+02 2.649861798937976687e+02 2.618898571604550511e+02 2.653934246947035263e+02
2.672960478986225894e+02 2.671083596725112557e+02 2.641528579189834431e+02 2.682596292115565575e+02
2.504677191527553362e+02 2.510691886142881799e+02 2.492942491344642235e+02 2.518041522546571400e+02
2.522394464548495421e+02 2.523974862154308880e+02 2.497130735436893474e+02 2.522245699579764846e+02
2.476293142441045916e+02 2.478721994928295942e+02 2.467888389219196767e+02 2.481562366809549189e+02
2.595036396358837010e+02 2.596179029269255238e+02 2.580512249528754296e+02 2.607061008750515612e+02
2.601648207045026311e+02 2.605697526400447259e+02 2.581967136785356729e+02 2.608833676693445227e+02
2.459442983472980870e+02 2.465052222448875625e+02 2.450770368301056976e+02 2.469837940932918627e+02
2.494673794758176086e+02 2.492490725545026180e+02 2.484027236150503199e+02 2.497498538865083901e+02
2.571842879304043095e+02 2.568716659274492713e+02 2.543021536030498453e+02 2.575194117855543823e+02
2.514787031533804509e+02 2.510699608113231704e+02 2.492982525678781656e+02 2.519041372458643764e+02
2.501889110341994638e+02 2.504111195434426520e+02 2.498595490743755931e+02 2.504921901848291554e+02
2.467734785978559273e+02 2.474774769847120126e+02 2.462713618683242771e+02 2.474058930953001152e+02
2.574722891518751453e+02 2.578166756590862292e+02 2.555191195332953669e+02 2.583922065163416733e+02
2.495974003669423382e+02 2.492175197175076562e+02 2.479443043200477632e+02 2.496254499881036111e+02
2.604252549654268023e+02 2.608347202481419913e+02 2.585980193698728158e+02 2.608790554879218462e+02
2.521720460067060401e+02 2.521905512493772221e+02 2.506979138811787493e+02 2.521257074344969453e+02
2.777977639022275866e+02 2.800882907876965078e+02 2.767451863303299433e+02 2.793032644926615831e+02
2.843232013962305587e+02 2.846414621425264500e+02 2.802331640361339282e+02 2.825980381629056524e+02
2.740497353406215097e+02 2.744609760380611192e+02 2.716858949159677081e+02 2.744933590746421146e+02
2.688415948641222144e+02 2.683675914956882593e+02 2.661872082004012441e+02 2.692810170858131187e+02
2.592039789216137819e+02 2.595649245025676350e+02 2.573533014224618114e+02 2.599745497489284389e+02
2.568232718715962051e+02 2.565143216684092522e+02 2.551346091507054439e+02 2.583685054832728270e+02
2.540902766920821421e+02 2.546026862381354192e+02 2.535275853406706688e+02 2.553052398209981106e+02
2.596239743270759845e+02 2.601412483809321543e+02 2.576554003199581189e+02 2.605844668786176612e+02
2.527131705232217200e+02 2.533856606919024728e+02 2.510955154233244002e+02 2.538148394279789954e+02
2.451973851909445159e+02 2.453593599164086356e+02 2.438620208391104143e+02 2.459711080256163882e+02
2.482302273904671779e+02 2.484466001995415638e+02 2.475232351612095556e+02 2.486530184429843189e+02
2.619252676993908722e+02 2.627831101017595188e+02 2.599685989140611468e+02 2.626437948177249950e+02
2.521371144091307599e+02 2.528509682333219928e+02 2.515140888148200418e+02 2.535954021755595420e+02
2.464328275491091063e+02 2.467685400364160557e+02 2.458083653906176664e+02 2.472320904890788142e+02
2.491752936690482443e+02 2.494025172077374179e+02 2.487463085854951714e+02 2.495796663053665725e+02
2.476556483936157917e+02 2.478825344211325898e+02 2.470947024635102878e+02 2.482164119756976390e+02
2.760992950240698747e+02 2.761772701954224658e+02 2.740443465082424268e+02 2.766156407879391281e+02
2.504940247682373240e+02 2.503528440364163714e+02 2.495840079370179296e+02 2.512514636008655771e+02
2.709176757105208253e+02 2.713001735290273473e+02 2.676770955569771218e+02 2.716210951877987441e+02
2.509734251864437056e+02 2.508701812662001487e+02 2.499201975737369139e+02 2.508697821285103373e+02
2.588168039388360739e+02 2.591460604292365133e+02 2.563537273469848401e+02 2.596461129789776123e+02
2.501587104787619182e+02 2.503419118738116254e+02 2.495076714518123424e+02 2.512591537017564463e+02
2.527717478991190490e+02 2.529222140551743792e+02 2.514153457712873774e+02 2.531929441469826827e+02
2.481563007260998006e+02 2.484672709369611425e+02 2.477971281766243976e+02 2.490603350014528132e+02
2.556739187137538352e+02 2.559704721277218198e+02 2.535436080387056847e+02 2.572423473711941710e+02
2.487981617121468219e+02 2.489383185878380687e+02 2.484295877831889072e+02 2.495555333784749052e+02
2.491355392487741938e+02 2.493532800034607249e+02 2.480822994350757256e+02 2.495791281411687237e+02
2.572942302642705386e+02 2.577284587537878338e+02 2.559056300604997034e+02 2.582617180237176058e+02
2.473724841535824623e+02 2.482694489869348331e+02 2.467211454239126169e+02 2.480890204155186609e+02
2.516527803447728786e+02 2.516630669515260195e+02 2.502388434659607412e+02 2.523133566263858825e+02
2.508874983545453574e+02 2.509557577059935056e+02 2.494193731284022419e+02 2.515079698465551132e+02
2.459250227272895586e+02 2.460144200741474378e+02 2.452482807595546888e+02 2.466716090256300902e+02
2.520093317575836522e+02 2.522290891920966089e+02 2.517472953883563775e+02 2.522672686688973158e+02
2.679353060893166116e+02 2.685715572165302660e+02 2.656084213749221021e+02 2.681157940805887847e+02
2.683329124900337206e+02 2.687416069757632613e+02 2.653855309000408056e+02 2.684284792130573010e+02
2.808368379611317778e+02 2.819376650958850519e+02 2.796700390558611957e+02 2.822745043470525843e+02
2.671715325356684048e+02 2.682713265997150529e+02 2.642881943774171418e+02 2.669381339552073200e+02
2.569323431438145917e+02 2.577782788007850172e+02 2.553548713649419426e+02 2.586690532067536310e+02
2.629572635846142248e+02 2.635135605346034708e+02 2.611363739257201928e+02 2.648659001790757657e+02
2.488794437873701213e+02 2.487592394807554967e+02 2.484958738057926837e+02 2.493622270336695976e+02
2.492098240397345421e+02 2.492125125482593830e+02 2.487370615134298646e+02 2.496534304319862656e+02
2.492445557641572975e+02 2.492652181177167279e+02 2.490077224014278556e+02 2.499216262384864535e+02
2.490738269675113941e+02 2.492056361196967487e+02 2.485207046870436045e+02 2.496613568485111330e+02
2.493909770644680464e+02 2.505756125807551484e+02 2.485291104765721570e+02 2.504996055209620351e+02
2.536756998884365544e+02 2.544525645343036899e+02 2.519925673608978514e+02 2.546002271701829898e+02
2.480299677976994701e+02 2.477135925427274969e+02 2.465853777857578848e+02 2.487229929161976827e+02
2.513045908560095825e+02 2.517531311057857408e+02 2.501129554573927294e+02 2.525483278104039186e+02
2.557895989372672148e+02 2.558913455515814803e+02 2.535777096888273547e+02 2.567800831666060049e+02
2.699943682295590861e+02 2.705320376942215717e+02 2.685374022936304641e+02 2.702149545191280708e+02
2.523807305010253970e+02 2.534516925707719679e+02 2.511335862249476065e+02 2.529931413299708538e+02
2.500941486830885481e+02 2.502966464283133519e+02 2.486516964927429001e+02 2.504644327718077648e+02
2.467520144968724765e+02 2.468516440280506288e+02 2.459857333013881373e+02 2.470738015041077915e+02
2.525714677393283978e+02 2.535770271446676816e+02 2.509419463373845360e+02 2.540040302439225854e+02
2.469994279538042576e+02 2.468219192444594228e+02 2.464362548191459155e+02 2.473895564050859548e+02
2.788774273054397668e+02 2.791022216555335831e+02 2.762789764738281519e+02 2.796896785050712424e+02
2.544286644201363288e+02 2.545849726210521737e+02 2.521614117478524406e+02 2.552944851783325078e+02
2.754945075733638760e+02 2.753231374050739078e+02 2.729817255357264685e+02 2.750704119590933487e+02
2.571997144628131196e+02 2.578308579429188967e+02 2.554244964679878933e+02 2.582496845854486196e+02
2.606189257021019898e+02 2.604171707158770346e+02 2.582506160581083918e+02 2.614277139355850750e+02
2.486910646917344820e+02 2.490007796826524213e+02 2.484306120032394745e+02 2.496415005314454731e+02
2.526264723890677431e+02 2.526570473690972563e+02 2.515352847574737041e+02 2.532954373221312778e+02
2.507953137850140592e+02 2.507051748691581565e+02 2.491958704211417341e+02 2.514785424798981808e+02
2.584198777052824312e+02 2.586113463708747418e+02 2.565716149999229287e+02 2.586962045302443016e+02
2.836268401867232569e+02 2.832256292404639453e+02 2.809050085854843246e+02 2.831759237294260743e+02
2.483921214355979998e+02 2.485109723556399786e+02 2.480463880085118831e+02 2.492172755528252708e+02
2.477087664806671512e+02 2.484492746203171691e+02 2.472978283605337992e+02 2.485308550737641724e+02
2.569784142957045674e+02 2.571812235085458269e+02 2.548491473751437013e+02 2.572525524500534289e+02
2.571075867871173841e+02 2.580549136968831476e+02 2.552473057540470336e+02 2.582325969888590862e+02
2.577936106737368505e+02 2.586014874970447295e+02 2.558976257137187531e+02 2.595743629431949557e+02
2.490065248690582962e+02 2.488945153488743074e+02 2.482373452247235264e+02 2.494021861316470563e+02
2.507699762799591952e+02 2.507989278314583430e+02 2.502692567212451991e+02 2.508695211237022136e+02
2.467304705191603773e+02 2.470015259962546281e+02 2.457752822579180076e+02 2.469982718160822230e+02
2.516144167822600934e+02 2.517937455777977505e+02 2.500407676906243069e+02 2.525683134510049115e+02
2.524783337104592249e+02 2.530567189012255653e+02 2.515046512334827469e+02 2.531214048062300606e+02
2.536803448618633183e+02 2.543027725783645394e+02 2.523907277248709704e+02 2.546284203879969823e+02
2.493152077813773531e+02 2.501839577116963085e+02 2.485777123635431849e+02 2.500565353598292972e+02
2.494575994279029771e+02 2.501375984806399515e+02 2.497399477055766113e+02 2.505416342404399472e+02
2.530671357500419845e+02 2.535790016926372914e+02 2.521933267133782124e+02 2.537411498973438597e+02
2.626034138478891578e+02 2.626401085129098192e+02 2.604001435624606415e+02 2.621405692470805775e+02
2.687177208625797675e+02 2.688072081950828078e+02 2.665091170560708633e+02 2.701797620224592720e+02
2.455537373724384906e+02 2.459645929295034819e+02 2.448335885585488825e+02 2.464368254155996283e+02
2.480377448079506451e+02 2.480942203322588853e+02 2.477342085927100186e+02 2.485651926912277929e+02
2.503742706763882779e+02 2.509387584819232870e+02 2.486085014565676943e+02 2.509317348236901353e+02
2.516326502435417183e+02 2.522674552885414414e+02 2.505147790713504889e+02 2.525230689595331910e+02
2.552944603075463021e+02 2.554396849198049324e+02 2.534739628123888338e+02 2.558428948222169481e+02
2.513356933335644499e+02 2.512290421282877446e+02 2.499362227686758899e+02 2.521439806906194008e+02
2.529709909735677797e+02 2.531701332308273038e+02 2.512638082861560918e+02 2.533119784515902779e+02
2.485008744172953925e+02 2.490907381640276128e+02 2.474328485926207293e+02 2.489726267217355087e+02
2.639190935501798663e+02 2.644633980732873511e+02 2.619427712790844680e+02 2.639174195198178836e+02
2.948397355267618423e+02 2.941862102892856115e+02 2.926262587428714710e+02 2.941894246070451118e+02
2.456869819765494185e+02 2.458996856553203543e+02 2.453592912835308653e+02 2.462623610783131198e+02
2.542008453975729765e+02 2.540818621381812079e+02 2.526544892793767758e+02 2.553273806453917985e+02
2.539434305850525391e+02 2.544946831360288400e+02 2.530213586984857841e+02 2.548203772255345427e+02
2.496985143640771412e+02 2.499641777361566710e+02 2.489147420095454777e+02 2.503667251537856089e+02
2.500932819966142517e+02 2.505461852618324201e+02 2.484422447299868963e+02 2.515172106169549409e+02
2.476024817261526607e+02 2.482309515464700667e+02 2.473576077941399376e+02 2.485492873058554437e+02
2.585093077047793599e+02 2.591236099738239318e+02 2.560526586688988004e+02 2.593108279117329289e+02
2.535336060795507080e+02 2.547254852974716925e+02 2.526544437195562978e+02 2.547937565143502638e+02
2.848409684908907593e+02 2.853979572707684724e+02 2.814203701538917244e+02 2.833969039483218353e+02
2.477880150565241308e+02 2.483224227291141801e+02 2.475461197651288501e+02 2.481404493728331033e+02
2.601659740653690278e+02 2.613508075338299363e+02 2.584888504134628420e+02 2.617131413857356392e+02
2.503205470867471263e+02 2.505964631330236045e+02 2.488899263895561091e+02 2.507885554758694298e+02
2.661820421096326754e+02 2.668101814408890959e+02 2.640286886689493713e+02 2.665829484213963951e+02
2.904688643402941466e+02 2.905824849974348467e+02 2.883789753088570933e+02 2.895325976939431598e+02
2.512362131516557895e+02 2.518710500631441676e+02 2.501923942517940134e+02 2.515614491996042545e+02
2.727398575786724564e+02 2.722434897195644794e+02 2.694141811825867308e+02 2.730709844883760979e+02
2.500937814895258668e+02 2.505358713586666113e+02 2.494954160327424688e+02 2.516886132781787069e+02
2.496621775211947352e+02 2.494946001390872823e+02 2.476756750080301686e+02 2.499340974603210555e+02
2.538031260423145170e+02 2.537158775402309914e+02 2.524087469355530118e+02 2.539953327021723624e+02
2.602389974042346239e+02 2.607699034780359284e+02 2.582216887720983323e+02 2.610325367547463884e+02
2.465063749634254862e+02 2.469771369714692071e+02 2.460066089046013076e+02 2.464801958826101043e+02
2.521569653020074497e+02 2.525829217013934738e+02 2.510335039032335658e+02 2.533615613789116878e+02
2.505729752043926624e+02 2.506730551869204078e+02 2.497586105598638824e+02 2.517925984417487086e+02
2.613890860875917497e+02 2.622349017699273190e+02 2.601258797319542282e+02 2.628860519325955352e+02
2.467660412239672212e+02 2.466595585234281032e+02 2.463454518347021462e+02 2.475609323770990500e+02
2.681310687028733355e+02 2.696368524313399462e+02 2.662083835336302400e+02 2.703460136258710804e+02
2.788429376833928472e+02 2.785231390540752727e+02 2.766006624029973295e+02 2.791196399413640279e+02
2.576838953083106958e+02 2.577435422804217637e+02 2.560859812443214878e+02 2.587703822732331673e+02
2.529626176806074227e+02 2.530063081429061356e+02 2.515165668378203634e+02 2.528190648040468034e+02
2.623883112230592474e+02 2.624431755928360417e+02 2.592731455497296906e+02 2.630818249882996156e+02
2.508565635332157910e+02 2.511727864177240122e+02 2.496392440464071854e+02 2.510784250405802993e+02
2.486027306276661761e+02 2.493112939663377858e+02 2.477772566403245946e+02 2.497200524406898978e+02
2.753973180334813833e+02 2.765583385559253884e+02 2.735692828581071581e+02 2.768927916876758104e+02
2.735984658903857394e+02 2.745882738825109755e+02 2.714466103198156475e+02 2.748423877149812711e+02
2.470871541283404156e+02 2.476555584926764766e+02 2.461214701725473617e+02 2.473957567168225751e+02
2.476890117513318330e+02 2.477222073783017606e+02 2.462698743053212240e+02 2.484724259567621800e+02
2.478829444291196751e+02 2.476983422694919170e+02 2.468161036618786568e+02 2.482935605896149127e+02
2.477315987237624597e+02 2.474118068747515053e+02 2.471999979246037071e+02 2.482679461597716681e+02
2.512617080313499400e+02 2.512341618888894459e+02 2.497510915408277867e+02 2.522084913264197894e+02
2.525193333077607178e+02 2.529839508247860635e+02 2.511692659978862707e+02 2.537837520192484817e+02
2.545009684573299182e+02 2.554829137512845705e+02 2.526204525463370771e+02 2.554836677636453430e+02
2.550375716156398482e+02 2.546235655057399185e+02 2.533902722873586129e+02 2.553283585676686300e+02
2.451930769395887353e+02 2.451973196976011593e+02 2.441119089100691042e+02 2.458770255685198833e+02
2.474041839759522929e+02 2.482211213019278659e+02 2.463560297030471986e+02 2.480308562260782708e+02
2.470661329273885940e+02 2.463719036729949607e+02 2.459774764240263778e+02 2.477733008142484152e+02
2.534457068330609957e+02 2.538179088307726374e+02 2.526725566956165778e+02 2.546472161998894421e+02
2.504066322564211760e+02 2.508817017175461501e+02 2.498926508089197682e+02 2.517908529152381050e+02
2.480654859277309185e+02 2.475016830857134380e+02 2.466626116219234461e+02 2.482756444177455251e+02
2.603386561038329319e+02 2.604069349321442814e+02 2.584302910704001306e+02 2.611784677528057159e+02
2.855553449968405744e+02 2.849001179916351703e+02 2.818625299877904240e+02 2.850795096000292688e+02
2.629173628705588044e+02 2.635921879465344091e+02 2.603712437808038658e+02 2.641830073749971461e+02
2.768589907917211121e+02 2.769858466968812536e+02 2.744236748617411195e+02 2.775084561297827008e+02
2.508211111902710115e+02 2.517833606415848635e+02 2.486664741889788388e+02 2.521907723113814654e+02
2.738900859938017902e+02 2.735505392842175070e+02 2.704577322713515741e+02 2.736579234612145797e+02
2.517189274582426606e+02 2.516489184959105785e+02 2.503046603270776131e+02 2.523179902150724843e+02
2.518818688459527664e+02 2.524572778567856801e+02 2.511762315787303805e+02 2.528226077489586601e+02
2.497809388406134303e+02 2.496236827343869322e+02 2.486306464408381203e+02 2.499490830335382441e+02
2.495753609309014109e+02 2.500868195254181501e+02 2.489134246889814222e+02 2.504873472163226893e+02
2.476352092458760126e+02 2.475017647059953845e+02 2.468916453540536224e+02 2.479274607168929094e+02
2.468283291487854285e+02 2.465083113329053788e+02 2.459909120350511103e+02 2.472384643738572265e+02
2.466478146388986659e+02 2.468007753754077953e+02 2.458913085981111237e+02 2.473745695719895252e+02
2.873486851011216459e+02 2.866858240702439957e+02 2.841047327153750643e+02 2.859023847120428741e+02
2.704991509950889395e+02 2.726195824697807097e+02 2.675140536765720185e+02 2.713415500715165649e+02
2.547818169659859961e+02 2.550885662193526287e+02 2.534361897589347450e+02 2.550433005460923823e+02
2.470764111717017499e+02 2.475791144733695432e+02 2.464577702965495689e+02 2.480938836075560516e+02
2.769113858745725452e+02 2.768849427113638058e+02 2.730420483830343414e+02 2.777610436631005086e+02
2.487327391100465377e+02 2.493509002213702104e+02 2.486680536066046443e+02 2.495225403778156021e+02
2.478455297852046328e+02 2.482781304615063220e+02 2.471686938358883481e+02 2.481832776964292009e+02
2.490375139441629244e+02 2.497085328189002666e+02 2.483168039709644006e+02 2.501906220699106314e+02
2.648601866775434246e+02 2.648483848802515013e+02 2.623593951495172405e+02 2.664581329714587241e+02
2.481198714295141201e+02 2.481693193827537129e+02 2.476976801805344905e+02 2.483105007325510769e+02
2.660119060696278552e+02 2.673707272829697104e+02 2.637019048638102277e+02 2.661800626715005933e+02
2.494294751878002501e+02 2.496502468600954501e+02 2.485056629424787786e+02 2.500550589914259945e+02
2.571133698354377657e+02 2.574615135432892430e+02 2.555664767709377543e+02 2.581513666736165646e+02
2.891349975231007647e+02 2.888488726265566697e+02 2.863953587581445390e+02 2.891270924452620648e+02
2.512546718255308917e+02 2.519251646695146007e+02 2.508492971542638941e+02 2.520408010636666063e+02
2.557706614436637551e+02 2.558028741939998270e+02 2.544747753828441432e+02 2.559990605052556418e+02
2.463185101169038660e+02 2.460378484603219533e+02 2.451725073090213698e+02 2.466702157185719102e+02
2.667318760221477305e+02 2.659745337808801082e+02 2.636380648918976135e+02 2.671443327540746964e+02
2.530419580833749649e+02 2.533214030421319478e+02 2.517918489881214157e+02 2.535834200594200922e+02
2.610308950939201509e+02 2.613124796625941713e+02 2.590326946759025759e+02 2.621589184484280395e+02
2.551151497312295930e+02 2.561291743068253481e+02 2.527000422387216645e+02 2.558114211649092624e+02
2.650585675903403740e+02 2.659194420318881953e+02 2.632162464601091187e+02 2.653961366117018201e+02
2.499276628674771530e+02 2.509142014005376780e+02 2.491943752821708244e+02 2.508366996882677711e+02
2.510374975214192546e+02 2.520072439128373958e+02 2.494091607725350457e+02 2.519114773019111624e+02
2.672835379854653297e+02 2.675424108542879367e+02 2.643432884807685355e+02 2.695604018303245084e+02
2.727752578533373935e+02 2.738407413501429346e+02 2.707079666120674801e+02 2.740020051231407479e+02
2.730705550384177513e+02 2.733238366318855697e+02 2.694484218728590577e+02 2.729097957959487530e+02
2.513542203410526952e+02 2.520259277957157451e+02 2.500749313681467072e+02 2.523521567668924774e+02
2.464912036861233275e+02 2.466350066116640107e+02 2.460841706730616352e+02 2.471759809731894677e+02
2.526596083824963443e+02 2.535962835905463066e+02 2.521215488462511587e+02 2.536624029522144497e+02
2.504803082346885219e+02 2.503322993192627166e+02 2.485934456230175726e+02 2.508040839710529042e+02
2.535111810273369599e+02 2.545488655518672090e+02 2.516628319564390495e+02 2.546066016025934857e+02
2.533063821328770473e+02 2.535694009043973836e+02 2.521757118669482907e+02 2.535177762664570480e+02
2.508428855285928023e+02 2.511599340064143462e+02 2.499343016147703906e+02 2.520589139682316500e+02
2.489823213699056339e+02 2.496218758116777110e+02 2.482112106133106977e+02 2.502457300378542300e+02
2.472965559866861724e+02 2.480032718014206523e+02 2.463172362229154260e+02 2.485448344046289151e+02
2.506016379255839297e+02 2.508130342834515716e+02 2.495790879077464695e+02 2.514541280041625271e+02
2.469914917797852354e+02 2.476433090831731931e+02 2.462240932186270470e+02 2.474290470818083065e+02
2.474659871776493674e+02 2.477269837586343613e+02 2.472735983921086529e+02 2.480793086213405729e+02
2.532706141474712354e+02 2.539725517963391042e+02 2.523100626838036362e+02 2.545201475541627190e+02
2.780019184570151083e+02 2.801889282777030417e+02 2.761522510211097483e+02 2.790321910460739900e+02
2.493800043483650484e+02 2.496140128543102321e+02 2.486479948967423468e+02 2.497560718494526100e+02
2.580976609501046823e+02 2.588105101188271533e+02 2.567832786713636324e+02 2.589318931943791995e+02
2.550323942993642845e+02 2.547353873214661348e+02 2.529363178339730212e+02 2.553047314071511380e+02
2.616944425015554998e+02 2.629734306029061486e+02 2.603009665980894169e+02 2.620138274765145638e+02
2.466299869179775328e+02 2.472798134805573795e+02 2.463118662272794381e+02 2.478974816982715765e+02
2.485840666662069225e+02 2.489708356480010423e+02 2.477026767978932185e+02 2.494751085248708762e+02
2.526367628749760854e+02 2.525529741930212992e+02 2.513422669035026615e+02 2.533892078911422345e+02
2.569111801210582939e+02 2.581828331898972237e+02 2.554894285104812184e+02 2.587227054549840091e+02
2.495374571191378834e+02 2.501942040107198295e+02 2.486521400088895746e+02 2.500018629910776156e+02
2.761148783749005702e+02 2.756999233417265032e+02 2.715176719089879498e+02 2.759367386495649157e+02
2.459291282321721894e+02 2.462624074308922673e+02 2.453693075990634895e+02 2.469392091451430815e+02
2.498575376857408514e+02 2.503096108239493560e+02 2.486773081966142627e+02 2.506118053837972752e+02
2.473209824059414075e+02 2.475217979456406283e+02 2.466515906468841308e+02 2.484632437876141182e+02
2.579484042450202992e+02 2.594173256319365919e+02 2.559366414129196130e+02 2.588296716299576019e+02
2.466141014783260630e+02 2.473162260523461384e+02 2.458645374870087039e+02 2.473803495951393927e+02
2.489151847558167958e+02 2.488279938051267095e+02 2.480824501162252886e+02 2.491495687746415797e+02
2.506360281740529103e+02 2.509446307337399276e+02 2.492969982813925185e+02 2.516229686137989461e+02
2.535806556735861932e+02 2.539779348787999425e+02 2.526724528403886154e+02 2.547062797998228802e+02
2.501213898203253336e+02 2.498360199764215110e+02 2.490206737682979679e+02 2.502583197572024858e+02
2.461840385286586752e+02 2.466288870788195027e+02 2.457074044574824256e+02 2.468178425582745206e+02
2.517144207102433597e+02 2.522156675377825366e+02 2.513120462989417092e+02 2.526932044866410649e+02
2.524111776953283197e+02 2.530429627142607103e+02 2.507488993460281108e+02 2.533134902354721305e+02
2.499586479935649095e+02 2.499153924623333864e+02 2.488545527172613845e+02 2.500881622736139889e+02
2.507812486178841027e+02 2.515317931330233705e+02 2.490301185285674421e+02 2.512074068320279423e+02
2.545507947013649641e+02 2.542051059712617302e+02 2.528642681570633499e+02 2.548709593100303721e+02
2.511501689626471148e+02 2.518161610939392006e+02 2.500372602527914694e+02 2.515699565629722372e+02
2.661655537405449650e+02 2.669278559623874685e+02 2.632501789010422613e+02 2.666581570773508929e+02
2.583668217196996011e+02 2.580787494663541111e+02 2.560774577252542485e+02 2.586724921181323680e+02
2.697168560230011849e+02 2.702033200665460413e+02 2.669044535032842305e+02 2.705826083066630190e+02
2.619171691356584688e+02 2.619808116839622016e+02 2.584363778831907439e+02 2.628366032892743078e+02
2.575418671315176198e+02 2.576562230055093892e+02 2.553563587201304017e+02 2.574226104216925819e+02
2.521117463888226098e+02 2.530934545974076002e+02 2.503920379207118572e+02 2.533416130707947218e+02
2.484847641825363667e+02 2.494491021575747141e+02 2.477029367261737605e+02 2.494425135760029377e+02
2.473521602860799362e+02 2.472814545860595956e+02 2.465250149701404041e+02 2.481413179970037390e+02
2.538833710628780409e+02 2.543599043068583683e+02 2.527829495371682356e+02 2.549422271625115854e+02
2.476424168329302802e+02 2.480738513759414445e+02 2.466790930299209208e+02 2.483028933726775449e+02
2.501440932386152838e+02 2.499484153200095591e+02 2.497911881277268265e+02 2.501992250414096759e+02
2.485698196555460697e+02 2.484058247970027935e+02 2.478446561419515604e+02 2.490057992009670329e+02
2.516399477381031318e+02 2.524614473301210751e+02 2.510227464762214709e+02 2.531094296249227682e+02
2.506203052402220237e+02 2.509053078143761866e+02 2.500636646957367191e+02 2.512120890030847420e+02
2.452362280816577709e+02 2.446439916223240232e+02 2.435252014198890436e+02 2.453216286493318137e+02
2.793463807833393275e+02 2.795824926680345470e+02 2.767480121437430967e+02 2.798085869777829657e+02
2.480047576044087805e+02 2.481463858031499683e+02 2.470482454904338283e+02 2.484695883075725646e+02
2.478395737045154306e+02 2.480290947768658896e+02 2.472015460566406944e+02 2.480834465105292850e+02
2.472778123639619139e+02 2.475859889748486182e+02 2.465172038622189632e+02 2.476822618536124878e+02
2.732711159932740088e+02 2.742197051657779525e+02 2.702438415785746884e+02 2.744078258434570330e+02
2.474393387306018042e+02 2.476779956630650190e+02 2.466467144729342920e+02 2.480245461439862140e+02
2.483875064939909407e+02 2.490096371121031495e+02 2.481273942462059381e+02 2.492573484407402304e+02
2.545525690697635071e+02 2.551320937119742212e+02 2.531438522000891282e+02 2.553917087966568147e+02
2.508573584194174373e+02 2.513022419776102367e+02 2.502337883715291298e+02 2.519563568169360508e+02
2.776421589048703140e+02 2.790820244298286639e+02 2.758434738542870832e+02 2.803082020755346662e+02
2.476732788150605700e+02 2.480493447986918625e+02 2.470573158040194244e+02 2.479528522955493770e+02
2.468103757699120138e+02 2.466960224387612470e+02 2.461115123617684048e+02 2.472335769481724981e+02
2.529206571436964452e+02 2.528433176464294831e+02 2.520447832019681300e+02 2.532468298284856019e+02
2.505483917119939292e+02 2.510109566004092869e+02 2.497070432202280301e+02 2.520586266622414655e+02
2.562480772340175008e+02 2.571389655598883905e+02 2.546831125532169438e+02 2.573967489936416655e+02
2.435700912939572333e+02 2.439816394812145859e+02 2.431807520483117742e+02 2.442877857534173529e+02
2.579259130322059264e+02 2.580370096361240826e+02 2.560884044379369016e+02 2.586787519760550822e+02
2.719002882237519998e+02 2.725323564584421092e+02 2.696324182345671261e+02 2.724205945064334173e+02
2.722936105362596777e+02 2.731450649043362091e+02 2.694153473099311213e+02 2.728460099360945037e+02
2.669049177465469143e+02 2.674956001173523532e+02 2.641236378860416494e+02 2.692389655119526992e+02
2.481966881906829485e+02 2.489765417488265484e+02 2.474539459096486382e+02 2.490137875248568946e+02
2.561846140232074163e+02 2.564719134800128586e+02 2.556790118490308146e+02 2.570815280145978932e+02
2.466972268841693108e+02 2.468803376191198993e+02 2.459530200274970468e+02 2.470040772569454646e+02
2.505449449140539571e+02 2.504706248922732641e+02 2.492827136876829286e+02 2.515122755229906772e+02
2.567229475633875495e+02 2.568097447102953765e+02 2.549103999683065354e+02 2.568001753304059207e+02
2.518457675886876075e+02 2.518986965017930402e+02 2.512597573857284488e+02 2.525755595183668163e+02
2.438763622549623449e+02 2.442116929809653527e+02 2.428216722278962152e+02 2.443571648970027752e+02
2.513795481889954431e+02 2.521561658611722692e+02 2.497475996733522265e+02 2.527290546037880006e+02
2.479698026600964909e+02 2.484883018958219054e+02 2.473057297330180120e+02 2.487989178695125361e+02
2.488605516113250928e+02 2.493466238542980875e+02 2.486823027268755482e+02 2.498286008561541678e+02
2.540436596278642583e+02 2.539832244691294534e+02 2.523781516780937011e+02 2.543245291671769053e+02
2.467426086930733504e+02 2.467350526621458471e+02 2.458945693729415325e+02 2.473943480404792581e+02
2.565506323680727974e+02 2.570634253809504912e+02 2.553757916958442706e+02 2.583132402872299167e+02
2.759835813273266467e+02 2.751270142390043247e+02 2.732273414784090733e+02 2.748170336714833297e+02
2.731230620017362298e+02 2.737529203724787976e+02 2.696913148369810642e+02 2.740473089550945929e+02
2.498025129102450705e+02 2.505455216999500294e+02 2.496556608953960108e+02 2.502274800220330633e+02
2.451067922486312227e+02 2.454116912789655203e+02 2.439103452761882806e+02 2.456811553116283449e+02
2.595525321343571363e+02 2.592638449883380076e+02 2.574481135532893745e+02 2.597896091517277455e+02
2.458766026004363425e+02 2.463305796247276191e+02 2.456753852032257441e+02 2.465561775169375096e+02
2.461790891949974025e+02 2.466551726983842059e+02 2.453927844163006284e+02 2.469678468684630843e+02
2.488573273000283450e+02 2.489357916448670665e+02 2.482916200060859637e+02 2.495420435999459130e+02
2.457837649771420558e+02 2.460396680340683417e+02 2.447158310100483050e+02 2.460714828904728790e+02
2.506677954025325619e+02 2.509441578533992185e+02 2.494388232780961800e+02 2.512610730438478583e+02
2.484851726156538803e+02 2.492968305347242790e+02 2.475750958580498775e+02 2.492242567923159129e+02
2.596323740685483585e+02 2.610534122993018968e+02 2.578117401347948885e+02 2.609501325191964156e+02
2.480068247643976065e+02 2.479244681516131834e+02 2.468799325414649957e+02 2.484714723452235887e+02
2.487138696833999916e+02 2.492645844579408276e+02 2.483169100327689875e+02 2.494217844117877689e+02
2.628529937978814246e+02 2.633838383931146723e+02 2.604291098484696363e+02 2.642277973888433849e+02
2.508483598919303574e+02 2.512693766517138556e+02 2.502917102290337539e+02 2.516747689114743878e+02
2.496585957783703407e+02 2.496846806013961100e+02 2.490143482540622699e+02 2.504263414983598466e+02
2.592478697286176157e+02 2.604617330350216662e+02 2.568757919827738192e+02 2.603585713458978717e+02
2.467769602682193408e+02 2.467636773080105002e+02 2.464030241242300576e+02 2.471083900667971704e+02
2.495423228189090423e+02 2.498644178748472200e+02 2.483317758861878701e+02 2.498865897309319450e+02
2.864396886372238100e+02 2.871981355190322915e+02 2.842616646610716771e+02 2.880336603447881885e+02
2.796563058856443149e+02 2.787574863820342443e+02 2.759969749515555009e+02 2.789139082303210557e+02
2.586590067691552122e+02 2.588806935267293738e+02 2.568058596683015367e+02 2.597711920197359063e+02
2.592340953396912937e+02 2.590197794826008248e+02 2.573973118175059085e+02 2.595294184513162463e+02
2.559252775539904974e+02 2.553130229919229635e+02 2.535016338681243724e+02 2.564394424326889066e+02
2.445656285975751416e+02 2.447546460367120176e+02 2.434734583478967522e+02 2.446249235545584213e+02
2.708880331079984671e+02 2.719189560126322363e+02 2.686465980466131214e+02 2.715382964330270283e+02
2.481578658214814084e+02 2.484094819521113493e+02 2.470755976091939772e+02 2.491891428323907292e+02
2.655547167393122550e+02 2.667033676550341283e+02 2.633373410847809737e+02 2.666052990450132825e+02
2.604370423694493297e+02 2.605108878621506960e+02 2.579604619387018261e+02 2.607188635944280009e+02
2.481770176604711651e+02 2.483462215716934338e+02 2.474049006713492247e+02 2.485944617878472798e+02
2.513410114929651797e+02 2.503209259214865483e+02 2.487199566087719802e+02 2.510904303309439172e+02
2.488939716023672304e+02 2.493479182413058197e+02 2.485633374573075969e+02 2.497452420116429437e+02
2.564697733772140964e+02 2.573042221308980402e+02 2.551875978552394599e+02 2.575147493260643614e+02
2.457193207123280843e+02 2.463602078052229842e+02 2.451410423998513011e+02 2.464752034486935486e+02
2.641183900386256482e+02 2.649465792177222170e+02 2.620645256411716559e+02 2.649210514854194116e+02
2.540676716627264682e+02 2.542083236284427130e+02 2.525528182316319317e+02 2.545859712335771690e+02
2.479205575683601808e+02 2.478841561929439195e+02 2.474943255005551350e+02 2.484281900499620406e+02
2.548123011406806597e+02 2.554462056763029238e+02 2.530138176876692171e+02 2.560174649267038376e+02
2.474867431184430302e+02 2.478421966739812774e+02 2.467777049538056815e+02 2.484139609534387887e+02
2.701535272149095590e+02 2.700265046383514118e+02 2.676352990732794410e+02 2.713637853524221555e+02
2.502032485927926473e+02 2.503897071075867586e+02 2.490685720659329263e+02 2.503832389334660888e+02
2.540609192467856303e+02 2.552886291535011765e+02 2.521630783902846815e+02 2.554597052886074948e+02
2.484337077730990302e+02 2.486001889391779969e+02 2.478895294339075974e+02 2.489072225458349408e+02
2.532300878879446486e+02 2.532018675443602547e+02 2.513232896409828925e+02 2.532782210355828170e+02
2.532056367853987524e+02 2.532464614434168197e+02 2.526874178847591850e+02 2.534391624539968007e+02
2.659557873885907497e+02 2.667967508315328473e+02 2.629596139435660689e+02 2.671530429135207214e+02
2.489595734579254156e+02 2.490263164354356604e+02 2.487492393167731279e+02 2.497936544170061666e+02
2.469633482152144381e+02 2.472798191808685146e+02 2.463444031814661059e+02 2.480778049808866115e+02
2.544069739185033256e+02 2.550881834403473931e+02 2.529888225866271512e+02 2.553340356612789890e+02
2.466075032049751883e+02 2.472550987943561438e+02 2.459104309801572583e+02 2.481032188844972950e+02
2.563210660681378386e+02 2.572014743893680588e+02 2.548646372447980752e+02 2.582951224151270253e+02
2.455182916294513973e+02 2.452978575078491303e+02 2.444853783308814741e+02 2.459391033551148666e+02
2.925990722687563448e+02 2.948042105392353847e+02 2.908134968287429274e+02 2.927827060360592668e+02
2.750482798409831844e+02 2.762483208706398727e+02 2.725862910862289255e+02 2.747501683875093477e+02
2.482561292091303073e+02 2.485036214193182502e+02 2.478892916644459206e+02 2.487371544045692247e+02
2.489599456574392491e+02 2.497677540355789461e+02 2.484593844357139574e+02 2.493570028190868868e+02
2.709564445491379843e+02 2.707572474212221891e+02 2.679308218528589691e+02 2.709541958999727171e+02
2.748569451262874281e+02 2.745866258963084192e+02 2.702659429740823498e+02 2.743602061779164387e+02
2.474566166043890405e+02 2.471196371980270499e+02 2.461965507416585410e+02 2.480868004411356651e+02
2.576792875604315327e+02 2.578265831557665706e+02 2.564205800705017282e+02 2.580203373447449167e+02
2.504115285584044273e+02 2.514460600420890444e+02 2.499997036333494691e+02 2.522867883918420375e+02
2.528836576497025703e+02 2.538502562886599208e+02 2.512277985233181994e+02 2.536989020873443224e+02
2.671042767063503334e+02 2.680751002797206297e+02 2.664870866417810475e+02 2.691536042837619220e+02
2.612505083086081186e+02 2.629249972869059775e+02 2.602977822837920030e+02 2.632542358132343452e+02
2.695261548051157661e+02 2.691715119295475915e+02 2.672518465627910018e+02 2.700093485940527103e+02
2.492091158976321026e+02 2.488527077755796597e+02 2.477174047851723344e+02 2.497662569443750726e+02
2.557276956643886479e+02 2.564077469043396036e+02 2.545856704138737143e+02 2.570534685620543200e+02
2.494573821338628932e+02 2.495511942521175399e+02 2.484439919041397786e+02 2.494393095231745292e+02
2.492064073128169923e+02 2.493283707523756618e+02 2.483753833315165309e+02 2.490375663204578132e+02
2.555569147012852227e+02 2.559061988071133271e+02 2.538522494582161642e+02 2.562969986353284639e+02
2.642362801323113217e+02 2.650585264806692294e+02 2.617466724051039364e+02 2.654252659870559228e+02
2.637086546719727380e+02 2.652797597749819829e+02 2.609281970864217328e+02 2.648636257495285804e+02
2.901237594603887828e+02 2.911341050999171216e+02 2.868002473627307722e+02 2.908756138144146917e+02
2.812545650867679683e+02 2.810714251450311849e+02 2.774701815534901357e+02 2.818107458051093204e+02
2.487500920803206839e+02 2.493011376480750414e+02 2.478046346932603683e+02 2.495875488813459526e+02
2.816818347166565104e+02 2.822687187326965272e+02 2.792762095003067770e+02 2.811676416856879541e+02
2.821518183407797551e+02 2.839850083598203696e+02 2.798199248440910765e+02 2.831555469623339718e+02
2.730695223101945999e+02 2.755609523048623259e+02 2.699577439239680530e+02 2.753449255128283539e+02
2.608076653920973627e+02 2.606334081856928719e+02 2.592744721589604069e+02 2.606885155873184772e+02
2.551026923157715487e+02 2.551328915098450807e+02 2.533684037372757700e+02 2.563297777680031118e+02
2.467670965645662022e+02 2.468766838958480889e+02 2.465708852243590457e+02 2.468771749572758836e+02
2.494619777902145472e+02 2.494650323090043287e+02 2.490614640377431783e+02 2.499093537642396825e+02
2.453502858261390713e+02 2.457397784454981320e+02 2.443500757314756697e+02 2.453748338830494617e+02
2.567896136401794820e+02 2.567862220899509111e+02 2.549475936285584794e+02 2.581949077947971318e+02
2.492473723405346959e+02 2.494776623280148726e+02 2.485742223542233660e+02 2.494725302640203211e+02
2.672460999442742491e+02 2.683919849772997850e+02 2.651623991410911003e+02 2.677785322120620322e+02
2.518596676484986006e+02 2.519331945150337617e+02 2.518912111771145135e+02 2.521439552983451051e+02
2.459272449852363138e+02 2.461265332997156179e+02 2.452877220476404716e+02 2.463584580404404392e+02
2.569083329199841046e+02 2.574079447886651337e+02 2.555705867027401155e+02 2.577396110450477522e+02
2.786851965101754445e+02 2.798056843066534611e+02 2.776385829296202132e+02 2.802644541945654737e+02
2.503151901557329495e+02 2.505634343734429308e+02 2.485441982592253680e+02 2.510477906772789254e+02
2.508266589948715932e+02 2.503358390734722434e+02 2.499887942688613407e+02 2.513270393448068489e+02
2.503239521905992717e+02 2.504468638139334757e+02 2.498543128917459342e+02 2.509328544707803132e+02
2.466315435588823561e+02 2.469468753020303211e+02 2.453708646542225722e+02 2.470125932940644020e+02
2.461649176121061089e+02 2.465764714342458035e+02 2.459130550631121821e+02 2.469527625335066716e+02
2.570915181276987482e+02 2.580707284436092550e+02 2.548262464984138091e+02 2.576320730086506501e+02
2.497144350083558777e+02 2.502723059716882119e+02 2.487582859298610458e+02 2.506161264924301406e+02
2.616843369271202846e+02 2.630711096674590408e+02 2.597187959610218968e+02 2.631963569209576690e+02
2.510912705229540904e+02 2.514935075944688947e+02 2.498516276306178270e+02 2.516818449038312622e+02
2.506616487751009572e+02 2.508759496759793421e+02 2.493548925426922835e+02 2.510319076796227193e+02
2.637117442538112186e+02 2.650307827587678844e+02 2.617876205519450536e+02 2.658779468519499574e+02
2.477269009019022690e+02 2.480290588742241198e+02 2.475608736038117854e+02 2.482957049503412463e+02
2.462478986964280239e+02 2.463600877459629714e+02 2.453485413326786784e+02 2.464106265617052429e+02
2.851381759599876773e+02 2.850362815457147008e+02 2.818658659643382407e+02 2.859694712262079861e+02
2.774963268769962497e+02 2.776636557496062210e+02 2.739870664467348433e+02 2.781700939420168766e+02
2.570691142572561603e+02 2.573904320828910386e+02 2.550350217991842499e+02 2.573865180597729250e+02
2.783913762334694866e+02 2.800169422308397884e+02 2.769561398444477618e+02 2.792479187498514079e+02
2.767570485682350636e+02 2.764964464032106548e+02 2.733156872496614938e+02 2.777820626892740279e+02
2.538864665810572774e+02 2.542819395018360922e+02 2.526274981438636473e+02 2.549423885256799167e+02
2.558155081485714675e+02 2.560872107401269204e+02 2.535184933249622361e+02 2.561734414158361801e+02
2.771925776358623921e+02 2.780652934403665313e+02 2.739647796422835881e+02 2.782232889392270749e+02
2.518233188934046609e+02 2.523890416006777855e+02 2.506145629716174312e+02 2.529217338997258935e+02
2.464649501232274247e+02 2.464260309976828296e+02 2.458325206153807017e+02 2.465568261772569940e+02
2.526193251820868682e+02 2.526298322334310171e+02 2.504369284184395212e+02 2.528318592749545815e+02
2.483052358372742674e+02 2.486434205506940316e+02 2.471592081401686585e+02 2.490142971105132972e+02
2.514543882896365972e+02 2.515185466565370973e+02 2.505526952504972371e+02 2.518068940727688698e+02
2.580306038321154460e+02 2.578410526514984440e+02 2.559409456151832671e+02 2.586544733552769912e+02
2.730547830342499083e+02 2.745765822549042809e+02 2.712993414751745149e+02 2.740256314785288509e+02
2.499769883337121996e+02 2.501210884726596362e+02 2.489489223025471460e+02 2.503715290942658385e+02
2.513946793433372875e+02 2.511910756597883960e+02 2.498298551409548054e+02 2.517684390843572828e+02
2.604165591578361614e+02 2.608075219642454954e+02 2.584719728585855023e+02 2.614132920134594542e+02
2.571743219499607562e+02 2.571856967950299691e+02 2.552397525018178897e+02 2.577827333938653851e+02
2.489816504646606745e+02 2.489538331081350293e+02 2.479095086408140958e+02 2.493372636517582919e+02
2.466640415948947123e+02 2.470114462765749579e+02 2.463058358835175738e+02 2.477536635904358491e+02
2.441390959139042991e+02 2.445481091113299215e+02 2.433690380037249952e+02 2.447096576840194473e+02
2.655961395875032167e+02 2.662925603377640869e+02 2.638556046728289743e+02 2.659999777978518409e+02
2.545649119235394835e+02 2.552242363670952727e+02 2.531864364083603220e+02 2.562200462837187160e+02
2.507137361792141803e+02 2.507337419486627823e+02 2.499893024057529942e+02 2.511587443146644034e+02
2.467190762240449544e+02 2.465754855126828602e+02 2.458746736758296265e+02 2.475693050616053199e+02
2.694265496983595085e+02 2.710133250804908016e+02 2.664655016330328294e+02 2.701278836232912113e+02
2.562385794382348081e+02 2.575222523696410803e+02 2.552564253605785609e+02 2.582368498180006782e+02
2.628249311800056489e+02 2.623444256838008641e+02 2.601151577593800539e+02 2.632084023446526544e+02
2.487680634657961320e+02 2.491234353989798649e+02 2.474734029898135077e+02 2.495901070307990040e+02
2.563027921796489750e+02 2.571875910511108145e+02 2.535477800430385003e+02 2.577001449196067142e+02
2.509835267468016866e+02 2.512139062087609034e+02 2.499016085332008288e+02 2.521664539787443005e+02
2.584262753721800436e+02 2.588896934648261663e+02 2.565832727255305485e+02 2.601108503451268348e+02
2.646735135197565683e+02 2.646435820435663118e+02 2.616517008624795722e+02 2.656603701771836654e+02
2.576066729376283888e+02 2.568812228543567358e+02 2.552490880028584286e+02 2.582261145855949849e+02
2.503570326101719274e+02 2.505167127245137522e+02 2.496603948453371515e+02 2.513019608197150490e+02
2.484326943234897556e+02 2.481691588564933397e+02 2.472561782491370934e+02 2.487806362852428776e+02
2.545845263589215790e+02 2.545494352022566886e+02 2.526237313433263978e+02 2.551419704567120448e+02
2.464865881623519215e+02 2.474144941292876752e+02 2.455407283298318077e+02 2.467843763479902179e+02
2.630859929337934204e+02 2.636166927985274810e+02 2.607527759897673150e+02 2.636769745760158230e+02
2.505404745933212212e+02 2.506730219003927402e+02 2.493731576038602213e+02 2.512797692339027833e+02
2.485808997990934586e+02 2.491669157151786465e+02 2.474166854876592367e+02 2.490435113711175461e+02
2.479540938959061123e+02 2.482883644884639125e+02 2.474526646056659160e+02 2.485555151686671707e+02
2.534968248438269427e+02 2.536564812100024255e+02 2.514275845453837803e+02 2.544292222680180373e+02
2.553174941181345048e+02 2.560739103496105145e+02 2.532604507845079809e+02 2.571716101309416445e+02
2.534906677516400748e+02 2.539178400084383327e+02 2.524723979937597562e+02 2.547835593156210336e+02
2.470481074115075160e+02 2.474423857049576156e+02 2.464575876040838978e+02 2.481293555121692123e+02
2.485168753901307355e+02 2.489106167630928041e+02 2.478009467482082187e+02 2.493255920239061254e+02
2.530148954710732880e+02 2.534744769229507426e+02 2.520411161247112659e+02 2.537073304088208658e+02
2.469037463236137171e+02 2.465261922462087796e+02 2.455226678740537807e+02 2.466378296166474229e+02
2.523750732866341480e+02 2.526790424750408022e+02 2.513029007579943368e+02 2.530705199727370314e+02
2.457453568601619338e+02 2.459302454044191677e+02 2.448321820999829299e+02 2.460122464340797421e+02
2.594618466700513864e+02 2.607541627934143662e+02 2.581550651123177431e+02 2.618380082018301778e+02
2.453192113647722010e+02 2.456264201303867196e+02 2.445015124249698033e+02 2.459891170632415935e+02
2.793977903815619470e+02 2.810865381540662042e+02 2.777772751275044243e+02 2.798104036921669149e+02
2.684933580829516018e+02 2.698778867057067146e+02 2.666680567612476125e+02 2.699023478574624733e+02
2.646090787129185173e+02 2.647244826728835392e+02 2.609418792742700930e+02 2.644733611925618675e+02
2.722908508963926124e+02 2.730674789561553553e+02 2.696905772262215351e+02 2.738932837015918267e+02
2.568756599229720337e+02 2.564522205612320249e+02 2.547126522871505188e+02 2.571134144010214868e+02
2.913570326907291701e+02 2.929132813092265906e+02 2.895287772945758888e+02 2.909439652855936629e+02
2.617280472635566184e+02 2.618483624839103072e+02 2.590021338302306617e+02 2.625823030703028849e+02
2.483800849785927198e+02 2.491213378658829924e+02 2.475674131151428696e+02 2.490244699281440717e+02
2.468457913886087738e+02 2.469513635828582778e+02 2.463138810244439583e+02 2.474561466925715081e+02
2.500203495603214208e+02 2.503305588327396833e+02 2.489049942794490278e+02 2.508837890793498673e+02
2.520824238350687665e+02 2.523659898344033650e+02 2.517100267689245925e+02 2.523675663910754565e+02
2.571813996426456015e+02 2.568604417136360212e+02 2.552404053034758249e+02 2.584996118466364123e+02
2.586528641256139736e+02 2.590278546324158810e+02 2.550675213673384860e+02 2.592370689681057456e+02
2.588083874714226909e+02 2.596960175135283180e+02 2.572897205142771213e+02 2.604800174026632931e+02
2.526911150007125002e+02 2.529224439416777841e+02 2.513463246011571073e+02 2.533563666026976477e+02
2.540267517392256593e+02 2.542736929792807246e+02 2.526766188765382424e+02 2.548801869015833006e+02
2.486477650890614655e+02 2.487229325262542545e+02 2.476150987717209944e+02 2.490021655476048181e+02
2.483630312959342916e+02 2.486850798464802779e+02 2.478976859145392382e+02 2.487053613275920725e+02
2.499431595944149080e+02 2.503398317895310470e+02 2.491658864181183617e+02 2.502325290784442018e+02
2.614933108236149337e+02 2.617370421398239841e+02 2.595515957326688294e+02 2.616241032984634103e+02
2.486455872547329591e+02 2.486899783165485758e+02 2.481403982457285622e+02 2.488589111694678877e+02
2.663417147812908183e+02 2.668844508282035690e+02 2.633827716790542013e+02 2.671070743700994399e+02
2.475621588378456863e+02 2.481600081271927536e+02 2.472424416991450187e+02 2.484620532205690893e+02
2.532703501159492987e+02 2.538134257583691920e+02 2.514870125148188720e+02 2.544815479116314521e+02
2.895360228707509691e+02 2.908003232526671127e+02 2.885223320526085899e+02 2.905469845386061820e+02
2.529686225217555204e+02 2.529459001756453063e+02 2.518730021062474407e+02 2.539788630655668271e+02
2.541517142565787708e+02 2.545154221360174915e+02 2.524797668788450835e+02 2.549752852616655048e+02
2.490458312886818248e+02 2.489095550632140714e+02 2.482726168820743453e+02 2.492147242730032701e+02
2.544610703548873971e+02 2.547766469070811581e+02 2.525744594365870057e+02 2.556906958794572802e+02
2.660165202036049550e+02 2.669054422115567604e+02 2.642457350005070111e+02 2.669773347459196202e+02
2.465387692054752051e+02 2.465743511563799757e+02 2.455791642948548485e+02 2.475479073922357429e+02
2.571240535760507555e+02 2.570538485794005510e+02 2.541341445478253718e+02 2.571507038438221002e+02
