2.727382578295981261e+02 2.733336041887955616e+02 2.703209311776789718e+02 2.720291044174941248e+02
2.614032335242609406e+02 2.619302889498359264e+02 2.605305021665585059e+02 2.618681569186115325e+02
2.606563316992548494e+02 2.606764765898592486e+02 2.584321044375438419e+02 2.609538436715657781e+02
3.014026595068347092e+02 3.022126605154568324e+02 3.010582506219384413e+02 3.010906692633927833e+02
2.975286278669868238e+02 2.980827384806455029e+02 2.961092981721330375e+02 2.965608500334940345e+02
2.991099579045005044e+02 2.997164360061270258e+02 2.971478483258224514e+02 2.982562674579470468e+02
2.612930012089295815e+02 2.614654497002325684e+02 2.603225490876804997e+02 2.613859091120048674e+02
2.993529443991850485e+02 2.996273833691458890e+02 2.994502644118903731e+02 2.990421173350749200e+02
2.566455809106864763e+02 2.571184487254035389e+02 2.558282453297106258e+02 2.569575775405308491e+02
2.572258751771497600e+02 2.573643482502614575e+02 2.574931172832467041e+02 2.574521288756749300e+02
2.525250517292136578e+02 2.527761301893550012e+02 2.518228594189372700e+02 2.527130921349123298e+02
2.600212623841902086e+02 2.603556019303728704e+02 2.593665715424215819e+02 2.605351794459794519e+02
2.558832285322825442e+02 2.561450206918726167e+02 2.554838375294238517e+02 2.563519166738939248e+02
2.517166563570592928e+02 2.519984344811288963e+02 2.513378526520959326e+02 2.524559098986348715e+02
2.587883841394118463e+02 2.587155372260552326e+02 2.574886326537627497e+02 2.594836484522591036e+02
2.618829769433594947e+02 2.619033406160568234e+02 2.603820677092344340e+02 2.617759401353450812e+02
2.614078081310655648e+02 2.617876778681338124e+02 2.613094611100009956e+02 2.619020887048617965e+02
2.590459290970725306e+02 2.585346004706993313e+02 2.579639427393546498e+02 2.586253630667238781e+02
2.559355676655308400e+02 2.566104280648822282e+02 2.548046252975914001e+02 2.560105482074002339e+02
2.591997797417402580e+02 2.593195540368333241e+02 2.587630702561320390e+02 2.594933627638069424e+02
2.574886663810452774e+02 2.579896834979011260e+02 2.568552260491429138e+02 2.583282900964942428e+02
2.854197625560242955e+02 2.863585133392534203e+02 2.832824326717221766e+02 2.844244617092737712e+02
2.710815400139584881e+02 2.724287032950269918e+02 2.700027816632178883e+02 2.715880513087918757e+02
2.574589758104963266e+02 2.583921553700996014e+02 2.568057364682400134e+02 2.586734879267190763e+02
2.786724218520943168e+02 2.786718834229973822e+02 2.751142302921238638e+02 2.783040371253738954e+02
2.780972909379060525e+02 2.779806978722491522e+02 2.748197190910174754e+02 2.778241237986295573e+02
2.590974741289965095e+02 2.594516614962042809e+02 2.586786560146886700e+02 2.593653146929839863e+02
2.697396915341441286e+02 2.695232646182112148e+02 2.679192414824214552e+02 2.693986067833803872e+02
2.591117611181764460e+02 2.594834920887624889e+02 2.584350541603039915e+02 2.597185298460079252e+02
2.761589431874773481e+02 2.763162120347895438e+02 2.740653494889986064e+02 2.767350597793492284e+02
2.588409314844173537e+02 2.584738572057534043e+02 2.584691714791075015e+02 2.586604050139586661e+02
2.538303657054529197e+02 2.543036218135887054e+02 2.527321118624961400e+02 2.540178235804559392e+02
2.668531703525499097e+02 2.659976576814426608e+02 2.650952732826171427e+02 2.671047920154338726e+02
2.697108660207834987e+02 2.704287257057858938e+02 2.683192078105653877e+02 2.700580786552893642e+02
2.643523392469351165e+02 2.645951514117393799e+02 2.632260510026976021e+02 2.646700115895078511e+02
2.612888157166865994e+02 2.608836652909982377e+02 2.603321725300005482e+02 2.609494243067299521e+02
2.574750614832174733e+02 2.571961962187909307e+02 2.568236245970985010e+02 2.574988885171742368e+02
2.572030687175648040e+02 2.577865492730605865e+02 2.562521039970628181e+02 2.574550985122882594e+02
2.801786538394499644e+02 2.793114828639907046e+02 2.763003895477908145e+02 2.799053087678509542e+02
3.060274827987254866e+02 3.069306616289094336e+02 3.064230906573091602e+02 3.054393770093222997e+02
2.610141204652605325e+02 2.621366641384762488e+02 2.607799365117349453e+02 2.619344842519802796e+02
2.732262831495312412e+02 2.724154255248371896e+02 2.708072528239737267e+02 2.728424509953213715e+02
2.689456243899908259e+02 2.693259623511766563e+02 2.662815713847367078e+02 2.693751901836994875e+02
2.606366268433609434e+02 2.608756740960722595e+02 2.594579818242557394e+02 2.606270308801542228e+02
2.588519283075411295e+02 2.586693446964551413e+02 2.579693872774308261e+02 2.588246624224145762e+02
3.015640916964920279e+02 3.018031479890933042e+02 3.013404515756126898e+02 3.016437746209178954e+02
2.890503205288777053e+02 2.887217415742341586e+02 2.874752606503553807e+02 2.889286971431395159e+02
2.537962654500255439e+02 2.536836564614975771e+02 2.530377067971956535e+02 2.543567221418687154e+02
2.545514324143396721e+02 2.544693381226522888e+02 2.535386398363711464e+02 2.549088710209267674e+02
2.603567609040458137e+02 2.599648476286072878e+02 2.591546627371209865e+02 2.601550888881860715e+02
2.820546780048894675e+02 2.819107460270250840e+02 2.794971426389561771e+02 2.827018566002587363e+02
2.830860691770452036e+02 2.830196019659585431e+02 2.815166657870616973e+02 2.826742113767612636e+02
2.602458797285625565e+02 2.602626268587454206e+02 2.591878406999611002e+02 2.607254719713579334e+02
2.593204502554571036e+02 2.594312659126317726e+02 2.580617643416909459e+02 2.601762156909646819e+02
2.593043073102032281e+02 2.593489789855044592e+02 2.587791534873251180e+02 2.594186202411693785e+02
2.590009866307351558e+02 2.593391523983742104e+02 2.585647604412113765e+02 2.602718417203130912e+02
2.669897326859622808e+02 2.679904203808060856e+02 2.645767512145607725e+02 2.679290099782344896e+02
2.729462031258557317e+02 2.736458536018059817e+02 2.706609623442412271e+02 2.731053054711932759e+02
2.654711846209721102e+02 2.653312510946823295e+02 2.642888537807488660e+02 2.658266391684920222e+02
2.711617786871233307e+02 2.719701422822381573e+02 2.695951399306532039e+02 2.717831354570209328e+02
2.599209194101013622e+02 2.597793101722600682e+02 2.586811975489457609e+02 2.608445119176151366e+02
2.533161925692151044e+02 2.538111502981499257e+02 2.525327263627916636e+02 2.538283669484925724e+02
2.614314810465662049e+02 2.618696716815247214e+02 2.607360272350354080e+02 2.618492143371690872e+02
2.642357145660689639e+02 2.646162040126113197e+02 2.636168324499004711e+02 2.649981851120610941e+02
2.748485384477054367e+02 2.749762491520740468e+02 2.717946680566758459e+02 2.757338102092593886e+02
2.760141601484783678e+02 2.765629823902557405e+02 2.746364225756043993e+02 2.762207502519804621e+02
2.572038700975346615e+02 2.577856274395975333e+02 2.562973523995398182e+02 2.578713502609616626e+02
2.585727821957458445e+02 2.586509931941754985e+02 2.569536041006033429e+02 2.593609049398166349e+02
2.594509781341916437e+02 2.597889723069839647e+02 2.593294688545452118e+02 2.591446779458732976e+02
2.582582885051193671e+02 2.582744887344665017e+02 2.581318212546681821e+02 2.585932258144822526e+02
2.665925118007634183e+02 2.660098777067120182e+02 2.647228738132563421e+02 2.665164203621176284e+02
3.043390098949018920e+02 3.041398547489986868e+02 3.052318453527149131e+02 3.031338762010548749e+02
2.566012143244583967e+02 2.568853608716327130e+02 2.562020699727797250e+02 2.569250971313692844e+02
2.942491905419931300e+02 2.939217178903948593e+02 2.926600235617464136e+02 2.945879743234515331e+02
2.533164320517106773e+02 2.533413199152544166e+02 2.527298983565521269e+02 2.537419087647033109e+02
2.593333136757312900e+02 2.597253033317339259e+02 2.593649760880656459e+02 2.593093648614161566e+02
2.620159049045208803e+02 2.621028886350183598e+02 2.605077563774626697e+02 2.619796866613091311e+02
2.645775497378422187e+02 2.647276440721075801e+02 2.623412813449386931e+02 2.649969734415521998e+02
2.560785789349793049e+02 2.568238258432206180e+02 2.551460047700630867e+02 2.562858287231657073e+02
2.637309647477752037e+02 2.642561383306178300e+02 2.629820598503471842e+02 2.639307676997022440e+02
2.728755059936894440e+02 2.743191565237933105e+02 2.713227042815749996e+02 2.732084002329766008e+02
2.623711527313336660e+02 2.626049846776500090e+02 2.615672534362713577e+02 2.628010660086380312e+02
2.606649134657411651e+02 2.606582264994071352e+02 2.601804370146020347e+02 2.612499657079864619e+02
2.630554359407785796e+02 2.634173828129043500e+02 2.610212429467762831e+02 2.637889090712988036e+02
2.875731836968595303e+02 2.885990699443150902e+02 2.857733754763195861e+02 2.871951640433061357e+02
2.814728191856364674e+02 2.816568559227141577e+02 2.778488990362980644e+02 2.822048034802980396e+02
2.551089500607433820e+02 2.549238264182716875e+02 2.548614304114362028e+02 2.550890186653492719e+02
2.546720058034855754e+02 2.545029880630937384e+02 2.536942189175245801e+02 2.549670726217665617e+02
2.618962556472854999e+02 2.621008883927777902e+02 2.611397525569793743e+02 2.619323802235210792e+02
2.607735733297308229e+02 2.616756312572417187e+02 2.601630588786594558e+02 2.609460323635940426e+02
2.935390163037265552e+02 2.939866447358594428e+02 2.908721691807275533e+02 2.939492466176452012e+02
2.558907715542566450e+02 2.561868745519896606e+02 2.553897348910406890e+02 2.559490229310936229e+02
2.729165396362587899e+02 2.733107235227898286e+02 2.709155891770025164e+02 2.728335102693315548e+02
2.578900159024028653e+02 2.582175841310329929e+02 2.571082894277394644e+02 2.581996803255057102e+02
2.563861021950449981e+02 2.565707162106880332e+02 2.558405772242991247e+02 2.569131321881703798e+02
2.556453022531336501e+02 2.553954882108359072e+02 2.549951177858577012e+02 2.557266677988459662e+02
2.622459030140848313e+02 2.621714689080255312e+02 2.610296004516457060e+02 2.623405032350057127e+02
2.609243606229418901e+02 2.611672643660996869e+02 2.601394101656597968e+02 2.606948801621221605e+02
2.604029791637921676e+02 2.612457082134499728e+02 2.592056585639084005e+02 2.611622684581003568e+02
2.604792742977202806e+02 2.601362234030871718e+02 2.600977844344631649e+02 2.603628559142271683e+02
2.611668911993223219e+02 2.616043171885160632e+02 2.598533502256607335e+02 2.620796483958473573e+02
2.590307488257311661e+02 2.597900014927241159e+02 2.581894230347052144e+02 2.597137931449048551e+02
2.933879869343439850e+02 2.935942998564868844e+02 2.921996603164343469e+02 2.937316560792592668e+02
2.734194491423202749e+02 2.736129027203369901e+02 2.712028991790097052e+02 2.727891678688557136e+02
2.557026391978702122e+02 2.557630621870765708e+02 2.545815937527352162e+02 2.557807225647319456e+02
2.617070640994173232e+02 2.625140912043909793e+02 2.599648157742744843e+02 2.622356303544937646e+02
2.749754933457297170e+02 2.762656390847316175e+02 2.746227832536109190e+02 2.756396627142291891e+02
2.597234439035649984e+02 2.593493686079414715e+02 2.583966364442780446e+02 2.593695663276611754e+02
2.687067159963711447e+02 2.691170999973906532e+02 2.670280568362314284e+02 2.696411881657285790e+02
2.609808155666609650e+02 2.606623392502303886e+02 2.593568284302565417e+02 2.613243718040657768e+02
2.569542411803186042e+02 2.572491824241276959e+02 2.562097810679874783e+02 2.574728774401060605e+02
2.551346821372752913e+02 2.552252043257172716e+02 2.544456444739478229e+02 2.554680305847066109e+02
2.573980419562645352e+02 2.575469065037845553e+02 2.561352233090012191e+02 2.576672475224644927e+02
2.595732773433978195e+02 2.599607621652521061e+02 2.591786575069812670e+02 2.599693372801027067e+02
2.572509827362786154e+02 2.576510181370595092e+02 2.570805479172910282e+02 2.577671880168978191e+02
2.534588918958658041e+02 2.537259897408953577e+02 2.525634026821504392e+02 2.536562774087153400e+02
2.707088266587580847e+02 2.713478374651637068e+02 2.689934159127946600e+02 2.713893290464965276e+02
2.675979369984150935e+02 2.674941074302261086e+02 2.652258269767067986e+02 2.685543082177107408e+02
2.588075726720003331e+02 2.587371858382820164e+02 2.586049850851525207e+02 2.593102347270095152e+02
2.856720796495206400e+02 2.847288488227873131e+02 2.830991571269195788e+02 2.849621975628679706e+02
2.604193304186775890e+02 2.612247784032053346e+02 2.591213426750645681e+02 2.613393477871473465e+02
2.560220242043031362e+02 2.566261132848700299e+02 2.553855966002288369e+02 2.569840066138397674e+02
2.829125170372699927e+02 2.828420555638169276e+02 2.792368214202824674e+02 2.834939828313457042e+02
2.649193758977176572e+02 2.647951014077219725e+02 2.633616830853627562e+02 2.646932636353051862e+02
2.553213245675444512e+02 2.552325034327072615e+02 2.547138896242119586e+02 2.554700736574337441e+02
2.955657409776621307e+02 2.955008386176530735e+02 2.938659847080873533e+02 2.945514247341590135e+02
2.624111298355175563e+02 2.621156709419753952e+02 2.620350394033674775e+02 2.620555983712947068e+02
2.622748942603510045e+02 2.621160511695403557e+02 2.618297495328741888e+02 2.621693383701471589e+02
2.550089900826917528e+02 2.556139880833208622e+02 2.554999784407168022e+02 2.552541760224561926e+02
2.703436428615754039e+02 2.711124206873945468e+02 2.689145418670821641e+02 2.715565825120199861e+02
2.545533661782284867e+02 2.547407816038478359e+02 2.538856836181568610e+02 2.548538810047660945e+02
2.608707323200056862e+02 2.617021762795376958e+02 2.594955402064327359e+02 2.615192660203401829e+02
2.529505120819510182e+02 2.526846580329962535e+02 2.523715240572064715e+02 2.532221228460153100e+02
2.589744673124703240e+02 2.594164517885038777e+02 2.577722404137653598e+02 2.600341900578305285e+02
2.604543374946221661e+02 2.604761316106237246e+02 2.591606082672736306e+02 2.611619269256490838e+02
2.502097365602206480e+02 2.498875310469806266e+02 2.497854369645284578e+02 2.504082027863231872e+02
2.685308571774251050e+02 2.688222987417512968e+02 2.669340693119926868e+02 2.687855337867429171e+02
2.616365858602304115e+02 2.619626914301700822e+02 2.609352916144713959e+02 2.622988409952575353e+02
2.563322930200125711e+02 2.569878430855968077e+02 2.562927416002472114e+02 2.572119976379304944e+02
2.592669303416437288e+02 2.590043292043007455e+02 2.578355850738885806e+02 2.591910525858940559e+02
2.584495587239037491e+02 2.587331789247255642e+02 2.569502531252471726e+02 2.587353770030661622e+02
2.718371498173556233e+02 2.710068790977584285e+02 2.691645149444122467e+02 2.725935910152929864e+02
2.580730867459498654e+02 2.583922528640512155e+02 2.580140243932790440e+02 2.585490076300781652e+02
2.631411837659123876e+02 2.637182460549564098e+02 2.616881257395396574e+02 2.640262087045908856e+02
2.622078713089103417e+02 2.625073098293588032e+02 2.615637250050081661e+02 2.623384840037420531e+02
2.615514666110492499e+02 2.621804607832913234e+02 2.611512640131508078e+02 2.624800112318087599e+02
2.578504196605670700e+02 2.584957963269121137e+02 2.572747091117094556e+02 2.585500300909353086e+02
2.629955802970033574e+02 2.630994716974665835e+02 2.618236808878025954e+02 2.633636383534646939e+02
2.579198484504344719e+02 2.583015856686408824e+02 2.576751526360037019e+02 2.583821901143759305e+02
2.562351220368610143e+02 2.561079335773998196e+02 2.556499999760249011e+02 2.565282816097404748e+02
2.590870870504077743e+02 2.588198887698816861e+02 2.582235191685724089e+02 2.593617838957214303e+02
2.751788329271316798e+02 2.756745299785753787e+02 2.714679997118425945e+02 2.750072873320765439e+02
2.543495616011449556e+02 2.541264465461698876e+02 2.537292808403457798e+02 2.543773668085654265e+02
2.547011956990628221e+02 2.541734161091192448e+02 2.534589684937809295e+02 2.551490352608831529e+02
2.588752276440222886e+02 2.590323793542887074e+02 2.575782242287510826e+02 2.596551751317729213e+02
2.633826351498902341e+02 2.635254432587339579e+02 2.627482743130362906e+02 2.637693277882186749e+02
2.577407465600925320e+02 2.579909166610477769e+02 2.557910383702478896e+02 2.582678271184996674e+02
2.587337107538108398e+02 2.587049679321756344e+02 2.575370375899961459e+02 2.586615667886900951e+02
2.948337707831441321e+02 2.945566503151800930e+02 2.918816582792629788e+02 2.934793161903243686e+02
2.555480383105050066e+02 2.562542394258829859e+02 2.554542986924398065e+02 2.562328739808590399e+02
2.857609105401596139e+02 2.860070685855177430e+02 2.831537382972489354e+02 2.854056924767657506e+02
2.819452175148830406e+02 2.822872903198882000e+02 2.794622772718275314e+02 2.833369499401412099e+02
2.887106615731182728e+02 2.881763550179385334e+02 2.864083379902494926e+02 2.876200424731453040e+02
2.966633196074072316e+02 2.980657582661116294e+02 2.964762588289382848e+02 2.974253346204783384e+02
2.560992892324236436e+02 2.565185912512113759e+02 2.555981340704690012e+02 2.569541939354302826e+02
2.578488840748978532e+02 2.581160594033609073e+02 2.574301546592035947e+02 2.581569645352433895e+02
2.623680985770851635e+02 2.617048151963913369e+02 2.612511847139139149e+02 2.624395764909719446e+02
2.582541993450642508e+02 2.593454537606233430e+02 2.587917014015584414e+02 2.590284354068722337e+02
2.988152189200482098e+02 2.984584463412371065e+02 2.964882010425243379e+02 2.972565032396745437e+02
2.866952711535704452e+02 2.871450408718276321e+02 2.838283792154578009e+02 2.864234337961502206e+02
2.572093262256042863e+02 2.573771924038034626e+02 2.566369413797086168e+02 2.570197069390857223e+02
2.619993295968152438e+02 2.620685697710458726e+02 2.606512892285088583e+02 2.621724529001124324e+02
2.516757057343153861e+02 2.516877258697105333e+02 2.504309670706193742e+02 2.525985745675154135e+02
2.547204002905711775e+02 2.548176548477789538e+02 2.539028280560837629e+02 2.548374610919965448e+02
2.601152261936179002e+02 2.604504625246294722e+02 2.591102104209859363e+02 2.602629595057251208e+02
2.953833482120162444e+02 2.949864711384466318e+02 2.938042626762369878e+02 2.939479591262452232e+02
2.691212571680241581e+02 2.698745074740837708e+02 2.679697205940666436e+02 2.699511469613370878e+02
2.918923301565810675e+02 2.916450416853705292e+02 2.913327171499815336e+02 2.923899852945182829e+02
2.931732897618425113e+02 2.937155485312110272e+02 2.927916152113812132e+02 2.922520445930229585e+02
2.621839413432032870e+02 2.625282859042054042e+02 2.615995637012854900e+02 2.629533488239642338e+02
2.588591539826970802e+02 2.592541735307706858e+02 2.580391400700989948e+02 2.602803218666241492e+02
2.583981007501465683e+02 2.583811548880188411e+02 2.578297643015815197e+02 2.584581176605670407e+02
2.787351129477110021e+02 2.782936305172615334e+02 2.764840960901768199e+02 2.779651704742413472e+02
2.554567409709114827e+02 2.556606283857701385e+02 2.551019191985620012e+02 2.554303794736707403e+02
2.758177652401234354e+02 2.782460664691853935e+02 2.745185352170875035e+02 2.768408988080952895e+02
2.823140260174433251e+02 2.841223321073887860e+02 2.813500159311650464e+02 2.830546312803014075e+02
2.594462789677114074e+02 2.593846503592158683e+02 2.578721485731115877e+02 2.600683098027143956e+02
2.615208281077622132e+02 2.614748672271267083e+02 2.604900512553487602e+02 2.619810929450918593e+02
2.606006462884825510e+02 2.602352314051040025e+02 2.595776015464849138e+02 2.610951939450731061e+02
2.581543996006006410e+02 2.585314818307156770e+02 2.576988414577858748e+02 2.587201165099615423e+02
2.551090518870228721e+02 2.558723820474718025e+02 2.541137976090822974e+02 2.561067532727255411e+02
2.616309013750602048e+02 2.614680958189719036e+02 2.611896206138022194e+02 2.619436245337439573e+02
2.545653527799719598e+02 2.552010692443389246e+02 2.537169288732237078e+02 2.551571856047602012e+02
2.557847314163781789e+02 2.564969614797481654e+02 2.558248676476638082e+02 2.566144339275097082e+02
2.569911748629957060e+02 2.565414748711369270e+02 2.563991751869931477e+02 2.567308500744105118e+02
2.621365475708243480e+02 2.626502557361613981e+02 2.609404272446141135e+02 2.624323230970039162e+02
2.706706333408587284e+02 2.710224012173360961e+02 2.686787181551704293e+02 2.711168486899120467e+02
2.697869765483198421e+02 2.707669507595657592e+02 2.670055715367423090e+02 2.702929064762800522e+02
2.642714188130179878e+02 2.650213238950095729e+02 2.624467751722644948e+02 2.650388314268673753e+02
2.795462568960202816e+02 2.790256952310062957e+02 2.771742195382326486e+02 2.797144881020668095e+02
2.651799851263328378e+02 2.660447583325748155e+02 2.627991647383678924e+02 2.655851081326434837e+02
2.583974671158983369e+02 2.587521042143911245e+02 2.583884266608513371e+02 2.588229901360477356e+02
2.622956202185222310e+02 2.631108103026455751e+02 2.622867137823974986e+02 2.627569814814356164e+02
2.600887384066161871e+02 2.606277226216012082e+02 2.590626499088863284e+02 2.605041037697951083e+02
2.562721306827429544e+02 2.560751119003637086e+02 2.549977361774888891e+02 2.569873753862065087e+02
2.819395007746438182e+02 2.825663794098178982e+02 2.792580091474102346e+02 2.814529999614082385e+02
2.648603777139189219e+02 2.649577669639585906e+02 2.637007885378267815e+02 2.652668341174984903e+02
2.616787541762944898e+02 2.617640824528060080e+02 2.609096655744456257e+02 2.626809299146256080e+02
2.669218218046487436e+02 2.666250431427220065e+02 2.659532557365108119e+02 2.669473202649180053e+02
2.818841779492246360e+02 2.834645151446208615e+02 2.802729101046095934e+02 2.836279238762210753e+02
2.660637859795021996e+02 2.667756459019005888e+02 2.647076515110960031e+02 2.666800762906594287e+02
2.563247367397488574e+02 2.560539627733484167e+02 2.556929583107270503e+02 2.565256497412594854e+02
2.549644921251179426e+02 2.550687713793076909e+02 2.540848585509246504e+02 2.549593732949147409e+02
2.622483936136483180e+02 2.623320782812996299e+02 2.610106024508921223e+02 2.625185104739318831e+02
2.689176229916988063e+02 2.696673542134232093e+02 2.678494258998140367e+02 2.692521566296529159e+02
2.597360629776175642e+02 2.596966704424884256e+02 2.585252543707950963e+02 2.602018373821790078e+02
2.739627393170896426e+02 2.741020612002211010e+02 2.709845225369442119e+02 2.748373720329765888e+02
2.745889989779921052e+02 2.750805194505309714e+02 2.719828097594700012e+02 2.747360276725929111e+02
2.565227557110093244e+02 2.563573321271602481e+02 2.551172329919675690e+02 2.558920345225330664e+02
2.634044437201697519e+02 2.638114528716211566e+02 2.624612756873256103e+02 2.637502664084130970e+02
2.740787855541562408e+02 2.739162298473814303e+02 2.722536528983069957e+02 2.744140840636594589e+02
2.564272257110382611e+02 2.564195814734994769e+02 2.562177533189000087e+02 2.569614754002853374e+02
2.992403509842956169e+02 2.987312865036944345e+02 2.975442964292778356e+02 2.976877150522323063e+02
2.619961194537066831e+02 2.616136837129975561e+02 2.611765571427995951e+02 2.616218960967283351e+02
2.587567305669736015e+02 2.589975804320548605e+02 2.573805819149628746e+02 2.584386763812883601e+02
2.584233368660040924e+02 2.584542802233407883e+02 2.583270692985535675e+02 2.585098383897603185e+02
2.687752354485633646e+02 2.701525301988179422e+02 2.672484271362442882e+02 2.691553235961326322e+02
2.892368995623301089e+02 2.893791425554057923e+02 2.876642994662801698e+02 2.902204434018255483e+02
2.782540360544266491e+02 2.792286805207334055e+02 2.764218029494448388e+02 2.794287800546270546e+02
2.616252313166696126e+02 2.615772354306998295e+02 2.603918536260371752e+02 2.623081480933538501e+02
2.590177829175365218e+02 2.592025222476746649e+02 2.572697786922367413e+02 2.590072213665932281e+02
2.633316680917553754e+02 2.636408620195306867e+02 2.617346268843416510e+02 2.638660903365165495e+02
2.536263742153757903e+02 2.539826339601723362e+02 2.532683797746321375e+02 2.537750070272194307e+02
2.570669485462893817e+02 2.574559425511515656e+02 2.563049133191080386e+02 2.572414698260982391e+02
2.608723836106410658e+02 2.608113393078147055e+02 2.603324310582644330e+02 2.611189733497838006e+02
2.778729001755636432e+02 2.784750017289730408e+02 2.769948596537936396e+02 2.791035306929367721e+02
2.578148409520528048e+02 2.569998931523188617e+02 2.569215818974437298e+02 2.575960717903682280e+02
2.597196705174101794e+02 2.605939054944326472e+02 2.585645667476705398e+02 2.605336083115065549e+02
2.630285727963636191e+02 2.630434752629374771e+02 2.615526405067321321e+02 2.639390137988036713e+02
2.575834824008215946e+02 2.577129214843021714e+02 2.567809358964557305e+02 2.577541504143214866e+02
2.584382978057084870e+02 2.582654920279865109e+02 2.581414462287431206e+02 2.590134505958367868e+02
2.593633600707909181e+02 2.599848133064064086e+02 2.586989002343678408e+02 2.600075511887715720e+02
2.609281969165658666e+02 2.613204780485255583e+02 2.596977005946481540e+02 2.609922399653297020e+02
2.603986082564314870e+02 2.603252028559932683e+02 2.593340322084829950e+02 2.607036254158663269e+02
2.710491258252828857e+02 2.724365621616257727e+02 2.694563448995992871e+02 2.719561442150725270e+02
2.582719866936533322e+02 2.584137197571228626e+02 2.579960711643955165e+02 2.584102963208041501e+02
2.590496823620744635e+02 2.588206377705147929e+02 2.591958622388725075e+02 2.592297846161848724e+02
2.655641943212818887e+02 2.659811366341053827e+02 2.645414393997884872e+02 2.664334835246822877e+02
2.731958584298661208e+02 2.733571430799826771e+02 2.710220385440028394e+02 2.734098487351751032e+02
2.514134418133527333e+02 2.519627197385460136e+02 2.506401159372604184e+02 2.519422177065143273e+02
2.908904743253637548e+02 2.912738353876592328e+02 2.884280153884454876e+02 2.900642835306577467e+02
2.536978774135498611e+02 2.548412872715221340e+02 2.536070601646476064e+02 2.550198822101389737e+02
3.010614825105416230e+02 3.021970756489491237e+02 3.014260219438740478e+02 3.005397256942323452e+02
2.637493561796059680e+02 2.637854987778613918e+02 2.621024527657557996e+02 2.641436876464833858e+02
2.595238433601555812e+02 2.600348363799224671e+02 2.593292100339201056e+02 2.601917515106918586e+02
2.987734353932556814e+02 2.987426943934403312e+02 2.963124697294131806e+02 2.981319725641640161e+02
2.722961923794763379e+02 2.724526645942782466e+02 2.717521237405497914e+02 2.724486653280898736e+02
3.005885511502638678e+02 3.012898658381802761e+02 2.994296743670117849e+02 3.009722836480725618e+02
2.602130745035760242e+02 2.602179089451955178e+02 2.587043547114089961e+02 2.600178730852782110e+02
2.556883878293799910e+02 2.559495741833800651e+02 2.548982972088339523e+02 2.558901777306823533e+02
3.039357248510830800e+02 3.042833449138635160e+02 3.039931277642512555e+02 3.037979878921550494e+02
2.556134054469555394e+02 2.563352338164465891e+02 2.555530542863052688e+02 2.567342610999847352e+02
2.547690292251167534e+02 2.558117782064368271e+02 2.538690908742425734e+02 2.561243019962247445e+02
2.602234289703618515e+02 2.603032857489714615e+02 2.598025646570481513e+02 2.605701255951473172e+02
2.541663486004810864e+02 2.540874565603037070e+02 2.527755543811926486e+02 2.547177778449450614e+02
2.538638899509275575e+02 2.541548559612037366e+02 2.532783389127075679e+02 2.543427690876086729e+02
2.572349313690859276e+02 2.571790142437886857e+02 2.571673548956194395e+02 2.578712297442855288e+02
2.668091158418338864e+02 2.666540732834998835e+02 2.648921782284501774e+02 2.677285995812688384e+02
2.722644637416796627e+02 2.725744456203830168e+02 2.706001550175789703e+02 2.730875252569187523e+02
2.636318616777023180e+02 2.635700826167105220e+02 2.627448623027448207e+02 2.643209027425411932e+02
2.611041849578895722e+02 2.621322157929200785e+02 2.606777507435214147e+02 2.618988065271753385e+02
3.083819582336582243e+02 3.068213424985037250e+02 3.054094096673620697e+02 3.057962291704101290e+02
2.596952193343112754e+02 2.598093355683917594e+02 2.583123836467265733e+02 2.600555090255762707e+02
2.597185037848311140e+02 2.596316550776778627e+02 2.588971838955345106e+02 2.597244156458211819e+02
2.562810271989441731e+02 2.566490566123584927e+02 2.562652633887983029e+02 2.565686166816993818e+02
2.826636068305146523e+02 2.836594735644569596e+02 2.807064110241574895e+02 2.831671372486455880e+02
2.581435010822108325e+02 2.587650862107227567e+02 2.579191651373156446e+02 2.588494034551480922e+02
2.589182676906607981e+02 2.592438774147644267e+02 2.588294896415885091e+02 2.591280491078605337e+02
2.634843912611190717e+02 2.639729690250887302e+02 2.614735337204047596e+02 2.638653795022447071e+02
2.628141281270974332e+02 2.639638425504866746e+02 2.624811613914849318e+02 2.639132762353165162e+02
2.619668942124878868e+02 2.620957283095837624e+02 2.604559583504563989e+02 2.625236205765008322e+02
2.975534224432946644e+02 2.988363278426807597e+02 2.978089647235878488e+02 2.982539007065407191e+02
2.578190030347694801e+02 2.586982450364318424e+02 2.569296559971064084e+02 2.584787986792958918e+02
2.764914673200865423e+02 2.771098431268982836e+02 2.745650577659656051e+02 2.771503252983475249e+02
2.580642058959194287e+02 2.579193331366064967e+02 2.580262269782737690e+02 2.585446045348073767e+02
2.646041883369389893e+02 2.649674812429921076e+02 2.634305311970005050e+02 2.647349864821926531e+02
2.556608673456946690e+02 2.558843006414980721e+02 2.554292607304281830e+02 2.563792761904529129e+02
2.698806163783161765e+02 2.708160632170430517e+02 2.689979807032723897e+02 2.701622688278422402e+02
2.572525700097837671e+02 2.571418697469960648e+02 2.574191434363772828e+02 2.579974203238037944e+02
2.620314520717245159e+02 2.615229214334277117e+02 2.604642901951617091e+02 2.620771312651058338e+02
2.568192855742518077e+02 2.576930252729638937e+02 2.559974236087976180e+02 2.575072016803802057e+02
2.598366521630759394e+02 2.599704182885359387e+02 2.590322831181737797e+02 2.598120785837436415e+02
2.619790585397245195e+02 2.622290727146532845e+02 2.604838645058597422e+02 2.629535718434627825e+02
2.581675482838660400e+02 2.581391824921682883e+02 2.571229722797828572e+02 2.588813177402622046e+02
2.674669012143073701e+02 2.683360428511455780e+02 2.664518818633890760e+02 2.678468230335529938e+02
2.680934367608359139e+02 2.678398994774396442e+02 2.653410702224923057e+02 2.683717349589745140e+02
3.051163033735122667e+02 3.059547123618305591e+02 3.056946883745970354e+02 3.036398941709480823e+02
2.572859492710936138e+02 2.576548426969381467e+02 2.565261645166612539e+02 2.578805892861248026e+02
2.658381948660043008e+02 2.657788898991883002e+02 2.645227583023786906e+02 2.662435736347524085e+02
2.584432515804107311e+02 2.584014780491125407e+02 2.583759139614191440e+02 2.592330799734528455e+02
2.603185376854573860e+02 2.605533043314912334e+02 2.596423932096476506e+02 2.601540850040979649e+02
2.631800085763342167e+02 2.635206146137738870e+02 2.618958163188366939e+02 2.633579287632235264e+02
2.548748453339752018e+02 2.547746859463356373e+02 2.543443350067269932e+02 2.554822887716819082e+02
2.924490449036829887e+02 2.916790599856417430e+02 2.884705400750295325e+02 2.914482347702294192e+02
2.714528466737475014e+02 2.722338234132492971e+02 2.692493139614398956e+02 2.728079623478591884e+02
2.679850936893549829e+02 2.692724314154932586e+02 2.664290881479914219e+02 2.688914681140319658e+02
2.633895424961641538e+02 2.640950729916340265e+02 2.616655156198457917e+02 2.639620445406584963e+02
2.609141629868215091e+02 2.614815127130828500e+02 2.603249386694000691e+02 2.609694048134356308e+02
2.532533857473723060e+02 2.532669838414921344e+02 2.520780204226013836e+02 2.536967477978864736e+02
2.630208553115111840e+02 2.632582602689689679e+02 2.627513858437012573e+02 2.633950010500360008e+02
2.640314487116148143e+02 2.647218724820714897e+02 2.630095743247332507e+02 2.645396739250514315e+02
2.894380574839722158e+02 2.899124130453732846e+02 2.874296629798491267e+02 2.890156993246037587e+02
2.921428567378555385e+02 2.920747130509786302e+02 2.906994770237756143e+02 2.911545282729807695e+02
2.708104833019609146e+02 2.707738713276188491e+02 2.687027195358913900e+02 2.717385620735614111e+02
2.815455029671579155e+02 2.810017515914748287e+02 2.784447494660217899e+02 2.817347438712656071e+02
2.568315669804758841e+02 2.570236220147093036e+02 2.570526117823779941e+02 2.570525544480742610e+02
2.592598381274722215e+02 2.595100212864056743e+02 2.589350602514502384e+02 2.598311546257880309e+02
2.717170660302424494e+02 2.717551509719241949e+02 2.699793187511963879e+02 2.722750959999710290e+02
2.579676820221623075e+02 2.582687860618366358e+02 2.574877349123013346e+02 2.586159224368171863e+02
2.572781254252254826e+02 2.571573056571260167e+02 2.567689840321846191e+02 2.577058400440305945e+02
2.619678558165082904e+02 2.622802146393912039e+02 2.608230469662737505e+02 2.625237486939254268e+02
2.711580123244742140e+02 2.720513040985325119e+02 2.680680643295202117e+02 2.714685098709192062e+02
2.737408155294203311e+02 2.740260192000395136e+02 2.713106592313741885e+02 2.741774331733059284e+02
2.611053212132147223e+02 2.610510077511155487e+02 2.603120636689080243e+02 2.613132891251804040e+02
2.880432631175594338e+02 2.873535280346901573e+02 2.849950607361406583e+02 2.872255706870379299e+02
2.611658005879067446e+02 2.612715437941047298e+02 2.602007244381159694e+02 2.616847795613350058e+02
2.606981007194087852e+02 2.610208869695636054e+02 2.582822287655394007e+02 2.612808360028423635e+02
2.642880996385442245e+02 2.637725077054099074e+02 2.626150730644501436e+02 2.643958149906791846e+02
2.616400042013632969e+02 2.613714097704541359e+02 2.603906319168154369e+02 2.618575677260433849e+02
2.650249730605509058e+02 2.651239220295341283e+02 2.638152772609565204e+02 2.653841555192171313e+02
2.856390608886465543e+02 2.867596764454002596e+02 2.835886080052646321e+02 2.856945784426536079e+02
2.918906669230598823e+02 2.919084171616284493e+02 2.900257924131441882e+02 2.918095964316399886e+02
2.614429198037674951e+02 2.619135559241824467e+02 2.614152963920516868e+02 2.622400622433577269e+02
2.776592889685790055e+02 2.789761111004454506e+02 2.754263979237541093e+02 2.781963728422113604e+02
2.605914576222753567e+02 2.608361597093183946e+02 2.591870521467697017e+02 2.611231194463070437e+02
2.574894835985683130e+02 2.574780444873254623e+02 2.566900822035105421e+02 2.579949866802354563e+02
2.648898616438353883e+02 2.649252368592322000e+02 2.644902196399206105e+02 2.656377002749586609e+02
2.564127928635164722e+02 2.564566575627345628e+02 2.546831517746155953e+02 2.564848826091933347e+02
2.685331837262726253e+02 2.686571281096745452e+02 2.680387591296851042e+02 2.691873373826072680e+02
2.682846942006888185e+02 2.688172318205502620e+02 2.666234089731743211e+02 2.685200409997427187e+02
2.568699962692845702e+02 2.567038699262141677e+02 2.564460979588387772e+02 2.566338588694121086e+02
2.650604386786550890e+02 2.657435208310691905e+02 2.633158341482048286e+02 2.652730325735718111e+02
2.922420756635585235e+02 2.925124756933896606e+02 2.914101248906644059e+02 2.924349461138695574e+02
2.606793666198271353e+02 2.608422250424863478e+02 2.593057045522354542e+02 2.608696313617508054e+02
2.551273880028283259e+02 2.554157868817116253e+02 2.546989620501257434e+02 2.556066895252255904e+02
2.734253370480452645e+02 2.748042391509654863e+02 2.717762149940630252e+02 2.745686346193718350e+02
2.571193172109367993e+02 2.575671060614624821e+02 2.569256483642562330e+02 2.573615510085631968e+02
2.591313242809948179e+02 2.598326354240659271e+02 2.586767434541279158e+02 2.596202858822557573e+02
2.641944257389137078e+02 2.631902302667949129e+02 2.617430045105990075e+02 2.647667892401245240e+02
2.614398030123387002e+02 2.626998848390552439e+02 2.602432934544348200e+02 2.620713942143974009e+02
2.584386255512130219e+02 2.589242201486056842e+02 2.569108438073197362e+02 2.591322588229357962e+02
2.572691747971631457e+02 2.579213804568707360e+02 2.573600490464086192e+02 2.578425152958868125e+02
2.595852619639164800e+02 2.597681347757642243e+02 2.586685295354416780e+02 2.599329726567845569e+02
2.610981906075573988e+02 2.617008703220871553e+02 2.604604443214801108e+02 2.616989861447225394e+02
2.555610176659194792e+02 2.553907701185817700e+02 2.544679452168782348e+02 2.555525742788343848e+02
2.592386128290650049e+02 2.591457380858499278e+02 2.574769326035287236e+02 2.595188586648808950e+02
2.665768598313703137e+02 2.662706297932705866e+02 2.647522009188505194e+02 2.667010120261109023e+02
2.578661202173614129e+02 2.582181630953313629e+02 2.572452262401131406e+02 2.579222744420296181e+02
2.581555087864757070e+02 2.581877552473044375e+02 2.571736670629634887e+02 2.581132489605410001e+02
2.622460245255938958e+02 2.626800551192554281e+02 2.614714157409705422e+02 2.629915514773049949e+02
3.009775564095678533e+02 3.004363960671108771e+02 3.000057732281731546e+02 3.007529015633312497e+02
2.548994120246759394e+02 2.558034386900241941e+02 2.545314663839070306e+02 2.556164526606692675e+02
2.730377374610191055e+02 2.723270392293330247e+02 2.709189016070612297e+02 2.731091713360257813e+02
2.865542691567529801e+02 2.858922592017070770e+02 2.830950657988628905e+02 2.854807008068222558e+02
2.579103261859689269e+02 2.574631547280108066e+02 2.573123802033190941e+02 2.581252175748645072e+02
2.728995049229160372e+02 2.741295477567447278e+02 2.704811412560325721e+02 2.738241400081993788e+02
2.569660948670637595e+02 2.568967506827680154e+02 2.564655029770232204e+02 2.571282569881474842e+02
2.730001506815070229e+02 2.717484318616142787e+02 2.702761614139700441e+02 2.722049054434278332e+02
2.561159520086739008e+02 2.558962384698729977e+02 2.552571026729167158e+02 2.564425496028206339e+02
2.987822296087474001e+02 2.990958588009034997e+02 2.964748772456415509e+02 2.984617902940187832e+02
2.567934243640733598e+02 2.570433125681733486e+02 2.560923601347517433e+02 2.575454789303842631e+02
2.600440429164079887e+02 2.601962401247752155e+02 2.602011021167050444e+02 2.606562732823417150e+02
2.592996682410060885e+02 2.592042522573128167e+02 2.583459451536319307e+02 2.599740086098807410e+02
2.700503348283542095e+02 2.699489839421343618e+02 2.678787446330923103e+02 2.705417425337125223e+02
3.000331162306867441e+02 2.992973497569757910e+02 2.971976105285294238e+02 2.981251678653513864e+02
2.658934944086060455e+02 2.671401485495094335e+02 2.650661348205001104e+02 2.665897712549189578e+02
2.523603657245632235e+02 2.527384938519593902e+02 2.516277839272415804e+02 2.530981351204675036e+02
2.578844903418305421e+02 2.578789709155478249e+02 2.564680686110003762e+02 2.581157415621157725e+02
2.835617569768975841e+02 2.846322048119712349e+02 2.808432769119642671e+02 2.846444267746820174e+02
2.582000377156858235e+02 2.585613697600849719e+02 2.579318841595493268e+02 2.586587882608123437e+02
2.911523330422907634e+02 2.919347499044814640e+02 2.910232758538330131e+02 2.919095873545542190e+02
2.781007332148830642e+02 2.779981685352115051e+02 2.752236812406662239e+02 2.779962992185504618e+02
2.886522722716198928e+02 2.881584890761802171e+02 2.846481979912161933e+02 2.881858276804376828e+02
2.587247201454529772e+02 2.588401317019564090e+02 2.571429943337292912e+02 2.590824864097383511e+02
2.564469539690160218e+02 2.569222618856018130e+02 2.560326856933759814e+02 2.575968889388792036e+02
2.655730456468917282e+02 2.659956836897592893e+02 2.639864586561485567e+02 2.660587732951689190e+02
2.618909876704607882e+02 2.621283048482795266e+02 2.605472876784145342e+02 2.630001387056306044e+02
2.622275547758064818e+02 2.620635961030954491e+02 2.618675410354311452e+02 2.617852390201641128e+02
2.575421827134187538e+02 2.578355553472391648e+02 2.570629999884666859e+02 2.578874314485045716e+02
2.578182662665236080e+02 2.581277210342000217e+02 2.576863643594906534e+02 2.582823665488488700e+02
2.601724745395544574e+02 2.605038168973758843e+02 2.600920472510376271e+02 2.609052476173657737e+02
2.556831937687526306e+02 2.555746224212142579e+02 2.550114958861204855e+02 2.555814827677512255e+02
2.653035154769683572e+02 2.649977531621412936e+02 2.635600726231447197e+02 2.653579310855169524e+02
2.597433778757830396e+02 2.601697002343884151e+02 2.585016198962019303e+02 2.607534598921886300e+02
2.850366014592554507e+02 2.864454708179664522e+02 2.831134682694306548e+02 2.854220781350716152e+02
2.599364284542003247e+02 2.596265341178045674e+02 2.587453620000571277e+02 2.602253565624610019e+02
2.585726865834772070e+02 2.588774798160773116e+02 2.577525927989520937e+02 2.593006225847727819e+02
2.567016900540389202e+02 2.569334966836241847e+02 2.559552138365152416e+02 2.570563344157687879e+02
2.631886274573971605e+02 2.641700921536046849e+02 2.623079741227444970e+02 2.645628905263150159e+02
2.705455776633151004e+02 2.710691489478262497e+02 2.687348633707283057e+02 2.721141357370470928e+02
2.583427300492319887e+02 2.584778922214186991e+02 2.577206477310011223e+02 2.588401778419139987e+02
2.589961348245790305e+02 2.596156370920326708e+02 2.586789546150050683e+02 2.598971970264528863e+02
2.663183797512934916e+02 2.670239606339982856e+02 2.639720794708306926e+02 2.670468637929308784e+02
2.759684780806151707e+02 2.766827496369970731e+02 2.740541392547231112e+02 2.754782411814785519e+02
2.599025964306414949e+02 2.597068560838695817e+02 2.583978574362521954e+02 2.601982838765322867e+02
2.956446930944561586e+02 2.965020532370007231e+02 2.948428305733447701e+02 2.958264030402266371e+02
2.774969513596608977e+02 2.773841788786342022e+02 2.754553418092082211e+02 2.777443203886764422e+02
2.545071959649565372e+02 2.555419429972250498e+02 2.537534388049015206e+02 2.550985859583418858e+02
2.593490385901550894e+02 2.599357273098544283e+02 2.584316646799326804e+02 2.597249945377298559e+02
2.707457067081436435e+02 2.716332978801133891e+02 2.690264068840942855e+02 2.712352242363738810e+02
2.653810741907960278e+02 2.655548279857445664e+02 2.640053061807843164e+02 2.654658723107914966e+02
2.685478469935378598e+02 2.682815365446882083e+02 2.662199079610639956e+02 2.686522329009007990e+02
2.599097294709549146e+02 2.599762930426869616e+02 2.590273164156402572e+02 2.604777991567120239e+02
2.672735157478850283e+02 2.669144922028878000e+02 2.659619190598582463e+02 2.671049665241792468e+02
2.657998203328698992e+02 2.654314578522391912e+02 2.643147449025085507e+02 2.662608030746094983e+02
2.667799395065193835e+02 2.670612221948337037e+02 2.650265263042973061e+02 2.672333789383694693e+02
2.865662471659616699e+02 2.869119244648482550e+02 2.856883480420071351e+02 2.877922718207246930e+02
2.591753934073347523e+02 2.590468109058747359e+02 2.585698372692854150e+02 2.593558108782495992e+02
2.538634582504288062e+02 2.544019364982322031e+02 2.526345751723345359e+02 2.548022558934108019e+02
2.618786267351096058e+02 2.623978957919643449e+02 2.611076162813771475e+02 2.624672987125761097e+02
2.650477014651644367e+02 2.650957138443679924e+02 2.637636087710284301e+02 2.654097760221449676e+02
2.617549199078477500e+02 2.624267660140040448e+02 2.606836428236933898e+02 2.620454053284628912e+02
2.603246534020808554e+02 2.605546394548122180e+02 2.595317131568062337e+02 2.608245919430809749e+02
2.601448755359510301e+02 2.600690262874132941e+02 2.591547150651176707e+02 2.608283117623742555e+02
2.588420635708497457e+02 2.588188539923190774e+02 2.571790346971678787e+02 2.588099088497468756e+02
3.024920759358659552e+02 3.017790791689042180e+02 3.014788302719537683e+02 3.019062494620783923e+02
2.549955683151371204e+02 2.553475463313823752e+02 2.543598414034630366e+02 2.553536632788261613e+02
2.650745652609617196e+02 2.661907934133340063e+02 2.633431158173989388e+02 2.658596427827578736e+02
2.662647240968047413e+02 2.664479969176661029e+02 2.627933551462660944e+02 2.665995843131333913e+02
2.608668575490902981e+02 2.608307017457757979e+02 2.596829392386378004e+02 2.614074078213853909e+02
2.550635609719215608e+02 2.551278183472236947e+02 2.542609124037929291e+02 2.552566158074797897e+02
2.600445627992170330e+02 2.603970251043223243e+02 2.597685685687241630e+02 2.609448755637405952e+02
2.979623790598161008e+02 2.983323315254998533e+02 2.946376702427280065e+02 2.963560384507650838e+02
2.816520075719296301e+02 2.816052201006649511e+02 2.796984867083072572e+02 2.816644208261030258e+02
2.651945187217624493e+02 2.651683802639083751e+02 2.639035885095415210e+02 2.659923728310070032e+02
2.569803873200455655e+02 2.575583573114973319e+02 2.567230433519144412e+02 2.575305244095187049e+02
2.575258090100329014e+02 2.585467528029855089e+02 2.573845318895782839e+02 2.584194468083292691e+02
2.606819578634981553e+02 2.610068999375599219e+02 2.588846752754668614e+02 2.611275354358684240e+02
2.642225427508635676e+02 2.645689101628803996e+02 2.626522764409970705e+02 2.655986434566605112e+02
2.561502023584092171e+02 2.565518898226634974e+02 2.553836563213200748e+02 2.569222016359231020e+02
2.546416635069469976e+02 2.545002288227913141e+02 2.541662143733871346e+02 2.548784546384516148e+02
2.730082427089855628e+02 2.728524794711173058e+02 2.696059389250511344e+02 2.738987179141929573e+02
2.578660659838815263e+02 2.577630698898178707e+02 2.572136469639576148e+02 2.579950257434582568e+02
2.562321464974388050e+02 2.566832150817332376e+02 2.552451433249742934e+02 2.568128188544419004e+02
2.798761882058363994e+02 2.811834601033855279e+02 2.781915608652242895e+02 2.800061286018832902e+02
2.771409141345246780e+02 2.776832231381477527e+02 2.750982460274049686e+02 2.771341193190989429e+02
2.575037465198628865e+02 2.582147551295853418e+02 2.570751225924498726e+02 2.587654071688029944e+02
2.659891299017729693e+02 2.662726699118728675e+02 2.638115078131261271e+02 2.661536170650112467e+02
2.635215762749329542e+02 2.635436447000760722e+02 2.632370652664817499e+02 2.641789232339350519e+02
2.573541290546033338e+02 2.580235930713512857e+02 2.573030925803398645e+02 2.583809216355812168e+02
2.632131952289977903e+02 2.632718275299016568e+02 2.609425310229911474e+02 2.636158379073964966e+02
2.608448263960254963e+02 2.609686584938972942e+02 2.604398378057237551e+02 2.614770827381530012e+02
2.696718477942194454e+02 2.702201078272407244e+02 2.678631642573734553e+02 2.706509800805136479e+02
2.599148374587380772e+02 2.599512337787184038e+02 2.593783392461161839e+02 2.600379887797777201e+02
2.510512614663522299e+02 2.512076718977700693e+02 2.501125294227835525e+02 2.513956734700022650e+02
2.694247423566945372e+02 2.696338266389794853e+02 2.682559774410191835e+02 2.700089336280366865e+02
2.901889334926770516e+02 2.906341176841523861e+02 2.894659214609434343e+02 2.911996758797574785e+02
2.607805892499380320e+02 2.608468185578573184e+02 2.602470633650537479e+02 2.613433196159422778e+02
2.581548949145138181e+02 2.593573176575913521e+02 2.566852071333905769e+02 2.587867203259542634e+02
2.586182015189021399e+02 2.582323017868191641e+02 2.576717637953705093e+02 2.579531043559553609e+02
2.703697248733582796e+02 2.706368523067507681e+02 2.688249332481170768e+02 2.713151382616447904e+02
2.882712629259640380e+02 2.894103274051932431e+02 2.871280074608214363e+02 2.889502204491358839e+02
2.955888739493883577e+02 2.964475976839929103e+02 2.951877397818195732e+02 2.957173021953268517e+02
2.728736343422542063e+02 2.735031365566212571e+02 2.706332989259460078e+02 2.736076372168416810e+02
2.620296950773617937e+02 2.627249121679577684e+02 2.607499393622549064e+02 2.631439653273719159e+02
2.565805197283232246e+02 2.570682640784782507e+02 2.566497319558031904e+02 2.574375134115198875e+02
2.824729582272349830e+02 2.826032393828696172e+02 2.804176969045502688e+02 2.835709300464243370e+02
2.566489230066507616e+02 2.563131503728025677e+02 2.545114476795027940e+02 2.565713322398295304e+02
2.579723176422589290e+02 2.586090883980541548e+02 2.579376677889164853e+02 2.585895527433328311e+02
2.562033239237233033e+02 2.566011902051512266e+02 2.556934864126938862e+02 2.564935013163871531e+02
2.545433217547340803e+02 2.549458761995314546e+02 2.534510030910194587e+02 2.552404564617844187e+02
2.613676250474879339e+02 2.615379848206012525e+02 2.607482921204042441e+02 2.609693905431900021e+02
2.651094413847974920e+02 2.654762420136651713e+02 2.634181879532972061e+02 2.657068863783799202e+02
2.566125180303801017e+02 2.567813535192136669e+02 2.557718777267588735e+02 2.566542256283136680e+02
2.670993988368047098e+02 2.666832679535635293e+02 2.646938362469273329e+02 2.678614112226640600e+02
2.651432306589565542e+02 2.658566240298422940e+02 2.640921914429737853e+02 2.653005592255629495e+02
2.718612223286152130e+02 2.723388659476309499e+02 2.701526610418594032e+02 2.735011113687439774e+02
2.814135383630923002e+02 2.823083902871260875e+02 2.800522938347639297e+02 2.828689524709608349e+02
2.656853678403469416e+02 2.656113374604831279e+02 2.636749265566677423e+02 2.657704858884015948e+02
2.816596615189418458e+02 2.816918716984661728e+02 2.788185651076648242e+02 2.827776604564370473e+02
2.645503148053504674e+02 2.656312495854329541e+02 2.630607441143213237e+02 2.648210106976081875e+02
2.572353108086712155e+02 2.564163574157747689e+02 2.562158255737558079e+02 2.572131033597752321e+02
2.891855001346552854e+02 2.890298226994989932e+02 2.867059831720559941e+02 2.886794016385564987e+02
2.561641806312422887e+02 2.565923632713088409e+02 2.554839720177689344e+02 2.568136352928436281e+02
2.539935858850988666e+02 2.550435774422064981e+02 2.534993398091669121e+02 2.551751166767446080e+02
2.599597539582065906e+02 2.605383544385226173e+02 2.588839901781565231e+02 2.598556503739242771e+02
2.572988072291500430e+02 2.571674454668997214e+02 2.563270157716664244e+02 2.572453275972677034e+02
2.669722972135839427e+02 2.673166952659673257e+02 2.652776416970974083e+02 2.673891227267416753e+02
2.544238343880669788e+02 2.542341603441537643e+02 2.535358092486515034e+02 2.544652697371908801e+02
2.564398644806322523e+02 2.566191942141838354e+02 2.554451473829894894e+02 2.566536123098849771e+02
2.765232204777547622e+02 2.774318577037809632e+02 2.745641848378697887e+02 2.762057478506818597e+02
2.840648845863862562e+02 2.843306750201332420e+02 2.810649339032383978e+02 2.852809462705366741e+02
2.624337578666335844e+02 2.623817914462283625e+02 2.610863482052184850e+02 2.626728195817779010e+02
2.583083914314407821e+02 2.588485261939908924e+02 2.581220049588719121e+02 2.593086511099062363e+02
2.866377571314441184e+02 2.865254474085589891e+02 2.851912880922268982e+02 2.874900914535267589e+02
2.587671211001086817e+02 2.582973715277243514e+02 2.584506216171345159e+02 2.582774578406272212e+02
2.818440682787905871e+02 2.824233469521163329e+02 2.799385244739963809e+02 2.823415102359916773e+02
2.551265812682066780e+02 2.547260617748935942e+02 2.547538537243565031e+02 2.556819976001364694e+02
2.663649451059933426e+02 2.665155282181196981e+02 2.654792560849743381e+02 2.671045749010174291e+02
2.576342419534886972e+02 2.579660000148878680e+02 2.569923333307082203e+02 2.580066835991681842e+02
