2.928243339790270738e+02 2.928841638597603492e+02 2.903366534161838217e+02 2.920770924131693960e+02
2.533210040497635589e+02 2.534568354361836953e+02 2.521218526182571793e+02 2.537927574071107699e+02
2.549599172660223019e+02 2.549472645934492334e+02 2.537442947914243803e+02 2.553511060706348985e+02
2.597591376950713880e+02 2.599918383971288449e+02 2.588269972995552735e+02 2.598257028866113387e+02
2.598102246206850623e+02 2.610530880306346830e+02 2.592516779353126708e+02 2.616355583090737582e+02
2.535244242990493433e+02 2.543280638345493969e+02 2.531364212731641032e+02 2.544190890131521314e+02
2.581260929242600923e+02 2.582369839162960261e+02 2.580312279687770456e+02 2.584552739131594876e+02
2.644039958818199239e+02 2.643441829388112865e+02 2.628104985087288696e+02 2.646485112962484436e+02
2.560154553877236481e+02 2.565926099664516187e+02 2.560718864181995968e+02 2.563919140656905142e+02
2.646283646868984079e+02 2.646152232686950470e+02 2.626934554819989671e+02 2.651145594533594476e+02
2.543896862587715475e+02 2.545795933977938148e+02 2.537371004781133479e+02 2.547278575811689905e+02
2.593405183570526447e+02 2.597739576546183002e+02 2.587720486017192911e+02 2.601416863147069876e+02
2.604182545113554852e+02 2.603045477432341386e+02 2.584164375224463015e+02 2.612201574328817060e+02
2.667686007288226051e+02 2.670074324865954623e+02 2.653869744333183007e+02 2.671713908800182935e+02
2.871648664198926895e+02 2.878195640238355395e+02 2.853674326359150086e+02 2.874739447998342712e+02
2.568308047360889077e+02 2.574622406921842526e+02 2.558407478441867511e+02 2.572112840875821576e+02
2.908840766699115647e+02 2.902925497025630648e+02 2.889856464436006149e+02 2.903633936929874153e+02
2.599974266599754742e+02 2.604288423106567620e+02 2.581806575512325708e+02 2.604787731384718654e+02
2.667777675666903860e+02 2.666090813463109725e+02 2.645213070776636073e+02 2.660025242533644700e+02
2.556499440585394893e+02 2.563372415679845062e+02 2.551374507182081572e+02 2.564517754991933316e+02
2.679383657688401854e+02 2.688338313479056865e+02 2.675671878037440479e+02 2.691722867445890301e+02
2.511766530647565503e+02 2.517556659280578799e+02 2.503978899951858068e+02 2.517989800710824397e+02
2.515014650595408057e+02 2.517654015978440043e+02 2.503272489174251803e+02 2.523178965687912410e+02
2.618382748670589990e+02 2.620287434458656435e+02 2.606360979767119375e+02 2.625306223465494213e+02
2.537614241823292218e+02 2.547436738335480015e+02 2.527130147480092717e+02 2.540928452742732020e+02
2.558826504797382313e+02 2.559556471640299549e+02 2.552314361889699228e+02 2.563486906833090302e+02
2.586010482554005421e+02 2.587594059535485940e+02 2.574947488386044370e+02 2.593959246785785240e+02
2.601400141874315182e+02 2.605430092199974297e+02 2.589104206254144742e+02 2.606099745679958914e+02
2.940838015913031995e+02 2.949820801852426939e+02 2.928058975521930165e+02 2.945675449158478614e+02
2.943230415382471392e+02 2.953319017344588815e+02 2.927078444512455349e+02 2.942900556195359059e+02
3.023603792268060033e+02 3.018051890024109412e+02 3.016355507255665316e+02 3.013416839649742087e+02
2.631492398855394299e+02 2.629043584246298337e+02 2.609712540073726927e+02 2.622412717692770912e+02
2.895155814519467867e+02 2.889173813736239254e+02 2.880043514052175624e+02 2.903885658186481464e+02
2.911835361272494538e+02 2.910077688235851383e+02 2.887438287304948403e+02 2.923163022517423428e+02
2.525128828680594211e+02 2.527584646047146180e+02 2.510625175338724091e+02 2.529691282040373892e+02
2.996511019157344435e+02 3.001350836409358180e+02 2.989334879310482620e+02 3.000337103127899923e+02
2.637476462110558941e+02 2.640046612076389465e+02 2.629053805933348826e+02 2.637175168546493182e+02
2.511772774490918323e+02 2.512071344295084998e+02 2.499037456205267063e+02 2.515982733493722208e+02
2.721161604613630516e+02 2.728914829689776980e+02 2.701202227010562638e+02 2.735186512648765529e+02
2.974792833482528636e+02 2.983297164688395924e+02 2.967570233022422599e+02 2.967467452913123225e+02
2.730319214378741322e+02 2.737938854041534569e+02 2.713103620117842638e+02 2.733372851951714892e+02
2.952471375973734098e+02 2.953089963275147056e+02 2.938476826812244553e+02 2.948685525309847435e+02
2.914335885822102910e+02 2.926820705433316903e+02 2.907262352438090716e+02 2.912141985348242201e+02
2.682835497280852337e+02 2.699176502015578762e+02 2.673671060065665870e+02 2.688054639440721871e+02
2.822921053899439698e+02 2.826692930678664197e+02 2.799533282413372035e+02 2.837191468158633256e+02
2.650446989472767996e+02 2.656843213726031081e+02 2.642919766861188577e+02 2.662905231510328576e+02
2.787435319720617599e+02 2.796493696720678486e+02 2.764444372854801486e+02 2.786626526142534317e+02
2.935205904325223969e+02 2.936995331879763853e+02 2.916847698539655198e+02 2.925188287969951944e+02
2.615322107633911060e+02 2.611953761863949808e+02 2.598217191882291672e+02 2.612789371957073854e+02
2.634549343142655289e+02 2.636186100446552700e+02 2.631977148593413744e+02 2.641147058353674879e+02
2.597932542339446513e+02 2.595425147315468735e+02 2.589432885045757757e+02 2.604813767677574674e+02
2.605905731017988387e+02 2.611541198245675446e+02 2.593869014873486663e+02 2.616823276646995851e+02
2.555975474110067864e+02 2.559476326863531028e+02 2.548722156899953291e+02 2.562007021477160151e+02
2.887915813717140736e+02 2.892797927767842339e+02 2.862066683955368944e+02 2.887927577618583541e+02
2.631178333915681833e+02 2.631862202448378412e+02 2.618902399336154190e+02 2.641612356982590768e+02
2.679454178381614042e+02 2.684484889611863423e+02 2.651527787121826805e+02 2.672786215988771232e+02
2.571795452918368596e+02 2.570840462192529117e+02 2.551487838144521163e+02 2.578712923804894785e+02
2.607072046309482971e+02 2.608337236113150084e+02 2.590791339778488691e+02 2.613694841864476643e+02
2.543459402216408307e+02 2.549951751749289883e+02 2.536016749533892778e+02 2.553373347183530200e+02
2.667461703647061313e+02 2.675432332106822173e+02 2.654931343847457015e+02 2.678350550354145412e+02
2.909003921080456507e+02 2.922264197433556774e+02 2.884526554207990330e+02 2.897658330980138430e+02
2.733017160758359978e+02 2.731183021898447123e+02 2.716346612974183472e+02 2.731893687986728878e+02
2.631333608193340865e+02 2.631786483817825228e+02 2.612687989104109079e+02 2.641910747840620957e+02
2.908754311527056871e+02 2.913764894403991548e+02 2.893933367803442138e+02 2.917429890194454174e+02
2.957922100750563459e+02 2.956880579873069337e+02 2.939853235168355923e+02 2.960601191463808846e+02
2.595680931448532078e+02 2.600645981337237345e+02 2.582385045887500610e+02 2.596474163118390948e+02
2.614312918167776729e+02 2.612772980906602811e+02 2.596398497813419226e+02 2.615287761928778423e+02
2.584003833237368326e+02 2.585918185359495283e+02 2.579439882354856763e+02 2.592280539590390163e+02
2.644205136181713556e+02 2.643653157120490391e+02 2.630342797271422342e+02 2.642131570430828447e+02
2.659298681988037174e+02 2.665912672503566796e+02 2.643055620340437599e+02 2.668685243366144846e+02
2.970894755961727469e+02 2.963893976996096171e+02 2.964052698567892890e+02 2.974137476948592962e+02
2.570741908225921293e+02 2.572402312416950849e+02 2.566079695487256345e+02 2.574317754987052353e+02
2.616907527822438624e+02 2.617908953974255724e+02 2.602478179352341954e+02 2.615694563396350532e+02
2.553666893683158037e+02 2.553014406914808205e+02 2.548229911345841572e+02 2.553328865372333212e+02
2.491079442164223963e+02 2.488596342725896875e+02 2.479801266222795846e+02 2.491455119962599269e+02
2.818973830844482222e+02 2.824344306743482207e+02 2.792696642463720309e+02 2.819604332132252580e+02
2.526964105919680890e+02 2.525002080393311132e+02 2.517310222463696618e+02 2.527858619066610686e+02
2.841406183887551720e+02 2.851630247674385714e+02 2.824266727300614548e+02 2.837507496578579094e+02
2.590536229038987699e+02 2.593384290478410890e+02 2.579457755303232034e+02 2.590744736942291979e+02
2.795800394197292462e+02 2.803040412849606469e+02 2.773166470443117646e+02 2.793914274496691519e+02
2.892472270075946312e+02 2.893163699309338881e+02 2.874871101116215186e+02 2.884154466629375975e+02
2.592786899717977462e+02 2.594382202240798279e+02 2.592484857938553660e+02 2.592473005884295958e+02
2.590954815294510354e+02 2.589004494668116081e+02 2.571816495725033178e+02 2.586482398461888579e+02
2.513939324052541622e+02 2.514373082643808175e+02 2.503986246847189250e+02 2.514132331111904364e+02
2.649636200292769104e+02 2.650851100248946182e+02 2.633709474845703085e+02 2.660334045520223185e+02
2.594415071083048474e+02 2.585838941234332538e+02 2.578820506534104311e+02 2.594301318951362418e+02
2.783344186297940155e+02 2.775857068515512651e+02 2.740544885513544955e+02 2.779374693726302894e+02
2.697546401833773757e+02 2.693716601355536682e+02 2.673293687649677963e+02 2.699249401379867663e+02
2.741878873862955857e+02 2.746688976638416761e+02 2.715328013560553586e+02 2.750018449811602750e+02
2.937439077556477400e+02 2.937175595290726733e+02 2.916091334744160690e+02 2.938204599726967103e+02
2.565670976783756601e+02 2.565834283804814504e+02 2.558994371312589919e+02 2.570937945700794671e+02
2.580608522302349570e+02 2.582801413062576330e+02 2.572188333143147929e+02 2.588148750551890771e+02
2.597668779142675817e+02 2.595781801327801190e+02 2.591263556482068680e+02 2.596233420894135975e+02
2.642181218271397256e+02 2.639090926394725329e+02 2.618407036405088775e+02 2.641923814065265788e+02
2.578895237932720761e+02 2.574370556256650957e+02 2.570398365237095959e+02 2.581247902991348155e+02
2.710403197742539305e+02 2.715449018997701955e+02 2.695961841314053231e+02 2.718520777966643891e+02
2.632387925958624919e+02 2.636806689805343353e+02 2.624797896082807256e+02 2.638804122405765042e+02
2.648503768679816517e+02 2.650568326357619071e+02 2.632226198671725115e+02 2.654096444636830370e+02
2.622725651982248678e+02 2.624761126834083598e+02 2.617195578872425017e+02 2.636098741987283915e+02
2.541365150416934000e+02 2.542126453612864054e+02 2.535591596274435631e+02 2.546772369729144430e+02
2.855780508622679577e+02 2.851589206215294894e+02 2.828459826130354031e+02 2.854349651089409008e+02
2.823120725297833928e+02 2.842933239549858513e+02 2.814459109925124949e+02 2.835132308233934850e+02
2.631666386190558455e+02 2.638544414203066708e+02 2.616075511856361118e+02 2.644707508203535440e+02
2.584872123922125979e+02 2.585344007882431470e+02 2.578694916008452651e+02 2.581660552307787952e+02
2.585447046940072369e+02 2.594695591598268152e+02 2.579643586924336205e+02 2.592406140286470873e+02
2.579982429877333630e+02 2.576561421876958207e+02 2.568231317430503964e+02 2.580380043899832003e+02
2.721627536562677392e+02 2.719362446659170587e+02 2.699770179053311949e+02 2.727230757304313329e+02
2.536003903539236148e+02 2.533780271789869403e+02 2.525583046035753227e+02 2.542160357605077365e+02
2.583240792255634233e+02 2.588088332146294306e+02 2.565525806812963197e+02 2.585630432590170358e+02
2.565567146384507851e+02 2.569018086154144953e+02 2.557921016327863413e+02 2.565568532168994125e+02
2.633825222848506655e+02 2.635289068072403325e+02 2.625662024745470262e+02 2.641909911422631581e+02
2.861515879454211131e+02 2.868903467194801920e+02 2.845542093994810671e+02 2.866715517747190347e+02
2.594694424698417379e+02 2.587841049764544437e+02 2.581542016465848519e+02 2.595048749675586919e+02
2.586537758737835588e+02 2.591535577998242275e+02 2.580033126723924966e+02 2.593577534371445950e+02
2.733015393688129393e+02 2.729835917945883921e+02 2.707001361079173307e+02 2.729533467777100668e+02
2.596975048969306386e+02 2.596340630470355677e+02 2.586104121195944003e+02 2.600908931195842797e+02
2.596780131439044794e+02 2.597333236312352369e+02 2.592716170342760620e+02 2.599387012949873110e+02
2.759947091211517431e+02 2.772043600672845400e+02 2.732561455608716301e+02 2.771151771497785603e+02
2.907824098422562997e+02 2.901632276292458528e+02 2.883865903229554419e+02 2.904652269288107505e+02
2.844695834069248122e+02 2.856988796068162628e+02 2.827144340717510431e+02 2.851533610203043736e+02
2.528760075514817629e+02 2.536636997043021324e+02 2.525932592556547718e+02 2.534628455491614716e+02
2.653177369045993146e+02 2.653094004465428952e+02 2.636720040308961757e+02 2.657672337388363530e+02
2.532623668511498636e+02 2.534126957159298001e+02 2.527364267382646403e+02 2.537582496394409475e+02
2.588909660071259964e+02 2.586963525134426050e+02 2.564758770823934242e+02 2.589826678974513356e+02
2.566098483804925650e+02 2.566967909608320042e+02 2.548885339475885985e+02 2.576221555913884345e+02
2.840267340008032875e+02 2.850139870333348995e+02 2.813221667622952964e+02 2.838440532282433537e+02
2.558842724115947362e+02 2.560493044794831690e+02 2.552900027263069660e+02 2.569161836578381894e+02
2.717479035524535789e+02 2.717605350331793943e+02 2.694914451060520832e+02 2.733765552356525177e+02
2.592920008182132960e+02 2.597424324111832448e+02 2.585196572679627138e+02 2.607745389629849910e+02
2.766740084094197982e+02 2.766430146366824943e+02 2.750783573748739173e+02 2.771619762105418658e+02
2.543844368146961017e+02 2.547697688177646853e+02 2.536557934329404418e+02 2.549417569754972135e+02
2.630179489298891440e+02 2.633280091394918827e+02 2.619483442495985059e+02 2.636225349734842780e+02
2.723952792485753207e+02 2.721326939226800619e+02 2.704652562822692516e+02 2.725241727783574675e+02
2.616938740756824586e+02 2.613892152605955630e+02 2.608664694538465483e+02 2.613328475653862029e+02
2.614361098208159433e+02 2.617073965588507463e+02 2.609281726232692336e+02 2.623298676177478796e+02
2.602923523630245768e+02 2.604778410795437935e+02 2.603856933274489620e+02 2.604003778155145028e+02
2.926624877908155327e+02 2.946988844800878837e+02 2.913333290377390199e+02 2.932097883665620657e+02
2.584983040548824533e+02 2.591447533756474968e+02 2.574899974359902330e+02 2.589987890282879448e+02
2.609852783776957494e+02 2.609133165484055326e+02 2.588352622089497572e+02 2.613381048063021126e+02
2.635667065896848840e+02 2.649071722799994291e+02 2.624661184392151085e+02 2.642158079685229382e+02
2.756643281785860609e+02 2.772029242084062162e+02 2.736461049650173436e+02 2.767622063183721934e+02
2.821166741593814891e+02 2.839730085336843217e+02 2.812079495336115542e+02 2.828938950089622040e+02
2.738399492644472843e+02 2.741526492010322613e+02 2.720522282701027166e+02 2.742524728120305326e+02
2.778860956181043207e+02 2.780815292697677137e+02 2.761994117846193717e+02 2.774987574252556328e+02
2.564849223641389244e+02 2.564578187579899691e+02 2.554946358952494165e+02 2.566812599950969798e+02
2.984583239466427358e+02 2.985624146213999097e+02 2.981284162853312409e+02 2.984863700293539068e+02
2.773365392506502758e+02 2.773076157275460218e+02 2.751584593162302212e+02 2.774880223282501674e+02
2.584243886482695416e+02 2.582530932664730017e+02 2.566997145632336128e+02 2.590576688216935963e+02
2.689339861328647885e+02 2.690468247171215239e+02 2.675422552561116163e+02 2.686032835773607417e+02
2.705447150232142235e+02 2.709876341020513451e+02 2.688372149053624867e+02 2.709414021814152420e+02
2.565197884951757601e+02 2.569130080743946678e+02 2.555571984037559332e+02 2.567135876111453854e+02
2.525802804059968594e+02 2.526565255894207382e+02 2.524851983721740680e+02 2.534596623676062563e+02
2.918397560970306586e+02 2.914295303571152544e+02 2.911172656368953540e+02 2.929522394041753728e+02
2.654314270222817527e+02 2.649888858783302794e+02 2.639343138573253782e+02 2.665055589015549913e+02
2.559644918609753574e+02 2.561815007468948124e+02 2.558023781166490380e+02 2.560848262093294352e+02
2.593912140597708458e+02 2.595168086775904044e+02 2.583327818288267963e+02 2.598133993340896382e+02
2.896423119947809823e+02 2.896564497233699171e+02 2.877803953349085759e+02 2.887887107665294479e+02
2.587769567202176404e+02 2.587403535495347455e+02 2.576708211726666491e+02 2.590516056138766885e+02
2.581713044205841925e+02 2.573610025983686569e+02 2.565889369772705777e+02 2.579577510034604870e+02
2.988105432330942222e+02 2.993875392244119666e+02 2.977400113551962590e+02 2.978578999149124229e+02
2.562680002925748681e+02 2.567475304998506545e+02 2.559131167100940729e+02 2.573683010122391579e+02
2.554953531229868702e+02 2.561695708432715719e+02 2.547394465857116472e+02 2.562396488077305321e+02
2.537831817299722843e+02 2.537559444062466696e+02 2.525411475970522019e+02 2.536778789819602764e+02
2.578765180013248823e+02 2.580915861897246373e+02 2.569743301227061352e+02 2.583514376014916820e+02
2.566577654479436887e+02 2.567407238540367871e+02 2.561925390008465797e+02 2.570422952480574850e+02
2.521014295556207401e+02 2.520511948860592781e+02 2.521313489492336828e+02 2.534298560979703439e+02
2.578263052299556080e+02 2.578176507242437765e+02 2.578261271512479880e+02 2.583450093317212577e+02
2.591075990239010594e+02 2.594088379948613579e+02 2.581607524638736777e+02 2.598947632267620520e+02
2.579118544879655701e+02 2.577839926825896555e+02 2.566686853755373363e+02 2.578510932139521969e+02
2.569291011402810909e+02 2.566805632328612319e+02 2.569054358500197850e+02 2.568839685169579639e+02
2.556798491448912216e+02 2.563034128029757426e+02 2.556893503664057334e+02 2.561826505789823045e+02
2.662623182412692699e+02 2.664443299384118973e+02 2.648883116198674088e+02 2.664013559272916041e+02
2.555118320816559958e+02 2.552802238967409778e+02 2.539721959589553251e+02 2.556990398779659586e+02
2.561852220536399045e+02 2.561785061234955947e+02 2.558566338031895668e+02 2.567001781406389114e+02
2.539802371075226972e+02 2.543011691427440439e+02 2.523056460116227697e+02 2.545892660966172230e+02
2.549615511104477719e+02 2.551128275843414315e+02 2.545125430144003644e+02 2.555680603121491572e+02
2.611895756476554880e+02 2.620809053706817622e+02 2.604993264960411352e+02 2.626084793684661349e+02
2.560581113744270283e+02 2.572057734974175673e+02 2.557858826630277349e+02 2.571474938610235199e+02
2.601346570514665473e+02 2.603513249203368218e+02 2.594106649096591468e+02 2.608699247968353916e+02
2.565351164233411509e+02 2.567602740033838131e+02 2.565617951262167935e+02 2.568882425958781255e+02
2.591972459574756158e+02 2.599059329214634317e+02 2.579800213443933217e+02 2.599748231889183785e+02
2.503756001132580877e+02 2.504987323922496500e+02 2.487070137016200135e+02 2.506492431956000928e+02
2.567592719367302152e+02 2.571589529411222657e+02 2.565018681212607135e+02 2.572398170703314122e+02
3.005255544034374111e+02 2.999235588832041230e+02 2.992457421315758666e+02 2.994620011516882983e+02
2.640826686936202918e+02 2.645125559543670306e+02 2.628753740914268633e+02 2.646588842696490929e+02
2.672128740463427334e+02 2.679052181271229642e+02 2.658564163454846039e+02 2.679037959457643865e+02
2.564598626565589257e+02 2.567334871029502210e+02 2.567683997716508770e+02 2.570244277505082664e+02
2.505395296682096387e+02 2.503996683390131466e+02 2.495904298574776305e+02 2.510249545834212483e+02
2.542516893906210669e+02 2.538568070955180076e+02 2.538750663480038554e+02 2.543347404396485274e+02
2.963778102273652166e+02 2.958592453866605752e+02 2.947172524293268907e+02 2.956269676302276821e+02
2.704959088956798610e+02 2.709846816513074828e+02 2.688829574143563264e+02 2.711621230670339173e+02
2.634605370283872503e+02 2.643884055884675490e+02 2.624219927071599159e+02 2.643687882580672408e+02
2.932271305622623458e+02 2.937592648833607427e+02 2.917061680009437623e+02 2.922093440659291446e+02
2.567885362510570531e+02 2.565750179135200710e+02 2.557309754230977887e+02 2.564245265154027607e+02
2.668238534460860478e+02 2.663041031892312844e+02 2.651343363634076695e+02 2.672564446526998836e+02
2.557058747280579496e+02 2.557383296877499674e+02 2.550431857557179285e+02 2.566057543630618056e+02
2.563794594167726473e+02 2.562768526222264995e+02 2.560359260992039481e+02 2.561053710814713327e+02
2.574783930936741285e+02 2.579469320722730572e+02 2.565128732977680102e+02 2.586209718092545700e+02
2.548739614155328184e+02 2.554263160704074949e+02 2.544858581490769041e+02 2.558972042286399642e+02
2.573679371069370063e+02 2.577071210695215768e+02 2.570259559728623344e+02 2.577218846128658924e+02
2.717378147517497382e+02 2.723399355657392107e+02 2.695615246193623307e+02 2.725889538353218313e+02
2.553436323366260297e+02 2.556607768031237811e+02 2.553480206406986781e+02 2.558555575509491007e+02
2.573803293533538294e+02 2.574220486605087785e+02 2.558422046521015716e+02 2.576557312203804599e+02
2.561390242811858116e+02 2.567408732812423295e+02 2.557365772016684105e+02 2.567336928188743173e+02
2.541208673353237089e+02 2.542521011316053716e+02 2.533167510858661728e+02 2.543979986947371401e+02
2.786388314508677126e+02 2.807050817465879504e+02 2.769233057951960859e+02 2.797232670754842161e+02
2.641673817767502896e+02 2.645754696434863149e+02 2.615432120721936826e+02 2.654216959560096711e+02
2.698509589686781851e+02 2.700788157684088446e+02 2.675090658705691453e+02 2.699655991185041444e+02
2.617874563120930702e+02 2.629990671140546397e+02 2.606946309990643726e+02 2.629399621540582075e+02
2.816910602456638912e+02 2.817385293646175910e+02 2.795281700529851605e+02 2.814654329496553942e+02
2.530926919655547920e+02 2.532062511247412431e+02 2.528129976855425980e+02 2.533980739616773121e+02
2.665871253566053838e+02 2.673876988694149190e+02 2.659231180740170544e+02 2.666775274117693471e+02
2.798823519457223483e+02 2.802767828392818501e+02 2.786162945038817043e+02 2.811556946883051182e+02
2.559046569581237804e+02 2.559975939609867908e+02 2.544694783167210801e+02 2.565374376455262109e+02
2.593582687115060139e+02 2.593795762149532038e+02 2.591114350055444788e+02 2.596911133809589387e+02
2.548643791007199582e+02 2.557622191731854002e+02 2.539016459445628300e+02 2.558974861490762578e+02
2.590838994918931348e+02 2.601682954456357493e+02 2.574101644185681721e+02 2.604791776309168654e+02
2.553457853257774275e+02 2.555795132005280550e+02 2.543123659733949182e+02 2.557758429055509453e+02
2.553783607918993255e+02 2.556584927379805947e+02 2.536467805077425055e+02 2.557010880578611989e+02
2.604881973632129188e+02 2.602540792497616167e+02 2.600026108996716516e+02 2.611119788431850566e+02
2.527602484148606550e+02 2.527346661144816551e+02 2.518631735586910168e+02 2.528286175005636665e+02
2.712803633202557876e+02 2.722710966663630074e+02 2.698939166612231588e+02 2.716661990973281036e+02
2.599310408761066356e+02 2.599390979625605951e+02 2.599026382313202248e+02 2.595314936125196823e+02
2.679592808683667613e+02 2.680755024091881751e+02 2.659724266518180116e+02 2.678990997842813044e+02
2.580471581072733898e+02 2.577706620908444961e+02 2.573547353888193356e+02 2.583444929165116832e+02
2.960781998414067289e+02 2.960856985468049061e+02 2.929584382505573217e+02 2.955648418069064292e+02
2.697902849137716998e+02 2.695126171039077576e+02 2.681399394244730274e+02 2.700951451157919223e+02
2.573093830066652572e+02 2.570231617376725808e+02 2.568373281195754316e+02 2.576730650419201538e+02
2.593636447733712203e+02 2.600116909369601217e+02 2.592938867080337673e+02 2.598522117277163375e+02
2.571957064794337953e+02 2.572288931386131026e+02 2.560348273164639181e+02 2.578457751990437146e+02
2.555409015174709566e+02 2.562764257522003390e+02 2.544384340326921858e+02 2.560770725500663616e+02
2.559572736126037285e+02 2.560289160862379276e+02 2.553486699058701674e+02 2.560563554764985383e+02
2.588696059423962765e+02 2.594998881572952314e+02 2.593469333969383683e+02 2.591867657654324262e+02
2.635116320184030201e+02 2.636319733996951413e+02 2.624476471780637894e+02 2.637887179843623926e+02
2.524265407409873490e+02 2.527296295265607853e+02 2.513807065321943242e+02 2.537358071807948079e+02
2.580685226415004649e+02 2.578792798114578773e+02 2.571345333874689914e+02 2.580389058505451203e+02
2.555342298119249165e+02 2.557374600610521895e+02 2.548810838471306681e+02 2.560543202048430658e+02
2.788403629267702968e+02 2.783398346390850975e+02 2.761774970215156486e+02 2.792102192163051200e+02
2.886530676808814633e+02 2.899013181204479110e+02 2.866628657590627540e+02 2.899897933237466532e+02
2.628453846204788533e+02 2.629723006053138192e+02 2.617399623524815979e+02 2.639168369597893502e+02
2.554920868551450042e+02 2.558718505384520938e+02 2.549354858256354248e+02 2.558407579540232177e+02
2.643968876643274939e+02 2.652073289652288963e+02 2.638501783714930866e+02 2.651868510918828861e+02
2.578077609345060068e+02 2.582279779137624587e+02 2.563056678733653371e+02 2.587897564904491787e+02
2.812095906121554663e+02 2.824858624767394986e+02 2.791407158837795350e+02 2.817739404369638692e+02
2.652757361684374473e+02 2.650035476087208508e+02 2.635322294134966228e+02 2.652602864537211076e+02
2.937069131810295062e+02 2.932422797226088846e+02 2.924920289477540223e+02 2.937313076809791141e+02
2.586627141270114976e+02 2.590954815673289318e+02 2.577056623489270919e+02 2.592166160926570910e+02
2.567654963468584697e+02 2.569250895041038802e+02 2.555352133529794116e+02 2.569804358233447488e+02
2.619327808796662680e+02 2.621287098777405618e+02 2.621152847281218214e+02 2.621489264855262036e+02
2.622138111479833356e+02 2.625657999775355051e+02 2.609962606095317597e+02 2.627874806462161246e+02
2.575035147275600593e+02 2.578693777130664557e+02 2.567322494632260259e+02 2.577067494687371436e+02
2.553347861005306356e+02 2.551247971064917692e+02 2.544935324259673166e+02 2.556000166791615698e+02
2.534708948862272564e+02 2.536403486053296206e+02 2.525435446335423251e+02 2.542137701149214308e+02
2.562615714842306716e+02 2.561430055452886450e+02 2.549327765104456489e+02 2.564632635382287731e+02
2.640081053439547532e+02 2.645471374907378390e+02 2.622989921940367140e+02 2.648029931163646893e+02
2.675690642699331079e+02 2.672164876554331840e+02 2.650911230064955362e+02 2.677501981122225629e+02
2.598508219633649787e+02 2.602901585750146296e+02 2.588940292074487388e+02 2.602737516665924318e+02
2.599283994173405290e+02 2.606057990240984736e+02 2.595371125871560025e+02 2.605214688672643888e+02
2.548079977597917321e+02 2.554522955372913771e+02 2.540632803619623132e+02 2.552884553084697927e+02
2.529211716913698353e+02 2.534929529256844773e+02 2.518351853423403384e+02 2.533323386750451220e+02
2.727659881436769069e+02 2.736272447235715504e+02 2.710779177948015217e+02 2.736480423087567146e+02
3.010388654715973757e+02 3.009258433111546083e+02 2.992395208728279954e+02 2.992124675744055935e+02
2.819727565132346285e+02 2.810849927960506420e+02 2.788694414951677345e+02 2.815169146064312713e+02
2.737567799393752921e+02 2.735748304400767097e+02 2.711412146979549220e+02 2.746658797363251097e+02
2.702847646887757946e+02 2.709322190637457766e+02 2.692926936394041491e+02 2.711014867821346002e+02
2.548996329100068863e+02 2.546237485116520531e+02 2.537082072434067186e+02 2.552403587909506086e+02
2.631852445206679363e+02 2.634821602923447585e+02 2.632191414660210285e+02 2.637097670403377379e+02
2.684581787389048486e+02 2.681015933847743895e+02 2.661131210331989223e+02 2.682154803565346697e+02
2.761497801768955469e+02 2.761897186859356452e+02 2.723054125129926888e+02 2.760329763601435502e+02
2.593339657824267874e+02 2.594297028926660573e+02 2.582270867635589298e+02 2.596060053992258077e+02
2.642592789976659446e+02 2.636594916379731899e+02 2.617452994822162395e+02 2.644861030495692944e+02
2.922889010320403713e+02 2.918609359850144074e+02 2.901049248683424366e+02 2.917057604684716239e+02
2.997106902332939740e+02 2.983968377548916351e+02 2.989398232961615349e+02 3.004613391746231628e+02
2.804896225996272392e+02 2.812297000242202785e+02 2.784923868537262592e+02 2.807576192365772840e+02
2.658751958773994488e+02 2.666468528084456011e+02 2.637685593807223654e+02 2.673224850330009303e+02
2.688830877511352924e+02 2.692119208254866862e+02 2.673078610712308887e+02 2.700561388510503775e+02
2.837392946723887235e+02 2.842917470222428165e+02 2.811542684898130915e+02 2.846140950615631482e+02
2.619301278989253206e+02 2.619347761130409253e+02 2.609746667512669660e+02 2.623422624022913965e+02
2.828736055548601485e+02 2.823150603419661024e+02 2.797555075528482007e+02 2.835587512089826987e+02
2.635350378243384171e+02 2.637583509999050193e+02 2.619576999933703974e+02 2.643853148385774716e+02
2.594903148107076163e+02 2.592174290473251403e+02 2.575163264208690634e+02 2.592695495623048600e+02
2.707234212162734934e+02 2.718680690396308819e+02 2.690839458220828533e+02 2.717201817225882223e+02
2.619364279909696052e+02 2.619854354402540366e+02 2.610357720485098980e+02 2.627008268346788782e+02
2.617040326585204184e+02 2.619326661638713176e+02 2.609855003250881964e+02 2.621801007807025030e+02
2.571885563135904817e+02 2.566749906529615828e+02 2.562668321164091481e+02 2.568881367783476435e+02
2.567421330050683537e+02 2.570039318859822401e+02 2.557406822429987869e+02 2.572515121686549264e+02
2.608107764925753145e+02 2.614266671441995982e+02 2.593661873201036769e+02 2.616404728604878756e+02
2.554557286747240994e+02 2.556154752358885105e+02 2.548232324897743979e+02 2.558454373645695910e+02
2.494648528791837521e+02 2.495762957494181649e+02 2.487436762241474923e+02 2.498491342245800979e+02
2.601456163561280732e+02 2.608027501680300020e+02 2.595408629901033351e+02 2.605935652203586983e+02
2.576821695827166536e+02 2.574876020352384103e+02 2.576331637941831900e+02 2.575695437903739275e+02
2.699045838739764349e+02 2.692823319050268083e+02 2.680866788309473350e+02 2.699968893525349358e+02
2.561725894661756229e+02 2.568633490218977045e+02 2.563923501375383012e+02 2.567464186613802894e+02
2.551290453929589717e+02 2.545778030870422413e+02 2.539279188552512778e+02 2.551486267447254477e+02
2.895248523405429069e+02 2.896576259420926363e+02 2.885192588619037792e+02 2.897738788870726125e+02
2.562185871339863752e+02 2.570461048745245307e+02 2.557597429586815565e+02 2.569133112540047250e+02
2.618211034291269925e+02 2.620842550307448278e+02 2.603748615760655412e+02 2.621147819843102980e+02
2.623098458507241730e+02 2.628299053598715886e+02 2.612566163971964102e+02 2.627403871244595734e+02
2.571669636693944767e+02 2.572661342746793594e+02 2.562194275976360132e+02 2.572165528815182824e+02
2.850789298905358464e+02 2.866427287647279627e+02 2.832374667746502155e+02 2.867085833577581866e+02
2.549952286095924876e+02 2.555306846726152799e+02 2.550168475965766106e+02 2.551996552206057913e+02
2.619020019021203893e+02 2.616524103887598471e+02 2.608146659866344521e+02 2.621910968673005868e+02
2.531162358506673229e+02 2.536283024001055537e+02 2.527105873131565090e+02 2.536155133592742459e+02
2.895924065517702957e+02 2.884010972813018157e+02 2.853570080399400126e+02 2.887610826561541444e+02
2.525191977377424166e+02 2.520948551274594251e+02 2.514159486719755705e+02 2.523277378747115449e+02
2.820929001165716272e+02 2.821240477671590270e+02 2.796849840144475934e+02 2.815210500447687991e+02
2.562071556572718123e+02 2.569189332949981690e+02 2.558884996745375702e+02 2.569116923340809535e+02
2.542122245368571214e+02 2.543370579991558884e+02 2.537028321495264720e+02 2.549373404513345633e+02
2.524243280169765740e+02 2.525585954990623065e+02 2.520722520027434257e+02 2.526886313838936076e+02
2.578311011660467216e+02 2.578777489600015542e+02 2.574815264995124835e+02 2.581056688906812155e+02
2.563877479718127006e+02 2.566327865973522648e+02 2.561009679618372843e+02 2.566609951712298994e+02
2.762816431881681183e+02 2.751753301911111294e+02 2.733449399875547670e+02 2.762868972257670634e+02
2.502421565944362101e+02 2.504398963565459155e+02 2.492901016970263584e+02 2.509485139598417049e+02
2.621412397812494532e+02 2.633051253667660490e+02 2.609409096815171551e+02 2.626475682649124224e+02
2.673484469462993047e+02 2.680190884484477465e+02 2.649912689565155688e+02 2.678254044040383519e+02
2.584299712715382498e+02 2.583449571719791606e+02 2.576127361793901969e+02 2.586411645849819934e+02
2.590815754436825387e+02 2.594169907295126905e+02 2.585841768200556317e+02 2.598333706032184978e+02
2.567351504677456546e+02 2.564447635510903751e+02 2.560804203209900720e+02 2.570297135595029090e+02
2.937506987562359200e+02 2.922724780812731638e+02 2.911176502242833521e+02 2.913074348684397137e+02
2.561266631422624869e+02 2.561045898713678639e+02 2.560265195381734316e+02 2.564351707643368172e+02
2.785290181385301480e+02 2.786065272341068066e+02 2.763585715297361958e+02 2.792376367137635498e+02
2.807065134620391973e+02 2.800350082973988037e+02 2.783102896552477432e+02 2.796950580505737776e+02
2.547507321752155178e+02 2.548473725076048026e+02 2.536554522784734615e+02 2.549162389985772847e+02
2.562403411488220399e+02 2.560781202061772888e+02 2.551977199315884377e+02 2.560389733356941520e+02
2.518040500908345223e+02 2.516483289891170614e+02 2.511102540023119332e+02 2.520813290090664793e+02
2.788593052985314671e+02 2.790796885091101558e+02 2.766184888859190778e+02 2.793489261573277531e+02
2.535114893101062421e+02 2.535967094927468963e+02 2.521666788725478057e+02 2.542152312498292872e+02
2.631326321694135686e+02 2.642141876423634699e+02 2.619698349027020754e+02 2.644612778739397072e+02
2.804656036868724982e+02 2.811570710713796757e+02 2.791388873810263362e+02 2.812980797842149627e+02
2.596366475370585363e+02 2.596906435177824619e+02 2.581795182128852844e+02 2.602272506544317139e+02
2.580217760611640188e+02 2.588055893169444062e+02 2.580959457202821454e+02 2.584355990784508776e+02
2.547314533960876304e+02 2.549959864497211299e+02 2.541418548065340701e+02 2.551986092718854877e+02
2.528617282985356098e+02 2.533118969532185076e+02 2.514086476079520764e+02 2.534599120299370441e+02
2.565925597313057551e+02 2.564270301205133364e+02 2.550983521843274673e+02 2.572442004517488954e+02
2.849938722581379693e+02 2.863754750258389663e+02 2.834346957618341207e+02 2.857077394407103270e+02
2.599624611943782497e+02 2.602338453588106404e+02 2.596292412859379510e+02 2.606757781109380971e+02
2.570713303410729509e+02 2.569468368140370558e+02 2.563062906811498465e+02 2.572007889978494291e+02
2.497909025310092375e+02 2.499470950763740689e+02 2.491979514307539603e+02 2.505928833858096141e+02
2.552484892880810889e+02 2.554088297575298157e+02 2.543444203219943915e+02 2.553063509427811084e+02
2.544612213124930804e+02 2.548852172971614607e+02 2.535825586291961997e+02 2.551053805218134869e+02
2.594808350457830102e+02 2.594888684449589960e+02 2.583174762853842026e+02 2.601141520831913567e+02
2.670415758795031138e+02 2.678260747562787856e+02 2.656336787481769761e+02 2.681013524944978599e+02
2.518586786262856663e+02 2.523970830736120945e+02 2.511572101202023646e+02 2.523571511001469503e+02
2.651350198668703797e+02 2.648648891766117117e+02 2.644007690288540289e+02 2.651164698453837332e+02
2.575921745267498864e+02 2.578359110549046704e+02 2.571883192284474262e+02 2.577828505685444043e+02
2.582725107776736877e+02 2.587646166732464508e+02 2.567948153185019464e+02 2.587403873478405671e+02
2.563604864499880023e+02 2.564523417554839853e+02 2.562496626514782747e+02 2.566808752705803158e+02
2.574728982621931550e+02 2.579568768263442280e+02 2.568335504781357486e+02 2.579293537604056041e+02
2.588091025742709235e+02 2.592815448445444986e+02 2.582686751505819416e+02 2.590932142088134924e+02
2.624628433501472387e+02 2.635748902834893101e+02 2.612042398319103995e+02 2.640629285703889764e+02
2.637398488833568422e+02 2.649308513931376865e+02 2.627972771338413054e+02 2.646061180215587569e+02
2.584062377261636243e+02 2.587108458799005462e+02 2.581366207787883127e+02 2.585904960196890556e+02
2.663810418622435918e+02 2.664713768747121208e+02 2.647557277392638753e+02 2.671942764092254947e+02
2.602312981324464545e+02 2.595230784081770139e+02 2.597720129495843935e+02 2.599462229134522318e+02
2.656738948485143510e+02 2.655601901127249675e+02 2.638925952665952650e+02 2.656375708893592105e+02
2.817529902459736491e+02 2.815290250641513694e+02 2.805561540379667349e+02 2.816238405392065829e+02
2.629118591987809737e+02 2.635868132901787249e+02 2.617210549120396763e+02 2.629973435477567705e+02
2.553730465810293424e+02 2.559053260205775473e+02 2.544361669221572413e+02 2.563438870861489818e+02
2.613269566746650980e+02 2.614499303758778410e+02 2.608662356678885317e+02 2.626679901459257280e+02
2.554125601830951950e+02 2.556859084234535828e+02 2.547261356860580008e+02 2.558377697805699711e+02
2.642747558407427277e+02 2.648634432424486249e+02 2.634134856637977578e+02 2.648567066574564706e+02
2.557034574786435428e+02 2.558836109717426552e+02 2.551126677595736680e+02 2.556994185772895776e+02
2.733629207199912798e+02 2.748765844961375819e+02 2.719276485910326073e+02 2.742389064315736960e+02
2.582522764601266090e+02 2.585436559812938526e+02 2.576303702056051179e+02 2.592618484128837508e+02
2.603357505975803292e+02 2.596081612728124242e+02 2.586248382292032488e+02 2.600311482942348107e+02
2.751235129067941330e+02 2.749967030958062537e+02 2.739467205778130960e+02 2.755579811559726409e+02
2.526607093098309349e+02 2.529319291518841339e+02 2.522377545085758186e+02 2.530288565359579422e+02
2.752368683136551795e+02 2.755629761264138438e+02 2.722422266266860333e+02 2.751417373348195383e+02
2.681157288403039729e+02 2.681478963040544841e+02 2.666108219904428438e+02 2.692193048948262231e+02
2.586098594291277095e+02 2.589997474987588930e+02 2.571269034813420262e+02 2.592599594863792731e+02
3.040659871606335400e+02 3.043898555842485507e+02 3.040685108677519679e+02 3.042991932015706311e+02
2.643142572539190951e+02 2.644345395893826662e+02 2.639681909395387152e+02 2.644464843048400553e+02
2.733241601559606693e+02 2.734408800969036974e+02 2.708903694402305860e+02 2.736307660148959826e+02
2.578145368658112488e+02 2.576802290239180593e+02 2.566892422183752274e+02 2.584609383747805396e+02
2.655746709304430624e+02 2.656558135708144732e+02 2.639670060109894507e+02 2.658066784878080853e+02
2.584038307576995521e+02 2.586483975482159394e+02 2.574818471186015358e+02 2.589318193857439496e+02
2.639516781626869033e+02 2.645874208039605264e+02 2.635135073019176275e+02 2.641563453177949441e+02
2.597429154795151476e+02 2.605560685229761475e+02 2.594207021788818111e+02 2.602748285499541225e+02
2.629129711994503964e+02 2.637230632551860481e+02 2.605764679284920931e+02 2.642709601705674913e+02
2.644086727894834326e+02 2.644100426487485720e+02 2.620044077247358700e+02 2.650327586410134586e+02
2.600568039316160025e+02 2.600895196997423682e+02 2.597192986265384889e+02 2.603400910303888622e+02
2.614754431664419485e+02 2.606784870912878773e+02 2.600176111272648427e+02 2.611291692803685578e+02
2.628415050631913346e+02 2.630881455969252443e+02 2.613080573798740147e+02 2.636366259936336860e+02
2.924563295338767830e+02 2.933672094583276930e+02 2.921865017082230906e+02 2.925939089403080402e+02
2.752475247114268200e+02 2.756476251587130264e+02 2.730517750955831957e+02 2.760689818312274610e+02
2.575648748415411546e+02 2.581160530020508190e+02 2.569126801521518360e+02 2.586052728496187001e+02
2.566113134155642115e+02 2.571990349680091299e+02 2.563520087401689125e+02 2.570169980478360685e+02
2.812131755779112723e+02 2.816701721230036810e+02 2.791876342738691505e+02 2.815630788275423129e+02
2.558225631663532340e+02 2.561265169081927979e+02 2.560212612404459378e+02 2.562900838339221536e+02
2.760050982116079581e+02 2.775189022371952206e+02 2.747393469051368697e+02 2.767727827265582619e+02
2.566399931057452477e+02 2.570039369402012426e+02 2.556711119373007364e+02 2.573909676184330806e+02
2.675563757946769670e+02 2.682135354582025570e+02 2.658453224808419009e+02 2.680268870909511065e+02
2.737704617732218821e+02 2.735031867399301291e+02 2.711376531368947553e+02 2.748349041199425642e+02
2.712169392983095122e+02 2.707169682470695307e+02 2.684271913453369507e+02 2.714482526000653593e+02
2.962451080547228344e+02 2.975167522367472088e+02 2.958635147730977906e+02 2.959807075707184936e+02
2.905681293051236480e+02 2.910515428045566750e+02 2.887088250036097179e+02 2.904572519651550806e+02
2.574375753754746370e+02 2.582930339708324823e+02 2.565248650148589036e+02 2.584639253183099754e+02
2.606621484627292489e+02 2.608316335358057927e+02 2.592780998790891545e+02 2.610468006192933785e+02
2.872339592640627757e+02 2.871917455238616981e+02 2.831087631473639590e+02 2.874683980448532452e+02
2.539232618978984988e+02 2.541665258032276427e+02 2.534075477914237240e+02 2.545079841341921849e+02
2.600008723633844738e+02 2.607888441087242768e+02 2.592269743664539305e+02 2.605059558837177747e+02
2.716927996029462520e+02 2.730246371113044574e+02 2.710426299087805546e+02 2.728669655743908606e+02
2.861270167850140638e+02 2.868535464635407948e+02 2.849854667971109734e+02 2.873425210215038419e+02
2.710425421273042730e+02 2.710979290478934445e+02 2.694127566948524191e+02 2.713710898945122949e+02
2.598681868862337865e+02 2.600548108590767811e+02 2.587699057080589000e+02 2.599722347507770337e+02
2.568506503346931140e+02 2.573337832199521245e+02 2.567634394906664852e+02 2.570036639912700593e+02
2.631929649492163890e+02 2.633693484051912606e+02 2.631011894416137693e+02 2.632698041292621838e+02
2.586398144706352582e+02 2.584254486662059094e+02 2.572337671761677029e+02 2.595249677290815384e+02
2.585253758938792430e+02 2.589706778410533730e+02 2.578027266565686091e+02 2.593450034673803088e+02
3.046808518286783851e+02 3.058807102792396222e+02 3.051774334515223472e+02 3.042096657633748578e+02
2.567390255196056046e+02 2.574392491241662242e+02 2.554692233537059565e+02 2.579728374223672063e+02
2.537286087536061814e+02 2.541138289693865318e+02 2.530133455452765361e+02 2.543175074057600114e+02
2.547153712038074502e+02 2.549146730709678650e+02 2.543157314978014938e+02 2.550919639586341816e+02
2.672537673387504356e+02 2.676465933027631081e+02 2.666239065056522008e+02 2.674454471811084204e+02
2.668683761972117168e+02 2.675541972535584136e+02 2.652543828328372228e+02 2.669997932321105623e+02
2.540920064525093096e+02 2.546748688083189904e+02 2.530038610830923176e+02 2.550271894625346363e+02
3.004559861929026283e+02 3.011276595575802162e+02 2.996305584311517123e+02 2.997883236691834554e+02
2.543589611830410888e+02 2.543617600875840878e+02 2.539601204124383003e+02 2.552048748466571908e+02
2.606703821956812135e+02 2.600339312497426931e+02 2.597731842855324089e+02 2.601706008709384719e+02
2.584688364397645159e+02 2.590009513969736190e+02 2.581465270400529448e+02 2.589979379738500711e+02
2.558339092707481655e+02 2.558464258428181211e+02 2.547713308111137849e+02 2.563570876426202858e+02
2.604394257478613781e+02 2.613675763661827887e+02 2.603545526808890713e+02 2.608406054954142519e+02
2.569510420198710108e+02 2.571542712725581055e+02 2.560561421352226148e+02 2.575861125617718130e+02
2.577641861956525986e+02 2.577038920206010744e+02 2.567417076415084125e+02 2.580119173515969351e+02
2.621784395516895074e+02 2.614616281591318057e+02 2.599407509896107626e+02 2.618804587758128264e+02
2.534675174978270036e+02 2.537241211090532147e+02 2.527131768374435410e+02 2.542022620109238744e+02
2.622829269373189049e+02 2.626814102094963346e+02 2.613823704299311999e+02 2.635954864047602086e+02
2.521392586231602024e+02 2.525572472483499951e+02 2.514938161040713567e+02 2.525297529332483180e+02
2.527705213634196184e+02 2.535132004903534551e+02 2.531747862651432683e+02 2.536680572108453475e+02
3.053583867958245719e+02 3.045549928597967551e+02 3.043131231928621219e+02 3.039194598096624986e+02
2.540977815778028912e+02 2.545951451472946019e+02 2.537431604623175474e+02 2.544902376335676308e+02
2.655683069587588534e+02 2.660170139770693822e+02 2.633482118396261740e+02 2.661156577235587406e+02
2.560390139738566404e+02 2.563879773494938377e+02 2.545511979300020187e+02 2.569125137591237831e+02
2.579182237942512188e+02 2.583581615088871786e+02 2.570104923598806295e+02 2.588137450142592684e+02
2.756413064383658593e+02 2.760794769651773208e+02 2.733750644689040996e+02 2.762591499619394995e+02
2.603745332398527239e+02 2.601515357050548118e+02 2.602386990892402991e+02 2.608034776746951025e+02
2.553130291224683219e+02 2.551607802268773071e+02 2.545284455003487949e+02 2.557211312511578569e+02
2.845409210883717606e+02 2.850722450793057305e+02 2.820243823056516703e+02 2.853644522059286714e+02
2.771230496153361855e+02 2.772718970732149160e+02 2.752398165488226027e+02 2.777726822132398752e+02
3.034951877483296130e+02 3.034896918701055029e+02 3.027667729753101753e+02 3.017689546739210869e+02
2.632906935657262011e+02 2.636517786896593520e+02 2.623875336050091391e+02 2.642993364424721108e+02
2.583728787422381856e+02 2.587299584805210770e+02 2.578401798369047810e+02 2.587725250793160967e+02
2.757490398219125041e+02 2.765794940033538296e+02 2.738186162563324046e+02 2.767820606041808560e+02
2.844137038356244034e+02 2.841828776803727692e+02 2.817317156458601630e+02 2.846089896588024430e+02
2.837091134686734790e+02 2.838881534555496273e+02 2.811669299300374973e+02 2.829251931151233634e+02
2.554606284858686536e+02 2.557567142705233891e+02 2.543370862815412750e+02 2.567084400005892917e+02
2.542354208809687464e+02 2.541248753774033560e+02 2.529219219792840647e+02 2.538981756762867974e+02
2.546387433719974922e+02 2.548921958273908501e+02 2.540317476592575190e+02 2.551672528517968885e+02
2.596993012928636517e+02 2.597165040846529678e+02 2.586958743876396056e+02 2.602055855153425910e+02
2.585838913360744300e+02 2.592895738604739790e+02 2.572071697559275663e+02 2.593950986187672925e+02
2.618274702938531391e+02 2.633794904662547083e+02 2.603508143662084535e+02 2.625466506979463475e+02
2.519727231626646073e+02 2.522672847595728740e+02 2.511337846918197840e+02 2.520354456144555968e+02
2.707714148289025502e+02 2.714913986378978734e+02 2.689523322856305185e+02 2.713148703850151264e+02
2.710544605807582457e+02 2.709003594026941073e+02 2.700749460159880755e+02 2.722400645898887888e+02
2.578745417760385976e+02 2.588232289746541710e+02 2.558361477180671386e+02 2.587799955154987970e+02
2.592611002161257261e+02 2.596862881389110953e+02 2.585363492475026987e+02 2.597763369907914921e+02
2.562982217132666278e+02 2.561616378938619505e+02 2.555556408854485824e+02 2.567834038610088214e+02
2.596360168685778831e+02 2.594623805375234724e+02 2.590814896379541210e+02 2.600653425854804937e+02
2.667576851751394997e+02 2.662458022807646216e+02 2.636659824147613449e+02 2.669860218843334110e+02
2.585732617680040448e+02 2.591756074797142446e+02 2.576751844213768550e+02 2.594161071721601957e+02
3.009486377452037686e+02 3.013022421900216727e+02 3.007402868325875716e+02 3.011257313553987842e+02
2.637815756017296849e+02 2.646360901901135776e+02 2.630106621935227622e+02 2.646526050054949337e+02
3.011736469798519806e+02 3.018964667634515422e+02 3.020155180155838934e+02 3.009129030099522879e+02
2.855726462912732586e+02 2.845433313867496850e+02 2.822524586269883571e+02 2.848884205055933307e+02
2.643865448809927443e+02 2.651524282257784080e+02 2.638936923065758151e+02 2.651727398000086282e+02
2.656467195550255838e+02 2.660167499718117483e+02 2.649750019917157715e+02 2.664795191725352197e+02
2.727883675605421558e+02 2.733594256876558575e+02 2.704946109716456135e+02 2.727181484111815735e+02
2.520270868986199844e+02 2.517776017655576766e+02 2.509902577600230984e+02 2.525691094707526929e+02
2.590498507874530105e+02 2.595164383032778801e+02 2.581118022944979771e+02 2.598224480858148695e+02
2.596065173106248949e+02 2.604349001712265590e+02 2.591539528687515599e+02 2.599961913712618866e+02
2.549922597217030500e+02 2.560277917546649178e+02 2.543917087159532286e+02 2.560657779307778696e+02
2.714094849783600125e+02 2.714115693921940533e+02 2.689898186239341840e+02 2.719253744419214627e+02
2.589105635794068121e+02 2.586415102313900434e+02 2.565070155483514327e+02 2.588097084718700671e+02
2.637058925408034042e+02 2.632799383701880629e+02 2.619073630679488360e+02 2.634229886159437797e+02
2.549329058546555018e+02 2.553328583313206082e+02 2.545889880767583691e+02 2.549361601188020074e+02
2.564522180304689982e+02 2.568251320773681527e+02 2.560073996031384809e+02 2.571748642669142555e+02
2.569421894046520833e+02 2.569258231224269480e+02 2.552587164314670360e+02 2.576302803663718919e+02
2.532531092971176179e+02 2.528579081482507434e+02 2.523769977454117281e+02 2.539906120117342425e+02
2.629304380185170658e+02 2.623185046386418549e+02 2.616347676540575549e+02 2.636299454093166901e+02
2.876258368237867558e+02 2.868064193843370049e+02 2.853706588553229153e+02 2.875373171268335568e+02
2.589667229272217810e+02 2.589888351160777233e+02 2.581454929301764309e+02 2.592387127076695492e+02
2.809255833240962943e+02 2.811813040415653973e+02 2.774052721296986874e+02 2.805356552338675442e+02
2.588128068113356903e+02 2.590763335199055177e+02 2.575005342212048163e+02 2.594182188786286929e+02
2.556240142816019727e+02 2.561121219464370711e+02 2.545422749615816542e+02 2.563377720473425256e+02
2.589011606006742454e+02 2.588429217774654489e+02 2.581205138465336972e+02 2.599547502743566838e+02
2.576695752375470079e+02 2.580494970624246776e+02 2.572415989224909367e+02 2.582980229227311497e+02
2.583552371755468471e+02 2.576218046074608310e+02 2.560958938531924787e+02 2.590966621870825293e+02
2.533412981391051630e+02 2.533070788868793102e+02 2.520704047648739561e+02 2.539069948856221401e+02
2.596995860285692856e+02 2.606239781129520452e+02 2.582247454995145972e+02 2.605502306584683652e+02
2.788109879262622712e+02 2.795065331663998336e+02 2.770736911394909612e+02 2.798775493726062109e+02
2.700908008681561228e+02 2.696958789871562203e+02 2.672237851966204971e+02 2.704558967977801558e+02
2.533144214470835323e+02 2.530365034603539414e+02 2.516386050570257282e+02 2.532336009833921935e+02
2.537327255346122001e+02 2.535289407760335223e+02 2.533555246834302181e+02 2.543486381142562607e+02
2.573952512950231721e+02 2.577727760342139049e+02 2.566703788452053914e+02 2.579878624135353675e+02
2.585767574597654743e+02 2.586237127992943101e+02 2.584058863691159331e+02 2.589962791056875631e+02
2.580428390075014704e+02 2.583899565681363697e+02 2.569837252343045861e+02 2.586192857454017826e+02
2.586048385997076480e+02 2.592378702309108007e+02 2.586602789684338859e+02 2.597727747423232927e+02
2.525595329042898527e+02 2.522775670130353376e+02 2.516366345299265674e+02 2.528519756518701342e+02
2.914789601170277820e+02 2.922143788061979421e+02 2.893785433453533642e+02 2.914868266877296605e+02
2.723542249135876432e+02 2.720450293394529240e+02 2.697269953183736106e+02 2.723096198207909993e+02
