2.604126999753851237e+02 2.609758955728609635e+02 2.584058222754257486e+02 2.612586468182944941e+02
2.501982938304636548e+02 2.507103276605680549e+02 2.491131635106358999e+02 2.516736203824494282e+02
2.676314214577252528e+02 2.684809175002803840e+02 2.655084941407710630e+02 2.691652937536478021e+02
2.511343063356684979e+02 2.512749645029487340e+02 2.504785203436472329e+02 2.512997912143774784e+02
2.450833790393974141e+02 2.451928666436750177e+02 2.440564058773819625e+02 2.455054486487478300e+02
2.515452677879036401e+02 2.517700310714376997e+02 2.500570767709472477e+02 2.518926324955193365e+02
2.522789792498891188e+02 2.531261718764927764e+02 2.510013282684546425e+02 2.531765157378018216e+02
2.466372018906236008e+02 2.463639146039846537e+02 2.455475174126151217e+02 2.467918771497369335e+02
2.748091724930189912e+02 2.756416339809679243e+02 2.721962917247786891e+02 2.756790040373882675e+02
2.451327193855544238e+02 2.453272489215167411e+02 2.440730865823157671e+02 2.453904987285087032e+02
2.460435695409753123e+02 2.464311781236025070e+02 2.455787216870175769e+02 2.463532961362945173e+02
2.841060607656406205e+02 2.842459970242941267e+02 2.808353618084439631e+02 2.836122473773504566e+02
2.480562643134556993e+02 2.483944203946342952e+02 2.470217540014138535e+02 2.485189897059773614e+02
2.448357818157863051e+02 2.450882231106199640e+02 2.442929452914908097e+02 2.457165371448302267e+02
2.509029981812849712e+02 2.506691045188668170e+02 2.487140387700081305e+02 2.508957053941610127e+02
2.469978259861072161e+02 2.474203177055831588e+02 2.464914045538509129e+02 2.476171297920477343e+02
2.456442102768044435e+02 2.459648205774914800e+02 2.450040053878327910e+02 2.459592196395862516e+02
2.701715330489240614e+02 2.698498432064637313e+02 2.668344576511087212e+02 2.698816576174311876e+02
2.466141867208177985e+02 2.470258737637298339e+02 2.462358934327572797e+02 2.472839653278263370e+02
2.483266873134082573e+02 2.485794872682903929e+02 2.475637392160016077e+02 2.493162260169253557e+02
2.445406333627955462e+02 2.447291209769596776e+02 2.436413657477681056e+02 2.452847932422414772e+02
2.526601497417413498e+02 2.535683272234974481e+02 2.505657869383715308e+02 2.533684981044764299e+02
2.606518656961725924e+02 2.612926057757353533e+02 2.588432025267411518e+02 2.610302531260041405e+02
2.565599922431899813e+02 2.575103193525136476e+02 2.547610212949119557e+02 2.575997836269702361e+02
2.449373307264956736e+02 2.450934511759305963e+02 2.432406058838682270e+02 2.450909652851221949e+02
2.492875298516972578e+02 2.495789618914492678e+02 2.476174496321956440e+02 2.501252302109635366e+02
2.463964103942799113e+02 2.470416992018628548e+02 2.447500453030089318e+02 2.470514664880133751e+02
2.497040233123988742e+02 2.500268730474195422e+02 2.478995439160340766e+02 2.502269701798240362e+02
2.755486581858328350e+02 2.763543021584282542e+02 2.728681961985593034e+02 2.749436390979092835e+02
2.507462840321925057e+02 2.515227559102273744e+02 2.483786710565609042e+02 2.521968432756337961e+02
2.493952281737670091e+02 2.502297400575260724e+02 2.491054876278853385e+02 2.501802733788857154e+02
2.542131480234585865e+02 2.542814915008380012e+02 2.524508869440245746e+02 2.545713565511351533e+02
2.649166317170124785e+02 2.651579748928494382e+02 2.616668142965072548e+02 2.654768556198997089e+02
2.662015015295855846e+02 2.658547823152738943e+02 2.623983782141912116e+02 2.668110235250260871e+02
2.464640170122736720e+02 2.467785626516532886e+02 2.460686703057600369e+02 2.471676574640327431e+02
2.704950222716685744e+02 2.701434838927024771e+02 2.674552864678327637e+02 2.699022575687916401e+02
2.581755755499273732e+02 2.595385368701184916e+02 2.560488931845199545e+02 2.594265082485225093e+02
2.427808132777106778e+02 2.432513533404039379e+02 2.416523699213281020e+02 2.434412458731421509e+02
2.560871118456610702e+02 2.566467068152467164e+02 2.539058359456746814e+02 2.574188872379162945e+02
2.468438253343010444e+02 2.474883391946410995e+02 2.462018014810477666e+02 2.479156168901507158e+02
2.774074333807778885e+02 2.797965925342988953e+02 2.757444838048525639e+02 2.781239992944433084e+02
2.482226125147159621e+02 2.480652059364661000e+02 2.474771204091514392e+02 2.488887143071577839e+02
2.492941638389764876e+02 2.494241374274732834e+02 2.478327255588017977e+02 2.496963490112871114e+02
2.766786722120052673e+02 2.779380745307441316e+02 2.747777711507856679e+02 2.776342308900234457e+02
2.480572757629489331e+02 2.477946620704234704e+02 2.468322591486307545e+02 2.482752079999916646e+02
2.839173946985701491e+02 2.850236159743502640e+02 2.836896093906430565e+02 2.864035940895540762e+02
2.546858402070813270e+02 2.551934223870071321e+02 2.529970204585240197e+02 2.550311519070257589e+02
2.754308151815148449e+02 2.766684449197260278e+02 2.731619987693742928e+02 2.757388221259510033e+02
2.643499989787445088e+02 2.645838507913119315e+02 2.622174523287132502e+02 2.653832246851775380e+02
2.465398343459682451e+02 2.476810517211302738e+02 2.453271883393443318e+02 2.479403318429488934e+02
2.485689291076986365e+02 2.494600450230026070e+02 2.474858978442823911e+02 2.491933085538377668e+02
2.486828980803367699e+02 2.487468070164751737e+02 2.474747727052581183e+02 2.491871093854776404e+02
2.492323404099699360e+02 2.490768703242854656e+02 2.476010439582589413e+02 2.493656582209551971e+02
2.795215188488043623e+02 2.800240578614055948e+02 2.782960571132973655e+02 2.807940363208496137e+02
2.483995916209445625e+02 2.484331806997371359e+02 2.470351435428843274e+02 2.491655149453215472e+02
2.548701040792219317e+02 2.559089081767422442e+02 2.538035326973782446e+02 2.556341277191895642e+02
2.533185039502214977e+02 2.538137748841041059e+02 2.513141817834861058e+02 2.539063999454127440e+02
2.448368039777643332e+02 2.451278572480211153e+02 2.445317584688049521e+02 2.454618946555501111e+02
2.476323200771452946e+02 2.481664249625600860e+02 2.462975265010308306e+02 2.485309570562813519e+02
2.640560110297673191e+02 2.642017098539050721e+02 2.613692069825879685e+02 2.653785783603261734e+02
2.572113719588902541e+02 2.570890567235032904e+02 2.540130386474113209e+02 2.577709213955393466e+02
2.436526478459912823e+02 2.445837035085688740e+02 2.433016306484785503e+02 2.448571896225544435e+02
2.792541472412786447e+02 2.790281153235430338e+02 2.769639198030214970e+02 2.784816239436071328e+02
2.550562943946912924e+02 2.555144845157299187e+02 2.524615481489810236e+02 2.563024727331703048e+02
2.589016851568969173e+02 2.587669035398176334e+02 2.559931435899445660e+02 2.579940386505203946e+02
2.464162446281126222e+02 2.467922648459595791e+02 2.454468700474507159e+02 2.476780204571149966e+02
2.628687499532989023e+02 2.629909037771724911e+02 2.590519004262264957e+02 2.615708376369552752e+02
2.458797941048337350e+02 2.460525216920141247e+02 2.448449812312738345e+02 2.463790383485429345e+02
2.439925321567560275e+02 2.442433626117255585e+02 2.433261763497926040e+02 2.448277658544418216e+02
2.439165924891305224e+02 2.436535275972317720e+02 2.426482981420009821e+02 2.438057252970482409e+02
2.709190412305138693e+02 2.709000375712023470e+02 2.679272442170951649e+02 2.713912876767624880e+02
2.462803284727188213e+02 2.465963256017695358e+02 2.460556652361995305e+02 2.469841210338955477e+02
2.864614812308894329e+02 2.881968820125613888e+02 2.852295244347918697e+02 2.867024459121709015e+02
2.496909229315587595e+02 2.505161453715125504e+02 2.480662935341337629e+02 2.508302396461767501e+02
2.485525987909750256e+02 2.489796918762534119e+02 2.478293358057858597e+02 2.495126805714365332e+02
2.578734230697946828e+02 2.584531371734113350e+02 2.552165673166365139e+02 2.590510993776192663e+02
2.790567251375962883e+02 2.802145383103197105e+02 2.777217818820469120e+02 2.794679809083824580e+02
2.443015991334868886e+02 2.451761123273493297e+02 2.429508987288885749e+02 2.447645444681177480e+02
2.683786671279324878e+02 2.685476856932175451e+02 2.649316017874027693e+02 2.682698448824558568e+02
2.467524376215449138e+02 2.471223729425309728e+02 2.460244614984169402e+02 2.475233719150359377e+02
2.466329501966165481e+02 2.469157417334513411e+02 2.462807068102976302e+02 2.473640393616595077e+02
2.609448983456153996e+02 2.609323614051538129e+02 2.589350886972318904e+02 2.615173193261176152e+02
2.538486895619469976e+02 2.541568888643133732e+02 2.520215468497616200e+02 2.542301193155928445e+02
2.474540746444858428e+02 2.474226271159361659e+02 2.458739093870334500e+02 2.477143107542277676e+02
2.609947946813681483e+02 2.619295047171869442e+02 2.590862877399972035e+02 2.608228364998615234e+02
2.478310716680535677e+02 2.477300486440606164e+02 2.471215218866228440e+02 2.484543459096562117e+02
2.605292013686511154e+02 2.611458571098919492e+02 2.575561207928772660e+02 2.613323052484262234e+02
2.470073086642908606e+02 2.472694896115847314e+02 2.464867110127881347e+02 2.477178008091983372e+02
2.631777622489714759e+02 2.633719811533655388e+02 2.604630621213637482e+02 2.633138329172566046e+02
2.465564825800250901e+02 2.471342725202792110e+02 2.458449938834264685e+02 2.471951554139160692e+02
2.566835308076037450e+02 2.566458940281636387e+02 2.533182000424257012e+02 2.578304806576396686e+02
2.496235902410552114e+02 2.498613333545831665e+02 2.487862226828982557e+02 2.500496284870920647e+02
2.526170472353847174e+02 2.531563237839301905e+02 2.510308562671236245e+02 2.537032790485801854e+02
2.615244024201332991e+02 2.623892931068411372e+02 2.587955370497476792e+02 2.613223573567820495e+02
2.475313152192599091e+02 2.488560807265499761e+02 2.462151965187761391e+02 2.484037391808414270e+02
2.537874589687504283e+02 2.536761866894032380e+02 2.515669475122199117e+02 2.540858375510720180e+02
2.462106211203623616e+02 2.465280434381578232e+02 2.451353081326356858e+02 2.469100901633595413e+02
2.476763487068891436e+02 2.476813205273232086e+02 2.474243845538551909e+02 2.479169184829385983e+02
2.566788841644305421e+02 2.569049120097250238e+02 2.545982343034123403e+02 2.569096277666627657e+02
2.461967682252882241e+02 2.461048492325019765e+02 2.455533417456725829e+02 2.472593777992895525e+02
2.506604871441120395e+02 2.505776215163287191e+02 2.487112905690906075e+02 2.510682208857029423e+02
2.455055980768899815e+02 2.458729032689391261e+02 2.445293658917657638e+02 2.458174168372803479e+02
2.844141382219601155e+02 2.834735462895395131e+02 2.830290672751611396e+02 2.842348015290911007e+02
2.441785062112389824e+02 2.448269334648782092e+02 2.438416021992162541e+02 2.448879848935053474e+02
2.438264994064574864e+02 2.436474098491134725e+02 2.430912621556948920e+02 2.445411590273323839e+02
2.488795031301392839e+02 2.493554236139516718e+02 2.480167520912775103e+02 2.500536204729475855e+02
2.562352898579387670e+02 2.575443345415231420e+02 2.546977974167053276e+02 2.576557320021668716e+02
2.438565088977449591e+02 2.438294817445669480e+02 2.430496633024708615e+02 2.448005697829667611e+02
2.760666004929007613e+02 2.760000822774502467e+02 2.733093266528745175e+02 2.767774203163618267e+02
2.469185318437036756e+02 2.475896701274452028e+02 2.460980920498423359e+02 2.480589241072894708e+02
2.488288002353875186e+02 2.491283480427042321e+02 2.472295210191223305e+02 2.501066761103163856e+02
2.448443298890110498e+02 2.447516149706870294e+02 2.441208792960714220e+02 2.452906082708158522e+02
2.497492477253455263e+02 2.500564552053047294e+02 2.482098784801452496e+02 2.504086580431027187e+02
2.529158058356649690e+02 2.527980344468926717e+02 2.504039965496797038e+02 2.536834821843334566e+02
2.481464832208366715e+02 2.484161957205593296e+02 2.473645683659347867e+02 2.491357516330125179e+02
2.529013616200847707e+02 2.531452588595061002e+02 2.514570103131788130e+02 2.534858672835268862e+02
2.439168499849332647e+02 2.438624681881742333e+02 2.430576340927318313e+02 2.441792049674668021e+02
2.853145184991880683e+02 2.861277391569667543e+02 2.824299498319677468e+02 2.864088051974922564e+02
2.467873816061542129e+02 2.467149319111784678e+02 2.458500024274015061e+02 2.475592530066791710e+02
2.479912871533236682e+02 2.481107117636501869e+02 2.475302348316975269e+02 2.484011635552452049e+02
2.748486831705911300e+02 2.755701916342106301e+02 2.727443976429664758e+02 2.749635948447962619e+02
2.532340561473784817e+02 2.540021855173630740e+02 2.516939862471888034e+02 2.537512875353624793e+02
2.527931272526901125e+02 2.530827763553302532e+02 2.514947424066087365e+02 2.539300707095090956e+02
2.496096749875550529e+02 2.497344060444595470e+02 2.486245481356683626e+02 2.507282085667487479e+02
2.486500538701901064e+02 2.485905870588106268e+02 2.480341664333299718e+02 2.487513047451699038e+02
2.632733716548046914e+02 2.638259674289844838e+02 2.605804793732712028e+02 2.638128595626192237e+02
2.635066555006101794e+02 2.639424737087705921e+02 2.616382686443424177e+02 2.645127965356002164e+02
2.427563814494672272e+02 2.429034404199440189e+02 2.415760785640567860e+02 2.435252106228558944e+02
2.499218505104124688e+02 2.501090816717797907e+02 2.483738359879873769e+02 2.509133808518790545e+02
2.417469326909487961e+02 2.418672300340712127e+02 2.411338325625162895e+02 2.426811946501899797e+02
2.485089386668925044e+02 2.489567232510128463e+02 2.473121481123769456e+02 2.489031529735765957e+02
2.532929309342001147e+02 2.534834147875362476e+02 2.515272032148711787e+02 2.542756450080601951e+02
2.757301395486956039e+02 2.754926009501432986e+02 2.745714978581275432e+02 2.769234195330478769e+02
2.762599356874216028e+02 2.778299155255861024e+02 2.743892320966290299e+02 2.769225458748572919e+02
2.507917091864134989e+02 2.505926522830891940e+02 2.498455918873796975e+02 2.509307824085624645e+02
2.553054323278645086e+02 2.556158529498686107e+02 2.544634169929704797e+02 2.554809792979445717e+02
2.506025512705637084e+02 2.518169735171821344e+02 2.494695309418079603e+02 2.519489332079296844e+02
2.496590575375318508e+02 2.494616509453738331e+02 2.477388685060185196e+02 2.498199194984647136e+02
2.517612148030455046e+02 2.512185858031294003e+02 2.496342731789412142e+02 2.517435867629467907e+02
2.549319724729269581e+02 2.553731948806089349e+02 2.532724979936159286e+02 2.556287614594556885e+02
2.595862815724141228e+02 2.597963048884790283e+02 2.570835162696820930e+02 2.597292843590443567e+02
2.597015782081202815e+02 2.605148041094196856e+02 2.577528728839174050e+02 2.607905573007308249e+02
2.576395148889022266e+02 2.587829243726045547e+02 2.555982945218561042e+02 2.589639469435857109e+02
2.820811745735179557e+02 2.818305655313005218e+02 2.798475316890736053e+02 2.823578412435718974e+02
2.442723220738905354e+02 2.450082115417751254e+02 2.439639688631814920e+02 2.448214687578271764e+02
2.476831631870004742e+02 2.478999068980693323e+02 2.471228910215270673e+02 2.480834953483023071e+02
2.493928212311749633e+02 2.497155634322954825e+02 2.490773299711162281e+02 2.501240040298226006e+02
2.559186130280615430e+02 2.554526324587046417e+02 2.535074993895450746e+02 2.573903942462268901e+02
2.458464408227416982e+02 2.458226158933564989e+02 2.450113800353205136e+02 2.467773880109286040e+02
2.591049290842493065e+02 2.592033009121016676e+02 2.572677640869569018e+02 2.603526203143081261e+02
2.461095055416498383e+02 2.466011490156419654e+02 2.452371220885128480e+02 2.469439208569554864e+02
2.439062023124386371e+02 2.443065649520481486e+02 2.437457981624814636e+02 2.445590563271002225e+02
2.495075304428771688e+02 2.498707867701738508e+02 2.484939787191927394e+02 2.503629195801399874e+02
2.447561706051039039e+02 2.449932603843700747e+02 2.445541736318855044e+02 2.451206783232650253e+02
2.505552129006583471e+02 2.506901128290625138e+02 2.495240544443295789e+02 2.511756945211446634e+02
2.455448121311759735e+02 2.460765109499241134e+02 2.447324663257049053e+02 2.461382505878241034e+02
2.457060340267249217e+02 2.462284007829475172e+02 2.442187467266713554e+02 2.471232050249751069e+02
2.432664347551820754e+02 2.432461360747857952e+02 2.418969094820928376e+02 2.432686183525238732e+02
2.437169498702284614e+02 2.443287437338891550e+02 2.431160381043479504e+02 2.449904061151204928e+02
2.490244672813912814e+02 2.490243968382156652e+02 2.486829005813049207e+02 2.497766568509293847e+02
2.440737173689433632e+02 2.442599609815910355e+02 2.434884713961394311e+02 2.443956489951553124e+02
2.472196309652798902e+02 2.478221669757589325e+02 2.463759345287276687e+02 2.486270689119500332e+02
2.507999285195046753e+02 2.511051619867794216e+02 2.498196668347678440e+02 2.508195937352462579e+02
2.575469970189893161e+02 2.578990306307844094e+02 2.550694867737698530e+02 2.576776659572068411e+02
2.442962424783286224e+02 2.440506813713217014e+02 2.435602356474291526e+02 2.446515157819211765e+02
2.455060759519024316e+02 2.462012723830740981e+02 2.443374403424515435e+02 2.464084851875729782e+02
2.502323984730030872e+02 2.501587406959158670e+02 2.490112739391625780e+02 2.510274631330385944e+02
2.444684554854450198e+02 2.449032664870471194e+02 2.438562890618716779e+02 2.456178739915654603e+02
2.821122393812854057e+02 2.823105856651728232e+02 2.788100502359497455e+02 2.817050132924186414e+02
2.746635604265975417e+02 2.742624843153747634e+02 2.718396434767255414e+02 2.744163807269293898e+02
2.647455343574288236e+02 2.655807209853978748e+02 2.622626746801736886e+02 2.654688151505613405e+02
2.806142621078386696e+02 2.803200021411610692e+02 2.793127150109693275e+02 2.804207738593976273e+02
2.513822829894771758e+02 2.517273279127920205e+02 2.503850412584575054e+02 2.514943406020745726e+02
2.545411504717699813e+02 2.544117912778849018e+02 2.524731272074714070e+02 2.555180922794340859e+02
2.565760829778962488e+02 2.565597475281952029e+02 2.537014840689690232e+02 2.571583118199469027e+02
2.868164367262398287e+02 2.877029694048653710e+02 2.855482759452056030e+02 2.864678647938378617e+02
2.484950179599704541e+02 2.487675725203743013e+02 2.486422367530775261e+02 2.487125035390264713e+02
2.445027399505238179e+02 2.454101206200092804e+02 2.434740218980395809e+02 2.455346985700546725e+02
2.803886026420934172e+02 2.803632953365238336e+02 2.767216870264990121e+02 2.802626520035878457e+02
2.478950082175583987e+02 2.481004880785361593e+02 2.470261267189806063e+02 2.487906712908194322e+02
2.762101841311451835e+02 2.770183224259725989e+02 2.733475582658302869e+02 2.765087205591093493e+02
2.544846969500544560e+02 2.547118072789700705e+02 2.522702566648844140e+02 2.552476166632561387e+02
2.629221308265032349e+02 2.630223511249640183e+02 2.597397901799957367e+02 2.632449994537379325e+02
2.449323858768814546e+02 2.451477945813730059e+02 2.445215895527609007e+02 2.452395274150678688e+02
2.429073950758578917e+02 2.434379895831066278e+02 2.422262267771953930e+02 2.434686854298031733e+02
2.502538637576144538e+02 2.508632303972881630e+02 2.491332032024317868e+02 2.510041587769907778e+02
2.524890902752764248e+02 2.523840919032143972e+02 2.505212399246524910e+02 2.529407610903433010e+02
2.544326679600860075e+02 2.548192881552987785e+02 2.528496372984958214e+02 2.551460302139283840e+02
2.481846571548412328e+02 2.487769691332779871e+02 2.474779460225258276e+02 2.493553900092628623e+02
2.450157731715375462e+02 2.456974020225777622e+02 2.443623462709223588e+02 2.461257554444489415e+02
2.461913504977589469e+02 2.463522011461558350e+02 2.461537010156403653e+02 2.468167942504552741e+02
2.485939100436289380e+02 2.494762357517204521e+02 2.465190036174224701e+02 2.491558512361044109e+02
2.456060817452909646e+02 2.455991131862859049e+02 2.450262019419341755e+02 2.462836867448144176e+02
2.526736970907064403e+02 2.527221900152118224e+02 2.507780984954165433e+02 2.531650183935190910e+02
2.418320257709700059e+02 2.420152662488043234e+02 2.407069336838404467e+02 2.423241666475983607e+02
2.685328617796635058e+02 2.689996999683445438e+02 2.663985542595039533e+02 2.693952540170103589e+02
2.581284551265313212e+02 2.579736260294196200e+02 2.556947256854371915e+02 2.584684282958974109e+02
2.479827188899683392e+02 2.482135472893006352e+02 2.467159219682866080e+02 2.479712342539254450e+02
2.462525626150525966e+02 2.462628443290847429e+02 2.444401025947528581e+02 2.470079489953192535e+02
2.462131964476590440e+02 2.464424266775754120e+02 2.456532376676333911e+02 2.468818400106929403e+02
2.476284108010979423e+02 2.477954024932044206e+02 2.469264514256932728e+02 2.486457250707316859e+02
2.475262323724099076e+02 2.476704830994107454e+02 2.472327971126820501e+02 2.478249452957113874e+02
2.465882062442557299e+02 2.465332594911103570e+02 2.455274802764336926e+02 2.467489154902872031e+02
2.543764090154699602e+02 2.558363889587327265e+02 2.524135378624004886e+02 2.556520950717252276e+02
2.508246664106794412e+02 2.516378397289705049e+02 2.494875409433971356e+02 2.520936584880513465e+02
2.766118652484915401e+02 2.774866131198327253e+02 2.744812596416766723e+02 2.772875979989949542e+02
2.465670786178109779e+02 2.469123933916621354e+02 2.457108409619254132e+02 2.473565517803072282e+02
2.562073302698227621e+02 2.568563484291335612e+02 2.540474328283872012e+02 2.557730751974521581e+02
2.558169636571571459e+02 2.574090083215156710e+02 2.550030606280776908e+02 2.580897679689451820e+02
2.496824509953470965e+02 2.500174198438319593e+02 2.491538225173510170e+02 2.502899715846525339e+02
2.497721761698509795e+02 2.499500709325622836e+02 2.488797151907975831e+02 2.505484895176255407e+02
2.471871479706822186e+02 2.479331546192328801e+02 2.461074421580561591e+02 2.483709609971544978e+02
2.464163797256486532e+02 2.465997335226642520e+02 2.454577818519820767e+02 2.471754347364796160e+02
2.442042815347997760e+02 2.448407724331901818e+02 2.436661842991276217e+02 2.455133573334269101e+02
2.810223920580482968e+02 2.798304142531134175e+02 2.782057994783320964e+02 2.796607615704515979e+02
2.613443716277937483e+02 2.622035253573120599e+02 2.596039048859761920e+02 2.633376020439984018e+02
2.447592495949998295e+02 2.448504962079656480e+02 2.441499676473308398e+02 2.454556625718160774e+02
2.646666819397862014e+02 2.653240384508769125e+02 2.618371640657582589e+02 2.658244046386267314e+02
2.671680060011300384e+02 2.675587205261646204e+02 2.645799936648070343e+02 2.677852116262367872e+02
2.480664737162793188e+02 2.477089572839054483e+02 2.476044506387211470e+02 2.485966414329413112e+02
2.497621213398109319e+02 2.501758169184458325e+02 2.477037627058498117e+02 2.508540823234328059e+02
2.497953556713028433e+02 2.498553406043282052e+02 2.484049201485147762e+02 2.501076533927076468e+02
2.454135752549793210e+02 2.455568693407719536e+02 2.451896594892120049e+02 2.458709610324094399e+02
2.506718630567920627e+02 2.512263032741258542e+02 2.501653232010058900e+02 2.513346596333625769e+02
2.467340425568042690e+02 2.469213257899181144e+02 2.467823012212883214e+02 2.474329794533658458e+02
2.862680407807640108e+02 2.882326689670381938e+02 2.861928463831050067e+02 2.858632731186057754e+02
2.469911979656683059e+02 2.472092453253237636e+02 2.465365206770100599e+02 2.476195203975092340e+02
2.807013161961090191e+02 2.810286556939985303e+02 2.782667710337890412e+02 2.804049505906966715e+02
2.894814359617997752e+02 2.907422384687370709e+02 2.889299216497943235e+02 2.888534129458780626e+02
2.478552919037736046e+02 2.479681348636476059e+02 2.458855530312829387e+02 2.480762193080563520e+02
2.537019482491050439e+02 2.534196037054355202e+02 2.526273333419589449e+02 2.537259980782578168e+02
2.817068400993733803e+02 2.806569765567426771e+02 2.789791221991013117e+02 2.807249099927594216e+02
2.519370103830315770e+02 2.528988814230048376e+02 2.510520560010193094e+02 2.526693897587284710e+02
2.515084122915314424e+02 2.515495778971836387e+02 2.508570053376504347e+02 2.525604431102035505e+02
2.473370529942826579e+02 2.473725534779191833e+02 2.460932405699628873e+02 2.484170887602854521e+02
2.459568049759377857e+02 2.464012599720083756e+02 2.456018445354895050e+02 2.464691731701043693e+02
2.600691293903132646e+02 2.601840348205900000e+02 2.586287851957287671e+02 2.607174709671550090e+02
2.694169314654011487e+02 2.691701787644221895e+02 2.660470619274548767e+02 2.697008701830490622e+02
2.582148609261372485e+02 2.591996614297380574e+02 2.560807750015117676e+02 2.589561698660482421e+02
2.483670035168099162e+02 2.488838420381775336e+02 2.472165129285137652e+02 2.487307810248748581e+02
2.453032656998700816e+02 2.454885141897991900e+02 2.443343261588007067e+02 2.464857852231106961e+02
2.617100043380054331e+02 2.608496040725681269e+02 2.586871927879284385e+02 2.618909507054884216e+02
2.638863511351913189e+02 2.640583999513301592e+02 2.606983173529393980e+02 2.648904671388330598e+02
2.722447159049667675e+02 2.733059527471345405e+02 2.702988071112245052e+02 2.732662471196208571e+02
2.888459566011646302e+02 2.885962160423524097e+02 2.882637636569965025e+02 2.887977939871877879e+02
2.481686942521516244e+02 2.488217829238993488e+02 2.472976101368560364e+02 2.490708883526471027e+02
2.731451617762805881e+02 2.731801958898519729e+02 2.699280187634788604e+02 2.748670580906626810e+02
2.454178329606499744e+02 2.455647006813645135e+02 2.447776529688838139e+02 2.456276370731562793e+02
2.509386344258636825e+02 2.510540705327329931e+02 2.486232278903931388e+02 2.524242687233771960e+02
2.449785259337901948e+02 2.450863943626378045e+02 2.447574681388881856e+02 2.454042789861771325e+02
2.503714029347189012e+02 2.508774723310536388e+02 2.484419510967373128e+02 2.518855254236082146e+02
2.505583724732911151e+02 2.510630231376132713e+02 2.495741484169819557e+02 2.516766112009174492e+02
2.428619787889435599e+02 2.429018304328336626e+02 2.416962419719798163e+02 2.433038511210407080e+02
2.602996999574907591e+02 2.605069446637070882e+02 2.580843694201718108e+02 2.615312311762189665e+02
2.516929550639192144e+02 2.517804320098972539e+02 2.497639473674545059e+02 2.523775990063347763e+02
2.484859675654961109e+02 2.488895036707498889e+02 2.481325383498659392e+02 2.489931828196568802e+02
2.476961497773324652e+02 2.479752539236361031e+02 2.468792451625812703e+02 2.482382925842291854e+02
2.874778964589989982e+02 2.874146544556556933e+02 2.853067162643196752e+02 2.868305725718841472e+02
2.457439886695831319e+02 2.462614038321503926e+02 2.450442202738084347e+02 2.466764821190361658e+02
2.761879092384316436e+02 2.757337251805518576e+02 2.734618632527236173e+02 2.770138902857914331e+02
2.494626448633817404e+02 2.498340735460525082e+02 2.484693142552859513e+02 2.501932493260297008e+02
2.487630131162885334e+02 2.491464909383167026e+02 2.476347760232407609e+02 2.491028550280755951e+02
2.453382539825865933e+02 2.455389531251165067e+02 2.448649267043061570e+02 2.456268995216951794e+02
2.873105232476154924e+02 2.868519751726387312e+02 2.867562035421488531e+02 2.875794400148604950e+02
2.597433872404349700e+02 2.613981079890458545e+02 2.574859903915959762e+02 2.607137655561859901e+02
2.468586147253291188e+02 2.468746378808504573e+02 2.454072994920952056e+02 2.469858072197753813e+02
2.481667484739525094e+02 2.482570688928207119e+02 2.474170806115411381e+02 2.484061713628952077e+02
2.476841385452911481e+02 2.480111763343683151e+02 2.463056039758269833e+02 2.478560134067848821e+02
2.483558632803583635e+02 2.486525607552131873e+02 2.470216016320652272e+02 2.494441942305353166e+02
2.445345483116065850e+02 2.444911785769035362e+02 2.435498817256075199e+02 2.454302340108310432e+02
2.460460638274727785e+02 2.463290058638548317e+02 2.446108946609742247e+02 2.466664811827691040e+02
2.770022635820721462e+02 2.776116182133815187e+02 2.740813475102031020e+02 2.770653718976216737e+02
2.485833017567098295e+02 2.489972221635873098e+02 2.468579036472949895e+02 2.493128389482579621e+02
2.509242548728744850e+02 2.514586630096191584e+02 2.489693918935706449e+02 2.525466410637475576e+02
2.704307874481287399e+02 2.716096045370164802e+02 2.686629492508195085e+02 2.715028751556670272e+02
2.453851079856305546e+02 2.453868049458399696e+02 2.444866076373045871e+02 2.456212090685181408e+02
2.731340229082423434e+02 2.738491265274014950e+02 2.711734829002572837e+02 2.745824447219186482e+02
2.477082901215977131e+02 2.477172612188655592e+02 2.470419733216232885e+02 2.483300384318461909e+02
2.488128503366296513e+02 2.488940880892879761e+02 2.482077374501488976e+02 2.489275195758414441e+02
2.690831303666607823e+02 2.690357670256015012e+02 2.657011572495674727e+02 2.698023202018699180e+02
2.543745828705732492e+02 2.551759716598968453e+02 2.530560740474940928e+02 2.556533989524202752e+02
2.429875039835765733e+02 2.432097477558333765e+02 2.421369572463993336e+02 2.434008947549702100e+02
2.543718201721256946e+02 2.546664710870276167e+02 2.537123669000986297e+02 2.556096807326501903e+02
2.600050330539168044e+02 2.603142247398893119e+02 2.583689745429879849e+02 2.610068338742891569e+02
2.526944081508158604e+02 2.531744989189025148e+02 2.502436237426066157e+02 2.536996146232484648e+02
2.531743799402276807e+02 2.539158839906008041e+02 2.515320756949803354e+02 2.542632068250490534e+02
2.441207221938784357e+02 2.443756679299936820e+02 2.435564189907490231e+02 2.449354549126790914e+02
2.464315712919288899e+02 2.463473963921928203e+02 2.455190442851433374e+02 2.468023419638392113e+02
2.511093211101008933e+02 2.512079889482940303e+02 2.493159410470756541e+02 2.519649066521299687e+02
2.485506349933270087e+02 2.490092031040060476e+02 2.474228375292858289e+02 2.494769933835612221e+02
2.527295596883383269e+02 2.530137185438319705e+02 2.510128047155671993e+02 2.539361551399935308e+02
2.462829079586986154e+02 2.465720641099688919e+02 2.456741154202490804e+02 2.468237813668968386e+02
2.478720708341208478e+02 2.480569591616815899e+02 2.469009451013361343e+02 2.478092593971821884e+02
2.676413035071043396e+02 2.695848183536903662e+02 2.658647797652415079e+02 2.677127674158395507e+02
2.704765003799973897e+02 2.709416982326467860e+02 2.683874118188076636e+02 2.712126255148676819e+02
2.521128896627476763e+02 2.528534140479163170e+02 2.507456188937395325e+02 2.524196080345905955e+02
2.644660209767460515e+02 2.653320521855922607e+02 2.622334296135880436e+02 2.659276974652136118e+02
2.712956294545647893e+02 2.722169634186800522e+02 2.700078249516613482e+02 2.723299100512077189e+02
2.459787010905752993e+02 2.464890604164591821e+02 2.456523953406223200e+02 2.468080956893403766e+02
2.490678443982021975e+02 2.495848147583707259e+02 2.474785564195066456e+02 2.490776080106349468e+02
2.572096052566608932e+02 2.572582938897454596e+02 2.545145159827179953e+02 2.572546271847464823e+02
2.527739342809130392e+02 2.528950032228106863e+02 2.509621464573082790e+02 2.542578218755346597e+02
2.545694021600566828e+02 2.544560144641166914e+02 2.518533550741975660e+02 2.553670810597790251e+02
2.449225238586755324e+02 2.448642388850608995e+02 2.442862698569207112e+02 2.454746892778013603e+02
2.450117219273213607e+02 2.454817229625735138e+02 2.444250512440357568e+02 2.452050333729423528e+02
2.487850714818574147e+02 2.487275256391241101e+02 2.476529384121302542e+02 2.489152696978286201e+02
2.473060726646581600e+02 2.476571646957343376e+02 2.465919280248868688e+02 2.478196617797025851e+02
2.565566312683652086e+02 2.564531567516758059e+02 2.551480788607902070e+02 2.569244298299646516e+02
2.550381547829484532e+02 2.558674313732646226e+02 2.533566099316066982e+02 2.560169194357529818e+02
2.579028145631423286e+02 2.573034383821160986e+02 2.554598538983821072e+02 2.576320737873417102e+02
2.528137246471887352e+02 2.538141664124951546e+02 2.521377437190765818e+02 2.533293311850775922e+02
2.579311665053684806e+02 2.573818599462289853e+02 2.555027005451148909e+02 2.591474377918887626e+02
2.679873162433834182e+02 2.686376091377510988e+02 2.651546806369560159e+02 2.703134573805961054e+02
2.454290325626449487e+02 2.455533391697238415e+02 2.446207093906679972e+02 2.460993216881439309e+02
2.444230839357783793e+02 2.447506937577049655e+02 2.438911096584113238e+02 2.452215735242048140e+02
2.464052964062404385e+02 2.468951493013836966e+02 2.461535649326743851e+02 2.470707380448569950e+02
2.759108240702010448e+02 2.759522932084285003e+02 2.738531870533721531e+02 2.762425962775355970e+02
2.503990724972590272e+02 2.510647615149675858e+02 2.490220897471644719e+02 2.507679045795785271e+02
2.765924037105401680e+02 2.752977231934378324e+02 2.742886219801825405e+02 2.764994207425474428e+02
2.431926982931424845e+02 2.432398810348606162e+02 2.425401971380586588e+02 2.435359963238643957e+02
2.448581576749608075e+02 2.450030228436065443e+02 2.446670069649138100e+02 2.455686811383124848e+02
2.454383861754089651e+02 2.457525491775791409e+02 2.451529217267706713e+02 2.458366717995959050e+02
2.482883532660381150e+02 2.496299383147670881e+02 2.475251778040099566e+02 2.498270312249871097e+02
2.591149913573221966e+02 2.594405837721423040e+02 2.577063568244996645e+02 2.609290364750169147e+02
2.502043102507396668e+02 2.502717832108275502e+02 2.490330275850518547e+02 2.508743814793321008e+02
2.484797645655480665e+02 2.484488396207551375e+02 2.474182690407129428e+02 2.488763150207416572e+02
2.489917007545322747e+02 2.488465374634018019e+02 2.472962633712349430e+02 2.492352095934504632e+02
2.605573554924075097e+02 2.603586360520257585e+02 2.583865512371021964e+02 2.608156888967822056e+02
2.497267671318833209e+02 2.501519881917028840e+02 2.481048628293030163e+02 2.498077641302957943e+02
2.610877953212473130e+02 2.612561246414007314e+02 2.588213802132946171e+02 2.618809226055266777e+02
2.498879857871102956e+02 2.502340466001269874e+02 2.490439602687659146e+02 2.501313523293198671e+02
2.699869018174011330e+02 2.695667790199074716e+02 2.674708404504904138e+02 2.705677587339691286e+02
2.907832472345664883e+02 2.899953323471095814e+02 2.892198039768377384e+02 2.914104429961434448e+02
2.501669106640025859e+02 2.507352062725298083e+02 2.488889758627055357e+02 2.512072529367214031e+02
2.462950803858174424e+02 2.463617827232733930e+02 2.455045573090143876e+02 2.465817329465359649e+02
2.515092472342972201e+02 2.524035592436977424e+02 2.498875105219372301e+02 2.527156159136141582e+02
2.459892632288533036e+02 2.461480277638049472e+02 2.451584005622571851e+02 2.460648435014228710e+02
2.615871394755916981e+02 2.615815189320175591e+02 2.597285349911065282e+02 2.630862894788174913e+02
2.689831899367902110e+02 2.693078857911634145e+02 2.662751652991303786e+02 2.695930474140635624e+02
2.851754919031795339e+02 2.833524052163537021e+02 2.827227645131888494e+02 2.834831563355904791e+02
2.649510267292359345e+02 2.666247547754654761e+02 2.623946878409357168e+02 2.665443963243212693e+02
2.598110541129938724e+02 2.600600587450859962e+02 2.584280284172945699e+02 2.609024863764827842e+02
2.466573601450164119e+02 2.470718148109625645e+02 2.464195804557264751e+02 2.472977625774358330e+02
2.543580218774086461e+02 2.542125734929666692e+02 2.527716021927115548e+02 2.549052790242282924e+02
2.594724188587762796e+02 2.601094646452229995e+02 2.577342981876162753e+02 2.606710645973864757e+02
2.467535920491895922e+02 2.473388138386263790e+02 2.461591602823738469e+02 2.479115820154095786e+02
2.450933734036551357e+02 2.443107019286930495e+02 2.428993140901306163e+02 2.446494499371738129e+02
2.600367440926744393e+02 2.614770101659175907e+02 2.582019499571208030e+02 2.616052702374322507e+02
2.441363468592883805e+02 2.445799190178508979e+02 2.435739160188464894e+02 2.449800745578024248e+02
2.448363973333300692e+02 2.451855219072180319e+02 2.442725902935329998e+02 2.459986343267290465e+02
2.507530200160641414e+02 2.514619478225484670e+02 2.494128846295563164e+02 2.521688327534878056e+02
2.580827539278637914e+02 2.589310964206994186e+02 2.556198476251535965e+02 2.591155066413880945e+02
2.658644611703781493e+02 2.658985011077739955e+02 2.631191744979574310e+02 2.655979723850869618e+02
2.806908175813817934e+02 2.811124755215799951e+02 2.783344737299428857e+02 2.805025234971233772e+02
2.476323729427717240e+02 2.481622961862773877e+02 2.465472381983660739e+02 2.482355795866203891e+02
2.470953094468287361e+02 2.473398396435100892e+02 2.467627367320672249e+02 2.474475195394455795e+02
2.453657306873029142e+02 2.459129090397043456e+02 2.446955485104490720e+02 2.460721309045006535e+02
2.524171668680763503e+02 2.526227105554625041e+02 2.512838893176690647e+02 2.527557251643324321e+02
2.848806356165655416e+02 2.855516360933987698e+02 2.833211912872102971e+02 2.842036180663245091e+02
2.569944702480188994e+02 2.586758290270856264e+02 2.546751934460627922e+02 2.582408133854908101e+02
2.449317517591237561e+02 2.449631654842239357e+02 2.440644443363578660e+02 2.455714540190283230e+02
2.528543478455515867e+02 2.535013062136802944e+02 2.519926049794270284e+02 2.531122492402358546e+02
2.449381114525146756e+02 2.452797367817773022e+02 2.442634578677775323e+02 2.451219598699330788e+02
2.554177580757522321e+02 2.555916612939694801e+02 2.532774104560547812e+02 2.559916304628106047e+02
2.491659638898732680e+02 2.492444812042582214e+02 2.479192677401460401e+02 2.495727109538452453e+02
2.490243875316054698e+02 2.497384497518750095e+02 2.487843519172668039e+02 2.502411915692020727e+02
2.610314643771601482e+02 2.621713346443623891e+02 2.586678028964799410e+02 2.621599465746267015e+02
2.490850041059928799e+02 2.491357821269152453e+02 2.477243696909236519e+02 2.492753089844747763e+02
2.534259915122993903e+02 2.535439689364536946e+02 2.520673116999020067e+02 2.539910460026782175e+02
2.773362622053517157e+02 2.795501292693018058e+02 2.759073521764948964e+02 2.785077563185100189e+02
2.570314977406299022e+02 2.573367244126371247e+02 2.548480908264970992e+02 2.572619025580069092e+02
2.453186281218150953e+02 2.452647176605380537e+02 2.445454488482010902e+02 2.458032372727492714e+02
2.645582380534296476e+02 2.647655341382971415e+02 2.619893276928735872e+02 2.654590779012516464e+02
2.527856872086378530e+02 2.532719709136954691e+02 2.518793950217037434e+02 2.530533542864047831e+02
2.432424296091845690e+02 2.435275680331498336e+02 2.424047591205784897e+02 2.436149348416454927e+02
2.651279440248771380e+02 2.663891405888548434e+02 2.627073346690156086e+02 2.654542861447797577e+02
2.487295054556094556e+02 2.483371982747756874e+02 2.473515895432183811e+02 2.491850874306937271e+02
2.541872241862608917e+02 2.541346122685669684e+02 2.514573241540784068e+02 2.542490447334337773e+02
2.473435710815662389e+02 2.474265783750735181e+02 2.452926617452532128e+02 2.477538403225842671e+02
2.484487944323297199e+02 2.489269046651166661e+02 2.470804010104455983e+02 2.497386238411300781e+02
2.524334395377223075e+02 2.529543131305585746e+02 2.514943122366001660e+02 2.534413716931193221e+02
2.536142265313551434e+02 2.541783635281661873e+02 2.510230549105042996e+02 2.548179995379525735e+02
2.589459905484526985e+02 2.597479264059969637e+02 2.580439352714622601e+02 2.600011353708151773e+02
2.433348626016660603e+02 2.433736284007632378e+02 2.430283429675512252e+02 2.439049099073716320e+02
2.451788691173963173e+02 2.456017259445640661e+02 2.447187173119673957e+02 2.456591386609914878e+02
2.622558962039591393e+02 2.619490640891849011e+02 2.603834369994848998e+02 2.632838822584868694e+02
2.503081379933224184e+02 2.498168137455948568e+02 2.485452042310009233e+02 2.506751349102341351e+02
2.806302870191910301e+02 2.798467282577628907e+02 2.774837924487249552e+02 2.807596810646825816e+02
2.736580257564295948e+02 2.746600607487504817e+02 2.703913758039994377e+02 2.736654773944023873e+02
2.519262979148494423e+02 2.519936558254841827e+02 2.502745801555384446e+02 2.525620834458024149e+02
2.454100395633476808e+02 2.450413238262253515e+02 2.446040589672734882e+02 2.459177977635736738e+02
2.485989755548280016e+02 2.488851853404554220e+02 2.477078875649093845e+02 2.485629657546215583e+02
2.576243153528436096e+02 2.585601446997865764e+02 2.549600610992741849e+02 2.590802020785361606e+02
2.460962329714405996e+02 2.462129209441522164e+02 2.452977510394492526e+02 2.464214780870468360e+02
2.421501626684720065e+02 2.428080260800851704e+02 2.417477568194530591e+02 2.429488976463493373e+02
2.660971942981200300e+02 2.670141260547046613e+02 2.638840389907320514e+02 2.671861711626281704e+02
2.607884480974093435e+02 2.609490484461458095e+02 2.594854858459868296e+02 2.610875548391308598e+02
2.621440009497887331e+02 2.627294810629053927e+02 2.599594043089063007e+02 2.626196752109898398e+02
2.559703447539134515e+02 2.567739197643793432e+02 2.544130843292489033e+02 2.575607112451912712e+02
2.481163616878807261e+02 2.484118358820072388e+02 2.465960446008010649e+02 2.486411291261609904e+02
2.555518879092822431e+02 2.556816963083196015e+02 2.538552465331686676e+02 2.555178300786454884e+02
2.904737501777236162e+02 2.905408795705762941e+02 2.901021318470633901e+02 2.892607046601652314e+02
2.491301707204819138e+02 2.487512723395310843e+02 2.474702292319906007e+02 2.496764920095849050e+02
2.505470488557967599e+02 2.506803055148793078e+02 2.493575067822601738e+02 2.514322402930652345e+02
2.475350318239058538e+02 2.475603006548171265e+02 2.464440729242882355e+02 2.477551115064795226e+02
2.840098562659665049e+02 2.838185754886901577e+02 2.829990353023947023e+02 2.834814371778187478e+02
2.659782109602871287e+02 2.666777207894343178e+02 2.634252736913240938e+02 2.672508709316558111e+02
2.455190566092091444e+02 2.456140696089021844e+02 2.445880125761814838e+02 2.457345003527530025e+02
2.522085605807358206e+02 2.533991339660143467e+02 2.510071740763829098e+02 2.532222782802670622e+02
2.581098618480469895e+02 2.588806652452181538e+02 2.564623358818229235e+02 2.597828291990401226e+02
2.906410869811592761e+02 2.905603625844499334e+02 2.888799184120238692e+02 2.906294857371068474e+02
2.477956827110446056e+02 2.476955190387243420e+02 2.468908525737736568e+02 2.479704724790025807e+02
2.741568864332753606e+02 2.731573218885395136e+02 2.714400162704002923e+02 2.726348336015788618e+02
2.431456702595900765e+02 2.438295235554204226e+02 2.426971108625992031e+02 2.438239441766707785e+02
2.439890685369288974e+02 2.440404604403515521e+02 2.432786123806406522e+02 2.441847024880310926e+02
2.467124970738702530e+02 2.464891914283497272e+02 2.456965466336692714e+02 2.471014078811338948e+02
2.582696991654805174e+02 2.586087226265998424e+02 2.555099846523017106e+02 2.585438457373960546e+02
2.432920359015255940e+02 2.434316910600782933e+02 2.421583682022804567e+02 2.434510443859980739e+02
2.527342846999822541e+02 2.525969787370730444e+02 2.509914453635839777e+02 2.530777903881007944e+02
2.448785309426060905e+02 2.446886600902835482e+02 2.447020092878418893e+02 2.456168351433639145e+02
2.775767073048905331e+02 2.783900662304262710e+02 2.748683638285030497e+02 2.780923031439294846e+02
2.424084805967752061e+02 2.427838050399599865e+02 2.420374654277096909e+02 2.431413918461661865e+02
2.495637336012577521e+02 2.500690357353781508e+02 2.481740105949269832e+02 2.499726383878639808e+02
2.427499403869350942e+02 2.431828675858532733e+02 2.418555714459318153e+02 2.437495260783320816e+02
2.461351658837508580e+02 2.465100571788254058e+02 2.457556314292734783e+02 2.467469268524177721e+02
2.644711673894338446e+02 2.648614222601390225e+02 2.622317291007346398e+02 2.648995048014541567e+02
2.471973369112991179e+02 2.467571489678610419e+02 2.452752778426386726e+02 2.477911895777677955e+02
2.603011463874380524e+02 2.611519934076196705e+02 2.586811238840389251e+02 2.605166980544846638e+02
2.452273848430158409e+02 2.455363370229657960e+02 2.440582990460270594e+02 2.466535134742344155e+02
2.538740742107837889e+02 2.546552222838956254e+02 2.528715477433328829e+02 2.554795630352362821e+02
2.544957485560373982e+02 2.545672830946738259e+02 2.521598356237284690e+02 2.552943181241678303e+02
2.639593851869035461e+02 2.652978731512731656e+02 2.605736435906646307e+02 2.648489101706235829e+02
2.569223593050122076e+02 2.575867796018148965e+02 2.546853289974826282e+02 2.572661964137956829e+02
2.461906400920678664e+02 2.461160252747490063e+02 2.451459569854398808e+02 2.468978530858983618e+02
2.485037633148424447e+02 2.491235523863582557e+02 2.475078991712253753e+02 2.490256546766115662e+02
2.435792177107576890e+02 2.434354013392307650e+02 2.424485607842518107e+02 2.444188458337213774e+02
2.478674289976297302e+02 2.482792837762293630e+02 2.465450631012134863e+02 2.482051321882188972e+02
2.555806074004759409e+02 2.554692217287349933e+02 2.530796124806880130e+02 2.556074505592324329e+02
2.461809339376536627e+02 2.461763815069687951e+02 2.456464651380145483e+02 2.466299027823613983e+02
2.759274317054775452e+02 2.762483679166752495e+02 2.747741619973590446e+02 2.766799802019453978e+02
2.692698697154864931e+02 2.691760564682254540e+02 2.665616267130831147e+02 2.686829655006613962e+02
2.570003452125522472e+02 2.577326691506660836e+02 2.547449562411024431e+02 2.583765124553891042e+02
2.510169143900104132e+02 2.510919923855951197e+02 2.495454151360515311e+02 2.521761866065424158e+02
2.457386247373075037e+02 2.460114362482092076e+02 2.452547669349445982e+02 2.463875431422357849e+02
2.658159754889611008e+02 2.654045114013807165e+02 2.635670315936280304e+02 2.658686569838009746e+02
2.868649153273400998e+02 2.864628755231480000e+02 2.844195794767101120e+02 2.866291723146068193e+02
2.434376263204109136e+02 2.438049326446544285e+02 2.426852881510833413e+02 2.442331897288137270e+02
2.528586424649902256e+02 2.532947616372134689e+02 2.511392942489359257e+02 2.540047959434405698e+02
2.494089390675648303e+02 2.500762359761297375e+02 2.473506383511358422e+02 2.502961999571159879e+02
2.466197721948722688e+02 2.462258339082051180e+02 2.448036063728725651e+02 2.468702136110633489e+02
2.449633068543553520e+02 2.447050237896317242e+02 2.434996194747265008e+02 2.458222196129254939e+02
2.463635535720365795e+02 2.465200466512873447e+02 2.453928517323131757e+02 2.470031789940975102e+02
2.616376957945832942e+02 2.620554289808097792e+02 2.588642166213465998e+02 2.624471287997066611e+02
2.479148607419054429e+02 2.476435368837736632e+02 2.469012469734751676e+02 2.483849118459770580e+02
2.446429018327557685e+02 2.453191518490797591e+02 2.444188668516906944e+02 2.452729970848326957e+02
2.735986543082918843e+02 2.749543237225705070e+02 2.723907181800769877e+02 2.744099181553843323e+02
2.507120899331322050e+02 2.510298703487793262e+02 2.486300091201850648e+02 2.507326368234672600e+02
2.502475339600545965e+02 2.507808732326566314e+02 2.488863349243145819e+02 2.509528151540288547e+02
2.470653724970091503e+02 2.467913232201693461e+02 2.463681305921672617e+02 2.472249029840944559e+02
2.650570599489391270e+02 2.652433472741870446e+02 2.615434469986320778e+02 2.642067545116288443e+02
2.680281503630008046e+02 2.691069516249474418e+02 2.645415613938006345e+02 2.684076706694129939e+02
2.503994931046504178e+02 2.507581324809181638e+02 2.490080968345575343e+02 2.513935850410466912e+02
2.533249181063397941e+02 2.539582019659175671e+02 2.519567723796172629e+02 2.544430129338067559e+02
2.452677384791286386e+02 2.453142047070812737e+02 2.447343247037266281e+02 2.460122557659607878e+02
2.513244892837888074e+02 2.518716218442890522e+02 2.507784691154639063e+02 2.519803774829855740e+02
2.468580744261235793e+02 2.473077018724567608e+02 2.463456860309193246e+02 2.469345731284905980e+02
2.468394732179100401e+02 2.472340263087981498e+02 2.454930488649864344e+02 2.475722461862101795e+02
2.767608617639207864e+02 2.765345798363081258e+02 2.736887648083728095e+02 2.748925810231380069e+02
2.472663209819461940e+02 2.479129903667228234e+02 2.461667903240671649e+02 2.488055772103861045e+02
2.437291301099647569e+02 2.432900444336899568e+02 2.428282790250530354e+02 2.441353118441883510e+02
2.597406219654216670e+02 2.596505736329585829e+02 2.576399148553240934e+02 2.602812860200218097e+02
2.905152728953739825e+02 2.911701604827869119e+02 2.890594887665266697e+02 2.902524800923358157e+02
2.518319692818453461e+02 2.525902092618877361e+02 2.504317601637501980e+02 2.526825089423498980e+02
2.901851725834559943e+02 2.905222907228884424e+02 2.875462363432325219e+02 2.896994703030732126e+02
2.488210635082567137e+02 2.488295940937148316e+02 2.483097044609045554e+02 2.495795491228813034e+02
2.496686701189694020e+02 2.496099488437561149e+02 2.484611186463725119e+02 2.503477811510264814e+02
2.452641877080540667e+02 2.452220371212561645e+02 2.446010266116293508e+02 2.453837284531266505e+02
2.470245499783503362e+02 2.465815730600322411e+02 2.461540287673824423e+02 2.474101868695308042e+02
2.862804590834837768e+02 2.871295753006246514e+02 2.858283514629940782e+02 2.860565719218150207e+02
2.490233109468888415e+02 2.491208485428740573e+02 2.480312178633196538e+02 2.494915463136024982e+02
2.525924476927548312e+02 2.522828678390185644e+02 2.506097444109707624e+02 2.541264382948706100e+02
2.507723569524521849e+02 2.503270294238473639e+02 2.496744785480058511e+02 2.514831528282797706e+02
2.560164051338585978e+02 2.556717588397725365e+02 2.543064338550406376e+02 2.569966217839393607e+02
2.470352582848375960e+02 2.473687157669104124e+02 2.466575281286394841e+02 2.474360694134227003e+02
2.442151691198945116e+02 2.445059441476341533e+02 2.428974367692484861e+02 2.452048606988741142e+02
2.421771615303592000e+02 2.426348030382023353e+02 2.418076031860812805e+02 2.436705635430119230e+02
2.470809818535699378e+02 2.476618722456694002e+02 2.459823374643439706e+02 2.478537376649958333e+02
2.442928846451239622e+02 2.443454765004856029e+02 2.432200238247025936e+02 2.451447468793472240e+02
2.492174964536702646e+02 2.500680888400655704e+02 2.485809042154284896e+02 2.496621546636073674e+02
2.455086072853193002e+02 2.457761033454034987e+02 2.440016353562940310e+02 2.466298119981178161e+02
2.520805016207644371e+02 2.530047374749231039e+02 2.508370527266377508e+02 2.531994525625194115e+02
2.630469773938208391e+02 2.631161799498192408e+02 2.607919132381936720e+02 2.641480366512313367e+02
2.625858555671794079e+02 2.639745521586615382e+02 2.597198695008278833e+02 2.631761116587294396e+02
2.488742677615977357e+02 2.488840395722999688e+02 2.475370682619931699e+02 2.492166619364729172e+02
2.503593077158893152e+02 2.506427315033504613e+02 2.488553105084740764e+02 2.507085737894216493e+02
2.649679547145992160e+02 2.658657056408247286e+02 2.624653943319868290e+02 2.661170096983665871e+02
2.715628099692359001e+02 2.729087514781209052e+02 2.700884235737301537e+02 2.728510957640904735e+02
2.457723896386692388e+02 2.460598457830154473e+02 2.454584685669279907e+02 2.464790454373903117e+02
2.506310446654325403e+02 2.506353669071265244e+02 2.498297827384625691e+02 2.509294216485590141e+02
2.641720639378497140e+02 2.654547369256334832e+02 2.626016998948955461e+02 2.645757270134756141e+02
