2.574777312966085674e+02 2.588612000722113180e+02 2.560540638136595248e+02 2.586776952187339020e+02
2.804862359824332430e+02 2.815370435762254147e+02 2.785836698677022127e+02 2.809829789041766617e+02
2.478092348682189936e+02 2.483433859952550620e+02 2.475889047755161414e+02 2.486721233689772532e+02
2.646526528976538657e+02 2.656024919272659872e+02 2.621906821707024733e+02 2.656101504743789405e+02
2.860622487113139982e+02 2.868006268150291476e+02 2.826350940415834430e+02 2.851762951923322476e+02
2.546398348133383251e+02 2.545072880510050481e+02 2.526494415076663813e+02 2.551404557465518508e+02
2.511169530334671265e+02 2.519792260674186650e+02 2.503466307126750507e+02 2.526700781574509449e+02
2.641857524036602172e+02 2.653385274687237256e+02 2.619807384561626691e+02 2.658114136130436691e+02
2.498395173719610796e+02 2.502610734366197960e+02 2.485515685970908351e+02 2.501929641063269401e+02
2.569369870478506641e+02 2.571373658791093249e+02 2.556241813933384890e+02 2.575764867842503349e+02
2.461642969156958998e+02 2.463792933162491181e+02 2.454563828635941718e+02 2.465316866715066908e+02
2.681592349770192527e+02 2.674752054643037127e+02 2.652136111485249899e+02 2.678917889393298992e+02
2.544864882780252628e+02 2.555572794209451217e+02 2.527864541689058342e+02 2.552748337837379040e+02
2.494883014334240841e+02 2.499040724840344581e+02 2.488106822156416058e+02 2.503686561354545574e+02
2.511157868194717082e+02 2.515363596237938566e+02 2.500476024220113231e+02 2.517982317587308785e+02
2.767902798305081546e+02 2.772153093415351464e+02 2.738750886493392045e+02 2.772173585786661647e+02
2.681189506140604522e+02 2.676560836857261734e+02 2.648263627839472747e+02 2.681848270158983496e+02
2.463111467511618571e+02 2.465475947767273510e+02 2.459627838018905663e+02 2.471681328320786406e+02
2.494495802968706073e+02 2.490013357490999795e+02 2.485672651487544726e+02 2.496642186785273623e+02
2.478532587546613399e+02 2.478069612133738815e+02 2.475139404967718235e+02 2.483762752865856100e+02
2.484851173803892834e+02 2.488049117193554025e+02 2.475215470523072554e+02 2.489905466981527979e+02
2.522361545746478555e+02 2.527873623793651632e+02 2.504522204338936717e+02 2.535974871366536831e+02
2.539313102204033896e+02 2.543290967329305090e+02 2.529990860761474494e+02 2.548285742338925388e+02
2.645617950489774444e+02 2.642282552145467207e+02 2.612216052579877896e+02 2.647967606929728390e+02
2.505173030175223801e+02 2.514667916400582612e+02 2.500745167575692278e+02 2.513579532550064641e+02
2.539969324051478736e+02 2.534374703869733310e+02 2.515397598003051485e+02 2.548880913681555285e+02
2.521413177002567068e+02 2.523986844993493150e+02 2.507671383744000764e+02 2.539327115699549324e+02
2.488185974204648403e+02 2.493354102505234096e+02 2.481529026303026342e+02 2.497304462255418400e+02
2.902542407612187390e+02 2.905949020133615477e+02 2.876542886647625892e+02 2.901455135827316667e+02
2.470538532332230375e+02 2.472484495320075837e+02 2.468923055503215096e+02 2.478364132365705643e+02
2.451162755719197719e+02 2.452970483671494435e+02 2.444894008998443837e+02 2.464200993380145519e+02
2.652686522311066142e+02 2.649099946171804163e+02 2.614015860299747374e+02 2.656813469978926037e+02
2.621118595576213011e+02 2.632487930618910923e+02 2.604251523252043512e+02 2.627917346634930027e+02
2.468183109488157925e+02 2.468040921758067441e+02 2.461311765904058575e+02 2.475580491955616935e+02
2.515874560843357699e+02 2.515764578262187001e+02 2.504402847203779174e+02 2.523769361796770454e+02
2.434510714586424172e+02 2.435304462072794820e+02 2.424840465757575316e+02 2.438709004936827967e+02
2.545390689179610035e+02 2.543569177761119704e+02 2.529222967401917685e+02 2.552552961909844669e+02
2.477074060328235419e+02 2.476307076611108471e+02 2.472526262296543678e+02 2.484803854098894647e+02
2.548546646048164632e+02 2.548196718426080736e+02 2.534047425761458499e+02 2.554227117408503034e+02
2.802123007166237585e+02 2.807962383567867164e+02 2.788717337695762239e+02 2.820230422605493459e+02
2.476059977923413840e+02 2.477146853768703352e+02 2.475852479921002498e+02 2.480436022917050991e+02
2.529453768817041350e+02 2.538876509239761106e+02 2.519450513223860071e+02 2.531801340838978831e+02
2.484421712036573524e+02 2.486383918513193407e+02 2.483879604315706331e+02 2.489225437833375736e+02
2.779221682966606863e+02 2.772577635046322371e+02 2.759477616880881214e+02 2.797427539661856031e+02
2.721532957453617314e+02 2.732117942156919526e+02 2.696405791612561984e+02 2.738534095407796372e+02
2.678778217239959645e+02 2.681510330273513318e+02 2.642481868072192697e+02 2.686678014408583977e+02
2.499817746159255876e+02 2.500172323421726901e+02 2.487222525214065172e+02 2.501275637749937175e+02
2.579345963614882180e+02 2.570807348542393811e+02 2.551991530417568015e+02 2.583272315805689345e+02
2.684734608409710859e+02 2.675584507414109225e+02 2.647907930142113173e+02 2.693338561091552492e+02
2.490883706737574528e+02 2.491561300406110036e+02 2.486875664736047042e+02 2.493180141393750660e+02
2.480037386528030368e+02 2.475680954286328586e+02 2.470124376726856781e+02 2.483773855278017209e+02
2.556878604574330609e+02 2.567505661858203325e+02 2.544694378815416655e+02 2.563209958208370267e+02
2.449343612762941973e+02 2.451588367490355154e+02 2.445082419984702824e+02 2.456823431356611707e+02
2.440533982844950742e+02 2.445536867463042370e+02 2.436933854359241138e+02 2.447994744030434333e+02
2.696409170721034911e+02 2.696822525251400862e+02 2.666937332803693721e+02 2.703958121984146601e+02
2.506330403779925575e+02 2.508663335710230058e+02 2.496435168545228294e+02 2.506744109156077513e+02
2.466146365050988152e+02 2.467615512676857179e+02 2.463421364749095517e+02 2.479237083370670405e+02
2.456712389578263753e+02 2.464165307997533887e+02 2.456090900243831641e+02 2.460592173321143719e+02
2.593388254765587817e+02 2.597347213887322255e+02 2.578760167486674959e+02 2.602000890682712679e+02
2.870837175242239141e+02 2.863223796202014455e+02 2.834547537460270519e+02 2.865531349631774560e+02
2.562052297150488585e+02 2.561233315730069080e+02 2.546667584124702444e+02 2.575504599961881240e+02
2.522385029235295519e+02 2.528558567377995132e+02 2.517723357906650676e+02 2.532662000132659728e+02
2.475762975753603428e+02 2.474778469263971488e+02 2.464506345013727753e+02 2.481518606033839660e+02
2.468851603218922719e+02 2.467852853891561438e+02 2.459523346408251427e+02 2.471749352864580374e+02
2.585715863690672904e+02 2.594241745869239821e+02 2.559461777406006036e+02 2.595303767571168123e+02
2.486703202689728869e+02 2.487225814077780797e+02 2.480769904070831728e+02 2.487155817795151336e+02
2.551373120825850265e+02 2.554767077105798023e+02 2.535587711072078321e+02 2.566076006591350733e+02
2.658263820178789274e+02 2.658160976005218004e+02 2.624840863959454396e+02 2.665378448693682003e+02
2.753646034668707330e+02 2.755657999957157926e+02 2.717658279435984241e+02 2.760895650949291849e+02
2.526941470367906106e+02 2.528552586821066086e+02 2.506647972831890741e+02 2.534779946911156685e+02
2.628249164045685120e+02 2.626903596585899550e+02 2.607805410095734260e+02 2.633537149139368125e+02
2.453737209152768060e+02 2.455390244142354277e+02 2.442824176294472807e+02 2.464570227181391147e+02
2.459026386350709004e+02 2.461435245857661585e+02 2.451060964773496096e+02 2.464899028650997650e+02
2.519650012557883088e+02 2.529857891889654695e+02 2.516833778296630442e+02 2.534853603802627902e+02
2.524119610277368793e+02 2.526310681372725924e+02 2.508278072876446174e+02 2.529736448873101438e+02
2.673945288847721713e+02 2.675508936647592009e+02 2.652128079559846583e+02 2.680790011964763835e+02
2.481471017943761126e+02 2.483844167137700367e+02 2.481619645096217255e+02 2.486017956933294784e+02
2.495281196030011301e+02 2.493075399172173263e+02 2.492705777310270037e+02 2.498499347295525297e+02
2.503534768521986678e+02 2.504480535229543250e+02 2.487594563896425370e+02 2.510230276705390224e+02
2.478142922733255773e+02 2.479050863151110491e+02 2.477546201380291961e+02 2.487017062815055795e+02
2.492336336007513466e+02 2.497648280411824828e+02 2.484125951995487753e+02 2.496767394547661070e+02
2.683261258049511753e+02 2.690947412931540157e+02 2.652686477212984073e+02 2.693303537564108296e+02
2.795455804984352994e+02 2.790330367880883955e+02 2.772460821647881630e+02 2.799588972016988464e+02
2.469256740758775663e+02 2.471445774841644436e+02 2.458423998601581388e+02 2.474120697425091464e+02
2.711356083501766534e+02 2.710249918024556450e+02 2.687188500312319093e+02 2.726718776316221806e+02
2.486550160847654638e+02 2.489905896240773586e+02 2.482196460455149065e+02 2.486607299629542354e+02
2.474924665500025753e+02 2.476281797396328272e+02 2.467389759683395880e+02 2.481143492911587884e+02
2.466930767222713428e+02 2.469112882489622223e+02 2.464188577344317537e+02 2.472463398986301115e+02
2.514908187041239103e+02 2.518732202051711795e+02 2.503767378909126649e+02 2.531753697464987454e+02
2.567530674019593562e+02 2.582199568654116320e+02 2.547144030782337438e+02 2.590154453296819952e+02
2.611788530716340233e+02 2.609515307938905835e+02 2.592845549952525062e+02 2.621300523813864629e+02
2.757348342677597657e+02 2.769136748507161201e+02 2.731410468787080958e+02 2.765703555292446367e+02
2.683654455417940312e+02 2.690857202017452892e+02 2.646055751891030923e+02 2.688453609291050270e+02
2.537936800338593741e+02 2.545668428485541597e+02 2.528059056351331151e+02 2.547430279698980087e+02
2.876581750495860206e+02 2.896984278509630713e+02 2.858660357652316861e+02 2.891057283831631821e+02
2.704598877676347115e+02 2.714614645436494129e+02 2.685899118338351172e+02 2.721821737279312288e+02
2.494926285292271757e+02 2.491208699018403081e+02 2.487797630671438469e+02 2.500255981860740064e+02
2.476378820584534708e+02 2.475951916413312119e+02 2.471423067621009295e+02 2.482519527006190856e+02
2.513783593358040207e+02 2.518899792085505283e+02 2.503187507493163366e+02 2.525856832633291162e+02
2.596703250075396454e+02 2.593010944901313906e+02 2.570066565115380399e+02 2.607032536478604925e+02
2.779007503513392408e+02 2.790393899567956737e+02 2.760007049074587826e+02 2.787298693526569195e+02
2.657661829157424336e+02 2.660030565098909960e+02 2.633261292034710550e+02 2.662085152978850147e+02
2.484635201361212182e+02 2.483479658347451959e+02 2.470612810524848442e+02 2.491677293896439664e+02
2.504833299640361872e+02 2.507688672706082968e+02 2.494210906127621286e+02 2.509382744644845786e+02
2.822796357188523189e+02 2.816223216920905088e+02 2.781953746725295105e+02 2.818485762263875927e+02
2.497188338664874436e+02 2.496114085462953938e+02 2.487932958617806207e+02 2.500675771780223329e+02
2.521415399555205283e+02 2.521616923874040026e+02 2.515051247138323731e+02 2.526550225114960426e+02
2.900835107977046619e+02 2.892842852311589468e+02 2.863221483951411415e+02 2.888222708814686257e+02
2.464482601654135010e+02 2.466877725218648152e+02 2.459101028857021731e+02 2.464224064477989486e+02
2.729357909779979536e+02 2.738560012670280912e+02 2.700513928114406781e+02 2.736922607050914280e+02
2.836160919599992098e+02 2.842130801205976809e+02 2.815335280248895060e+02 2.843752800737771054e+02
2.528411350942415083e+02 2.525791047419401707e+02 2.517173389841233870e+02 2.537246133405159014e+02
2.454469345279732124e+02 2.461526381870270370e+02 2.451003981627238488e+02 2.464776867614468188e+02
2.585283663678503103e+02 2.590650746383324190e+02 2.568554311820934117e+02 2.599187574393197337e+02
2.668918566838586912e+02 2.673243071146385432e+02 2.657277935492062397e+02 2.695063957787961613e+02
2.610595097679189962e+02 2.613087178829271693e+02 2.587714787541598866e+02 2.624447571814068851e+02
2.481550457870474986e+02 2.490020744453573514e+02 2.476148723313627613e+02 2.489319607941150707e+02
2.714935801728700540e+02 2.736255802769447314e+02 2.691185025931101791e+02 2.731217694561539702e+02
2.521622280386971511e+02 2.526192891288633859e+02 2.514541369676961438e+02 2.532717588787964758e+02
2.853601241090428289e+02 2.845088641594966816e+02 2.829679972798605831e+02 2.845339303245591509e+02
2.646100660097675359e+02 2.652335904607912198e+02 2.614895529721491130e+02 2.650098521368528850e+02
2.452178796762285344e+02 2.456744561402824161e+02 2.448822617247549829e+02 2.459910889759181600e+02
2.507846813106621369e+02 2.507966469522649788e+02 2.501238251119803238e+02 2.513684529570331563e+02
2.431631621102956160e+02 2.431475090371389172e+02 2.421997881861999531e+02 2.433509326143751252e+02
2.822056691358727676e+02 2.827478273385106036e+02 2.803962023484709789e+02 2.833225802203521084e+02
2.543059278254174842e+02 2.541930510024876924e+02 2.532892595980538033e+02 2.553710940016229927e+02
2.524930209217969264e+02 2.529689077233387309e+02 2.512001869425448604e+02 2.526887121876053186e+02
2.494357795104908746e+02 2.494177868607735604e+02 2.487231358269474413e+02 2.499524556187892870e+02
2.465415212508906109e+02 2.466275546673742269e+02 2.459545445704385429e+02 2.473520994224789149e+02
2.552563249706125532e+02 2.559563873538232315e+02 2.538721739382524447e+02 2.563657178661497937e+02
2.914597168347104912e+02 2.923034251537200134e+02 2.896561034737704290e+02 2.918744020535167465e+02
2.453354339915940727e+02 2.448291713867421606e+02 2.441797023117407264e+02 2.450224855755164697e+02
2.780128635421752392e+02 2.800080217397942306e+02 2.752723296910423301e+02 2.799384807445519527e+02
2.450482384705098013e+02 2.448434715073976520e+02 2.439662179961401307e+02 2.452477214527239937e+02
2.491351400100287776e+02 2.496975603131606647e+02 2.489262917963876589e+02 2.496772978375556136e+02
2.481264682648721305e+02 2.491103555048973419e+02 2.474619240307461610e+02 2.491882019827934869e+02
2.486455356808002364e+02 2.479576028865359092e+02 2.467323628285765835e+02 2.495720162578726047e+02
2.519627604025756966e+02 2.526346197928530728e+02 2.502079815961978682e+02 2.529420050762222445e+02
2.833642811381594129e+02 2.843649467734630321e+02 2.818445674582064271e+02 2.853605188774227486e+02
2.748819818156704855e+02 2.755166097663688447e+02 2.716302302326101312e+02 2.754478558544302018e+02
2.457574534490454710e+02 2.458383770262725250e+02 2.449831706853344713e+02 2.468327959415499890e+02
2.470667962343691215e+02 2.474039900167314272e+02 2.466863721262179183e+02 2.479853063597623475e+02
2.572959672740829546e+02 2.579077297107571667e+02 2.548698989832939503e+02 2.581142220369284814e+02
2.479343404718925967e+02 2.480494528414993169e+02 2.474914819356341980e+02 2.484414600323222544e+02
2.514493173070214880e+02 2.512772084087702922e+02 2.509717597441156727e+02 2.518134652487316316e+02
2.623031721248204349e+02 2.624589611136480585e+02 2.597322897061817457e+02 2.638546765340114462e+02
2.492938515552195895e+02 2.495685065651956052e+02 2.480812747184643570e+02 2.496130467753755795e+02
2.510680990661761314e+02 2.507902741933166908e+02 2.491300906214453335e+02 2.518062574808647014e+02
2.480099646928105130e+02 2.486586946172877788e+02 2.469594739641965759e+02 2.501085083254128847e+02
2.800102621982264282e+02 2.809484906356422016e+02 2.783224117111158762e+02 2.805483300492374497e+02
2.488252626678498700e+02 2.487618567164211356e+02 2.484905475523433722e+02 2.495759490415201185e+02
2.544314203260349814e+02 2.541506357829611886e+02 2.531090588267919941e+02 2.559882989851692230e+02
2.494259466832060070e+02 2.493956750973190708e+02 2.486756949133688011e+02 2.494774741275568601e+02
2.585481268881445658e+02 2.592073452798353514e+02 2.560606420389306663e+02 2.596882966668707127e+02
2.559158507585310360e+02 2.560548003752858790e+02 2.534364938177711224e+02 2.568933889964890227e+02
2.504267901615197047e+02 2.508257003621043850e+02 2.495930486495707896e+02 2.511939870302637701e+02
2.486571420094684015e+02 2.487307993740206200e+02 2.477849169343742233e+02 2.492015849427315857e+02
2.530664020831056575e+02 2.531070958403527698e+02 2.522354014050203261e+02 2.536050514513722760e+02
2.501025093322784585e+02 2.503667647678763046e+02 2.492523843806670243e+02 2.509496059600483022e+02
2.676282372571539554e+02 2.671627070531212098e+02 2.643607651692744867e+02 2.686299826630229290e+02
2.482761535953120244e+02 2.480981464105371117e+02 2.477604364871548626e+02 2.491739294668363698e+02
2.549581535106806029e+02 2.553901101449309863e+02 2.528438202216152888e+02 2.548782455921534051e+02
2.606867442428668369e+02 2.614451075885131672e+02 2.584927111409753593e+02 2.611882490812897686e+02
2.597006846053531604e+02 2.591989272389430994e+02 2.567567333946189478e+02 2.602019854152522953e+02
2.451957388912760791e+02 2.455557730458452852e+02 2.445796540573815321e+02 2.459247400250708324e+02
2.483908511612036136e+02 2.485768605731830689e+02 2.475786238131825883e+02 2.490385406806967410e+02
2.816834888501686009e+02 2.819022067511501746e+02 2.780473108917235550e+02 2.808074699530498606e+02
2.622022810933955839e+02 2.627418212971006142e+02 2.602441427905072260e+02 2.629182516611306255e+02
2.631551400198032979e+02 2.646541628805474033e+02 2.619168873305371790e+02 2.644996947283910913e+02
2.501707504621424505e+02 2.501944729734916280e+02 2.496509139055440301e+02 2.507947672515100521e+02
2.512549692367869909e+02 2.519041318399811473e+02 2.507377037878864314e+02 2.521311157383702550e+02
2.744083727548321576e+02 2.752134539864265435e+02 2.714860280959281340e+02 2.743714131431291321e+02
2.510725163564706577e+02 2.520028065742651222e+02 2.500462819199374565e+02 2.524691773015774174e+02
2.461037294335289971e+02 2.467427831542013337e+02 2.455888833783647272e+02 2.473445054848434097e+02
2.601614850658863816e+02 2.608953971774478191e+02 2.570699729971420879e+02 2.614620301511855587e+02
2.523578086523956188e+02 2.524422320868602867e+02 2.495313279730654301e+02 2.522431880829727220e+02
2.490059122399107423e+02 2.489246978146379092e+02 2.483690358842317778e+02 2.495089892990677924e+02
2.625437972749680284e+02 2.630773591127938857e+02 2.605453896599912582e+02 2.643885572422998393e+02
2.476862385933290511e+02 2.479186282038841114e+02 2.465682262856028046e+02 2.483406217359908510e+02
2.858139693507758921e+02 2.852675274225289854e+02 2.823003117522438288e+02 2.847005362342773083e+02
2.507766675648551029e+02 2.509986828367826490e+02 2.500766014351997342e+02 2.512575298406870559e+02
2.614399796759722108e+02 2.618202438470646030e+02 2.585630163191984252e+02 2.618411898573243093e+02
2.486265867164352414e+02 2.492250210598961644e+02 2.481947118125895315e+02 2.495925872816492586e+02
2.474374611086913660e+02 2.471760508081382852e+02 2.453806586657603930e+02 2.479826699467754736e+02
2.590067496287566655e+02 2.596798741473302243e+02 2.561643431498104633e+02 2.592758831951104526e+02
2.493715078306461237e+02 2.500440450427360588e+02 2.490879947476088887e+02 2.509588862226793253e+02
2.552756468139123740e+02 2.559660051100989051e+02 2.541480066180814674e+02 2.562740090870915992e+02
2.686248624486337349e+02 2.676212406611638244e+02 2.656749219569315983e+02 2.695405168506717928e+02
2.512389631075300827e+02 2.514784373936253132e+02 2.504333618821107734e+02 2.524518399919182059e+02
2.752181231166666748e+02 2.753995080902348036e+02 2.725818145356893751e+02 2.758396523320471942e+02
2.484281314223056825e+02 2.483724355463964173e+02 2.479150957014510652e+02 2.488850639273657350e+02
2.508956280594243253e+02 2.509622656802732195e+02 2.504594586305294399e+02 2.515940062868949099e+02
2.498265327647067409e+02 2.503016213705738551e+02 2.491834751588348240e+02 2.504095844275613558e+02
2.441448692064311956e+02 2.444449235584167468e+02 2.434154682523827375e+02 2.448979203452575177e+02
2.456833913677571672e+02 2.458025577373149417e+02 2.455490494457576460e+02 2.457275866251432319e+02
2.655365979491473354e+02 2.654135620825101114e+02 2.632695608077685847e+02 2.659564534051383475e+02
2.475744648478523118e+02 2.467675264806719611e+02 2.467692609547376890e+02 2.477451764049735345e+02
2.475545110716096531e+02 2.477218367286060641e+02 2.468809226534146717e+02 2.484953480040197178e+02
2.481801958425832026e+02 2.481394399163447986e+02 2.469545808470221857e+02 2.486198490808202166e+02
2.451508983729212332e+02 2.454648181119315211e+02 2.442595094631514030e+02 2.464746404715686197e+02
2.454499980348905694e+02 2.451732617424063392e+02 2.444779986313336053e+02 2.457084404308718604e+02
2.472078732001279207e+02 2.475404768378621156e+02 2.468369766993717178e+02 2.478657391956958520e+02
2.611585374931909200e+02 2.619438494976034804e+02 2.588604471401612273e+02 2.615982515052905342e+02
2.448821028504997344e+02 2.456720675900797914e+02 2.444714109461461362e+02 2.464334995755421005e+02
2.768708885745049315e+02 2.769820939130764259e+02 2.740707304372287467e+02 2.772608667880912208e+02
2.842147133867402999e+02 2.838511776132955333e+02 2.804993135799245465e+02 2.838199498976141513e+02
2.684646427104735267e+02 2.696140234160510545e+02 2.658618835518500418e+02 2.689896261171236347e+02
2.711929535747275963e+02 2.732151413379206701e+02 2.701558197590690042e+02 2.739670229991360202e+02
2.478439357156168512e+02 2.475057813830001976e+02 2.473271518886090803e+02 2.476074847958047371e+02
2.561554634462171407e+02 2.562516807690130349e+02 2.537063966580533361e+02 2.565998041362263393e+02
2.476415500063604895e+02 2.481064988149979911e+02 2.475214645870894685e+02 2.485736966598026925e+02
2.459140108143726025e+02 2.459826170646985304e+02 2.453127471948330935e+02 2.460584426119195598e+02
2.528910878166740872e+02 2.529072108972279977e+02 2.509966850896706489e+02 2.541334410086637945e+02
2.920040098294392124e+02 2.931738107592035476e+02 2.904810236643744474e+02 2.930379926754763460e+02
2.478841142213901776e+02 2.482796663224588372e+02 2.474677254150469423e+02 2.484178949569302688e+02
2.531384182488669694e+02 2.530395960912609894e+02 2.521330752478809529e+02 2.535643509222524301e+02
2.522357735036384270e+02 2.526310293730132912e+02 2.507513785407548426e+02 2.527662631186714464e+02
2.501051642813969238e+02 2.507521116515474660e+02 2.487981669561002320e+02 2.509750278659191167e+02
2.506083811426896375e+02 2.501655567292721400e+02 2.493382981620173382e+02 2.508867080148457944e+02
2.539594220218846772e+02 2.549199123701512804e+02 2.523692072486233258e+02 2.551541725696795311e+02
2.565693173591709524e+02 2.566709753811710470e+02 2.548662194129909722e+02 2.573850040047720427e+02
2.482120976214932284e+02 2.487290180159132547e+02 2.466634037865939888e+02 2.490760002186074757e+02
2.520344944563004219e+02 2.514414225252212418e+02 2.506396243704559765e+02 2.522799450584191163e+02
2.515055895748125465e+02 2.519095684165386615e+02 2.510138179445261244e+02 2.522405298010384911e+02
2.600284861606302798e+02 2.600363759819080087e+02 2.571456866810506199e+02 2.607114467607886468e+02
2.601565809933124456e+02 2.617366601960790149e+02 2.584503294452176760e+02 2.620178143770736483e+02
2.511751996945327221e+02 2.516495236778147842e+02 2.496060005597282441e+02 2.517105332902457633e+02
2.504918306053987180e+02 2.505945702282226080e+02 2.494786292949466144e+02 2.509428213459533481e+02
2.771915759134205359e+02 2.783170918515842800e+02 2.762370879957624084e+02 2.790969556727154668e+02
2.492002043675670109e+02 2.491670760102170732e+02 2.479090793297999085e+02 2.500944065185719012e+02
2.501044067511873834e+02 2.510913831799014702e+02 2.497099284968931272e+02 2.514050123314933103e+02
2.809707621038570551e+02 2.821448383041465604e+02 2.791850286549797602e+02 2.811800832783892474e+02
2.501047742711429294e+02 2.501599147595635770e+02 2.490153473426761650e+02 2.510594510662223513e+02
2.869308101521235699e+02 2.861840585288436500e+02 2.834488232643686274e+02 2.853202999683464895e+02
2.505383074987743157e+02 2.504665228731790876e+02 2.501602327798418344e+02 2.505474347102256161e+02
2.494460763482147172e+02 2.493131586971072124e+02 2.492581853006107622e+02 2.497112209466210402e+02
2.537323646416568010e+02 2.540416152950730293e+02 2.522067214745556214e+02 2.542424327530432322e+02
2.860192105999319097e+02 2.877917894463467405e+02 2.826282826700627879e+02 2.868249193744458125e+02
2.915953517268255268e+02 2.916912207280091707e+02 2.887472841147950362e+02 2.914500046403998681e+02
2.647767355143566306e+02 2.652495286667161736e+02 2.626411910889078172e+02 2.644772170098005972e+02
2.671638449618830577e+02 2.686884800458847735e+02 2.647754152216640477e+02 2.674706983301155105e+02
2.544935019334255344e+02 2.548117872421987329e+02 2.534429729474417172e+02 2.548678684780511787e+02
2.491446162555232320e+02 2.497671729093774218e+02 2.488042408426027805e+02 2.501562073858800375e+02
2.466782433224736906e+02 2.468130868228718384e+02 2.457036348935678234e+02 2.478079212801502251e+02
2.815009394931471434e+02 2.808120680104092912e+02 2.786373684034121538e+02 2.815247817218221940e+02
2.755963385611636340e+02 2.760220217219819574e+02 2.716614090252485312e+02 2.750822791231974520e+02
2.508056932572729067e+02 2.502751790373857261e+02 2.497678075770943167e+02 2.512302079493230451e+02
2.725045506863372111e+02 2.740461636136757306e+02 2.698993705603048738e+02 2.739030584898881671e+02
2.606423741846513735e+02 2.601297927704239328e+02 2.590796954776565144e+02 2.619776992316832889e+02
2.596699924109328776e+02 2.601274015332108434e+02 2.570600830198763447e+02 2.603179880004167330e+02
2.607498669548297698e+02 2.592602337218893354e+02 2.575220991760887159e+02 2.605274861587255941e+02
2.643285363396939829e+02 2.649887345829671403e+02 2.624883083399550969e+02 2.650057998643009114e+02
2.838455842172488701e+02 2.845191032878321380e+02 2.810768161081825838e+02 2.844089227432074267e+02
2.460980031215735835e+02 2.465314097709735677e+02 2.455046765252029672e+02 2.469541920555049330e+02
2.480103603554133826e+02 2.483029431085445253e+02 2.474083972470746176e+02 2.489559054354084537e+02
2.493460188386245875e+02 2.494419673500498220e+02 2.482432582504551419e+02 2.507680691125656267e+02
2.464721997245329703e+02 2.466225159637436377e+02 2.460031591391029906e+02 2.473451325422095692e+02
2.618311342167783096e+02 2.637746159920442324e+02 2.597469245257857438e+02 2.634586866429772272e+02
2.449649293115386399e+02 2.449112340115208042e+02 2.444427019997599189e+02 2.451857662641908746e+02
2.472936450559249124e+02 2.480632426707902312e+02 2.473242776425257716e+02 2.485215687446295476e+02
2.462793788818309508e+02 2.466575759782012653e+02 2.456235594138645979e+02 2.470057367364478011e+02
2.522099841557945297e+02 2.518492352278818771e+02 2.506689408253471356e+02 2.528760184012681123e+02
2.895138445167010559e+02 2.900830268051963685e+02 2.876182640564458666e+02 2.911423516106531224e+02
2.545346994340877700e+02 2.547427884094879573e+02 2.532697847001286107e+02 2.552022609291169033e+02
2.977024805293121972e+02 2.974779748945121014e+02 2.961358804837744287e+02 2.969336400611811086e+02
2.653198061638403829e+02 2.651983087164168182e+02 2.620076659096872049e+02 2.658504853150855070e+02
2.549421868698674416e+02 2.558438486421362086e+02 2.540069100463971381e+02 2.571150365334891035e+02
2.441447079134830744e+02 2.447299197992427935e+02 2.440970764544664746e+02 2.449978646882848068e+02
2.508260464322741541e+02 2.515168421786169404e+02 2.499143413682999721e+02 2.518650597343339541e+02
2.580076472282273699e+02 2.588444384261952109e+02 2.558796148690666712e+02 2.592511542303262218e+02
2.550012097394017871e+02 2.560294583990987576e+02 2.543742484245914852e+02 2.569043714801946976e+02
2.487219762202383606e+02 2.493061220722571534e+02 2.484970327516492148e+02 2.500021465720155334e+02
2.889801412254364550e+02 2.893951270277057688e+02 2.860525168310912818e+02 2.891751403999446666e+02
2.494229422312278643e+02 2.492058533801606472e+02 2.485941831249194820e+02 2.498250331231359382e+02
2.520374670204620884e+02 2.520774062347179267e+02 2.503693535664674812e+02 2.534126976855978626e+02
2.426349545184829424e+02 2.427368670606120702e+02 2.419095214108869811e+02 2.433913702271543684e+02
2.482896773124012952e+02 2.485656091453540171e+02 2.476521258937061134e+02 2.494272687989862050e+02
2.499431696326177530e+02 2.501697385322433149e+02 2.485769419527888715e+02 2.504383032070159061e+02
2.583796528405662798e+02 2.587573116750872373e+02 2.567979922270884572e+02 2.595147616915243702e+02
2.473577253861764689e+02 2.475194084624609729e+02 2.465712341624696649e+02 2.477088802824998766e+02
2.459648543200293034e+02 2.465667066965431502e+02 2.453518339515240712e+02 2.467990691554467730e+02
2.483920676992533458e+02 2.488153269027287422e+02 2.479883153491077792e+02 2.495906278454967548e+02
2.755124882901130263e+02 2.777606057424579262e+02 2.753429095995957709e+02 2.783053329510657363e+02
2.591481351180263459e+02 2.592369513242344965e+02 2.577078873878370473e+02 2.611035052567476100e+02
2.472873911018363629e+02 2.470392762603270285e+02 2.465134971643714152e+02 2.471366509448797046e+02
2.664381960838613850e+02 2.671417167763675025e+02 2.643177557284646468e+02 2.683721433338037059e+02
2.462837823968142175e+02 2.460794898870270799e+02 2.454539899281930957e+02 2.464651235714898974e+02
2.640200540435982930e+02 2.646281565401592957e+02 2.613735095336514291e+02 2.654045273777075522e+02
2.499292781424691441e+02 2.497084090009162480e+02 2.491135631917035766e+02 2.506052954312405916e+02
2.546941597352894178e+02 2.551965723990956576e+02 2.527919584287793668e+02 2.562572686782624487e+02
2.477721434017431363e+02 2.484645660392811521e+02 2.467753203712026107e+02 2.492178201648381446e+02
2.484894490547730186e+02 2.493273313426483639e+02 2.476950724082114732e+02 2.489887413235271936e+02
2.525606272554068994e+02 2.529158232636913795e+02 2.514787947241139250e+02 2.535490752748865475e+02
2.557282485523677735e+02 2.562905412763827258e+02 2.541936079034858835e+02 2.565725725850492154e+02
2.502377684370081852e+02 2.501314833750835191e+02 2.486902108008208074e+02 2.501616193615846555e+02
2.534193260834268528e+02 2.539322419738534506e+02 2.518318300073279943e+02 2.550546063987891046e+02
2.580397754495153890e+02 2.580050283340302713e+02 2.560839180552954417e+02 2.584059812096808741e+02
2.507020413579752756e+02 2.509123846737676331e+02 2.501215796971964664e+02 2.515056149960560674e+02
2.539856021872725762e+02 2.547531989752084769e+02 2.526071068535432858e+02 2.559560483699282258e+02
2.501678499065090193e+02 2.505549566986225045e+02 2.496666327826590930e+02 2.506879094361491696e+02
2.465925297683762381e+02 2.472889174901478100e+02 2.459905635345975554e+02 2.472713238497148893e+02
2.433063492626748427e+02 2.434734309565106685e+02 2.426240591580297519e+02 2.442883343568434782e+02
2.882351400748552805e+02 2.893274680265124630e+02 2.847923152470594346e+02 2.880017310477528554e+02
2.524673716776690355e+02 2.523958767048273444e+02 2.508309678957147355e+02 2.526800308014418022e+02
2.539365390528872126e+02 2.545648158892037998e+02 2.528680376329195667e+02 2.544428819768587289e+02
2.484724531726817247e+02 2.488838836525595468e+02 2.476885834220244362e+02 2.497110807416315765e+02
2.488771696896531580e+02 2.490259707858564866e+02 2.479853967378939217e+02 2.497551660928241404e+02
2.507069429571438093e+02 2.505468829701915467e+02 2.499976782348769859e+02 2.518363387922213690e+02
2.509778549746912688e+02 2.511300755209932163e+02 2.495161200462927411e+02 2.518043796097143172e+02
2.649482869897796036e+02 2.652019530724999754e+02 2.626372205849083343e+02 2.654593935378522929e+02
2.520082750669488121e+02 2.523001371985381240e+02 2.517980930219126776e+02 2.525038622003045816e+02
2.829281632604157721e+02 2.842819303361015955e+02 2.805213989117295910e+02 2.847265687045559730e+02
2.596304532624676540e+02 2.606704369196691573e+02 2.576738125795906740e+02 2.611049700654841104e+02
2.499601453907809798e+02 2.498432656566679952e+02 2.491430632891661503e+02 2.504081333661328586e+02
2.795318977696555862e+02 2.797430980835483183e+02 2.767645139964724308e+02 2.806050281059053759e+02
2.533595779969266459e+02 2.536579341272432657e+02 2.518412379320666901e+02 2.542478105296189881e+02
2.512137704043622080e+02 2.517842949010114353e+02 2.501654564936147267e+02 2.524873213585066196e+02
2.710832628188918534e+02 2.707591759480527003e+02 2.667019476031475165e+02 2.708583742459755968e+02
2.504140270202882448e+02 2.505708048599839799e+02 2.497292839073124071e+02 2.514892137532003744e+02
2.470285150589450609e+02 2.474301750984651278e+02 2.466050622855966026e+02 2.480730330678146345e+02
2.477548564605376953e+02 2.481209805305111615e+02 2.474414547449237602e+02 2.482231456015512663e+02
2.498143556985001510e+02 2.510519658776239567e+02 2.485679156021780329e+02 2.511384816607827872e+02
2.506448693429332479e+02 2.511838967975069750e+02 2.498962083609113733e+02 2.512034241474862029e+02
2.581994910198257003e+02 2.583047569517790976e+02 2.558008725121251814e+02 2.583445609581281701e+02
2.519481543297749226e+02 2.515189514632052123e+02 2.503893843615128105e+02 2.523596057338874346e+02
2.635266925700716456e+02 2.642202145716755126e+02 2.616160191768196341e+02 2.644255607522034666e+02
2.558814136818049860e+02 2.563008647488720158e+02 2.540834224605560792e+02 2.572209162751149165e+02
2.519934154811814722e+02 2.519536147125760124e+02 2.502955396401999053e+02 2.525283679940653485e+02
2.455257095297735646e+02 2.456274248805905813e+02 2.448153755087955972e+02 2.458737655572612937e+02
2.523453549623835102e+02 2.527293287508428818e+02 2.511402319889777175e+02 2.529155954913405822e+02
2.465823992642549172e+02 2.469159404902300423e+02 2.456551138549672544e+02 2.474643405255414734e+02
2.564392010298196283e+02 2.573337063790160073e+02 2.546772493295263757e+02 2.581116279072957127e+02
2.517703490727526230e+02 2.527768316249158147e+02 2.508888959174363720e+02 2.533133777065850154e+02
2.656980621725474521e+02 2.672860733847427923e+02 2.633400470085493907e+02 2.673605221950103896e+02
2.493465890475141578e+02 2.494293098605015473e+02 2.490436952484326127e+02 2.503079177533008419e+02
2.711150231028025814e+02 2.716045811969149781e+02 2.680133128009064762e+02 2.714634995009126328e+02
2.501552574969503269e+02 2.501230844112454861e+02 2.493644902850805067e+02 2.505447744383166082e+02
2.534669228965972820e+02 2.539119051402886384e+02 2.519478518785033145e+02 2.542388721402478495e+02
2.485255640958081358e+02 2.489236533739127140e+02 2.483263589460848664e+02 2.496163373517534296e+02
2.867130905455994139e+02 2.863387751793893585e+02 2.828768030066613051e+02 2.865148723803667963e+02
2.459135141147424406e+02 2.461838270974811849e+02 2.455028822807208826e+02 2.465492906383317973e+02
2.592501304422719386e+02 2.592272453142663835e+02 2.572975681013963367e+02 2.591316419911456705e+02
2.477419744487980040e+02 2.477574909255532702e+02 2.464275967469748423e+02 2.480833558890501820e+02
2.448990486316523629e+02 2.451011753920666649e+02 2.443883586153583849e+02 2.455511219980629392e+02
2.575225327513024922e+02 2.576013527476416130e+02 2.557101737046602352e+02 2.576887730066170548e+02
2.547865922860776493e+02 2.549532052749752609e+02 2.535050076164851589e+02 2.553193062404146474e+02
2.446645838178809242e+02 2.453949721567160793e+02 2.443072832035414308e+02 2.461203976184638407e+02
2.633551629996327961e+02 2.633733049998106708e+02 2.613191034870312706e+02 2.644694351306322346e+02
2.825213846517802949e+02 2.832740627646062990e+02 2.812064120648346943e+02 2.838258181133873563e+02
2.478929329147601095e+02 2.482687548779190649e+02 2.468670301889936809e+02 2.488298884052298945e+02
2.470223007574110738e+02 2.472569007424910978e+02 2.461327022424217148e+02 2.476047256218167547e+02
2.451369678728520114e+02 2.448957186702975548e+02 2.438954355831511691e+02 2.454024771730499879e+02
2.823408529957961264e+02 2.822153738915943109e+02 2.794631922264134687e+02 2.822842327858849671e+02
2.484967390722000573e+02 2.483138436234848143e+02 2.477116143560064927e+02 2.493677293984952144e+02
2.869448774490149958e+02 2.852569491499842229e+02 2.844294385042709905e+02 2.867244254001452077e+02
2.896136061646354278e+02 2.899136758370830762e+02 2.870644076821508293e+02 2.903084739534681376e+02
2.498829432989575423e+02 2.500061745186885958e+02 2.490378563488557404e+02 2.507428799007503528e+02
2.908134760348484065e+02 2.914204746635048764e+02 2.886553227653476483e+02 2.897449396389938556e+02
2.492626473469035204e+02 2.495540941750013815e+02 2.489887526038288570e+02 2.503476592090513861e+02
2.471715794893940199e+02 2.476675536170119472e+02 2.456398084289976680e+02 2.478511444408744637e+02
2.643100722363771524e+02 2.649890631615277812e+02 2.616853629126425176e+02 2.660400988672433300e+02
2.637916147260035586e+02 2.635453819867609013e+02 2.611974331228068422e+02 2.645453060934175937e+02
2.889596336464176147e+02 2.885067760433866511e+02 2.871350956648256556e+02 2.889405526381928553e+02
2.858755676666541490e+02 2.851891773510382109e+02 2.842298642042098891e+02 2.855567093550058644e+02
2.482564306532324849e+02 2.484581149066496550e+02 2.468684742932377105e+02 2.484205962008740300e+02
2.509661107263903546e+02 2.511878294541430705e+02 2.504985450742088346e+02 2.515742322225871987e+02
2.562179704090077053e+02 2.567047061648746649e+02 2.544896762934441767e+02 2.572897821566796210e+02
2.701330823619161947e+02 2.696632028181005580e+02 2.668995849325119707e+02 2.690110227768483355e+02
2.493400730530373153e+02 2.491283420319012691e+02 2.482680477293736203e+02 2.496814274648169487e+02
2.467029663882809984e+02 2.468662915054039786e+02 2.459641560032509346e+02 2.466963029109662102e+02
2.463561423427683224e+02 2.464798074369385859e+02 2.456787113950241235e+02 2.470330401955981756e+02
2.503085263960973350e+02 2.507115900041174825e+02 2.490052528392120053e+02 2.509823847067001168e+02
2.588918559859861261e+02 2.592295434515445436e+02 2.574781423364045736e+02 2.601550209300178835e+02
2.846642849114193154e+02 2.847778852213771188e+02 2.822362429194332094e+02 2.848991629728678845e+02
2.556986907788083272e+02 2.556151306013811961e+02 2.539675727373603706e+02 2.568554710517933017e+02
2.462722936681286399e+02 2.461817557337571714e+02 2.455980915732448295e+02 2.466912650353254435e+02
2.707168808640358293e+02 2.716799959725777285e+02 2.680980820385665879e+02 2.719568085352090065e+02
2.499873537874632916e+02 2.503857306225800983e+02 2.493404455365918579e+02 2.512764863546656784e+02
2.830883559314182776e+02 2.827345006908062715e+02 2.808320409072819643e+02 2.826013529512271703e+02
2.927981397884038870e+02 2.919353970929666389e+02 2.899266991549839076e+02 2.913584018269635294e+02
2.477901762229218150e+02 2.483327582517266592e+02 2.467370788723245880e+02 2.487139589946419846e+02
2.473938712044760848e+02 2.472837534499777803e+02 2.469180723916105649e+02 2.482776575313258718e+02
2.595039719595848169e+02 2.595066689614814663e+02 2.578034276093571293e+02 2.606440828066753284e+02
2.505445659811021812e+02 2.511975552450279849e+02 2.498130119331404728e+02 2.515767772270365015e+02
2.531426052299058540e+02 2.533911700889602230e+02 2.509287517628426372e+02 2.532523751032995563e+02
2.751685625912234627e+02 2.760811407693853425e+02 2.742646270003789368e+02 2.770276231238786409e+02
2.508469982760903463e+02 2.517229956804555968e+02 2.497232934981182098e+02 2.521533261262035808e+02
2.483526361747241253e+02 2.484965176797773836e+02 2.480100223592056352e+02 2.486121134279614466e+02
2.503596610906919295e+02 2.504061758434177705e+02 2.496370967291771024e+02 2.511221267030979050e+02
2.645849443829645793e+02 2.649259300871492542e+02 2.626122312063296818e+02 2.658569149094058730e+02
2.479025262090299009e+02 2.483418688905380520e+02 2.479127530741470196e+02 2.486211826864302168e+02
2.502824690062753064e+02 2.506570068276928964e+02 2.491555577481547061e+02 2.506211158575414970e+02
2.564249723470583717e+02 2.584320457892405329e+02 2.555434624534449028e+02 2.585964847893762908e+02
2.525792880647555876e+02 2.526793117715640165e+02 2.511816683600904696e+02 2.523533758000509692e+02
2.553163814538916370e+02 2.551148580819397864e+02 2.541463047565526949e+02 2.572491050285030383e+02
2.719163767308958768e+02 2.730893043857313387e+02 2.696517731454312070e+02 2.740216775339639526e+02
2.871287870624761922e+02 2.871406269418867510e+02 2.852026792163354116e+02 2.870078864198364386e+02
2.474516959443110125e+02 2.475568203390922406e+02 2.462617421577592438e+02 2.482817447555873400e+02
2.453735960129978935e+02 2.457695183127531777e+02 2.441463305355533464e+02 2.460372660397717368e+02
2.476467549223098388e+02 2.481690247386965780e+02 2.467497862453780897e+02 2.484574152363209407e+02
2.901345723954142386e+02 2.901899119704876284e+02 2.867347647370484651e+02 2.892068849656322413e+02
2.509956350364916773e+02 2.512642109538375621e+02 2.502275255381981651e+02 2.522396644206981762e+02
2.479501722885423760e+02 2.480759033920615479e+02 2.460818746632990326e+02 2.481373289418998525e+02
2.451115982249840783e+02 2.451225927111364058e+02 2.445511113462341655e+02 2.457605576534065221e+02
2.464966415713914785e+02 2.470212758644498479e+02 2.461060785169211442e+02 2.474717609264900489e+02
2.504286660757990148e+02 2.502637665887029073e+02 2.494218336127921702e+02 2.511160924382085682e+02
2.546708994186222128e+02 2.543172830806821878e+02 2.539097415099370494e+02 2.552638216038651819e+02
2.748305020517806838e+02 2.738916549058030228e+02 2.716298034346023087e+02 2.743951006687815948e+02
2.580227897499432856e+02 2.579106401918433562e+02 2.564186058750905204e+02 2.589204643602288911e+02
2.551497595515434966e+02 2.543746597656791550e+02 2.522156836573716134e+02 2.558481096872212106e+02
2.542517601881010876e+02 2.552901666462194896e+02 2.528333746473585109e+02 2.551489120973889442e+02
2.771305178761298293e+02 2.778895964731885897e+02 2.728855777258431772e+02 2.766705739864191855e+02
2.569856088055306600e+02 2.579428600163449801e+02 2.556962406990581655e+02 2.577157678593366086e+02
2.514229744904170900e+02 2.507038955455049063e+02 2.499510364020376301e+02 2.512723651934360873e+02
2.812204174652781035e+02 2.815663028976937312e+02 2.778756676035471855e+02 2.813171317317791136e+02
2.467148711646631796e+02 2.470478321164965507e+02 2.462723919097102510e+02 2.470808855717511108e+02
2.767179555396653541e+02 2.771125018785282350e+02 2.741818600742071226e+02 2.784761769620050700e+02
2.501965820054019503e+02 2.506721828465047963e+02 2.493934446337726740e+02 2.510321708210742884e+02
2.657262095992591071e+02 2.658017414056517396e+02 2.630815181544962229e+02 2.664176158121650246e+02
2.501860516032991484e+02 2.501856299701210844e+02 2.493624699916499594e+02 2.511770895447511975e+02
2.582428123537435454e+02 2.583739276956892468e+02 2.548719348518732772e+02 2.592439440761149854e+02
2.662472219517267149e+02 2.666828768477087124e+02 2.642057812471115881e+02 2.678555630625013464e+02
2.517789313380721126e+02 2.520132959683573119e+02 2.509327273391052699e+02 2.526915892168094615e+02
2.503347365471571493e+02 2.511684182289671412e+02 2.497903885315042771e+02 2.510014450451214145e+02
2.444661889413932556e+02 2.443737096729447842e+02 2.440374114614210157e+02 2.447207635874324012e+02
2.463856296909527543e+02 2.464307444505434717e+02 2.460382311486866058e+02 2.467006463354589982e+02
2.474368379768762907e+02 2.471171879957260842e+02 2.471710697373904395e+02 2.476253946750479997e+02
2.520432217843915623e+02 2.522684146521435764e+02 2.512617702710948606e+02 2.528056201294719472e+02
2.653629134240605367e+02 2.646237433943226733e+02 2.630260779459295009e+02 2.654598744900284828e+02
2.515387279862974026e+02 2.516492917287908710e+02 2.507102065060999792e+02 2.530052918746244757e+02
2.510454935361771902e+02 2.513675729033946027e+02 2.495821691634643571e+02 2.518293435691550144e+02
2.664608535738091177e+02 2.678334283011884054e+02 2.640491799454343891e+02 2.681849312460345232e+02
2.479123871755311370e+02 2.482996670686551113e+02 2.475473711382294368e+02 2.484333205098822361e+02
2.474491361594762395e+02 2.478201524165181127e+02 2.466157987652047723e+02 2.483471030323741502e+02
2.597826360457459600e+02 2.607864105144053610e+02 2.574606966346103150e+02 2.608945436917882716e+02
2.801459205154038159e+02 2.807121952494339894e+02 2.769280233420891477e+02 2.795831936583051629e+02
2.496664937548574414e+02 2.496382169837527840e+02 2.473013296082665704e+02 2.518204909746672513e+02
2.841003002210587738e+02 2.864528427491309230e+02 2.829935469693969026e+02 2.845138010537453965e+02
2.483996931891127815e+02 2.482484036595739099e+02 2.471707338903436835e+02 2.482935621166085127e+02
2.626796607133481416e+02 2.629109596679351171e+02 2.603010705295415619e+02 2.645793090261631733e+02
2.510676745477815643e+02 2.511713379177441254e+02 2.504186157390828953e+02 2.519455688467946572e+02
2.470833194391240681e+02 2.472246388847861738e+02 2.464559348942171937e+02 2.479618727854401641e+02
2.665077941942501525e+02 2.677984674455045138e+02 2.637775770799916586e+02 2.670049595310459836e+02
2.463544755580410879e+02 2.469306948172391856e+02 2.456227594441481870e+02 2.466652616148811319e+02
2.589421808357523673e+02 2.582377748283989263e+02 2.566366265147199215e+02 2.599683783728398794e+02
2.454240384580276100e+02 2.457686513581852239e+02 2.440061597545115717e+02 2.455876652705146057e+02
2.634832072267553826e+02 2.628313855213766033e+02 2.606101421955784758e+02 2.645807427906846669e+02
2.455897091029506498e+02 2.459946204169717419e+02 2.455711353438653362e+02 2.459567636313479397e+02
2.510263623183582524e+02 2.519395507567688526e+02 2.503352624725013698e+02 2.524711740179391484e+02
2.550919727317984211e+02 2.562590664443320065e+02 2.539237586459218221e+02 2.563070733091881834e+02
2.537391548918125750e+02 2.538577319130158969e+02 2.532352119354547142e+02 2.550070884152149233e+02
2.478123575044825770e+02 2.478102501282708090e+02 2.469485565026522806e+02 2.481059771375972218e+02
2.557555916761435242e+02 2.561547412322548780e+02 2.542458564431348975e+02 2.556570431073720044e+02
2.524488667094493337e+02 2.527812988925076922e+02 2.513076459165707206e+02 2.532799993062358794e+02
2.477072702129435413e+02 2.476145990394381897e+02 2.470282936869051014e+02 2.480385659379711569e+02
2.686690707629963981e+02 2.694008719804178895e+02 2.655320563200826314e+02 2.697852606355919534e+02
2.470069991133612177e+02 2.470273262884807934e+02 2.461788277696593354e+02 2.471393446430454048e+02
2.525550927853621488e+02 2.528476993797500825e+02 2.512155297612515881e+02 2.538801026736142887e+02
2.630977650660224185e+02 2.646578495549464947e+02 2.617093644154261938e+02 2.644625417628522541e+02
2.712120257298771548e+02 2.727327006713993569e+02 2.688967555214330218e+02 2.721350668327848439e+02
2.474789879974405835e+02 2.478551575001005176e+02 2.465868080206514605e+02 2.483106395762761451e+02
2.763511008485116918e+02 2.770365001712080470e+02 2.728400729799518558e+02 2.785604491277230750e+02
2.489936728485496360e+02 2.491150954916582236e+02 2.482744362183459259e+02 2.493705428766887451e+02
2.503973441877380424e+02 2.502039822989745517e+02 2.490057592469432279e+02 2.511196145453118902e+02
2.702103981631421448e+02 2.721796851271031983e+02 2.687667743144058932e+02 2.722192633909515393e+02
2.579189460722442391e+02 2.593631875880082589e+02 2.562177392928476820e+02 2.592945915161137691e+02
2.857547508214775576e+02 2.880963391213562090e+02 2.841136539313345111e+02 2.858699691294800687e+02
2.504147623352876906e+02 2.501373887269947431e+02 2.492649965957861298e+02 2.502448876079693889e+02
2.433487870620131446e+02 2.438116028303055884e+02 2.425433935365803109e+02 2.441073677651257583e+02
2.566186648938841586e+02 2.566833359169046958e+02 2.544617839716875380e+02 2.573573705561834117e+02
2.607852009955197445e+02 2.617694408456978294e+02 2.589542019505919370e+02 2.624081638639467542e+02
2.587319220926450498e+02 2.583572217566465383e+02 2.567862794710654271e+02 2.595783477157360153e+02
2.486185404683094475e+02 2.490152202274166768e+02 2.479496014173959395e+02 2.491325633805485893e+02
2.619990218292343798e+02 2.625155287350348203e+02 2.598982996746807430e+02 2.630580583459222908e+02
2.470985624318408043e+02 2.473995453755000540e+02 2.465099112224583564e+02 2.476980795850898289e+02
2.594621031821795896e+02 2.610811472595466967e+02 2.577947919181817724e+02 2.605967434294573764e+02
2.533268412431081913e+02 2.536062329034917582e+02 2.520671182497953282e+02 2.539761589911567796e+02
2.757486310178264262e+02 2.760035430922708315e+02 2.736534732357107487e+02 2.764741137245728169e+02
2.903857288863942472e+02 2.913395848156554280e+02 2.892387898720931503e+02 2.921189978553692868e+02
2.526623117532212177e+02 2.526287659676055455e+02 2.522780841734413571e+02 2.539348838004256663e+02
2.926471834995654149e+02 2.934137693271547391e+02 2.903395117965754366e+02 2.931964053454659052e+02
2.751529045303710177e+02 2.747077550681810862e+02 2.718139733097362978e+02 2.752903799908814335e+02
2.627396183385782820e+02 2.636318068414055347e+02 2.611894013425400090e+02 2.646343408143100078e+02
2.453247813231428154e+02 2.458530083344397212e+02 2.449992113396710636e+02 2.463904094687420354e+02
2.475979843219330121e+02 2.478539298153734762e+02 2.472943935882776429e+02 2.487265311267718744e+02
2.528764925373847916e+02 2.527386337236483200e+02 2.512413300835966083e+02 2.539166165383505245e+02
2.541581598211391793e+02 2.544695653120546694e+02 2.531772014971649583e+02 2.545782841829972938e+02
2.497367734976279792e+02 2.501204606828975727e+02 2.497990286694438566e+02 2.504210364902646688e+02
2.749781840682074403e+02 2.753674027183036515e+02 2.711075862188958467e+02 2.744318452773368335e+02
2.535362651468249453e+02 2.539584600128866327e+02 2.519515559138399965e+02 2.548106945311804452e+02
2.474492606376496440e+02 2.478642074635332051e+02 2.470311668836575905e+02 2.481302175150195239e+02
2.584119480362681429e+02 2.592846592102853265e+02 2.565341299640834904e+02 2.600762948625393847e+02
2.786975176275432204e+02 2.803202857101982772e+02 2.772951291996172358e+02 2.802175173864134194e+02
2.463383833136926455e+02 2.464470794694182132e+02 2.450960765655275679e+02 2.470510659305552963e+02
2.524607415551175222e+02 2.526020304982821187e+02 2.511081655304382139e+02 2.527187924942452923e+02
2.587671774764837664e+02 2.600712178244246502e+02 2.572034383586963600e+02 2.598105451366483862e+02
2.497906408005396770e+02 2.498683910439928297e+02 2.488715394174450353e+02 2.508508600542207034e+02
2.526166120340974430e+02 2.527840986308139577e+02 2.512578417454594444e+02 2.535534886212151662e+02
2.609073138959137168e+02 2.620402174483220961e+02 2.586136833635728181e+02 2.625982565612566759e+02
2.475377996061389467e+02 2.481701819182558779e+02 2.471498458208962177e+02 2.486709776587047145e+02
