2.771539856722166633e+02 2.775405135470156779e+02 2.753176293645080364e+02 2.778585876423353511e+02
2.720506143987096834e+02 2.723821371446022113e+02 2.705335680870693977e+02 2.728695339741762496e+02
2.604957082974324862e+02 2.610447905112596345e+02 2.597114853929112996e+02 2.613198913628324931e+02
2.720264875631511927e+02 2.723031496239412945e+02 2.697223142513241783e+02 2.723528878359300620e+02
2.562155841727936263e+02 2.564693164709920552e+02 2.553764221346203271e+02 2.562218336735489288e+02
2.663923099079815984e+02 2.662354566171508736e+02 2.647189413165892233e+02 2.670949129365714612e+02
2.573260080878441727e+02 2.576919971240436098e+02 2.573825666316570278e+02 2.577929035463340597e+02
2.660325851777357684e+02 2.669491163685246988e+02 2.641214337186322609e+02 2.666615563285037638e+02
2.612189253850359592e+02 2.613599077707153242e+02 2.600989559613745428e+02 2.614740031408010736e+02
2.589001312264765602e+02 2.588464266423642925e+02 2.574912758281896004e+02 2.593071929945550664e+02
2.582649961821944089e+02 2.586046549509274541e+02 2.574281453702401450e+02 2.582076055234254000e+02
2.558592341300977466e+02 2.557467371548962944e+02 2.555025238061160167e+02 2.561078650773180243e+02
2.643716132622786859e+02 2.647217381773492093e+02 2.623001078412026459e+02 2.645802965031215876e+02
2.740385172782649192e+02 2.745876175375504431e+02 2.717141154787714754e+02 2.736965076256465750e+02
2.682378751988506451e+02 2.686691887828074528e+02 2.667937265282316730e+02 2.689660618493740571e+02
2.618755622673401149e+02 2.625944687294290247e+02 2.600362609374450926e+02 2.619063135766211872e+02
2.561230133955386350e+02 2.565201899476081167e+02 2.554009685552444182e+02 2.567312908137541854e+02
2.886241964480410616e+02 2.879781406662974632e+02 2.857185898162131252e+02 2.884596465306876212e+02
2.675386690271445786e+02 2.674679878378341868e+02 2.656613829825476500e+02 2.688393026675155397e+02
2.575865872656768261e+02 2.579936010692977675e+02 2.568424679991309745e+02 2.583217136654467936e+02
2.701382616360988891e+02 2.715820934533705895e+02 2.691536797833736614e+02 2.706479113024851131e+02
2.562412837210000021e+02 2.568437833561512207e+02 2.562873719406971986e+02 2.571446839626553356e+02
2.950358996477449409e+02 2.951160600412995336e+02 2.931911130108620114e+02 2.942216709734272513e+02
2.620872255776551469e+02 2.615809564667507630e+02 2.601144968463015630e+02 2.625975846849491973e+02
2.612089163708769775e+02 2.617898250418991779e+02 2.608104941448049203e+02 2.623770241761699253e+02
2.552998533695944161e+02 2.558834722056328133e+02 2.542916661193477239e+02 2.557324415162484570e+02
2.637192076663903890e+02 2.637536494780947010e+02 2.621090779919462648e+02 2.643697331056406483e+02
2.672977786809493068e+02 2.670853155301217612e+02 2.654325082905036766e+02 2.672173105124098242e+02
2.552646017142636481e+02 2.548969353146080437e+02 2.541861542672164376e+02 2.554645580802198026e+02
2.551571093534248860e+02 2.553124982815652402e+02 2.542243353430299067e+02 2.551018651325709925e+02
2.669177426905125685e+02 2.677368736266921019e+02 2.652443580305411501e+02 2.678799036691799529e+02
2.879974197374747860e+02 2.883265717051402248e+02 2.860122327453379967e+02 2.888435156485180073e+02
2.647594185190583289e+02 2.652535715976602546e+02 2.635616306636704849e+02 2.650723989825591502e+02
2.718975658440231200e+02 2.724871386319482554e+02 2.696210924486692875e+02 2.725916792497311576e+02
2.611205685840528190e+02 2.615271541664345705e+02 2.603882806713558011e+02 2.617772793812583814e+02
2.611031891072387339e+02 2.615748464871990109e+02 2.597102839952102045e+02 2.618955410807887461e+02
2.958653178166704265e+02 2.957563219446552694e+02 2.937504185142972233e+02 2.934017289811941396e+02
2.549975022970674843e+02 2.553289484956715398e+02 2.538305325968915156e+02 2.555982697658430425e+02
2.753941458519478829e+02 2.761313054952801167e+02 2.742799112809062194e+02 2.776616925991618245e+02
2.666834831937235890e+02 2.675769116067610867e+02 2.651524330237429581e+02 2.683562637187305882e+02
2.540880635425799312e+02 2.542230678402864044e+02 2.530608496281098212e+02 2.539712177171628582e+02
2.586052302020963225e+02 2.589733688992020006e+02 2.586043461226389581e+02 2.588084305631777511e+02
2.721526324479191317e+02 2.731054423850374633e+02 2.701808188054238826e+02 2.743715465913869025e+02
2.534362915086409771e+02 2.541287337994549205e+02 2.528060005690354615e+02 2.540852967101846502e+02
2.615944806788743335e+02 2.614375211816169440e+02 2.604498550084944668e+02 2.617227806138029678e+02
2.596254026615193879e+02 2.596170313353677557e+02 2.594963949311177771e+02 2.598692259386788237e+02
2.628471968263813778e+02 2.634428891337789196e+02 2.608304059081657442e+02 2.634429302834525970e+02
2.922169841876880128e+02 2.930502024452196110e+02 2.893327449789199477e+02 2.928100178856782918e+02
2.632715895293625863e+02 2.631439968043601993e+02 2.618685221502075251e+02 2.638151886261205163e+02
2.561356723363431342e+02 2.559798809859105972e+02 2.553751867330164487e+02 2.565830944020151492e+02
2.670372796583909007e+02 2.673915125879111088e+02 2.645679046354442221e+02 2.674228466818379957e+02
2.751484955747342269e+02 2.761247815352261910e+02 2.734269691868166205e+02 2.754721765966662019e+02
2.624732169351901234e+02 2.623156116851362754e+02 2.612623174671036850e+02 2.628008817021307664e+02
2.747812112579945847e+02 2.754900213541179710e+02 2.730763832194758152e+02 2.757861141266024561e+02
2.563732622280916189e+02 2.568223159662616695e+02 2.558067076516503562e+02 2.566335409113659125e+02
2.571771558829755122e+02 2.571339455808322896e+02 2.569530513299205836e+02 2.574786774741235718e+02
2.974433623538042184e+02 2.982753090727196081e+02 2.975640313534870529e+02 2.970285335351015874e+02
2.582466723976041294e+02 2.584650571413707212e+02 2.563990990294138896e+02 2.591197623429326882e+02
2.564866980437427060e+02 2.561626656536947166e+02 2.555565381376889889e+02 2.566914733941016493e+02
2.755076023893249157e+02 2.765981030573123576e+02 2.749928218057800109e+02 2.769719369209548177e+02
2.644630601958206739e+02 2.644196482270117485e+02 2.628554200318078529e+02 2.643661240529167458e+02
2.558854018375824069e+02 2.558441700977480480e+02 2.549988984679050930e+02 2.557125673079728188e+02
2.866454660189190804e+02 2.867038984808141890e+02 2.856552187503824030e+02 2.877189126406798323e+02
2.815336912419141981e+02 2.816224143747530206e+02 2.790714174951952486e+02 2.822491458842305860e+02
2.601500037991257841e+02 2.607977044565107576e+02 2.590315745025494607e+02 2.611577535449258676e+02
2.578189472028245177e+02 2.572649082968222274e+02 2.563558467052167771e+02 2.574386453425407808e+02
2.898659717027096008e+02 2.901680403824396990e+02 2.874818210678114951e+02 2.890595091343657828e+02
2.558299882350387122e+02 2.553350530444243134e+02 2.553560162558221407e+02 2.560043811436602823e+02
2.600873789900255701e+02 2.602180123914267824e+02 2.590008932231014001e+02 2.603354901552883121e+02
2.566407762794664791e+02 2.564577942793100647e+02 2.557743697710364188e+02 2.568000667172658495e+02
2.981003581343268820e+02 2.982986791960592541e+02 2.956867619948077959e+02 2.961838571721996232e+02
2.734504037469917535e+02 2.736063067250289578e+02 2.719635665327093079e+02 2.737172674023052537e+02
2.639776509542685403e+02 2.641056530294405889e+02 2.632500976296959152e+02 2.643889454787983482e+02
2.572777746121710152e+02 2.577115840400069260e+02 2.569998945574334925e+02 2.580447528238292989e+02
2.588105912563997890e+02 2.585365823720683238e+02 2.584615132002968494e+02 2.591394343236436839e+02
2.928366012003325523e+02 2.934199300790327243e+02 2.907693424585728508e+02 2.925650756457120565e+02
2.545369946190083681e+02 2.547462993179347563e+02 2.540096465495413440e+02 2.548874350804292703e+02
2.560884641764139360e+02 2.559009148703690357e+02 2.554203518330813267e+02 2.561482990812112348e+02
2.609913346130790615e+02 2.610208515400186684e+02 2.606631371709605105e+02 2.610169108740501542e+02
2.603832071547329292e+02 2.612683167118738083e+02 2.596784341489101280e+02 2.608744400584253071e+02
2.591106750814225848e+02 2.598218374911165824e+02 2.578474249800596567e+02 2.594759129258945336e+02
2.690985083062055878e+02 2.686945159472710998e+02 2.669024148744378522e+02 2.694651490709197788e+02
2.559068429374084133e+02 2.565116116722659854e+02 2.549644926426072118e+02 2.565281651801603857e+02
2.569916553703422437e+02 2.568610285183909809e+02 2.557791797416454074e+02 2.574155467495692164e+02
2.610383611454794277e+02 2.623747373140500940e+02 2.603773572511097427e+02 2.620478682655782450e+02
2.694947421120618856e+02 2.695302224539847202e+02 2.678919540251116587e+02 2.694598001382856296e+02
2.749141965290025951e+02 2.751803491358172664e+02 2.726326555654603681e+02 2.755737758850290220e+02
2.545786305406914209e+02 2.546824493674646988e+02 2.544009584929343930e+02 2.548517810921141802e+02
2.770403325461309123e+02 2.788280127839750548e+02 2.748819469619298275e+02 2.773634277985916583e+02
2.617858092593581887e+02 2.623315275487116764e+02 2.611222901174625122e+02 2.630195092577598643e+02
2.627704315171026792e+02 2.630716698228475821e+02 2.614798598089254824e+02 2.622698392384561998e+02
2.552578555972840206e+02 2.562142426742367434e+02 2.547874853914838127e+02 2.557877485687959620e+02
2.639670994584391224e+02 2.645128303858268168e+02 2.629695991036967371e+02 2.640104598089143337e+02
2.614230868898158064e+02 2.617120989349882052e+02 2.606833128875034618e+02 2.615147470215493968e+02
2.569828041374732379e+02 2.574915763397471551e+02 2.566820051908831601e+02 2.577199381417215704e+02
2.633569703867169096e+02 2.639584076966354473e+02 2.616367391294938898e+02 2.636568357437467398e+02
2.629261129340009688e+02 2.637454794010050136e+02 2.626630071582869164e+02 2.637948447548519084e+02
2.971201287612552733e+02 2.967814153428835766e+02 2.942726790391935197e+02 2.959115154739466220e+02
2.950989618181829428e+02 2.968629140762882912e+02 2.930429744111923469e+02 2.951055851742588629e+02
2.639007918116146243e+02 2.642494355088731481e+02 2.625570320944133869e+02 2.642739676109272295e+02
2.687458563977388053e+02 2.691228901115043186e+02 2.677553671047413104e+02 2.684299189679868505e+02
2.604107688152465698e+02 2.608953360940782886e+02 2.593219345072782289e+02 2.606433172059622621e+02
2.710586382600250772e+02 2.715225209719200166e+02 2.694810802129962326e+02 2.731900743424717461e+02
2.574074654444592056e+02 2.576152731934047893e+02 2.568283856567730936e+02 2.576601746641188129e+02
2.756528002487434037e+02 2.760028091740222749e+02 2.733025625907937979e+02 2.765857085547071961e+02
2.556504020396277213e+02 2.554718122508041063e+02 2.545352035256456986e+02 2.558321283194435978e+02
2.782507290822453569e+02 2.782089983677976761e+02 2.757277339443714368e+02 2.787461666616532057e+02
2.643766585776230045e+02 2.641347307118118692e+02 2.637395211691193140e+02 2.642459989095286801e+02
2.685622874080595466e+02 2.697339725972603333e+02 2.677358491500196465e+02 2.698374304000564052e+02
2.823806588184104385e+02 2.827862286711687716e+02 2.810808586361609400e+02 2.831858671059146673e+02
2.551044518347646033e+02 2.550409251458797257e+02 2.543529931989401121e+02 2.555766581754369895e+02
3.023111370939483891e+02 3.015810307255178486e+02 3.016361517669350292e+02 3.002772537248413300e+02
2.640927935816433774e+02 2.649529460379401371e+02 2.619623304917939777e+02 2.649235280354475321e+02
2.790645368136100046e+02 2.795468021606508273e+02 2.770275799956644960e+02 2.799328856401827466e+02
2.598310268889741792e+02 2.599583043714436599e+02 2.580589695871074127e+02 2.604390086315232224e+02
2.576111101635357272e+02 2.578892274597303640e+02 2.569974202900340856e+02 2.581931748026432842e+02
2.712019944570404846e+02 2.709917841578848652e+02 2.680681471269278973e+02 2.714622900264336067e+02
2.730848531079971053e+02 2.734327972093987569e+02 2.710731115088981937e+02 2.745332978867922407e+02
2.656017007475314244e+02 2.659064304457629646e+02 2.646814600909445403e+02 2.662955370298229809e+02
2.578024367903703933e+02 2.579625236379466173e+02 2.562086494286710376e+02 2.583172351346353821e+02
2.607623601140668370e+02 2.610154037953425359e+02 2.598321768689243072e+02 2.614513458184019328e+02
2.612586436956166267e+02 2.617481571081761444e+02 2.597391052001261187e+02 2.613248505440446934e+02
2.682484198879039923e+02 2.678991685787090660e+02 2.672331042791454934e+02 2.686745828745189328e+02
2.567737902573394422e+02 2.572148774228624575e+02 2.565132817667999916e+02 2.572824828307765301e+02
2.708906101611995609e+02 2.704185258660285740e+02 2.687777197944463978e+02 2.704704799903236108e+02
2.689861079770091692e+02 2.697708659656818213e+02 2.677840118638351896e+02 2.698296084598214293e+02
2.628601207740303494e+02 2.627118418772041082e+02 2.629474682620029284e+02 2.629484103106377688e+02
2.574625579171066079e+02 2.574284024348096978e+02 2.570607298542889794e+02 2.576937991795105631e+02
2.603275264702572827e+02 2.610717014324528691e+02 2.586451331767536317e+02 2.610106886197729636e+02
2.899245133205283196e+02 2.893602226526282379e+02 2.866418721253931494e+02 2.899681898352882286e+02
2.587736483373316787e+02 2.586013598928250303e+02 2.579174244215225258e+02 2.584235807520250887e+02
2.596074848496684808e+02 2.597573342331697290e+02 2.590202012580601831e+02 2.602832876971812652e+02
2.670362248419750699e+02 2.682734022776029974e+02 2.653840363422789324e+02 2.682405221047626469e+02
2.604470290815602880e+02 2.608889254043055530e+02 2.596018806731860877e+02 2.614390284598148355e+02
2.948005449360043713e+02 2.958679799728430453e+02 2.927438235747460453e+02 2.950210612219964332e+02
2.983350056752980777e+02 2.977191942507266731e+02 2.961585557911373598e+02 2.975945146845228919e+02
2.975389904748080880e+02 2.974894686964846073e+02 2.952544464327133369e+02 2.966757313700341570e+02
2.565868777506902916e+02 2.568020691145081287e+02 2.558787301330340824e+02 2.565670924499283387e+02
2.577249190410855704e+02 2.581444907340631971e+02 2.572784475418743000e+02 2.585636603935391236e+02
2.727014401622807895e+02 2.728335718641720291e+02 2.704154843236302099e+02 2.740142970524230464e+02
2.727342976691649596e+02 2.731214420534233795e+02 2.698860060435445121e+02 2.726577408915915157e+02
2.629174969159706166e+02 2.628325326565820319e+02 2.619233516177686170e+02 2.633073325279671622e+02
2.766240030927889961e+02 2.754007619068121926e+02 2.746214634507895198e+02 2.761894624440973303e+02
2.790835892859187197e+02 2.809061387795114797e+02 2.779178924657367133e+02 2.802661192214202401e+02
2.566530750347000662e+02 2.570776117524650886e+02 2.562262019589014699e+02 2.570851746885400075e+02
2.631255614400549234e+02 2.632348308698097412e+02 2.617450210619373934e+02 2.630666242313537850e+02
2.586208849651022774e+02 2.589610650779621324e+02 2.573977338134907313e+02 2.588545061880292337e+02
2.628534121093035765e+02 2.636201537333453757e+02 2.619627122021796026e+02 2.634682157209797992e+02
2.865519423094636409e+02 2.878049425395478806e+02 2.841232840930880457e+02 2.856941067294793584e+02
2.663754881497415568e+02 2.661790092207730254e+02 2.646495712343873947e+02 2.668612576155700253e+02
2.630746554221140059e+02 2.634970721754942815e+02 2.619237644059349464e+02 2.638555582827154922e+02
2.548988011069352524e+02 2.552838287218314690e+02 2.545336205757005246e+02 2.552641804353781936e+02
2.609800093677536097e+02 2.609267303478268332e+02 2.588834964567529369e+02 2.618593083763684035e+02
2.606624684699484646e+02 2.609712478764416801e+02 2.608170054656296202e+02 2.610429355360694217e+02
2.582807378197732078e+02 2.586419367607994673e+02 2.581489225017388094e+02 2.585980079869288488e+02
2.571814227568725642e+02 2.573238275554075472e+02 2.563901682284695198e+02 2.574372013575365372e+02
2.667267210080448194e+02 2.670919788073078394e+02 2.651540599992628131e+02 2.679174774771218495e+02
2.530595222961393063e+02 2.528329952116921788e+02 2.517883510668593487e+02 2.531093206340982533e+02
2.959663547650333726e+02 2.953760995633499533e+02 2.937036530210647811e+02 2.955754995545869406e+02
2.630524630672230160e+02 2.633010785270429892e+02 2.624811494148191287e+02 2.634883730187659125e+02
2.802259947478787581e+02 2.809656710082977042e+02 2.786469878041789912e+02 2.800089662554673282e+02
2.780305594829014240e+02 2.791189162207503500e+02 2.763395320085546132e+02 2.791065374608440948e+02
2.563917198879935881e+02 2.570736051960001873e+02 2.553222670679480473e+02 2.574256343325661192e+02
2.647084963776135282e+02 2.655299355194985651e+02 2.638098498133319936e+02 2.658841061374775450e+02
2.629120924289483128e+02 2.631215923025688994e+02 2.618456723509124799e+02 2.622522998965256988e+02
2.581634908816888583e+02 2.582284255871390428e+02 2.572424678015786412e+02 2.583520135838498959e+02
2.651786121933352547e+02 2.654981184242645327e+02 2.624918677848270363e+02 2.659099268472484141e+02
2.735327965957557126e+02 2.739600593968918929e+02 2.716255450736348962e+02 2.735020377364969022e+02
2.621991303012669050e+02 2.621805476872328882e+02 2.627722602689732412e+02 2.628589666880463369e+02
2.595890884406306895e+02 2.604098636616320732e+02 2.586738179628384273e+02 2.601981632727745932e+02
2.582026217774216548e+02 2.584989605649468558e+02 2.571167961035694702e+02 2.591720678019969455e+02
2.593453632150276462e+02 2.594941583591431140e+02 2.593619680002072982e+02 2.593561805728757008e+02
2.632748935682756155e+02 2.635530126240697086e+02 2.620036018933461150e+02 2.632999993509357637e+02
2.813781109763597215e+02 2.824539573330886810e+02 2.794190255594595556e+02 2.816933826790984767e+02
2.703155814558032262e+02 2.706316120755212751e+02 2.676681439136543759e+02 2.702809486326385695e+02
2.577848734227417253e+02 2.574803963944544876e+02 2.570530444277097217e+02 2.582614371938609565e+02
3.019242660866124197e+02 3.014023625151746160e+02 3.009523820259525451e+02 3.010287380109250535e+02
2.655494448204573246e+02 2.655121809267362210e+02 2.640863834802451038e+02 2.667758415428178864e+02
2.601709942629388479e+02 2.601918194738920533e+02 2.599214483205302599e+02 2.601599923732648563e+02
2.594931672646044944e+02 2.605057438312286990e+02 2.591293333683067885e+02 2.599178641681647832e+02
2.682713863476013785e+02 2.685704555188552831e+02 2.658749922124018212e+02 2.686752258178575516e+02
2.583086672019330763e+02 2.581357595785280523e+02 2.578813682790050166e+02 2.578918791888045803e+02
2.647807514404929066e+02 2.648399744078296862e+02 2.636168289925668660e+02 2.645166550803108407e+02
2.535549534211453420e+02 2.535751071802231138e+02 2.526404263829747663e+02 2.538189477994612275e+02
2.582058819962012990e+02 2.587827303886995765e+02 2.575626663182237053e+02 2.589877739680916875e+02
2.724189588368674890e+02 2.742008847582200133e+02 2.704616775005199543e+02 2.731147526474735514e+02
2.598151038882904800e+02 2.604023615260578026e+02 2.582453451038836079e+02 2.602178346245244143e+02
2.655186775330095656e+02 2.660384523540424198e+02 2.646771873091718703e+02 2.663976854266124406e+02
2.688601113278594426e+02 2.690989673978016867e+02 2.668574858686719722e+02 2.686048921061668011e+02
2.701933387905552877e+02 2.704323602126949595e+02 2.677103189511860251e+02 2.705863587098763787e+02
2.701497191438215282e+02 2.705630546711602165e+02 2.681904324764825560e+02 2.714489822991034771e+02
2.601176280722677916e+02 2.604722672849497371e+02 2.590757169176456500e+02 2.608534105292952745e+02
2.647936296548249970e+02 2.655319475902845170e+02 2.632952910908583135e+02 2.653904939334519781e+02
2.661431871025929468e+02 2.666352398682503804e+02 2.640987966480861928e+02 2.663448921401943608e+02
2.664309973265283134e+02 2.667852250325790351e+02 2.652120745221107541e+02 2.674505225073786505e+02
2.672694442256955654e+02 2.681152170339631198e+02 2.653624933391473633e+02 2.673003528367165131e+02
2.805873629112601861e+02 2.800586011847886994e+02 2.772091863701278953e+02 2.798353366884654747e+02
2.715366894558142690e+02 2.721890196959046193e+02 2.695800157019801873e+02 2.717053810173493389e+02
2.606595475443307919e+02 2.609046859308438115e+02 2.612759482630938237e+02 2.611726348756324683e+02
2.550301846304364233e+02 2.551406648046800854e+02 2.536837105395362357e+02 2.556495443870257134e+02
2.587219363995839103e+02 2.587167127884098363e+02 2.576091576680269668e+02 2.587033022468557419e+02
2.646084582783314545e+02 2.650941410422963145e+02 2.631750568384128428e+02 2.650975912355956439e+02
2.540981410282782633e+02 2.539204324340028052e+02 2.531190797466792617e+02 2.542694133353975587e+02
2.611903226794392481e+02 2.617373693318603500e+02 2.608753396386606482e+02 2.615714655333950986e+02
2.622740641212536730e+02 2.628910247213353841e+02 2.621322954535077656e+02 2.629250703631270767e+02
2.997361309386154744e+02 3.006108079391368051e+02 2.981488192384417744e+02 2.999611941216776358e+02
2.600363642240083095e+02 2.599818010109040074e+02 2.590580137624870076e+02 2.608064179628845523e+02
2.586840328535582785e+02 2.593891823638775804e+02 2.582202356965411241e+02 2.596146294283938687e+02
2.603133237792566206e+02 2.610146011671683368e+02 2.600269508691526994e+02 2.610029090533094518e+02
2.645500096991057148e+02 2.651850240070328368e+02 2.635727756837600850e+02 2.649650664890618827e+02
2.515685922625538069e+02 2.513544782929335781e+02 2.505471926163658622e+02 2.519517007394215966e+02
2.570629729102467422e+02 2.565559134525656759e+02 2.558327012442181854e+02 2.568264122659346071e+02
2.587518228148300068e+02 2.591617697998462404e+02 2.584812601223061961e+02 2.598001727241982053e+02
2.598605929804904235e+02 2.605459812308463938e+02 2.590103953082019643e+02 2.613044480012761142e+02
2.585811225367729662e+02 2.589068924881916018e+02 2.580054403721243261e+02 2.589515149114951669e+02
2.579672876642355277e+02 2.585854905792625118e+02 2.573986579678468729e+02 2.583774011306917942e+02
2.562763285677865497e+02 2.566406328748533952e+02 2.555684173942445625e+02 2.566068074463204312e+02
2.569843741838123492e+02 2.572259207491609914e+02 2.567152048775981825e+02 2.576309822924940818e+02
2.612241151579016218e+02 2.611972813639813467e+02 2.605036143749244388e+02 2.610637623019673583e+02
2.612894845114433906e+02 2.621989878103480009e+02 2.598240184581472931e+02 2.625012170392590747e+02
2.833705827459469333e+02 2.840257132715296962e+02 2.808365342478406319e+02 2.845312360256076545e+02
2.758629982122719753e+02 2.777747064110483279e+02 2.745170884819834782e+02 2.772326058510868734e+02
2.588211505254249118e+02 2.597093284261901545e+02 2.592572164542098108e+02 2.595437317355853111e+02
2.566976619703684719e+02 2.568568134475477791e+02 2.562194173696265693e+02 2.575266905769415189e+02
2.639309589461586256e+02 2.642368413390332762e+02 2.624355660306095501e+02 2.648052239317261751e+02
2.941617859542110409e+02 2.956673946303714047e+02 2.937196815193389057e+02 2.945506832295543518e+02
2.657299973539160760e+02 2.653962797987041995e+02 2.646353843872639118e+02 2.662917860884776928e+02
2.606793274934398710e+02 2.613687568902925022e+02 2.598211065240930111e+02 2.612310421170675454e+02
2.637935707967185408e+02 2.642446112212969069e+02 2.624480440335220806e+02 2.648170832367727030e+02
2.579979377112939005e+02 2.577607995535350938e+02 2.576664825764675584e+02 2.580922040611728221e+02
2.702309573031614605e+02 2.703145821870170380e+02 2.689651962879826783e+02 2.713420927725593401e+02
2.597356209256255397e+02 2.601304509486661800e+02 2.591301898683418585e+02 2.603264022677872163e+02
2.585327423341124700e+02 2.584837552730061248e+02 2.582846206849355895e+02 2.583315272121249109e+02
2.600185253320977949e+02 2.603684845473735550e+02 2.584204536199709423e+02 2.602159639760249661e+02
2.574733028458205126e+02 2.575726538198514959e+02 2.569376605556897175e+02 2.581845366011575038e+02
2.584074670255988053e+02 2.588314317209832893e+02 2.577359503922131125e+02 2.588847218328260169e+02
2.648256576226846164e+02 2.652475000210159806e+02 2.637835437021554981e+02 2.656511214250529065e+02
2.625322597477351110e+02 2.620640632936294878e+02 2.604044581847790027e+02 2.629019997746781883e+02
2.595992681801806157e+02 2.598643186910724694e+02 2.588193895155366704e+02 2.604690967237395398e+02
2.801470283265898615e+02 2.797947494562207567e+02 2.774104536636357921e+02 2.799283899194631999e+02
2.785821947063096786e+02 2.783168399865097626e+02 2.763525917651452914e+02 2.794668701771451538e+02
2.756107955060784320e+02 2.756194085965399267e+02 2.734529277620274570e+02 2.760726517535779863e+02
2.636252488269051923e+02 2.631977709249311488e+02 2.609481773268163920e+02 2.638209394633354918e+02
2.644482515193238328e+02 2.647441758481980969e+02 2.636181596018920459e+02 2.648103710330279910e+02
2.563260980074312556e+02 2.566452098689823060e+02 2.544544528967904000e+02 2.563618771429185585e+02
2.658814433548336069e+02 2.666270907817976763e+02 2.654158696041506573e+02 2.670553294901689014e+02
2.810869221986175717e+02 2.803526739422878222e+02 2.785818131997419869e+02 2.807489296459431216e+02
2.865781697501418535e+02 2.867383967416519681e+02 2.844460047343768565e+02 2.876421582276366280e+02
2.595382333819946439e+02 2.599863796706025596e+02 2.597894320793699308e+02 2.599456868675226247e+02
2.966336508773512151e+02 2.960492881704410593e+02 2.952432025749560580e+02 2.967014898212541425e+02
2.670690505545766200e+02 2.677754864604642080e+02 2.655896031211375430e+02 2.672294960899662328e+02
3.050726436761283935e+02 3.040218168916732679e+02 3.035176481705212268e+02 3.030492607074817784e+02
2.657633505742109605e+02 2.662547919156596663e+02 2.640185418872126775e+02 2.665334138923731757e+02
2.556745200615551994e+02 2.560209790213852443e+02 2.550653594041835106e+02 2.558569770857718311e+02
2.539392789838345550e+02 2.536341615746578668e+02 2.531751771745628901e+02 2.536476521192232951e+02
2.566340057758523585e+02 2.565925044977508378e+02 2.559092181716895595e+02 2.567693053571666724e+02
2.658154296197437816e+02 2.663694565367325140e+02 2.644654498637267466e+02 2.664434050798079738e+02
2.624858753680607606e+02 2.628243143890674105e+02 2.619989190615816597e+02 2.631309661165800549e+02
2.719362526133292022e+02 2.725800786647531027e+02 2.703984006038523376e+02 2.739059099479873680e+02
2.658727933267580283e+02 2.662898340805888324e+02 2.638552827083439638e+02 2.665689355674194871e+02
2.737556087839599286e+02 2.735263074343191647e+02 2.712880440773105875e+02 2.728998690133662421e+02
2.644403874262823706e+02 2.654057948474514319e+02 2.638898208515522583e+02 2.652957015392869948e+02
2.541538571687108856e+02 2.544640293057531437e+02 2.531196471182683183e+02 2.544807581383904562e+02
2.653697920367733332e+02 2.664233712081511953e+02 2.644000215893519794e+02 2.660411901923205278e+02
2.602748384760706131e+02 2.602615156182408214e+02 2.588231744899853197e+02 2.600796318741453206e+02
2.633333285220658126e+02 2.632658442651397195e+02 2.619755441586720508e+02 2.638533608331067057e+02
2.709209055846909564e+02 2.706950586493485389e+02 2.686018871995443078e+02 2.707881243843119705e+02
2.616974471703144900e+02 2.613246740495807217e+02 2.608093243221366606e+02 2.621990290704038671e+02
2.963529643396100823e+02 2.958871478358546483e+02 2.931807401431496487e+02 2.955201281423168780e+02
2.604789546701156269e+02 2.604728917280202722e+02 2.595805863653179699e+02 2.614147517297766399e+02
2.644183766961709239e+02 2.648632691128100305e+02 2.630715367814912042e+02 2.652685617497058956e+02
2.706701322617284973e+02 2.712411088275897555e+02 2.697108529028462272e+02 2.716580513594092849e+02
2.912902371096488423e+02 2.922178312355432581e+02 2.908597875050954258e+02 2.920821322340707411e+02
2.928726301996200618e+02 2.937070953142454641e+02 2.916503101326715068e+02 2.923599540487255695e+02
2.769526010396146489e+02 2.775001097838670603e+02 2.745603066500912632e+02 2.775012879437666129e+02
2.517699664682347702e+02 2.525789366220220984e+02 2.513317384289487677e+02 2.523870165115733073e+02
2.568073326128433678e+02 2.568968517849693853e+02 2.557413118694376237e+02 2.572843773256801114e+02
2.776148334459450666e+02 2.779593599676559279e+02 2.758204979034146618e+02 2.776485260334442273e+02
2.601336024453626123e+02 2.600059894779135448e+02 2.593217513755611776e+02 2.610260503458029575e+02
2.633812895928465991e+02 2.636416085507397611e+02 2.617956735759635762e+02 2.639714218671925323e+02
2.577720819543736184e+02 2.584026690533081592e+02 2.571911684015556148e+02 2.579310289286995044e+02
2.816603166214146654e+02 2.834841278542911027e+02 2.806338017768115378e+02 2.821900386204691813e+02
2.619900836097284582e+02 2.619490310040448549e+02 2.622619781551401275e+02 2.621721011923615379e+02
2.607147338179186136e+02 2.607583002729330701e+02 2.601088618703677753e+02 2.611217685377331463e+02
2.569299445562537016e+02 2.567952292602269608e+02 2.559736523116598619e+02 2.567357620483195433e+02
2.547309440273038206e+02 2.546150760979880658e+02 2.535129706008044650e+02 2.551040229040842462e+02
3.045427744628756841e+02 3.052764883336209323e+02 3.047177771857102471e+02 3.040995353878586229e+02
2.580533909221426825e+02 2.578370197408143554e+02 2.571204824342690927e+02 2.580330651756850671e+02
2.600291698049634874e+02 2.603980687939621248e+02 2.591819270071683263e+02 2.605577044754081726e+02
2.572596530954410241e+02 2.580349460679755111e+02 2.565396323511164383e+02 2.578336280644509770e+02
2.645059650989216493e+02 2.646351023233448814e+02 2.636375663327397092e+02 2.642067960817175845e+02
2.637413383202513160e+02 2.649534825076829634e+02 2.631657796768145090e+02 2.643126631651893490e+02
2.578599485594696148e+02 2.576120712500683112e+02 2.574693753157694687e+02 2.576493080076435831e+02
2.547563041612385462e+02 2.548425196268615309e+02 2.539781999377111674e+02 2.553062335467537878e+02
2.612731887222899445e+02 2.620971705469555104e+02 2.596619890134831508e+02 2.618422137909208232e+02
2.609115823542163071e+02 2.603125619799226911e+02 2.590317478415532264e+02 2.611317034104907862e+02
2.570031308108157191e+02 2.570031469429338244e+02 2.567652108502169881e+02 2.573125589270278510e+02
2.588225466718786834e+02 2.587120054977271479e+02 2.584336699963458841e+02 2.587713629331182119e+02
2.614007133984437701e+02 2.618410311979298513e+02 2.609484233655255707e+02 2.611322909902556830e+02
2.606070042879999846e+02 2.610571678153896755e+02 2.605120073710864972e+02 2.608861327241364165e+02
2.556209071484830986e+02 2.556568506856157228e+02 2.548012387841347959e+02 2.555660716356641728e+02
3.007547319514532660e+02 3.003505854414726173e+02 2.986375434304205783e+02 3.002716153785241318e+02
2.605943599059989992e+02 2.613305774745325607e+02 2.602648426538822264e+02 2.614521483887534146e+02
2.627485892454373015e+02 2.625940906799443155e+02 2.616859413095556306e+02 2.631683707577544737e+02
2.619889243588914383e+02 2.622171462632951489e+02 2.607649174590968641e+02 2.621717842314786253e+02
2.561769200590900368e+02 2.565650275962405544e+02 2.561779665431124613e+02 2.575260529471705695e+02
2.588777072117966327e+02 2.584548820294395455e+02 2.579262180274154730e+02 2.588889075041261663e+02
2.787891690023082560e+02 2.801970173701844828e+02 2.773651940260781430e+02 2.794007549460849305e+02
2.742107331932124907e+02 2.743034563402350159e+02 2.723725419602779425e+02 2.745620048444494046e+02
2.545979673120381221e+02 2.546008180490611323e+02 2.532737895324505359e+02 2.547910872489971723e+02
2.633665765442481188e+02 2.640811282999779337e+02 2.626445000849765847e+02 2.642225639911033568e+02
2.705355658738902775e+02 2.715932286892551701e+02 2.691299592730720747e+02 2.720250661141353703e+02
2.660875781760115046e+02 2.669466037499603885e+02 2.655229379560068423e+02 2.665591133954006295e+02
2.717332143530942972e+02 2.730022920593142430e+02 2.708202116800466115e+02 2.728082378835850363e+02
2.563557179107421575e+02 2.565408815464418808e+02 2.554818471108894471e+02 2.568955171750157547e+02
2.637368009157971755e+02 2.641980719494786740e+02 2.639598024583161759e+02 2.643673217230539763e+02
2.636775714495747707e+02 2.638380508392829142e+02 2.629471285236594440e+02 2.639155584039814357e+02
2.624901391586035402e+02 2.626467876007716313e+02 2.606352286760981656e+02 2.625090646185654464e+02
2.638721638084828669e+02 2.639195909102137989e+02 2.619173719240544642e+02 2.642425371648546388e+02
2.625275769973985120e+02 2.627486592871725293e+02 2.609890647212565113e+02 2.632061587148065769e+02
2.545354914093177570e+02 2.547599879183344171e+02 2.539689437713871882e+02 2.547997737747012366e+02
2.763586747862472635e+02 2.771063566372499167e+02 2.743948560276261333e+02 2.770578448176270285e+02
2.678036823096146009e+02 2.679504104501932034e+02 2.663168435658661224e+02 2.686785343515459203e+02
3.057522940665150486e+02 3.054924021417705831e+02 3.066344792812616333e+02 3.072240091096220453e+02
2.602186114878903140e+02 2.600866842857431038e+02 2.593533250597705546e+02 2.606877044279049187e+02
2.761800268866412580e+02 2.774356446269762273e+02 2.750355005566548243e+02 2.765815404740571353e+02
2.563684204076897686e+02 2.563376626026091571e+02 2.559578508739617746e+02 2.566716258988530512e+02
2.586486474189097748e+02 2.583296257634515314e+02 2.576358887201075731e+02 2.589784542634665172e+02
2.586087142050648140e+02 2.592015584545288789e+02 2.580900643488919854e+02 2.590209906607239532e+02
2.930029258316750997e+02 2.933817083856985164e+02 2.912189240519757618e+02 2.925599124143789709e+02
2.616097984606391833e+02 2.619433729690312589e+02 2.615483504629119693e+02 2.622046973740614249e+02
2.639576035019989035e+02 2.639864571073495654e+02 2.626384395710778676e+02 2.642127913528148611e+02
2.528821020793688490e+02 2.529315975336190832e+02 2.517673351624335965e+02 2.534164582444494727e+02
2.574490716073847238e+02 2.582653028063522243e+02 2.568175926591445091e+02 2.581791071640798236e+02
2.601211841337844817e+02 2.602630690277196663e+02 2.598919156126153780e+02 2.601386025983696300e+02
2.766724701107005444e+02 2.768921945615003892e+02 2.752413036252154370e+02 2.774074885961107952e+02
2.638142010032574944e+02 2.641857442319318352e+02 2.636267740598227647e+02 2.643439931821206983e+02
3.034670443893182892e+02 3.024824843594576578e+02 3.029502240869519483e+02 3.031913207747909951e+02
2.706439800874014736e+02 2.706742422268097812e+02 2.689712857183320125e+02 2.714450622812108804e+02
2.618107565772934890e+02 2.622497883965083929e+02 2.608293470457323338e+02 2.623208823274115389e+02
2.684809942851306346e+02 2.678349437506203685e+02 2.652022372830062977e+02 2.676090293962096212e+02
2.536329646454682347e+02 2.539959677813362191e+02 2.529612030593463032e+02 2.541220939593629282e+02
2.597892869803471285e+02 2.600492685521384146e+02 2.581816870182505568e+02 2.604790805995053802e+02
2.640036500707229834e+02 2.648942558233195541e+02 2.627359891750917882e+02 2.648619497270657916e+02
2.886685453955201410e+02 2.895864197955850727e+02 2.871075870800979715e+02 2.877084979635845343e+02
2.547198489589825954e+02 2.554215346376687421e+02 2.544358594693629811e+02 2.551217665428865473e+02
2.588623208537231335e+02 2.588145345851131651e+02 2.583302074350377779e+02 2.590441315551479988e+02
2.588680612650417743e+02 2.587271246750508453e+02 2.574630727316156822e+02 2.589295574736528920e+02
2.708639671172180101e+02 2.708861212575870923e+02 2.684611605803078760e+02 2.709278548088466323e+02
2.612461634709258647e+02 2.613148249841915458e+02 2.598497824070672095e+02 2.617675698576011314e+02
2.893597778719371831e+02 2.891115632476760311e+02 2.857378751511920427e+02 2.888932586250849681e+02
2.573119611060832312e+02 2.572584963376543783e+02 2.565601186077554985e+02 2.571029167605769885e+02
2.573200576582179906e+02 2.571738055174969872e+02 2.569772051107150901e+02 2.572985737483525668e+02
3.006320418832547148e+02 3.001101677769206049e+02 2.995094060537056748e+02 2.990234599712721320e+02
2.780526003321303961e+02 2.780991268331470110e+02 2.772383582795949337e+02 2.789821376073275019e+02
2.957029113684598656e+02 2.967580607104923729e+02 2.952318248817005610e+02 2.960185277236040520e+02
2.580268807743830166e+02 2.584868728088591183e+02 2.572836440850181816e+02 2.584532461759908983e+02
2.752952401919540648e+02 2.756100400239167243e+02 2.737556924816008177e+02 2.756344771940285909e+02
2.619526931625060229e+02 2.621430092920381298e+02 2.605964330816957499e+02 2.615757901661657456e+02
2.640977905176605987e+02 2.645038579612946137e+02 2.633074840427448180e+02 2.646622406377419452e+02
2.980461946231322372e+02 2.998366879608508384e+02 2.981940074777071459e+02 2.987248327210913885e+02
2.584206916292965843e+02 2.580227202843340706e+02 2.575780056962497611e+02 2.586833020840600739e+02
2.613728576601084796e+02 2.614895675827637547e+02 2.599805266812169862e+02 2.617119635807696341e+02
2.578041918740187839e+02 2.582704168295105660e+02 2.577210270640430849e+02 2.581736595958819862e+02
2.614848360959136926e+02 2.618648070899649269e+02 2.601279234175615329e+02 2.623301845745280048e+02
2.543625800025913861e+02 2.543163392736232424e+02 2.535560679474580468e+02 2.549620506148632728e+02
2.579530661759308714e+02 2.585506390125798362e+02 2.572246190694194752e+02 2.581379138053669067e+02
2.564026316526188793e+02 2.569940719817902277e+02 2.557820319025447589e+02 2.568974572601441082e+02
2.713251440039697400e+02 2.708675662354465317e+02 2.698811756264139490e+02 2.705261752934425203e+02
2.587706619422542644e+02 2.589607804158407589e+02 2.582311302664237473e+02 2.584839397826569893e+02
2.580942946233632256e+02 2.581668806739602360e+02 2.575397892763156165e+02 2.575289761609644756e+02
2.587649439743125868e+02 2.582406073067911052e+02 2.579049868838612269e+02 2.590664680458735347e+02
2.667466952833669325e+02 2.664814976653287317e+02 2.647218200788431091e+02 2.668579989118438220e+02
2.777913919565245351e+02 2.775685279486464765e+02 2.758443051958057026e+02 2.784382801375603549e+02
2.758554090567315598e+02 2.774423923063926054e+02 2.735907942468057286e+02 2.766814209151664841e+02
2.630272044039691650e+02 2.628877283500654016e+02 2.615994554694253225e+02 2.624564683001692629e+02
2.590688059422056995e+02 2.585673596106320247e+02 2.580067089973979932e+02 2.591855293588684503e+02
2.564365120273396883e+02 2.561385461633030332e+02 2.558936035560845141e+02 2.569239103388485432e+02
2.761151533863838381e+02 2.768102483519083421e+02 2.742026745550647888e+02 2.764442179648896172e+02
2.684673182523791866e+02 2.688263843316861994e+02 2.680226272207319198e+02 2.684696332360472297e+02
2.683250988601438394e+02 2.677622477256426805e+02 2.652017914100467806e+02 2.686671583490385160e+02
2.683628932113610972e+02 2.688328128733303402e+02 2.674477684871562246e+02 2.688773012598401806e+02
2.606596430957666826e+02 2.608669042656497936e+02 2.606376573126445919e+02 2.615474507874050687e+02
2.661692188709305356e+02 2.665838102385808952e+02 2.649196872944397683e+02 2.667675279831991588e+02
2.958607621353913828e+02 2.964882815620302381e+02 2.940946597958400730e+02 2.960157942296692681e+02
2.710061376950225167e+02 2.729886935321327428e+02 2.694144663983988153e+02 2.720643367338793155e+02
2.548909016928434426e+02 2.547496566684213235e+02 2.534589554578775221e+02 2.555255286864432946e+02
2.636230697236916853e+02 2.646902229675138187e+02 2.624315374376165551e+02 2.643269284563162955e+02
2.542301297251462131e+02 2.548974552953073669e+02 2.536735969977517300e+02 2.544238160024630417e+02
2.714984418332017526e+02 2.721717907495637405e+02 2.695286901451086692e+02 2.714265003191597430e+02
2.594828835546664436e+02 2.590766509803660824e+02 2.580850414318846333e+02 2.592539714081552802e+02
2.564793041112067726e+02 2.569953903399813839e+02 2.564418743350611294e+02 2.571749428218092817e+02
2.551210992495193750e+02 2.550304486343854364e+02 2.544762199762578803e+02 2.551221146901811778e+02
2.830544806699836045e+02 2.834229023869371531e+02 2.814106740106886377e+02 2.840464886050141899e+02
2.651589619815721335e+02 2.661104392444365203e+02 2.645480807932017910e+02 2.662011660078288742e+02
2.776055288426210836e+02 2.776103098869230053e+02 2.758630719402260070e+02 2.772992961548262656e+02
2.742887717476599505e+02 2.750653437867377988e+02 2.715513093690063329e+02 2.749633060071582236e+02
2.572308949970118306e+02 2.572806820957345053e+02 2.559327840069611568e+02 2.573743443470295347e+02
2.566089699888132145e+02 2.572563663756832284e+02 2.563907213117300898e+02 2.567455032344835786e+02
2.636335247446687049e+02 2.641854883523022863e+02 2.624234750166949084e+02 2.644475829048128048e+02
2.605125033875772829e+02 2.613649060401800170e+02 2.595905400396220557e+02 2.613518167507552334e+02
2.762537988872703636e+02 2.767436923034584311e+02 2.740264897008611342e+02 2.772407452875728495e+02
2.638712126303694845e+02 2.642867635779318789e+02 2.636101280528956181e+02 2.639937035229964408e+02
2.606849378058679463e+02 2.604179134253625421e+02 2.594323495622520568e+02 2.609175959090803758e+02
2.576037711236323275e+02 2.577593469422364478e+02 2.561665516940360590e+02 2.578631529044594117e+02
2.590857475747702665e+02 2.591040925825151362e+02 2.581937861672393524e+02 2.587759339810559140e+02
2.582646537646035654e+02 2.584075594431311060e+02 2.575261165160433166e+02 2.582509574015109592e+02
2.560797580408983549e+02 2.563203959468612538e+02 2.554427489295347300e+02 2.565708264847126543e+02
2.664504645524299349e+02 2.667499250800505024e+02 2.656679341546310980e+02 2.666493528861516893e+02
2.609472109902521879e+02 2.618716059708870603e+02 2.602467140189554584e+02 2.615829680326972380e+02
2.580006042811189673e+02 2.589499320895693586e+02 2.579665757191507396e+02 2.591502162108395169e+02
2.705272044540237744e+02 2.702499096101549299e+02 2.692750598772025796e+02 2.711314474467355353e+02
2.895547723934079158e+02 2.897812240107892876e+02 2.873503032845345615e+02 2.883780077863083307e+02
2.838803237224153690e+02 2.856311434742359552e+02 2.818899123183011852e+02 2.833222252075951815e+02
2.665715097529397326e+02 2.670326931008223141e+02 2.656528080059456443e+02 2.674011309567808894e+02
2.702198712851000550e+02 2.711165128442752916e+02 2.686138132619362864e+02 2.705196093884333663e+02
2.576685718633896727e+02 2.570218156870395205e+02 2.566586868421046006e+02 2.574638148288941011e+02
2.721040877765005348e+02 2.722080947394247801e+02 2.709537226769585914e+02 2.722495650443508453e+02
2.581166019161840381e+02 2.581595679275533257e+02 2.573487182560762108e+02 2.586593333652984370e+02
2.583899312725973232e+02 2.595844253757280740e+02 2.575698390556800064e+02 2.590133307109107363e+02
2.550328605019006716e+02 2.544951664674584322e+02 2.537269897197733428e+02 2.551409399823193098e+02
2.617049551566899481e+02 2.621545649299783349e+02 2.619318784081434615e+02 2.634159189079833823e+02
2.653710890113176788e+02 2.650410444368362164e+02 2.641873362829566076e+02 2.652211017635865460e+02
2.572915952974072411e+02 2.573026380111733147e+02 2.560294302415229595e+02 2.578719330573726438e+02
2.720838388855726180e+02 2.723659014071995443e+02 2.703206517221200329e+02 2.722712758081364086e+02
2.773811919272384330e+02 2.781857875091179721e+02 2.759546886581221088e+02 2.779922707220744087e+02
2.665763300193824534e+02 2.672878277239744307e+02 2.663703410462590568e+02 2.677562982800718032e+02
2.573326167536166622e+02 2.581694005958044613e+02 2.562820046053070655e+02 2.586687025883305751e+02
2.686872226016062086e+02 2.685558108798118155e+02 2.666640407286139975e+02 2.684723102332319513e+02
2.575326771555534151e+02 2.573514206230118475e+02 2.556052002475517497e+02 2.575692634051782761e+02
2.551246956037495295e+02 2.556569425446165269e+02 2.549501046451306649e+02 2.556272843728428086e+02
2.584284775183057832e+02 2.592358180313939329e+02 2.580591972094850348e+02 2.591027217954576258e+02
2.648889579826006297e+02 2.655681941404438362e+02 2.633760170014089113e+02 2.656823673003569297e+02
2.574031788354279797e+02 2.580195832906375699e+02 2.563945343849899814e+02 2.580194472734970077e+02
2.659136715707849703e+02 2.667637266873024942e+02 2.644410914088650202e+02 2.660351271414343159e+02
2.764082189491380177e+02 2.767803731404873133e+02 2.748903419362609384e+02 2.763667155717798209e+02
2.732230052718869047e+02 2.738240001582830132e+02 2.716305934675088452e+02 2.737642802843979553e+02
2.654632163350483438e+02 2.661834765073824656e+02 2.642216865797128094e+02 2.663176510289497401e+02
2.554445506022621544e+02 2.556764139088684828e+02 2.534027807004611930e+02 2.560593910016089580e+02
2.590267122785078868e+02 2.593546880936458479e+02 2.585007775207999998e+02 2.594728557571698957e+02
2.600340167322469824e+02 2.603161618274392026e+02 2.588021621002692427e+02 2.606433901336316694e+02
2.575676305384947682e+02 2.575612740737798276e+02 2.570170904098350775e+02 2.574318657810911191e+02
2.593015800711440875e+02 2.589581641692474818e+02 2.572843435858302428e+02 2.596421627288346485e+02
2.601926714526404680e+02 2.602250687095017270e+02 2.594580679118770945e+02 2.611459231494226856e+02
2.610046511041471717e+02 2.610764430167170076e+02 2.604779555325204683e+02 2.611722058187084485e+02
2.949014160078929194e+02 2.936480956076925963e+02 2.918318606411772294e+02 2.951658360745722121e+02
2.597737776331249506e+02 2.597849534417297264e+02 2.584661363804613643e+02 2.603286054176207927e+02
2.712069244639449153e+02 2.702168200709415373e+02 2.686135576654513102e+02 2.712405702947883128e+02
2.607277491108206391e+02 2.608696845471840788e+02 2.591736299132149384e+02 2.613991772470017168e+02
2.961294578887776652e+02 2.970810091367627024e+02 2.947363295101259837e+02 2.964507707706532642e+02
2.585603094178716788e+02 2.583642685725241677e+02 2.580216693233832075e+02 2.586742389488036906e+02
2.636945332431878910e+02 2.636037679349649352e+02 2.629040308418216796e+02 2.642951417188321557e+02
3.040638080581154554e+02 3.036129033883697161e+02 3.033872031283883075e+02 3.027403351003521834e+02
2.585250338345649652e+02 2.587463300101647974e+02 2.580499332479349164e+02 2.596538373074832862e+02
3.032428005779786417e+02 3.037656084328015140e+02 3.028682847473511970e+02 3.027685075315085896e+02
2.656259284741460078e+02 2.654597185964285586e+02 2.648228067409853566e+02 2.660036436578704411e+02
2.702746072498330818e+02 2.705601511207966041e+02 2.674487395538537839e+02 2.699132029420563299e+02
2.576487523445505303e+02 2.584357963377876217e+02 2.572854554485044218e+02 2.583777238893478625e+02
2.559483987350445489e+02 2.554735321961332772e+02 2.553746717457274826e+02 2.558189505259213377e+02
2.615221628192300045e+02 2.622630516893798358e+02 2.595519494833129102e+02 2.631488210032786128e+02
2.639768094895345030e+02 2.637540808099691958e+02 2.629860416090600665e+02 2.642977366200806273e+02
2.620545277066043468e+02 2.623406712844681579e+02 2.608951671349775552e+02 2.623003634958562884e+02
2.615819803562329753e+02 2.619120684331968505e+02 2.606480874133702628e+02 2.615967619438116003e+02
2.632777267028810684e+02 2.635668582768970509e+02 2.617840241955078113e+02 2.635539596086277925e+02
2.584284352186195974e+02 2.588106456003802123e+02 2.585492627144254243e+02 2.591806692403588386e+02
2.635662140106657034e+02 2.641506604525487774e+02 2.616004954687591066e+02 2.640134768894662898e+02
2.639416550638990770e+02 2.647068610985983810e+02 2.628380536015420148e+02 2.643592398100406058e+02
2.696725603653727603e+02 2.701818369623770764e+02 2.674388177512562379e+02 2.696467375646126925e+02
2.721638127980764921e+02 2.732816027160070007e+02 2.702565224264004655e+02 2.725113943970036985e+02
2.712637506005706882e+02 2.710568924828945114e+02 2.693972557926729792e+02 2.714989493752785847e+02
2.663595184913104958e+02 2.661905919429930236e+02 2.650700035226101932e+02 2.671502646808426107e+02
2.756541570912109478e+02 2.764930923712898334e+02 2.744964883677517378e+02 2.764842416829346234e+02
2.578303926329879232e+02 2.579934582701338854e+02 2.564954833497095592e+02 2.579101066663106963e+02
2.606429489609540155e+02 2.611974351717003628e+02 2.602391770509752291e+02 2.608299746760540074e+02
2.556448722108027596e+02 2.559904028383068351e+02 2.545194945114625682e+02 2.563261679327332558e+02
2.623677145200646237e+02 2.627058622313871865e+02 2.611098209196686639e+02 2.629035662634129835e+02
2.584612666501262765e+02 2.590793524385761657e+02 2.577330062291635500e+02 2.583909298920035553e+02
2.643521894674822192e+02 2.642127519053354376e+02 2.615190959920770410e+02 2.651795453448434046e+02
2.585564101209272394e+02 2.588329709234420761e+02 2.578771310456975243e+02 2.588001981845919772e+02
2.703082938539653242e+02 2.702295650174990556e+02 2.684490614994520001e+02 2.702386903601848758e+02
2.590881936282263496e+02 2.587348582115017166e+02 2.581606054407853890e+02 2.590135901369056910e+02
2.633512253355899020e+02 2.641983193049364331e+02 2.619599329174732247e+02 2.638705008078591163e+02
2.593933983018023355e+02 2.592811874790245383e+02 2.589745279140853995e+02 2.596615741641043655e+02
2.661264678463818427e+02 2.665734084778761712e+02 2.626687452036155719e+02 2.673866415094210538e+02
2.558255794918698882e+02 2.559846808837439482e+02 2.553719543260162368e+02 2.562112301472425884e+02
2.590376206664607821e+02 2.587410195279971958e+02 2.584274875494149910e+02 2.585239035965321932e+02
2.553966960278513625e+02 2.558023572032075208e+02 2.544879392909320188e+02 2.561049481683001545e+02
2.628255471620142316e+02 2.627432018262026645e+02 2.618192892118881332e+02 2.635473878810922770e+02
2.550134410986663056e+02 2.550102192412028330e+02 2.542281515918545267e+02 2.554979896514114159e+02
2.968550741124637966e+02 2.974062663676842249e+02 2.942662741820899441e+02 2.967103340172042181e+02
2.676431119767723317e+02 2.681977772677442999e+02 2.665121629418298994e+02 2.680330496625140881e+02
2.605985338171932426e+02 2.609671200890786622e+02 2.590878543403368326e+02 2.607779626541183688e+02
2.624901009732139414e+02 2.623060259940170909e+02 2.617739709929315381e+02 2.626915169584044634e+02
2.526103563842671633e+02 2.532991420026355058e+02 2.522418531921965723e+02 2.539992625044915826e+02
2.811305641470397063e+02 2.815242484312195188e+02 2.784387582725343009e+02 2.811091071960232171e+02
2.534920983413646525e+02 2.539246270386002493e+02 2.525558526999237472e+02 2.539555211863115574e+02
2.588995553800840526e+02 2.585797025241283791e+02 2.583251869274055821e+02 2.593732461716490434e+02
2.541503204136424756e+02 2.543722281089981436e+02 2.527860725265767314e+02 2.543546847066926944e+02
2.612995240371510590e+02 2.616833766999878321e+02 2.598884824362556856e+02 2.607598472617482912e+02
2.672349812169299526e+02 2.675854409107004130e+02 2.652179317633180062e+02 2.675674152852320162e+02
