2.651938079926741807e+02 2.654271549180952547e+02 2.645011112699655769e+02 2.655958133058935573e+02
2.623434718709050912e+02 2.625828344053977617e+02 2.618460239141331840e+02 2.627315821013044683e+02
2.571448513420978657e+02 2.571988309605790164e+02 2.566309796199496418e+02 2.573322435990442614e+02
2.641276191962720645e+02 2.638082453646258045e+02 2.635478811592566331e+02 2.637283863701643440e+02
2.578669495162083649e+02 2.581681766204310975e+02 2.574867130302699252e+02 2.580774302714776809e+02
2.664630657537395564e+02 2.663538040078081508e+02 2.650125707912234247e+02 2.660008038481197445e+02
2.581444225708466433e+02 2.579530031457958330e+02 2.578762842179581867e+02 2.581423794930675513e+02
2.659890259927520333e+02 2.654055153681634351e+02 2.650351720262494268e+02 2.659203328197647238e+02
2.638361346525392150e+02 2.638503736428290836e+02 2.631176287093919086e+02 2.642349589425595013e+02
2.604833428820635959e+02 2.607371847889175456e+02 2.600766072588050406e+02 2.601045939177669766e+02
2.986687369670227099e+02 2.984940856891976750e+02 2.965279343454942023e+02 2.974277570422107715e+02
2.708053144054343306e+02 2.713581449806351316e+02 2.690046221393679389e+02 2.708613863880637496e+02
2.582827012906273012e+02 2.582173065109261074e+02 2.570137547205851547e+02 2.585698150916824147e+02
2.693456053782459776e+02 2.694882300609675667e+02 2.674336695330971452e+02 2.694568777816091369e+02
2.608839723914619526e+02 2.603986364305595771e+02 2.600724142156346375e+02 2.609488304965566954e+02
2.603155759135106564e+02 2.601466446956441132e+02 2.598255692512424844e+02 2.605389066725735461e+02
2.979143049264679917e+02 2.992435015219114689e+02 2.975230876467016969e+02 2.980444134474665248e+02
2.592346547675948045e+02 2.597820538953757250e+02 2.587449145117089415e+02 2.596995632706828587e+02
2.768935838304153094e+02 2.760999739222245353e+02 2.749896813459679947e+02 2.764298994939392173e+02
2.618696653944618902e+02 2.621143282662106344e+02 2.621508325832049877e+02 2.618735966031988482e+02
2.567114052197438241e+02 2.567608980216151622e+02 2.562973764493448812e+02 2.567749760462405106e+02
2.598994142816936233e+02 2.600145854399387417e+02 2.595524207749577954e+02 2.598651357925610910e+02
2.797880545642106540e+02 2.797041436804237833e+02 2.775486626113512330e+02 2.800977051226888079e+02
2.637660086992712536e+02 2.636588211037183100e+02 2.629508928520304494e+02 2.634058367102940110e+02
2.752332933870701481e+02 2.764525743327653799e+02 2.735315780387942937e+02 2.770273520750787384e+02
2.715672793239348266e+02 2.706318884926284341e+02 2.694761081968825351e+02 2.720045931973965594e+02
2.801273227554245864e+02 2.806196658686739056e+02 2.768240071218505136e+02 2.798510135199052229e+02
2.582954429207935618e+02 2.589037580351312045e+02 2.577226100407938247e+02 2.591129771671010644e+02
2.587936503648899702e+02 2.589722712625568306e+02 2.580514101358017456e+02 2.590631132453540886e+02
2.763309443545003887e+02 2.763523417812610887e+02 2.742534014164191944e+02 2.766016462150496409e+02
2.639734295109814752e+02 2.640106546389080791e+02 2.639397592472835754e+02 2.642387401364957782e+02
2.606955695413813601e+02 2.614307040586404014e+02 2.595895698081250202e+02 2.613621502372726013e+02
2.739493343075724283e+02 2.747153164865797521e+02 2.716383228416635234e+02 2.738358174466614514e+02
2.587326769425393991e+02 2.586700664566392902e+02 2.569810603770351349e+02 2.584064449208180463e+02
2.634319970373189221e+02 2.638685039966642876e+02 2.622183916971846998e+02 2.639291470176151506e+02
2.734247773177260115e+02 2.735159274914592515e+02 2.715159156960380074e+02 2.747010236374441661e+02
2.617955257789706707e+02 2.618123972037500948e+02 2.608701030057333696e+02 2.621468028989974641e+02
2.561697773963371674e+02 2.561152149030803571e+02 2.557014767573662368e+02 2.566593340298239241e+02
2.689862659485066274e+02 2.694559857604551212e+02 2.677148146161026148e+02 2.698679724321873437e+02
2.565810849234674151e+02 2.565837878976760180e+02 2.560834911074418869e+02 2.573228402591866484e+02
2.698100084968809256e+02 2.700248744018801403e+02 2.686725462377396525e+02 2.698523126695536121e+02
2.673815257868794788e+02 2.671277307582663525e+02 2.662611361179885421e+02 2.675201681196951427e+02
2.750879031898546145e+02 2.754111987936510673e+02 2.731162150603628902e+02 2.758828227424716601e+02
2.568987610109632556e+02 2.567786425159527539e+02 2.563329128123569944e+02 2.569325825929794291e+02
2.629085612509224461e+02 2.627122741010637696e+02 2.628598896555636202e+02 2.626715287486974262e+02
2.581472921513403094e+02 2.573490155101207506e+02 2.575058616557222422e+02 2.577404644447230453e+02
2.574173965229641681e+02 2.571829459395150366e+02 2.568323300685502204e+02 2.571410113662450385e+02
2.726428159342046911e+02 2.726145883765750000e+02 2.712147444947952977e+02 2.724820500760210393e+02
2.615929756462655860e+02 2.617697198561567120e+02 2.608323981304499171e+02 2.615578680592378191e+02
2.591481201832927468e+02 2.587290186554312754e+02 2.588088851640516737e+02 2.586588041874637725e+02
2.596112967431620291e+02 2.593895039795292519e+02 2.591856025690095748e+02 2.593849506198162089e+02
2.609988928583225629e+02 2.614815283492626463e+02 2.601356385100697821e+02 2.612196418856264586e+02
3.012853126969505411e+02 3.021193564684170951e+02 3.015398932045557672e+02 3.012379364972385360e+02
2.624001498999214164e+02 2.628353741631884759e+02 2.620740299225065542e+02 2.629624152362564473e+02
2.802840372471370642e+02 2.805503839413772766e+02 2.776117164812557121e+02 2.793808956040284102e+02
2.640319885518194951e+02 2.643653855222641482e+02 2.633613812608653575e+02 2.649858401045498795e+02
2.679811958649024746e+02 2.681782605244890760e+02 2.668188360526974066e+02 2.687220783141204379e+02
2.603244250008439735e+02 2.610567292952226808e+02 2.596551865141846633e+02 2.609712961994171110e+02
2.970944459860154439e+02 2.974250370510294488e+02 2.961880403749010497e+02 2.967492224721544858e+02
2.877376159987874189e+02 2.883275681604067131e+02 2.865232787636156786e+02 2.881684981479050407e+02
2.599789451970247001e+02 2.606872456137501786e+02 2.599259100326261205e+02 2.602466957834017194e+02
2.661587640353976667e+02 2.669936512160635971e+02 2.642252366893592921e+02 2.664465722416084645e+02
2.603145512221764761e+02 2.604935996904773674e+02 2.600831591866481745e+02 2.601275509874548106e+02
2.690968696526329609e+02 2.697095078205204572e+02 2.676558720096090269e+02 2.694501508648016284e+02
2.715497622769496502e+02 2.707263032221554226e+02 2.688640785324950571e+02 2.715329911519496591e+02
2.714880092132643199e+02 2.715588373105208575e+02 2.699335339030419618e+02 2.717993685846824974e+02
2.601861703582931113e+02 2.607718745175926074e+02 2.591295196049440506e+02 2.605083872866949832e+02
2.655623239536074038e+02 2.660435688832849337e+02 2.651232172949133883e+02 2.659581431570853738e+02
2.613803326821176825e+02 2.610287392450568973e+02 2.608694938359935804e+02 2.616152636743940434e+02
2.905066299345416496e+02 2.901424212608274615e+02 2.889424174916359220e+02 2.898703230989819417e+02
2.683600098268292413e+02 2.688134115964583657e+02 2.674028405305694491e+02 2.693617475728251520e+02
2.917438440717795629e+02 2.927451979632070902e+02 2.899351090257584360e+02 2.911274109218529702e+02
2.580990041391594332e+02 2.581066451120341299e+02 2.569185012783544835e+02 2.581883017502560165e+02
2.678934934543133863e+02 2.680552063163625576e+02 2.660092598829419330e+02 2.684978273860355671e+02
2.704331140135712417e+02 2.712583266973276750e+02 2.695646768564291733e+02 2.711691032078148282e+02
2.629628643319264825e+02 2.631938324278863774e+02 2.617238695769163996e+02 2.633402796384054909e+02
2.628301317780960744e+02 2.630299359395902457e+02 2.620856805369863878e+02 2.626913301245347157e+02
2.646378651191096196e+02 2.653587421816366714e+02 2.643742215119467005e+02 2.652429411988943571e+02
2.726972678002036901e+02 2.728975873903661977e+02 2.711778980888942101e+02 2.723578371592091116e+02
2.561779090103861449e+02 2.559283458249869057e+02 2.556777040547877675e+02 2.556033588216176327e+02
2.623077246754118050e+02 2.620511957686882170e+02 2.619362709105378144e+02 2.626117731368298678e+02
2.562426852379875868e+02 2.565526580643651755e+02 2.562980236560435969e+02 2.572494105278781262e+02
2.677375499592353663e+02 2.667935641510368896e+02 2.655618380223717168e+02 2.668970688744371955e+02
2.607906217508700593e+02 2.605997982367602503e+02 2.596432686193155632e+02 2.609507292394161482e+02
2.754697899948300233e+02 2.756381078926231112e+02 2.741173440010429090e+02 2.759231356747985160e+02
2.891276840389494964e+02 2.881034826974656653e+02 2.859553937755986794e+02 2.871326527150163770e+02
2.625992969157250627e+02 2.624824105628365487e+02 2.628021514674197192e+02 2.627703526029141017e+02
2.623949906535907530e+02 2.623819452932007152e+02 2.619743812988772333e+02 2.627201087565404123e+02
2.775254209058877564e+02 2.772740477225848394e+02 2.764799074110961783e+02 2.787498142930496670e+02
2.596546457827533345e+02 2.602820201629091912e+02 2.589304878306562046e+02 2.598389654891743703e+02
2.573982778746805025e+02 2.582021665715693644e+02 2.565642445348640877e+02 2.581428810782743994e+02
2.826253796563345304e+02 2.837121369954038528e+02 2.822648075935459246e+02 2.835604480092523545e+02
2.902648992680910851e+02 2.915456919456132709e+02 2.890104137653659677e+02 2.903468336058195405e+02
2.605980102425158975e+02 2.607001762137899732e+02 2.606815418384471172e+02 2.604857691482100677e+02
2.617892489518596335e+02 2.624949560114263818e+02 2.612047835766467756e+02 2.625460335271240524e+02
2.599125820522027084e+02 2.602052535337238623e+02 2.592932531896392447e+02 2.602425736128065523e+02
2.853434546073379465e+02 2.852522950056456921e+02 2.827770304893338107e+02 2.845365476412621888e+02
2.850670827225812900e+02 2.863212988461831969e+02 2.836584721999979024e+02 2.856957068610635133e+02
2.676751591264227272e+02 2.674327074310927514e+02 2.668251206049975508e+02 2.680183865184453680e+02
2.986078257524922037e+02 2.997959388130631737e+02 2.984844747523167143e+02 2.988797711510700879e+02
2.608743306526541801e+02 2.608064153097000712e+02 2.609415154175180191e+02 2.613213283141881220e+02
2.722767574769362113e+02 2.731880515404510561e+02 2.707834950359364825e+02 2.731640454418962349e+02
2.627198846952536542e+02 2.629432232284478914e+02 2.618791490322581126e+02 2.631931611916425027e+02
2.607802551364505916e+02 2.607610184760807215e+02 2.601456208545909590e+02 2.607438199633926388e+02
2.840215720869720144e+02 2.842175903053356478e+02 2.817697920389452975e+02 2.837992656918721650e+02
2.633988179900356386e+02 2.633644163356153740e+02 2.628081556255405076e+02 2.636165494726482734e+02
2.624860376526774530e+02 2.618471725067151397e+02 2.616490637279951557e+02 2.616698487921926812e+02
2.598979350573175111e+02 2.597371854993181728e+02 2.600602140920758529e+02 2.599731190940744341e+02
2.618487587686139477e+02 2.619616699042348955e+02 2.618618532531345977e+02 2.619581743442260517e+02
2.744906449203990633e+02 2.747503156008779683e+02 2.735274432943868419e+02 2.756670883382037118e+02
2.725024870011258145e+02 2.731139123244457778e+02 2.711594699178992300e+02 2.724571912122638082e+02
2.669592265680742571e+02 2.676002842129232135e+02 2.661390379432825739e+02 2.675493046435169617e+02
2.604202311597650805e+02 2.603251233151888755e+02 2.603747128733084537e+02 2.610005779925447769e+02
2.896773222129929195e+02 2.905637750312644130e+02 2.879927610503123105e+02 2.900551073087859208e+02
2.646945437183076137e+02 2.654693002803093123e+02 2.639468981971801895e+02 2.648434263504748856e+02
2.777113507593236363e+02 2.782634301356852689e+02 2.767449111364686019e+02 2.779217583554451494e+02
2.600106169672433225e+02 2.597293404680697790e+02 2.589473213100059752e+02 2.602856609568880799e+02
2.591856916329757610e+02 2.594906935129204157e+02 2.584783112835760335e+02 2.593976980442238300e+02
2.629500268268017180e+02 2.632048825387846591e+02 2.626555821349802500e+02 2.632802869537065362e+02
2.772240218065289241e+02 2.775658638299228755e+02 2.746478122803821407e+02 2.769573296620155247e+02
2.640713616439871316e+02 2.642412767847461623e+02 2.631940726002934525e+02 2.638638692919240611e+02
2.608993631363746886e+02 2.606275154286111615e+02 2.593952422602469596e+02 2.609033176592419068e+02
2.615914651701635876e+02 2.623136036633447929e+02 2.609999910590576633e+02 2.620142655908954339e+02
2.610251924856719370e+02 2.616684917177919942e+02 2.605250300758100366e+02 2.611823779601392062e+02
2.631444049178736009e+02 2.632453428295539197e+02 2.620847160702827523e+02 2.637279519503921392e+02
2.596493355057991153e+02 2.597088206932038474e+02 2.583170153358580592e+02 2.597918402675388165e+02
2.812504295291055882e+02 2.807361838115716637e+02 2.795413086990448619e+02 2.814250072316211231e+02
3.014746975954936943e+02 3.015731397478051576e+02 2.999699627527970733e+02 3.004211699340762607e+02
2.614684637510095513e+02 2.611694386865539741e+02 2.602374028479773642e+02 2.610836844700611437e+02
2.797861196236914907e+02 2.797529782987427325e+02 2.772050596030106817e+02 2.792636625793713279e+02
2.680907338820038603e+02 2.685447169940246113e+02 2.669782168147459060e+02 2.677708891673893277e+02
2.622192286910803887e+02 2.613304958312417057e+02 2.612140050627563141e+02 2.616357503191018736e+02
2.811835519323471999e+02 2.820175463343709907e+02 2.800569080759656799e+02 2.811068249678095867e+02
2.594288050033678132e+02 2.595779873787013230e+02 2.595214073368924232e+02 2.597825939439831586e+02
2.861698542350937373e+02 2.868140250939653129e+02 2.835009285722777577e+02 2.863022708308468509e+02
2.624197813765620708e+02 2.630746984151169841e+02 2.620836373833879520e+02 2.634210793399988688e+02
2.619086018611966438e+02 2.618278211167777272e+02 2.607543661466889944e+02 2.623149460215902309e+02
2.731265117551747608e+02 2.739038511423563591e+02 2.727898728412822038e+02 2.733467718082164311e+02
2.710318266571013055e+02 2.712375013293107031e+02 2.697357083768293933e+02 2.709219251266123933e+02
2.615620039253269624e+02 2.616084719430142513e+02 2.614760762767174356e+02 2.621609192278955902e+02
2.622344633857506437e+02 2.615073971438495164e+02 2.612149612591109076e+02 2.619892667677218583e+02
2.655275272864547560e+02 2.647312910762535694e+02 2.642616969791121733e+02 2.654958062822024090e+02
2.759431921362606772e+02 2.769419942311265572e+02 2.751126806604619333e+02 2.762161905304888592e+02
2.623933517494474472e+02 2.635016231477413271e+02 2.626080227007063286e+02 2.631867309998012274e+02
2.580962003297419187e+02 2.580581375062418488e+02 2.574298380731189582e+02 2.578756449157998532e+02
2.695061440642201660e+02 2.696650179388431638e+02 2.667027139558296653e+02 2.695314057742782552e+02
2.685167509770615197e+02 2.686571965847085721e+02 2.675224257955186431e+02 2.688074447984491258e+02
2.554030715332800128e+02 2.552989161837331551e+02 2.550816998814729857e+02 2.557707202343832193e+02
2.574158232878111789e+02 2.576582698372393452e+02 2.564954807453223111e+02 2.575020878522940393e+02
2.617949616841524971e+02 2.621454363413654960e+02 2.613988731176903570e+02 2.611410679960516177e+02
2.604951523609262267e+02 2.603174866379151808e+02 2.597649012219343945e+02 2.608468264226473252e+02
2.596586306848380445e+02 2.593563724091197287e+02 2.591996479376493880e+02 2.592552301133477499e+02
2.719866061289372965e+02 2.718328795536747293e+02 2.707362714843856679e+02 2.720632701329603265e+02
2.605292885787727073e+02 2.607289675677325818e+02 2.601201142182356989e+02 2.612127116760150329e+02
2.619053237108215058e+02 2.623569617254549939e+02 2.614426320580623155e+02 2.629357499682980688e+02
2.544346651067618552e+02 2.543744169715309056e+02 2.535464166763121341e+02 2.548528684918900638e+02
2.732893965532060747e+02 2.736592263891232051e+02 2.718560487206045764e+02 2.739546324581484669e+02
2.600890408990240417e+02 2.602849818737210512e+02 2.592753788314298049e+02 2.600995084318638533e+02
2.944050890424704789e+02 2.946258925376507136e+02 2.923283611775190707e+02 2.937313703851712603e+02
2.586293278929464350e+02 2.582318426520783987e+02 2.577325429961837244e+02 2.587384164772488475e+02
2.573460628727905828e+02 2.580703824822736010e+02 2.576431337553724461e+02 2.582352129320021277e+02
2.686204013830853228e+02 2.685700400042525189e+02 2.681471923910323767e+02 2.686874726658818986e+02
2.611289000553757660e+02 2.615980156677088075e+02 2.596113691125951277e+02 2.615616807269103674e+02
2.625273279520931737e+02 2.620652777024390616e+02 2.635215098620518575e+02 2.630282897651177336e+02
2.564072132081122390e+02 2.566278756205751961e+02 2.558607966822862352e+02 2.569922228089091050e+02
2.600875016745671360e+02 2.597362782505753103e+02 2.597393017985150436e+02 2.597404982915475102e+02
2.569851518777442152e+02 2.578735486883799126e+02 2.568249852762379533e+02 2.579124957810556111e+02
2.817945016863504861e+02 2.816554166370551684e+02 2.793117414638711011e+02 2.814104929005236500e+02
2.669363211684608359e+02 2.674768098890857004e+02 2.667805099563504427e+02 2.671916201020002859e+02
2.636635262785096643e+02 2.636983005690705113e+02 2.626749411249646187e+02 2.635935449198997844e+02
2.626483246939068295e+02 2.629826393360064003e+02 2.625609497172025044e+02 2.623956764434183242e+02
2.589999681304512933e+02 2.590009862083004464e+02 2.589275329800555596e+02 2.591371287553268985e+02
2.883804929571982143e+02 2.886861888623943742e+02 2.854166949090582648e+02 2.878015766495723824e+02
2.610757799973183069e+02 2.614558308720065725e+02 2.602090693164644222e+02 2.620450491398045187e+02
2.608186996449234698e+02 2.619389914609119501e+02 2.601832147630119039e+02 2.620038738604458786e+02
2.597918676709314241e+02 2.596551241649585791e+02 2.598206352632001312e+02 2.597442140534467967e+02
2.655814946941370067e+02 2.655826071428087971e+02 2.648465976569895588e+02 2.653711332383837203e+02
2.791220728306628871e+02 2.792860601399215739e+02 2.761925072051084840e+02 2.783910345672661037e+02
2.622913444498791478e+02 2.622400456861234375e+02 2.619635501189462161e+02 2.620557032128544961e+02
2.648988280177690626e+02 2.652844472643632798e+02 2.638223042060062085e+02 2.655502005435672004e+02
2.579337920693818091e+02 2.584626554022012783e+02 2.581242233816658427e+02 2.580207749506499226e+02
2.569259734088033156e+02 2.575666809098845533e+02 2.570551010328720736e+02 2.566761225195224938e+02
2.702660881883334696e+02 2.706420233581398520e+02 2.685632775153952139e+02 2.702441390445478078e+02
2.665088659500478343e+02 2.671299877616719982e+02 2.655051221370492271e+02 2.666096357257771956e+02
2.564863249302331951e+02 2.561838897982659660e+02 2.561159151832523548e+02 2.564434798425272106e+02
2.703518624264369237e+02 2.708129979980553799e+02 2.687482909502305688e+02 2.706669282657530289e+02
2.722401355499189890e+02 2.721086660931541701e+02 2.699794763793368588e+02 2.722027267534905377e+02
2.590279244874071765e+02 2.595781663143841342e+02 2.591038246915073842e+02 2.591348950034472978e+02
2.592750505038096662e+02 2.600359671803287824e+02 2.595140316491947488e+02 2.603482412681854612e+02
2.988199587989187194e+02 2.994857105402417119e+02 2.979534603284177479e+02 2.970511020707368743e+02
2.683117337631143187e+02 2.686616661758228020e+02 2.681536542710409776e+02 2.684830660284571877e+02
2.578696983351617291e+02 2.578103223241484443e+02 2.575949105801922769e+02 2.581226701791015330e+02
2.850637039882206523e+02 2.861395511410246399e+02 2.841625620120688041e+02 2.860673545121240409e+02
2.826918283706508532e+02 2.830467796086879844e+02 2.812182070209811968e+02 2.832555588456320947e+02
2.620202766414624875e+02 2.623070264874465920e+02 2.621473171165527560e+02 2.623620821289096625e+02
2.760371995994398162e+02 2.759478526617332363e+02 2.737586537686079851e+02 2.759920057974177325e+02
2.992828218209558031e+02 3.008768498224846439e+02 2.987518168329362993e+02 2.993701792355887505e+02
2.749375388318013620e+02 2.746970726875420610e+02 2.729987417844449737e+02 2.749958346819225881e+02
2.624649894339645471e+02 2.624002713228655352e+02 2.615803978363901479e+02 2.622080877603218028e+02
2.610611035504700226e+02 2.609180587221323435e+02 2.611648959451821952e+02 2.611676855027461102e+02
2.709254166015794567e+02 2.716663012941309034e+02 2.698474997520572174e+02 2.714821036437917883e+02
2.639549367745230484e+02 2.640756097012100554e+02 2.623803865805432451e+02 2.641530604948983409e+02
2.650057277991702449e+02 2.653197992082113501e+02 2.635561656740011358e+02 2.652399877814299316e+02
2.808160489083634843e+02 2.816436845257052255e+02 2.787613710728201113e+02 2.805118858751084190e+02
2.585530712359206404e+02 2.589432005750576877e+02 2.588899886940636179e+02 2.588151216749732839e+02
2.613785688665289513e+02 2.618989427181086285e+02 2.598953817677536904e+02 2.615425154864553861e+02
2.974702137776666859e+02 2.988256131158907465e+02 2.967092793812627178e+02 2.976371241953013964e+02
2.606745581869720354e+02 2.605809724490931671e+02 2.601494536784162506e+02 2.605972197139778928e+02
2.596076244425734103e+02 2.598671331402319424e+02 2.592336328669221643e+02 2.601672812713380836e+02
2.587693769645716770e+02 2.589402845922849110e+02 2.582413508261793709e+02 2.588460515722024411e+02
2.602807155462002129e+02 2.602154252606597993e+02 2.596090159083260005e+02 2.603063859015827575e+02
2.703036409456557294e+02 2.699278336937801441e+02 2.689685940111529590e+02 2.694631853259788841e+02
2.759785463863673840e+02 2.770910442753890948e+02 2.749129059482409048e+02 2.758308265528431775e+02
2.575186481025188527e+02 2.573141327464384744e+02 2.568380409543117366e+02 2.575099397301502790e+02
2.604599011435794864e+02 2.610835139630515300e+02 2.605796478569499186e+02 2.610530639398227777e+02
2.770178329685309109e+02 2.779759219550786042e+02 2.751325282803557570e+02 2.776071356746480774e+02
2.716129452732918708e+02 2.714702069839335650e+02 2.690051798991741521e+02 2.714719385928829070e+02
2.731508987533266577e+02 2.727732447228896149e+02 2.713208576611402236e+02 2.734466432532282738e+02
2.606848913622071677e+02 2.603240581641368863e+02 2.590204591094031912e+02 2.610905019566506553e+02
2.892741110302994798e+02 2.899057084834697662e+02 2.876612068973906844e+02 2.890830085208433502e+02
2.681671868740020841e+02 2.688000511287660856e+02 2.671027670711590076e+02 2.684865916480752617e+02
2.698757858981093136e+02 2.696255675813497419e+02 2.679342050742704373e+02 2.694656115819080924e+02
2.701599831488549057e+02 2.703813609493271883e+02 2.693478664972112711e+02 2.704904240193150713e+02
2.817212708852552510e+02 2.826059408964928252e+02 2.800946937324782766e+02 2.828448695937291859e+02
2.802850267091845922e+02 2.797844094324705111e+02 2.786303321003784390e+02 2.794635291511772834e+02
2.767773533499996574e+02 2.768492319864948286e+02 2.745450550678894501e+02 2.769641245238594252e+02
2.620594078095475084e+02 2.620552293258597842e+02 2.615010275845125989e+02 2.617959472217271468e+02
2.795495364464507020e+02 2.797470162816300672e+02 2.781222820497244470e+02 2.801996483699691112e+02
2.698589188393489735e+02 2.704486219543323386e+02 2.684377815455932819e+02 2.701349113342657802e+02
2.574314760171675402e+02 2.574928953506842504e+02 2.573300228750854330e+02 2.569309236823701781e+02
2.588039424317635167e+02 2.588591113937638397e+02 2.584653767179470947e+02 2.585259900750273800e+02
3.026704386215941440e+02 3.017653340227597027e+02 3.015826630705967659e+02 3.012672266273319224e+02
2.652980657441795529e+02 2.652353181365854766e+02 2.639059929303392664e+02 2.654951493335275927e+02
2.612647746856887920e+02 2.610965301807706282e+02 2.612605763738054634e+02 2.609838134074592517e+02
2.618050619383241724e+02 2.618397458037219394e+02 2.612105235921708868e+02 2.622569590300553841e+02
2.682224112320379277e+02 2.678647340344062968e+02 2.671515116961375043e+02 2.683759244470128920e+02
2.847934771264087885e+02 2.847150308003569421e+02 2.825932367911437950e+02 2.848684063160240498e+02
2.659912448616155984e+02 2.661005579537308563e+02 2.644985339720249726e+02 2.665341756441493999e+02
2.653201556733573057e+02 2.656863827468916952e+02 2.644231936785403150e+02 2.653250888326850259e+02
2.678311091546506191e+02 2.677277143085628950e+02 2.662079211228559643e+02 2.675315279017972898e+02
2.602081890272916098e+02 2.605207672057748027e+02 2.599805176176778900e+02 2.608280760781755703e+02
2.664523900731811068e+02 2.662156888774383674e+02 2.652144230818660731e+02 2.669854432923549439e+02
2.651609928107616270e+02 2.662154747365095773e+02 2.646213911372134362e+02 2.668006335406763583e+02
3.069789922414131524e+02 3.065241938191667259e+02 3.057042264657499118e+02 3.064465294562415352e+02
2.632120426182344772e+02 2.633522778987580750e+02 2.629040858998959038e+02 2.631398167389876903e+02
2.617365946886537245e+02 2.619175186398697974e+02 2.617326786832719563e+02 2.626226488904814005e+02
2.594077722685398157e+02 2.601699891973813124e+02 2.593005833451577473e+02 2.596460424399323870e+02
2.613551269588446644e+02 2.619378723870609065e+02 2.612090119098246532e+02 2.617436304601773713e+02
2.577855371154472550e+02 2.576966287059973411e+02 2.566949180334746075e+02 2.576887242982880935e+02
2.687074811464306663e+02 2.690235102515626977e+02 2.666734505222385110e+02 2.691406554976217080e+02
2.739521916140510598e+02 2.744922426756755272e+02 2.725779887534422983e+02 2.743934089249067938e+02
2.750940407269784487e+02 2.742726760809346729e+02 2.715907615029516364e+02 2.738922043345692714e+02
2.556205785172228389e+02 2.557191398197282979e+02 2.552343117775444625e+02 2.559403761492351634e+02
2.705647953480088859e+02 2.707519408563801449e+02 2.691627789785781601e+02 2.711138587459055316e+02
2.618080654298206014e+02 2.620088415949638829e+02 2.605008644967072087e+02 2.618857524331677382e+02
2.634061241517239296e+02 2.631884966498333256e+02 2.627385647394386297e+02 2.635274978751410231e+02
2.606549689628342890e+02 2.611123609749772640e+02 2.602711029705249643e+02 2.608890423374407987e+02
2.621142797524469756e+02 2.626523045871492172e+02 2.611096472848848862e+02 2.626436959867415339e+02
2.652550224082206682e+02 2.655831885031869319e+02 2.641497352249409118e+02 2.655977300630028708e+02
2.615257637521779088e+02 2.619832625171433733e+02 2.606393190750533222e+02 2.620111280428653799e+02
3.033931748923408804e+02 3.023582772645088994e+02 3.019394989954057564e+02 3.021904675871954851e+02
2.925516229128874670e+02 2.933404594570030213e+02 2.914202359583431416e+02 2.924211582443612656e+02
2.806527528028956340e+02 2.809310039137465083e+02 2.769685765734101324e+02 2.807005553959408530e+02
2.687723243272045579e+02 2.696818968551847888e+02 2.677783788934495988e+02 2.697594042221105610e+02
2.656324138848344774e+02 2.659924590447452033e+02 2.649729632769526120e+02 2.664032175803649238e+02
2.594920527407115287e+02 2.597403268250977817e+02 2.597220610465101913e+02 2.594840774520692435e+02
2.672346713576786783e+02 2.678275767159616976e+02 2.661483696533935586e+02 2.671261411898778420e+02
2.554325112611746249e+02 2.553613411643574693e+02 2.553313146423720639e+02 2.554154657596088782e+02
2.646001549134911102e+02 2.649737126730196337e+02 2.649259146439758297e+02 2.649457161700249799e+02
2.658623425457384428e+02 2.664611019390266051e+02 2.647543780998751686e+02 2.662266509552435991e+02
2.702553677892184965e+02 2.711816124069255238e+02 2.691209894924111268e+02 2.703779921442065302e+02
2.650148617029287834e+02 2.658052114531718075e+02 2.648937120447125722e+02 2.653332490649268607e+02
2.708091849719220932e+02 2.711107159517951004e+02 2.693876157787232160e+02 2.708300003503597964e+02
2.782457319578286956e+02 2.782915079788018602e+02 2.763559756877335758e+02 2.771810737496492152e+02
2.809982015663173343e+02 2.817616132343396202e+02 2.797082954850370129e+02 2.820853752371190240e+02
2.604252238655570295e+02 2.604912742629986724e+02 2.603034598102333348e+02 2.600308814652021283e+02
2.861928688571813382e+02 2.864307177124873647e+02 2.844483973944378477e+02 2.862855293090962050e+02
2.582392383798586479e+02 2.585315311034218553e+02 2.581295764490172360e+02 2.590332058321265549e+02
2.976051049932959245e+02 2.977500706946325977e+02 2.951082519216625428e+02 2.975538982247141462e+02
2.591547728123313163e+02 2.592122107949160750e+02 2.590685096460949808e+02 2.591029065509770248e+02
2.838178734687467113e+02 2.835705997658346291e+02 2.800873446714294346e+02 2.825619486577814996e+02
2.844809283895397698e+02 2.856600702429842613e+02 2.812004338469735103e+02 2.849498467783675437e+02
2.695335331770137373e+02 2.689871893041131443e+02 2.678527962176378878e+02 2.690592585059368957e+02
2.625154691040050352e+02 2.629499162626448197e+02 2.616511702053016393e+02 2.622484882545305140e+02
2.658844443341906754e+02 2.655722224919154542e+02 2.648061296465703549e+02 2.660808711886027140e+02
2.638129485318262368e+02 2.635177169541059925e+02 2.632503691159694199e+02 2.641601308952428440e+02
2.597991650320192889e+02 2.601464910071006216e+02 2.587279621272041368e+02 2.604785993406703710e+02
2.614745609788226375e+02 2.616370085769583511e+02 2.605772994290296651e+02 2.615349683934504696e+02
2.703505749909858764e+02 2.705310995007255315e+02 2.694352051978213467e+02 2.712061818757312039e+02
2.589229034881069538e+02 2.588217709859563342e+02 2.581217204368749094e+02 2.594881432343835286e+02
2.604987907392319357e+02 2.610533155666092853e+02 2.600847164378385514e+02 2.606862455296180201e+02
2.859638478509490369e+02 2.860738336197361491e+02 2.845948727150176865e+02 2.862624521790352787e+02
2.617541072277952026e+02 2.623120845987331222e+02 2.605379383021520425e+02 2.620060461811486334e+02
2.617004756595784443e+02 2.619312683131652193e+02 2.617187113586834926e+02 2.617690039266073541e+02
2.600129030461658317e+02 2.603088745226104948e+02 2.600510048486626715e+02 2.604474050801067051e+02
2.708709113053258193e+02 2.723652264747624372e+02 2.701363059222793481e+02 2.723086957263357135e+02
2.585973925348026228e+02 2.585201516559414472e+02 2.580826195017071996e+02 2.590796760694794330e+02
2.600506422459858982e+02 2.606729556085012973e+02 2.597112555336510127e+02 2.606455947089073675e+02
2.741264840211165961e+02 2.750657577258209585e+02 2.729762605179249704e+02 2.749108390906655472e+02
2.984227533696555383e+02 2.984143168461772575e+02 2.966611850096765011e+02 2.977701666998268024e+02
2.864023222219605032e+02 2.868381336007319646e+02 2.846634811237510121e+02 2.861602329963907323e+02
2.996906726649226016e+02 2.988983020394685468e+02 2.977932741009433357e+02 2.986085965020353683e+02
2.611269870865709777e+02 2.615658073959396006e+02 2.607023535977828033e+02 2.612380488257255138e+02
2.685572080703101960e+02 2.688141503882479242e+02 2.667768922195796790e+02 2.685538271555026313e+02
2.818856240045973323e+02 2.823243077639244802e+02 2.801806291274019713e+02 2.819386055454442612e+02
2.614112058338621409e+02 2.621280635424001275e+02 2.614667129902819624e+02 2.623527797827329664e+02
2.610240614292930559e+02 2.609043382094683921e+02 2.597373855456676779e+02 2.613032899865028185e+02
2.655215474973558116e+02 2.657112726089839043e+02 2.645702109468001595e+02 2.655465469283478228e+02
2.603896531301700747e+02 2.606596349278578941e+02 2.599424481129642004e+02 2.610824115928591596e+02
2.583789736338341072e+02 2.588749042352701508e+02 2.584212279498009366e+02 2.591691941404166641e+02
2.634219901167874127e+02 2.641184491157058574e+02 2.626793957351853237e+02 2.637708651073112378e+02
2.926617169240899443e+02 2.934592134223116773e+02 2.914509766302597882e+02 2.921308216192803116e+02
2.741386249359247813e+02 2.737427941926047197e+02 2.715570996805814161e+02 2.741585732868632590e+02
2.591748661471779656e+02 2.589934487867360531e+02 2.588136972679487258e+02 2.593939210854823614e+02
2.782153237688157219e+02 2.787784707140889395e+02 2.767076000235437618e+02 2.784979984286170520e+02
2.609528113110346226e+02 2.612726309240041473e+02 2.606816426127582531e+02 2.613684997397655252e+02
2.776288865103317676e+02 2.778660261741298427e+02 2.766160047893656611e+02 2.780898352776282536e+02
2.871921820818619722e+02 2.870074963850074141e+02 2.848659237630348002e+02 2.860740101156839046e+02
2.698414821973552762e+02 2.693843964838026750e+02 2.687250264075745463e+02 2.699630616492840431e+02
2.791057772590850163e+02 2.781024646369802440e+02 2.760357352762309233e+02 2.785618536787758899e+02
2.695699396165568373e+02 2.693093964275400936e+02 2.678199481144139895e+02 2.695288407993941178e+02
2.639393135005555564e+02 2.644712151221190197e+02 2.630147596299095767e+02 2.637828733670564247e+02
2.806050651478703912e+02 2.807360738495933106e+02 2.782428244937162845e+02 2.807003430045855339e+02
2.604836384592110221e+02 2.603459378783398961e+02 2.604037544359034086e+02 2.606186400118366464e+02
2.596165536700039524e+02 2.597920955532242147e+02 2.594727963530380066e+02 2.594907506137982978e+02
2.624908748927063584e+02 2.628799971127972412e+02 2.614032756508175339e+02 2.632332524807341656e+02
2.836619409029802341e+02 2.852232673558102647e+02 2.826975223588227664e+02 2.847331984063029040e+02
2.709735582814150234e+02 2.713298614373717896e+02 2.697002563419532066e+02 2.713583785485145654e+02
2.592062567762051231e+02 2.594299052355529511e+02 2.591302948602762513e+02 2.593880464604420695e+02
2.617817677640153420e+02 2.618257377524222989e+02 2.614570804036188179e+02 2.617657287644352095e+02
2.668256754336301810e+02 2.670508430803233182e+02 2.654506812905584638e+02 2.679865167994259991e+02
2.597361088040722166e+02 2.604086640818637761e+02 2.586875234611969177e+02 2.600359835362932586e+02
2.686242554646934764e+02 2.688432350110884386e+02 2.678770316899730801e+02 2.683853191467260331e+02
2.605465742917455714e+02 2.604308960676710853e+02 2.604948869994813094e+02 2.603907749300223600e+02
2.616023283352769226e+02 2.613492287619280887e+02 2.611477729688557474e+02 2.612777502364409656e+02
2.651773511538829666e+02 2.653624366387642226e+02 2.638296197744011806e+02 2.662352899603848186e+02
2.704435628078992977e+02 2.702743247128759663e+02 2.682786117186440151e+02 2.709164421666265525e+02
2.603312729888706372e+02 2.600819510678789470e+02 2.595729856332323493e+02 2.601606890648703825e+02
2.583636179216057371e+02 2.586911251976497397e+02 2.577254659329465767e+02 2.581686084208536158e+02
2.582893829382275612e+02 2.583720957591946217e+02 2.576992995052158335e+02 2.589555618230875780e+02
2.611066626214785629e+02 2.612550243610571101e+02 2.601580678285197337e+02 2.619409823231177370e+02
2.563245980531048076e+02 2.570394875149630138e+02 2.565957208863219421e+02 2.566448764375036262e+02
2.617034595163717654e+02 2.612465552131779418e+02 2.613532810339520438e+02 2.611531716537105012e+02
2.649661348586781742e+02 2.648287035559633864e+02 2.637238579409561225e+02 2.650436306253662337e+02
2.594723312729202007e+02 2.593920653341669436e+02 2.593243399521484776e+02 2.599670256807234523e+02
2.633017750407073549e+02 2.628599825422691652e+02 2.642706604147894041e+02 2.632975425160381633e+02
2.872090567635604543e+02 2.878407662503532833e+02 2.854838098136261806e+02 2.875320143340839536e+02
2.599276761581042479e+02 2.601023123692165768e+02 2.600108942649338246e+02 2.607006168442641751e+02
2.930125082155904011e+02 2.927599651149163265e+02 2.895245214442316524e+02 2.920241154088156463e+02
2.783677598271714828e+02 2.790554348905350253e+02 2.768115490830916201e+02 2.791056773923430114e+02
2.608968208667872659e+02 2.606025969497303549e+02 2.590219695109979057e+02 2.602699076786320802e+02
2.786052008074193509e+02 2.782448583215863209e+02 2.766487080436809833e+02 2.781406119511236739e+02
2.702296615312276344e+02 2.699682927802285235e+02 2.686492714477885784e+02 2.701403825192991803e+02
2.628965413406302218e+02 2.628807285314344995e+02 2.623194297039636353e+02 2.631285335548117246e+02
2.667989511969212799e+02 2.670307037055292199e+02 2.656660353787086706e+02 2.670261544079087912e+02
2.655840320861172472e+02 2.659695817494293237e+02 2.633851855364778203e+02 2.657533470036904646e+02
2.573587968485408624e+02 2.583130790371006356e+02 2.571959098429399546e+02 2.580599267916604163e+02
2.786252193411397684e+02 2.797051627638716127e+02 2.761903024476154656e+02 2.779954596192401368e+02
2.610650482129227044e+02 2.611835681333131447e+02 2.606542969347047460e+02 2.610463126761146668e+02
2.643181160158654848e+02 2.647667583334715005e+02 2.642639787698449823e+02 2.650358887592989845e+02
2.569358658197095338e+02 2.576774033323112576e+02 2.563539364543731836e+02 2.577556502188317040e+02
2.594762618915952430e+02 2.591235529549513785e+02 2.588564586148171998e+02 2.591840414431121644e+02
2.657277214064882855e+02 2.654773874308814925e+02 2.654544153497259344e+02 2.655652079859929700e+02
2.624501528186518726e+02 2.619677762673433676e+02 2.607256513783458445e+02 2.631687290181937442e+02
3.052305412689956938e+02 3.057218868444082887e+02 3.046151286666331544e+02 3.038714606136173870e+02
2.947442432697006325e+02 2.966903810817754561e+02 2.942973581561867604e+02 2.945330371775822869e+02
2.622139675851431662e+02 2.620514132526584490e+02 2.616768499461488773e+02 2.623300340784066975e+02
2.927574832369062960e+02 2.939412956616397992e+02 2.914259504531542575e+02 2.925796457713710765e+02
2.611117277826407985e+02 2.609293603427133235e+02 2.598622615473228166e+02 2.609268917663808338e+02
2.601592738917117344e+02 2.608741926043693411e+02 2.586947104889541720e+02 2.608453357101782331e+02
2.601872472445122639e+02 2.603192871427128239e+02 2.590104669887044793e+02 2.606506142464332356e+02
2.630047690720759306e+02 2.625052891864582421e+02 2.624084770732405332e+02 2.625927715630566581e+02
2.619407292104779685e+02 2.617003930666266456e+02 2.609140168362054624e+02 2.618205230999671471e+02
2.680530501934536574e+02 2.683237113826386349e+02 2.674027771306404588e+02 2.689266862962547862e+02
2.821072384618506135e+02 2.821230798146938810e+02 2.794774430604172721e+02 2.823506062383573862e+02
2.604666264820378387e+02 2.604492817192355574e+02 2.599197000087974061e+02 2.606364301715582883e+02
2.636465187379176314e+02 2.642232510344514367e+02 2.632089788199980944e+02 2.642266861839942749e+02
2.734742087723006421e+02 2.737055613614633103e+02 2.713802180945497184e+02 2.735789711260267154e+02
2.638505208403510665e+02 2.645810903148813509e+02 2.632802240470842321e+02 2.644631825834334222e+02
2.951160930007114871e+02 2.952991683890481909e+02 2.922289193351658128e+02 2.939766789253410479e+02
2.687716745443336777e+02 2.703036101983472577e+02 2.684113838611900178e+02 2.703714101206948044e+02
2.883894727380688323e+02 2.887338194644050304e+02 2.868311488186183738e+02 2.881664668490184908e+02
2.635985006539071378e+02 2.640093420444848675e+02 2.627214806449439379e+02 2.647418815167237653e+02
2.783936573953824336e+02 2.789309260992861255e+02 2.760445831280607081e+02 2.776768079441019950e+02
2.617507540346002770e+02 2.613395404525485333e+02 2.613946403218900514e+02 2.620848878677375069e+02
2.706615424206052012e+02 2.705135436814144896e+02 2.690238595351351591e+02 2.706800076397393013e+02
2.586682897711500573e+02 2.589355667213511083e+02 2.580398570931940867e+02 2.592074937491325386e+02
2.663936593356098683e+02 2.663633685054417128e+02 2.651892399578118784e+02 2.668106119024291161e+02
2.709554704212247316e+02 2.710677804841869829e+02 2.690668055500893274e+02 2.709756206056612768e+02
2.648090662849824639e+02 2.648034300276722206e+02 2.642966177414873528e+02 2.647913712303249554e+02
2.627494180787329014e+02 2.631327138256451121e+02 2.627225069564740352e+02 2.631216073762919905e+02
2.602405657520119462e+02 2.598646672382327552e+02 2.600158877134203976e+02 2.598781293080502905e+02
2.653522735394456049e+02 2.648895212647502149e+02 2.644083255687263545e+02 2.653761280618395517e+02
2.734592188149508161e+02 2.741542332790442629e+02 2.715903022966573985e+02 2.744301907570296635e+02
2.613756731508859161e+02 2.614252245564003374e+02 2.604986953537108434e+02 2.602821950460766516e+02
2.654908649429315801e+02 2.653327858964393613e+02 2.641491540455061227e+02 2.658200961391303849e+02
2.741257333225760249e+02 2.743503406337981119e+02 2.724178735798341791e+02 2.745716861468886805e+02
2.712264977377371338e+02 2.720046453097170911e+02 2.694778733270781572e+02 2.717545942979622851e+02
2.758419390572354928e+02 2.768847835591364515e+02 2.744069212365699286e+02 2.763466120976914340e+02
2.553327845617204730e+02 2.553789362494123054e+02 2.551478366947320353e+02 2.556698814730630431e+02
2.743022912904896202e+02 2.744092711386994097e+02 2.726800371083328969e+02 2.750624229387874493e+02
2.666090547894020801e+02 2.668824977283495627e+02 2.656705807366048475e+02 2.665843595088425104e+02
2.596577874022669903e+02 2.604331814171003430e+02 2.600178191145623714e+02 2.598925974315013718e+02
2.750541684851015702e+02 2.751903867288486367e+02 2.718021655075735907e+02 2.743553750191742893e+02
2.613858301402495954e+02 2.614547065349320860e+02 2.604317872701724923e+02 2.613044649856548745e+02
2.589338116534415803e+02 2.590933805220486192e+02 2.587481188701168549e+02 2.591323196487194309e+02
2.657273637776177111e+02 2.661888264204218331e+02 2.640780352517743381e+02 2.666520154328991907e+02
2.612527463069388318e+02 2.614734521906581790e+02 2.605508027366799979e+02 2.616017521800125110e+02
2.665494947495567430e+02 2.672414483455181085e+02 2.657701077770578877e+02 2.668024105948212537e+02
2.688916958893105402e+02 2.690272045118754818e+02 2.672129700605914309e+02 2.692635342416747335e+02
2.685510491785375393e+02 2.688026147927232614e+02 2.670173563894888957e+02 2.686822614729150587e+02
2.614206870163267808e+02 2.615239145675361669e+02 2.616344396577662224e+02 2.611104629420760830e+02
2.627268398549421136e+02 2.624394008802065628e+02 2.614199465977953878e+02 2.626564665321764664e+02
2.733777267414792504e+02 2.741614665659324146e+02 2.711470792378693773e+02 2.739193918167486004e+02
2.666116880089361985e+02 2.671858609319855873e+02 2.659281396656344327e+02 2.679994971336818139e+02
2.960409227794163485e+02 2.973871103277971315e+02 2.950945980877790475e+02 2.966231548356201984e+02
2.608985267798654490e+02 2.610919194041836136e+02 2.596012601065765466e+02 2.606320694698366083e+02
2.658246085651288695e+02 2.668312953941710930e+02 2.653266413896838571e+02 2.667777399288111155e+02
2.739187315035737242e+02 2.740966848166883665e+02 2.717791114176339420e+02 2.741342485743006137e+02
2.611974756881542703e+02 2.618305675061931765e+02 2.616789560103007943e+02 2.618735057609189312e+02
3.010945028191354140e+02 3.009324343985932728e+02 2.992512039169822629e+02 3.008277894893178654e+02
2.712913295103350038e+02 2.719266338118370072e+02 2.703664755386969887e+02 2.717260350489737561e+02
2.587605867837551727e+02 2.583615958345977788e+02 2.571944545664579209e+02 2.594044626321020246e+02
2.974893455000866993e+02 2.970084069023213829e+02 2.950411284289224909e+02 2.963933643347096449e+02
2.897850598175637060e+02 2.913982563076261840e+02 2.878429345817799003e+02 2.899116627456592141e+02
2.607976178833446852e+02 2.614109511453203822e+02 2.607474767873299015e+02 2.610870192717883924e+02
2.648913486392995651e+02 2.651129332783614245e+02 2.633677315680200195e+02 2.646608632381856978e+02
2.609767379680844783e+02 2.612667622907696341e+02 2.606242405793329340e+02 2.608550610572547157e+02
2.691550672586030828e+02 2.692362165781021304e+02 2.678375734220470008e+02 2.694859604242105320e+02
3.012296884433351352e+02 3.013006895598610981e+02 3.011511907363976661e+02 3.007932131539222382e+02
2.942801482391359400e+02 2.949063980160489677e+02 2.935164246875320373e+02 2.952271564769092720e+02
2.579859036319589336e+02 2.575030683676906165e+02 2.576575819883889267e+02 2.574613777990606991e+02
2.687987689614979558e+02 2.686592942662886685e+02 2.668829678934004619e+02 2.681229015568361547e+02
2.664141748392510749e+02 2.662834524048432172e+02 2.657140975301725234e+02 2.661177545136087588e+02
2.695616499890088562e+02 2.699817422230983084e+02 2.685306140138616797e+02 2.703400711779830203e+02
2.633322477883792203e+02 2.634876544380483665e+02 2.625468976012365374e+02 2.634472532550519759e+02
2.660344329270866410e+02 2.661290553147968012e+02 2.646555578218200253e+02 2.656991810007335744e+02
2.642025024009873846e+02 2.642872141209988968e+02 2.638457723901427698e+02 2.642900455823415768e+02
2.651593342419599253e+02 2.654448414025935108e+02 2.646955956261585925e+02 2.654625552780115072e+02
2.562815166908869742e+02 2.565605308112450302e+02 2.559054490229878240e+02 2.560535604029723231e+02
2.655472742690519112e+02 2.655310832999090280e+02 2.637139352568120216e+02 2.659281001499889499e+02
2.627470466930124076e+02 2.632519253421498888e+02 2.621136082288714988e+02 2.631742436854970038e+02
2.663026994326786507e+02 2.661377793371555072e+02 2.661465540707652622e+02 2.659358623602182661e+02
2.601398775918051456e+02 2.606420398968587619e+02 2.594496181710248948e+02 2.606382712386118214e+02
2.608345409416758116e+02 2.613334995418663880e+02 2.612016782426055101e+02 2.612100345329364472e+02
2.845461451484396775e+02 2.851689602409380200e+02 2.827777958468976749e+02 2.848148087021743322e+02
2.608167446529337781e+02 2.613778339155863364e+02 2.607876516987152513e+02 2.608260863533088809e+02
2.566461321405934086e+02 2.569420072939197439e+02 2.559250100351590334e+02 2.568630147067231064e+02
2.583385002512388837e+02 2.588014302885050597e+02 2.581701507324362979e+02 2.586364415143190172e+02
2.576801615617139873e+02 2.576693374728062622e+02 2.570350050487828639e+02 2.579240786055945023e+02
2.674646860426163357e+02 2.675027696443441414e+02 2.655563719046882625e+02 2.678629765719250599e+02
2.646769648852137493e+02 2.658374657088500612e+02 2.640165056412811282e+02 2.659889865769143853e+02
2.688880284145216137e+02 2.701417312269908280e+02 2.676180067787662438e+02 2.696160193808387930e+02
2.673611499770543105e+02 2.679783396117871916e+02 2.659711104899614043e+02 2.676162721302148952e+02
2.609759155288405168e+02 2.612714952626357672e+02 2.614855283448588921e+02 2.614575605343760571e+02
2.608010217415406942e+02 2.606412131680754101e+02 2.600084689614350850e+02 2.606683582301303090e+02
2.574201198761970772e+02 2.576658849684517918e+02 2.578566495753898380e+02 2.574377579518684342e+02
2.641725098973886361e+02 2.639530947089594406e+02 2.630425619078087607e+02 2.640335378163063638e+02
2.600039575792229130e+02 2.607796771642871363e+02 2.600643660916522322e+02 2.606441931242097212e+02
2.607272640896880489e+02 2.611984774923720920e+02 2.603938478563860599e+02 2.609645947191056052e+02
2.602878442504127747e+02 2.599222363428573885e+02 2.586044011882082145e+02 2.599149956486484712e+02
2.595090135095956043e+02 2.595218230924907061e+02 2.587383078439456767e+02 2.595717543570559087e+02
2.636334460535252902e+02 2.642288694221556966e+02 2.630978551359244761e+02 2.636978513353841436e+02
2.588306594291183274e+02 2.593944509712982267e+02 2.586430266088207190e+02 2.596833578744517581e+02
2.695019398988684998e+02 2.705315640598005871e+02 2.695373821305773276e+02 2.707838518376001389e+02
2.651183749713310931e+02 2.659255933975242101e+02 2.634595628267272218e+02 2.658640143611562507e+02
2.614643299194482893e+02 2.615104928207979356e+02 2.603076190278031845e+02 2.616895187255734072e+02
2.872974639967932262e+02 2.872689748372782788e+02 2.845871610502974818e+02 2.871402225182874872e+02
3.012668931071503380e+02 3.021566023980381601e+02 3.004215969066388539e+02 3.014022069428154964e+02
2.582197790178745436e+02 2.583367630556454628e+02 2.574090058884738141e+02 2.587273801833492826e+02
2.622143432613660252e+02 2.621447399740653168e+02 2.619783646709721552e+02 2.620660458268359321e+02
2.623982071199127404e+02 2.629200172040155508e+02 2.625193121338505193e+02 2.630864082868968694e+02
2.729915928563548846e+02 2.730293905569047865e+02 2.710450812569901018e+02 2.739878226571556183e+02
2.863503743577767864e+02 2.868325480290981204e+02 2.843788749148172883e+02 2.865559011048961793e+02
2.584437241396677223e+02 2.582893582468682325e+02 2.581997287885673131e+02 2.585943676735920462e+02
2.995038712002859711e+02 2.991698164536256854e+02 2.975317038275983350e+02 3.001882479217388777e+02
2.580406618751355836e+02 2.585681013928164589e+02 2.576618960630313495e+02 2.582574251750943972e+02
2.614598205999604374e+02 2.614625136987812084e+02 2.609545132780120298e+02 2.614292086149433203e+02
2.615703151852256951e+02 2.621996575274984593e+02 2.609247308044463125e+02 2.618270513967119655e+02
2.609600450279637585e+02 2.607869523088071446e+02 2.606787198737820290e+02 2.606425773895843463e+02
2.625945992330871377e+02 2.626834959219704615e+02 2.617735707687123750e+02 2.632095807761194806e+02
2.554893988466498627e+02 2.558127453048156781e+02 2.552019505289866572e+02 2.559764162205175353e+02
2.639244377796520098e+02 2.641767880439678606e+02 2.635220692340864730e+02 2.637786171102751496e+02
2.627435839564464004e+02 2.627403355234432638e+02 2.617190474800304969e+02 2.636728557529872887e+02
2.682476146313135814e+02 2.679584156040778566e+02 2.667956688497365576e+02 2.684122427819264090e+02
2.626191526320309322e+02 2.628686746298335493e+02 2.612254175738474373e+02 2.628796073272332023e+02
2.825346327512475568e+02 2.828464999011936811e+02 2.810847398566811535e+02 2.831335623041811687e+02
2.779810488812546510e+02 2.792508960009115526e+02 2.765424221416009232e+02 2.784313929060208466e+02
2.733765654819719089e+02 2.736878457258047206e+02 2.717950571849592052e+02 2.732643379928812806e+02
2.635017977937924343e+02 2.644347782873786628e+02 2.629302909463636411e+02 2.642122956338676545e+02
2.885425957663005647e+02 2.879939128102398627e+02 2.857214987670246842e+02 2.878985005963685921e+02
2.826774578040348160e+02 2.826130887387548114e+02 2.798930532363461907e+02 2.831519867485704935e+02
2.585405422871493215e+02 2.585836981217111656e+02 2.580170407484420139e+02 2.584057227065692359e+02
2.653007863001859050e+02 2.652327433297757011e+02 2.645992594560007092e+02 2.660013661515814078e+02
2.591437307534520187e+02 2.597016568980279771e+02 2.595685035033209829e+02 2.598005183947557271e+02
2.806467616565830099e+02 2.813105356104765633e+02 2.786880720361836552e+02 2.807923188981078511e+02
2.584929969211028151e+02 2.584216627584513049e+02 2.575053028055588129e+02 2.586393699449002384e+02
2.588865673967400198e+02 2.591059532115108368e+02 2.590661649447317245e+02 2.596942605531861545e+02
2.605447872532207612e+02 2.607693524110721910e+02 2.601758420666023426e+02 2.607516555122847421e+02
2.589168297248411932e+02 2.597139623911432977e+02 2.588420251291092313e+02 2.595119230722431212e+02
