2.595535940161926760e+02 2.598531502369041846e+02 2.595916965081347030e+02 2.594953530144478577e+02
2.704483870778853998e+02 2.706720660012493340e+02 2.699296428801995944e+02 2.712163843736253170e+02
2.648766288159902160e+02 2.655580250866364622e+02 2.650287815711270127e+02 2.651162637910294393e+02
2.700233840803314820e+02 2.700753236151981582e+02 2.690200320176636524e+02 2.708024967504333631e+02
2.666032032125978048e+02 2.667230773152016354e+02 2.663982412809730818e+02 2.664748567354055240e+02
2.764809744873125510e+02 2.770848346633894153e+02 2.758533473904540188e+02 2.768926589746091054e+02
2.610489945959436113e+02 2.609746792742458865e+02 2.607072474801732369e+02 2.610232915568332146e+02
2.940420675600287268e+02 2.952177817128624042e+02 2.929882504820774898e+02 2.935295448022105802e+02
2.628369924324462659e+02 2.634822856068262809e+02 2.634508360581161810e+02 2.633491137839674252e+02
2.881581756601298139e+02 2.874647707158099479e+02 2.866550454497416922e+02 2.876045463286446306e+02
2.617978602516816409e+02 2.623542415923800490e+02 2.618546831383343942e+02 2.617628513469437053e+02
2.974240051932979441e+02 2.986314360129687770e+02 2.971775536155952295e+02 2.970829414169088523e+02
2.610105862290910750e+02 2.612745791777592217e+02 2.606765914491565468e+02 2.612964439778196493e+02
2.616900178953767409e+02 2.619507684579890565e+02 2.616628415430885184e+02 2.621181910619714017e+02
2.947759048414575318e+02 2.940810245161423495e+02 2.940390686057752987e+02 2.943297452392608307e+02
2.937639741953214525e+02 2.941972289460994716e+02 2.916386082882314099e+02 2.939926720485627811e+02
2.933833468321837472e+02 2.937548551245619137e+02 2.919494018834900544e+02 2.929574196884511252e+02
2.860272949335806061e+02 2.868811185405615447e+02 2.845271695988458305e+02 2.863614102503507866e+02
2.620624233601315609e+02 2.622067258814224715e+02 2.625833341170069843e+02 2.619949992489571855e+02
2.677520633535749539e+02 2.678765260427235262e+02 2.669102418596191342e+02 2.677446420369639100e+02
2.787232375981134282e+02 2.792113879625700292e+02 2.775384087147157857e+02 2.792351071390382344e+02
2.597971055944778414e+02 2.601510296573547976e+02 2.598109602302919825e+02 2.598465998338381269e+02
3.053156402703663730e+02 3.053578482832404006e+02 3.048813867549077941e+02 3.039811796680080533e+02
2.636497561539363801e+02 2.635723487199022088e+02 2.642742341374382704e+02 2.643251112080665166e+02
2.791261205797336515e+02 2.786309371880259391e+02 2.783886363090265377e+02 2.785994414003492352e+02
2.831530505092877661e+02 2.826151004642233033e+02 2.810641271932001928e+02 2.823509503854710943e+02
2.760930991367179104e+02 2.763105884101682364e+02 2.740374249267028404e+02 2.770411246722384817e+02
2.685217193351055016e+02 2.686957474412787974e+02 2.677486580459017205e+02 2.683722987457793465e+02
2.911737913170818501e+02 2.914551932702348154e+02 2.903219003755048675e+02 2.918372633979583384e+02
2.679341352422487716e+02 2.687665854855844145e+02 2.675366007723978896e+02 2.687855852744976346e+02
2.701037658339918153e+02 2.701481579073154649e+02 2.693286596500251449e+02 2.701354157099511326e+02
2.883464200196858656e+02 2.896773049516885408e+02 2.870622009346163850e+02 2.884565532869140725e+02
2.644086928368042209e+02 2.641399683741967692e+02 2.636239153805649380e+02 2.644616054937069407e+02
2.844802734647866487e+02 2.844848935598761841e+02 2.830338940331380968e+02 2.846150123397012521e+02
2.618474123354209837e+02 2.625570985946221754e+02 2.619623017585503817e+02 2.623612248376735465e+02
3.053751048563181598e+02 3.060931530189839123e+02 3.068611911388173326e+02 3.051288168912955143e+02
2.630082876136636969e+02 2.629652073518722659e+02 2.625113896492108552e+02 2.632654952438051623e+02
2.673423326400130691e+02 2.678715792952427250e+02 2.665624264704995880e+02 2.679408593265656577e+02
2.651868812240648481e+02 2.651597995423143175e+02 2.652639829924404467e+02 2.645686784649477659e+02
2.990541517933959881e+02 2.993599952953211982e+02 2.980860385115128679e+02 2.979016566982635368e+02
2.652425322270254355e+02 2.647372037388005310e+02 2.649528006880084376e+02 2.645856282956316932e+02
2.668443501979213579e+02 2.672211580310345767e+02 2.664314500706009312e+02 2.673870227025582835e+02
2.832219589078173954e+02 2.838322969977515982e+02 2.827399994895841928e+02 2.834399650187756379e+02
2.848333692636908836e+02 2.853879505370105676e+02 2.836352304207725865e+02 2.847473769326447837e+02
2.642792580319675722e+02 2.643248949328356616e+02 2.637579424679822182e+02 2.644913909926633551e+02
2.633247411327711802e+02 2.632277882481312190e+02 2.631279704909820794e+02 2.636787656492253404e+02
2.690180987123535488e+02 2.699711522616302659e+02 2.689169764169591303e+02 2.696775164444821939e+02
2.843741804815810497e+02 2.851936236494741479e+02 2.833896869587433116e+02 2.865337758339971970e+02
2.622153029609085593e+02 2.617911203910039717e+02 2.619761487562636262e+02 2.614635427320532699e+02
2.760688602909910969e+02 2.760401586182773599e+02 2.741896904075795192e+02 2.766199645897748951e+02
3.003163007159118365e+02 2.995729419073916233e+02 3.000986568520610263e+02 2.985822814933624159e+02
2.666821605327982638e+02 2.671748166990876712e+02 2.671865813298550165e+02 2.672081064752024986e+02
2.691579466078024439e+02 2.695016296823834523e+02 2.690406392666818078e+02 2.695109011014318980e+02
2.623716160860957984e+02 2.624375591468604512e+02 2.617282889435876996e+02 2.629303194266880155e+02
2.720574136131809837e+02 2.718446271656874274e+02 2.709534675638095109e+02 2.720456338208422835e+02
2.682893553687156896e+02 2.671299419553523080e+02 2.670798365224509894e+02 2.668818670099968244e+02
2.657204254814272986e+02 2.648938187797260753e+02 2.651113454160106926e+02 2.652534640356763589e+02
2.653171022493892224e+02 2.658449612102118635e+02 2.651243013542280096e+02 2.659968346393561660e+02
2.945126969427462882e+02 2.940874678097653714e+02 2.917150960989608848e+02 2.926159923057773540e+02
3.009888636771817687e+02 3.008818046533251049e+02 3.010734176662635377e+02 3.015493549360929819e+02
2.785039784540251731e+02 2.778167268391780453e+02 2.767572044168372827e+02 2.780738822396423302e+02
2.663445590061219264e+02 2.664121528508895835e+02 2.665020543703291196e+02 2.657664552794439601e+02
2.791567217397753211e+02 2.795946680336730878e+02 2.779115574774884294e+02 2.798982529635086962e+02
2.605040845853735050e+02 2.607801717394955858e+02 2.605986769731124468e+02 2.607496121539734872e+02
2.603225043986600440e+02 2.602220704064002348e+02 2.601978587995800467e+02 2.608527065368548392e+02
2.621213557480998020e+02 2.621506673536768517e+02 2.626201254126812046e+02 2.623290119758163996e+02
2.661943646216063257e+02 2.660672187087100724e+02 2.656316495802129225e+02 2.661516373374453224e+02
2.720692840285293528e+02 2.727103433026390462e+02 2.712541689292024216e+02 2.730038069081168146e+02
2.850437984184744096e+02 2.850999235885921621e+02 2.839246116182189326e+02 2.850507580680146589e+02
2.601674362725031528e+02 2.603910366563405887e+02 2.611084426590410317e+02 2.600253333956781603e+02
2.625856311607758471e+02 2.628025352782466939e+02 2.616127820761045655e+02 2.628342317963209780e+02
2.677385501765190838e+02 2.674350807772154326e+02 2.671639349239201238e+02 2.676544094612523850e+02
2.972200872958889022e+02 2.968962282929739445e+02 2.958649081347173819e+02 2.963747031607094300e+02
2.893244526608382330e+02 2.897935317096747099e+02 2.883277519018415092e+02 2.896917358029053275e+02
3.031801097641088631e+02 3.039134294122233655e+02 3.028859261482147645e+02 3.027664218841295565e+02
2.646607121599654420e+02 2.644956737619371552e+02 2.646974306685465876e+02 2.645828336308584312e+02
2.977859622671562647e+02 2.986782750644389353e+02 2.966425753031680870e+02 2.971432738337092587e+02
2.643528994001964634e+02 2.637007857745416572e+02 2.649823720342517390e+02 2.640381308301963372e+02
2.682975800103184838e+02 2.683844592933859303e+02 2.678515108718615920e+02 2.684023639850812515e+02
2.657179610182614056e+02 2.659996804241774839e+02 2.644164344962906625e+02 2.663088413267247461e+02
3.031554681390008454e+02 3.031785395189120891e+02 3.014672405078517841e+02 3.023692786130005743e+02
2.607449807166236155e+02 2.607824037078898414e+02 2.609031114845140564e+02 2.609317988097722605e+02
2.717402327707516179e+02 2.727693350414901374e+02 2.712709648500607500e+02 2.726717744428223114e+02
2.638863363248792098e+02 2.639748263335191609e+02 2.645672188429371090e+02 2.639591973994325826e+02
2.741563642481239071e+02 2.743894914142301218e+02 2.741498022241362946e+02 2.743314826106587816e+02
2.971884552985770256e+02 2.977871351201819721e+02 2.967848039239457876e+02 2.963686893729918665e+02
2.833181899596222593e+02 2.841761965780499963e+02 2.819921915084907482e+02 2.835345106197906375e+02
2.676913547170094603e+02 2.672742927484839583e+02 2.672701150965257852e+02 2.680363262346301667e+02
2.842195070811009714e+02 2.849624631644865644e+02 2.831569031199803135e+02 2.843964205461159054e+02
2.612540533495387649e+02 2.615468223790855973e+02 2.617845145897158545e+02 2.616537214437847183e+02
3.088469423386996482e+02 3.094251914807333037e+02 3.091524559469530686e+02 3.072635690787079170e+02
2.587797408368872425e+02 2.593468420678500479e+02 2.593135729489357004e+02 2.590253452481961745e+02
2.990126701584264879e+02 2.998746702084697517e+02 2.987300420606075591e+02 2.990414138589565027e+02
2.716616984124622149e+02 2.716697943257468069e+02 2.702922505214398825e+02 2.719161277521317857e+02
2.655396582958815657e+02 2.650694856119151837e+02 2.657964020069133539e+02 2.652710578056797317e+02
2.647876047447259680e+02 2.647359456585191992e+02 2.656442201408960955e+02 2.648952393132162229e+02
2.655226757176673118e+02 2.654833597395194715e+02 2.644025596590669807e+02 2.653708707282985415e+02
2.695696686317098738e+02 2.695142867587148316e+02 2.682358956803747674e+02 2.700278814549820936e+02
3.027268686701849560e+02 3.022183878980933400e+02 3.003448662641256988e+02 3.002101195135571174e+02
2.730204095985782260e+02 2.732562501207062269e+02 2.723638816194638821e+02 2.732596225442588889e+02
2.736961829267863777e+02 2.739169334292434996e+02 2.726554181900482376e+02 2.737248690870108021e+02
2.599342583121710959e+02 2.599431003223075436e+02 2.603717162195889614e+02 2.598718725974474069e+02
3.054963135118580340e+02 3.052449242717932520e+02 3.047574648349182098e+02 3.037347054742682531e+02
2.793882899587464408e+02 2.794670711965728174e+02 2.777826571157044100e+02 2.798129901094970933e+02
2.774598071858611092e+02 2.782607416568504846e+02 2.769834275914647037e+02 2.784222461245381055e+02
2.681445606075735668e+02 2.682873854146041595e+02 2.674877532825201456e+02 2.683922805355859396e+02
2.701401032186987550e+02 2.701756517468213588e+02 2.689926349162635120e+02 2.705505430928237729e+02
2.760990576146407420e+02 2.756286022019752977e+02 2.747175548048221003e+02 2.759472125989927349e+02
2.630633817483254688e+02 2.630468313625303836e+02 2.628668091048731981e+02 2.626386776708138768e+02
2.649781121582041123e+02 2.653852244417511770e+02 2.645403627441718868e+02 2.649971207095131263e+02
2.646372818984414721e+02 2.642979652194132996e+02 2.647146387254617821e+02 2.649519198887915081e+02
2.607386028500794737e+02 2.609311678196491471e+02 2.605540899956847625e+02 2.614408929309793734e+02
2.628850243205975517e+02 2.631847171330617243e+02 2.626677979204630446e+02 2.633956100804460903e+02
2.708272477373101879e+02 2.713763101250996215e+02 2.698646130509117711e+02 2.710895305438252194e+02
2.741705483165425221e+02 2.742962254063458545e+02 2.734278567583000381e+02 2.741895025829236374e+02
2.665110126152328576e+02 2.668363450093893903e+02 2.665900492904847283e+02 2.668657929188075286e+02
2.656681493891159107e+02 2.658144008580738387e+02 2.653136285419394653e+02 2.654883075321674823e+02
2.708466157575670081e+02 2.713062988024904030e+02 2.696453088882238376e+02 2.716217373694387334e+02
2.730700465137111905e+02 2.732180028279336170e+02 2.723878358089438052e+02 2.732816752632363659e+02
2.665265775715497512e+02 2.664087248446049330e+02 2.654789240748897896e+02 2.666178948494167003e+02
2.810646536970693319e+02 2.806050991121316542e+02 2.793786890649769816e+02 2.803779988827537295e+02
2.680081237043671081e+02 2.681300772146915961e+02 2.674947751521468149e+02 2.684147120372001041e+02
2.625031666303542579e+02 2.628995970611277926e+02 2.629234310201829885e+02 2.628648179438627039e+02
2.839285827044269581e+02 2.849851533343796177e+02 2.828051873569392001e+02 2.849552397516346787e+02
2.928652124387631943e+02 2.924658589540247249e+02 2.910168514008190073e+02 2.920345289590799780e+02
2.698638731700356175e+02 2.696847289887362535e+02 2.692000006112502888e+02 2.696360326460512624e+02
2.900482711102317239e+02 2.911302836685649709e+02 2.900737468164401207e+02 2.905283849408477295e+02
2.666207622607128656e+02 2.674974542802746669e+02 2.672529635937963803e+02 2.671881112439916137e+02
2.614561929982953643e+02 2.608998980320875489e+02 2.615792672649884594e+02 2.612723503025962373e+02
2.699888880538146623e+02 2.700186161326432170e+02 2.690577301659056957e+02 2.702946780245699188e+02
2.730995654448450978e+02 2.734301069761138478e+02 2.723224335696340290e+02 2.733052306712643258e+02
2.663309836108509217e+02 2.662288822188510267e+02 2.668455300641355734e+02 2.664152921770645435e+02
2.712338554585409724e+02 2.717503107112320890e+02 2.706007767523848884e+02 2.717094312672396654e+02
2.659640335529513209e+02 2.659730580565554874e+02 2.649511516201438894e+02 2.668468830148458437e+02
2.710430189428122389e+02 2.715213718111506864e+02 2.707010918147853431e+02 2.707598597369905633e+02
2.663599400132152368e+02 2.654608656913899836e+02 2.652668182312302747e+02 2.657216672417640666e+02
2.733916015934253210e+02 2.733408415132837490e+02 2.720269658426325918e+02 2.737581883587209859e+02
2.592976852744730536e+02 2.590104257191150623e+02 2.594779901581787840e+02 2.591317189105274679e+02
2.686151091849320665e+02 2.680576997766959266e+02 2.670891225937369313e+02 2.691010587270897645e+02
3.070454164923135068e+02 3.073069024281583097e+02 3.076239713390859265e+02 3.066402108792721037e+02
3.005948352166764153e+02 3.011212598269681280e+02 2.997563945630274702e+02 2.990423007406879492e+02
2.637524190381587346e+02 2.638403480430280865e+02 2.637833021601374526e+02 2.637874132020767206e+02
2.750950123117830231e+02 2.750667139250390960e+02 2.727052841626517647e+02 2.759833039862389228e+02
2.614308847748508811e+02 2.617849130307305927e+02 2.624136314799257548e+02 2.615413719193634279e+02
2.696523298959773456e+02 2.692426160689351491e+02 2.689148589370671516e+02 2.691604795661018557e+02
2.880366103883184223e+02 2.889695253211588124e+02 2.865071248953142344e+02 2.884016220453370352e+02
2.606328619100100923e+02 2.614142662027108486e+02 2.609216362554495277e+02 2.609806265196390314e+02
2.639531023582479179e+02 2.643338680386850683e+02 2.636445999518275016e+02 2.643762567967988844e+02
2.698544980616562157e+02 2.697775767412555865e+02 2.690040600145562735e+02 2.701438277159985546e+02
2.879814825783654442e+02 2.877622314494926172e+02 2.863337940647791697e+02 2.882797447525597931e+02
2.603323789947495470e+02 2.607039129872152898e+02 2.600225174379246482e+02 2.607507724276115368e+02
2.825556936065743230e+02 2.827300420536040519e+02 2.812590434793513055e+02 2.825967157110144967e+02
2.663587832234330222e+02 2.670608663382949999e+02 2.667051055310716947e+02 2.671813658708255730e+02
2.632818629186692760e+02 2.637129348738861836e+02 2.633409944546847896e+02 2.637912110636810894e+02
2.651359446079712257e+02 2.650827176516057193e+02 2.647817010239217552e+02 2.653869160838169137e+02
3.007437673327204379e+02 3.004809552305870284e+02 3.007400625638726410e+02 3.003544274863072019e+02
2.845057299979204117e+02 2.853249612185742308e+02 2.827652768304384381e+02 2.849817853515603474e+02
2.863463753521691615e+02 2.870317527830018776e+02 2.858522933340735790e+02 2.861301921139261708e+02
2.636035422683892193e+02 2.631796942781442681e+02 2.625687201108650015e+02 2.631281581234625264e+02
2.672488583426631976e+02 2.675966867084421779e+02 2.671755839537135557e+02 2.668777066961072251e+02
2.708933232076551576e+02 2.707003931896990707e+02 2.700426259631593098e+02 2.712229328727214011e+02
2.651287438323429342e+02 2.650841725191671117e+02 2.652359132066719098e+02 2.647786271687060093e+02
2.666149423747243645e+02 2.668293263005015206e+02 2.654171750922427577e+02 2.666511976794880638e+02
2.612385262575780871e+02 2.611906817642683336e+02 2.609504486266513368e+02 2.613804091649551538e+02
2.798928889826557906e+02 2.800530748454876857e+02 2.784056437054898652e+02 2.797737025713602748e+02
2.851260355731940876e+02 2.855728590881707873e+02 2.833817876835104812e+02 2.851174536202007630e+02
2.853550511924235025e+02 2.856836838873184661e+02 2.839560513398980106e+02 2.853262789524174536e+02
2.839047752024855527e+02 2.840116068728747223e+02 2.820856322092636788e+02 2.837807485908816716e+02
2.624561393522965886e+02 2.628644270213256959e+02 2.622682585140458968e+02 2.627808076739232206e+02
2.631896301965451244e+02 2.637317796728778490e+02 2.626512880265489684e+02 2.637096228565019942e+02
2.684955585307920956e+02 2.688408057225649372e+02 2.681034551660208649e+02 2.693625537647585020e+02
2.974233257148836174e+02 2.978735101783050823e+02 2.964242482842109894e+02 2.964972262106939525e+02
2.669212350925897681e+02 2.667865126496200219e+02 2.670751395294302029e+02 2.670361084244967174e+02
2.674384146397671884e+02 2.678375512725367571e+02 2.667025275071540023e+02 2.687597133603546808e+02
2.631136427777256586e+02 2.635297651955154947e+02 2.638152259930953392e+02 2.634162114694102570e+02
2.703848296701984850e+02 2.709383083501408009e+02 2.694623958894540010e+02 2.701860100030589251e+02
2.991092026859628845e+02 2.985140374166267634e+02 2.978828005247154920e+02 2.983804047197459681e+02
2.660191881711339761e+02 2.649530770638771173e+02 2.650567129662583739e+02 2.653129183343015711e+02
2.965003941370593452e+02 2.968232361596742521e+02 2.959197216016862626e+02 2.962294131272432196e+02
2.900998801507371923e+02 2.903854222500988271e+02 2.896077996138847084e+02 2.907582991314752121e+02
2.732072431715153584e+02 2.727549207805868150e+02 2.723428237218362256e+02 2.736115332886246279e+02
2.629125598540963438e+02 2.624340558082257644e+02 2.632511805097856836e+02 2.627645138253448067e+02
2.678662528013490487e+02 2.683066061039361330e+02 2.669258754162408422e+02 2.676394711555959702e+02
2.648873624922309205e+02 2.648833331509278537e+02 2.652322346254642298e+02 2.650160585058349056e+02
2.620422350915786183e+02 2.620592862536514644e+02 2.618336117822728966e+02 2.623186388336156938e+02
2.687814254225474997e+02 2.684864192710662678e+02 2.680270849164952551e+02 2.685163794110741833e+02
2.684826282983777332e+02 2.689867824164259105e+02 2.679533625628436084e+02 2.689339568441623669e+02
2.633512559751007984e+02 2.637925318518202857e+02 2.638088815618688727e+02 2.636096608319393795e+02
2.669149675114408637e+02 2.669265220012331952e+02 2.656327204910261344e+02 2.672119887633663211e+02
2.730195526212046957e+02 2.738181645993130928e+02 2.726592178606779839e+02 2.739908584648916872e+02
2.650029586800789048e+02 2.652068054587644497e+02 2.649330867171501609e+02 2.655244885704094600e+02
2.624659571964685938e+02 2.626739950981942684e+02 2.624402765291353035e+02 2.630419544169553774e+02
2.715361216836528229e+02 2.717102779411886218e+02 2.709354702938068726e+02 2.713743988796177291e+02
3.053832843429497075e+02 3.049854648281663572e+02 3.054111950108180054e+02 3.033811742620416112e+02
2.628877058428677174e+02 2.625983605697090297e+02 2.631733266231682933e+02 2.620451570738295572e+02
2.649842629187504599e+02 2.651092743037629589e+02 2.652536882929041440e+02 2.652939853705708515e+02
2.665852722432475730e+02 2.669429482970282379e+02 2.661412457469660922e+02 2.673464850993442496e+02
2.700395832954964135e+02 2.703233060324770349e+02 2.694606375067585304e+02 2.705130976190508250e+02
2.705506946994971145e+02 2.705714546604871771e+02 2.704948598783344664e+02 2.698845064360687616e+02
2.652534534473603003e+02 2.654013012525198860e+02 2.654848645492279502e+02 2.652235441706304755e+02
2.659271364750824205e+02 2.664305326834915491e+02 2.660372499017764767e+02 2.664592022182776532e+02
2.612217159083769502e+02 2.613769753385649324e+02 2.610824778349673352e+02 2.614319636171669003e+02
2.741712121970348335e+02 2.741514620856672764e+02 2.730040537917538472e+02 2.741619410820744065e+02
2.604637821023433162e+02 2.605448000137039344e+02 2.605973899167555032e+02 2.604514985333082109e+02
2.619154041051181707e+02 2.622588201371780769e+02 2.612496385277393074e+02 2.623214814061070115e+02
2.676122671692318704e+02 2.671016601790324216e+02 2.666825927491871653e+02 2.672572046199167062e+02
2.609955847352915157e+02 2.609646150348497144e+02 2.613719336490586329e+02 2.613622527349294842e+02
2.605230583039102044e+02 2.600556379333914947e+02 2.603380240144764457e+02 2.602207011709223821e+02
2.632958256746908319e+02 2.637534264925507728e+02 2.632289151459589789e+02 2.640064176807516674e+02
3.025342274224569792e+02 3.015292264738531571e+02 3.015498535233773509e+02 3.008455290416125649e+02
2.610372450320916755e+02 2.612398717253118434e+02 2.617320407381932341e+02 2.615309194262202368e+02
2.723778660029031471e+02 2.726054184851012678e+02 2.711639433375111707e+02 2.722688863205626717e+02
2.642874999921411927e+02 2.646233952534425953e+02 2.649738747884460963e+02 2.639897554175307164e+02
2.635695425081425469e+02 2.640311764783972990e+02 2.633706151698659141e+02 2.640701445210314091e+02
2.677101556394471800e+02 2.679783217838951828e+02 2.677543195015728656e+02 2.678915316537137414e+02
2.641209156102818270e+02 2.639931027875821314e+02 2.637669976753850278e+02 2.642483288921060307e+02
2.811125407927346487e+02 2.813557160029047282e+02 2.798768705165311417e+02 2.822391947411366573e+02
2.766850817841959156e+02 2.766073901319981019e+02 2.745507782527017184e+02 2.769042335573915352e+02
2.901650562069198145e+02 2.903933336785422057e+02 2.888407922540239952e+02 2.904154071027937789e+02
2.744493086572131233e+02 2.743804660127006514e+02 2.735010645455612917e+02 2.746686131558304851e+02
2.599131138889712815e+02 2.599768332444325551e+02 2.597491442468376022e+02 2.596361480482287902e+02
2.695413291343783726e+02 2.703720772578428182e+02 2.700101164826102718e+02 2.691955768798240456e+02
2.708308759888145687e+02 2.711325678122504428e+02 2.700040520933958419e+02 2.704731458291508375e+02
2.693900774405190646e+02 2.690147403432836199e+02 2.675237871240544223e+02 2.699387425349489149e+02
3.000963449175218329e+02 3.005634373151040108e+02 2.988728634959736041e+02 2.988415211099279531e+02
2.620609730171895535e+02 2.621173621002806726e+02 2.614137931570780893e+02 2.623990471653235659e+02
2.703801398741831576e+02 2.708480698335889088e+02 2.705404218838139059e+02 2.702614060907507110e+02
2.655140889027328512e+02 2.653113075936248606e+02 2.653060032327246631e+02 2.652274561079894966e+02
2.628767718401840057e+02 2.630916834735602947e+02 2.625913451376474654e+02 2.623365595807133559e+02
2.608428546281747344e+02 2.606301293998627102e+02 2.605610125346801169e+02 2.603454143736548190e+02
2.616063767799043944e+02 2.618891020062868620e+02 2.611319950460885480e+02 2.611458756652288571e+02
2.743950314897084581e+02 2.742139383412343250e+02 2.735853924450333921e+02 2.743190465758665368e+02
2.695211475687410143e+02 2.697842966014375179e+02 2.695710043201119106e+02 2.696146007796563708e+02
2.613819522204505574e+02 2.619107312726139298e+02 2.622849608804632453e+02 2.619442884158043512e+02
2.648711827210523779e+02 2.651069633893039281e+02 2.639827114462271425e+02 2.658289436170968543e+02
3.014955544011755819e+02 3.013417208433534711e+02 3.012583106792729950e+02 3.007716824714589734e+02
3.044134470595232074e+02 3.041588542815093774e+02 3.042037531766853249e+02 3.036263906828246490e+02
2.670821107150890725e+02 2.670019116759278290e+02 2.674912924977418811e+02 2.672062475831986035e+02
2.659103768337607789e+02 2.660576306097254928e+02 2.658724550104486184e+02 2.666222607768456783e+02
2.732137336769179115e+02 2.730359264582001515e+02 2.720985072169415275e+02 2.736589990661849470e+02
2.687113250267277635e+02 2.688028624779004758e+02 2.687514363615745765e+02 2.679115069834898577e+02
2.634946371871076281e+02 2.634580629854470430e+02 2.631773680598463443e+02 2.630801682627487139e+02
2.643433270285357821e+02 2.647353506541747947e+02 2.655764154771878793e+02 2.647409745109598589e+02
2.793582620763459659e+02 2.796840467258941771e+02 2.780173649454515612e+02 2.800716047751075166e+02
2.657226160494499254e+02 2.660219051620342157e+02 2.658425735261458840e+02 2.653847783852971816e+02
2.863069553253203026e+02 2.856323898740534446e+02 2.849619049071151267e+02 2.858798024496864514e+02
2.675022068545893603e+02 2.676141752455640699e+02 2.673048953268721561e+02 2.672192851352870662e+02
2.977629495996437754e+02 2.973560748550514745e+02 2.967365212289612373e+02 2.962026900933704496e+02
2.907878554010475227e+02 2.902828086783165986e+02 2.894684273870055904e+02 2.909491510473808944e+02
2.643133367778226557e+02 2.645896144071479057e+02 2.643825467267254226e+02 2.637355563623880812e+02
3.081226169178211762e+02 3.082329682225642387e+02 3.078907865562832171e+02 3.069911476869554008e+02
2.830102957646936375e+02 2.826378370140728293e+02 2.821972059775470143e+02 2.831205907103004051e+02
2.584022152999722266e+02 2.586136482080586347e+02 2.579797697150016802e+02 2.585875614033330407e+02
3.010381999741524623e+02 3.009973118945979991e+02 3.003706570466980565e+02 3.012424519811345363e+02
2.605458376917075611e+02 2.608495889017206650e+02 2.601987054961822423e+02 2.606430495265759646e+02
2.789503877758034491e+02 2.787473897746014018e+02 2.772830100198098648e+02 2.783508780316437878e+02
2.611979986372186886e+02 2.612417028603620679e+02 2.614434699610237658e+02 2.613335623663277261e+02
2.666579396376269528e+02 2.667834513149325630e+02 2.666320011249941331e+02 2.670877874557097584e+02
2.695686506620868954e+02 2.695209254632632678e+02 2.693900971544964023e+02 2.697198013663352185e+02
2.725452105113380981e+02 2.728407102818218277e+02 2.710919355902536836e+02 2.728220736656085137e+02
2.605064554511050687e+02 2.602009619082542144e+02 2.602402260915632723e+02 2.604687721253353629e+02
2.891167947031864855e+02 2.888897316040379906e+02 2.876075052516391679e+02 2.890515527278162722e+02
2.634631530130135388e+02 2.629980013839810908e+02 2.633421849952561047e+02 2.629461325863522347e+02
2.724708867804001784e+02 2.722480331688508954e+02 2.710026202033831737e+02 2.729340191702669927e+02
3.040731691180681651e+02 3.042981858207776895e+02 3.034606034077533536e+02 3.034550813258637731e+02
2.686331314127716041e+02 2.683922322915545351e+02 2.685158332767992988e+02 2.684303977491068167e+02
2.673984579742098049e+02 2.677940273451553139e+02 2.677912096284534300e+02 2.680548390948333122e+02
2.678915619005809390e+02 2.680603355657872271e+02 2.669060687276157751e+02 2.678505692139961525e+02
2.870030899405455784e+02 2.869521078698723500e+02 2.855651547369142236e+02 2.871032708904284050e+02
2.618612722612355697e+02 2.622638107341285263e+02 2.626923367720445412e+02 2.620917489442728652e+02
2.631208598831111090e+02 2.627713842968210542e+02 2.630950849898602542e+02 2.626148294334569755e+02
2.830881550034846441e+02 2.836225740028355631e+02 2.825448250028941288e+02 2.837138476763582844e+02
2.601843546531693505e+02 2.598294674366933350e+02 2.598978918703956538e+02 2.606984127862769469e+02
2.787555298460897006e+02 2.786934098442104641e+02 2.778971364586360551e+02 2.787109228142241477e+02
2.707028320353662139e+02 2.711447287350792976e+02 2.687355030042701287e+02 2.706179379564434839e+02
2.997369020795231904e+02 2.997673333836266920e+02 2.977098560157371594e+02 2.982855005165943112e+02
2.680910301190927498e+02 2.686064713539164472e+02 2.667944660003088302e+02 2.682504138452005691e+02
2.955162727211381366e+02 2.955803650868263617e+02 2.939997676348940558e+02 2.950476054840210622e+02
2.614259697258429469e+02 2.614780493454032353e+02 2.617239932861343732e+02 2.613805290770603733e+02
2.947092752622324952e+02 2.948684827398280959e+02 2.941551203072859835e+02 2.949782057883097650e+02
2.706194924956181467e+02 2.714440700573027243e+02 2.699302034534921972e+02 2.716966112469544328e+02
2.677620978752246970e+02 2.671401644232344097e+02 2.678374597002351720e+02 2.673674168704463341e+02
2.654256970473584829e+02 2.653408833834618576e+02 2.655650491928277006e+02 2.653293997096498060e+02
2.639506325890527023e+02 2.641355226083392154e+02 2.645788701785590433e+02 2.643229770633313365e+02
2.724989704174366807e+02 2.735267006138632269e+02 2.728344246187566569e+02 2.735266193666689105e+02
2.585924801322296958e+02 2.583856533166327836e+02 2.588864564506536681e+02 2.592133933613200725e+02
2.750009632433699380e+02 2.765525016479300575e+02 2.741711199848533624e+02 2.754959750262768807e+02
2.917127946925290303e+02 2.923415772014416234e+02 2.914800669433257667e+02 2.918774870076537127e+02
2.718338251060645234e+02 2.718472706796373473e+02 2.711982848518584319e+02 2.723770539818075918e+02
2.623836180203953745e+02 2.620198238389002086e+02 2.624717937159308008e+02 2.633486015529983888e+02
2.671729382334644924e+02 2.670102759260312268e+02 2.671920422483187281e+02 2.669572906023381620e+02
2.592785237215961729e+02 2.589730802563694283e+02 2.592576828297775364e+02 2.590729042844585592e+02
2.637780177743709373e+02 2.640099996398819258e+02 2.637487101301333041e+02 2.637980175838744685e+02
2.883499276129717828e+02 2.893813920870011316e+02 2.872632357924121038e+02 2.893376314473313187e+02
2.611196800572861321e+02 2.609768575819484226e+02 2.615292322388610273e+02 2.609172596804286854e+02
2.668524587547609030e+02 2.673281028812118052e+02 2.666520936731097891e+02 2.672209194694308962e+02
2.647178702031623629e+02 2.648748078015905776e+02 2.647320244972902969e+02 2.647486500015040747e+02
2.653374268629856374e+02 2.656674400332312871e+02 2.655078481842132874e+02 2.655421859491464716e+02
2.743912827768751299e+02 2.749824796413555532e+02 2.725286658390469370e+02 2.749393494306693242e+02
2.639882601421342656e+02 2.644483512509149250e+02 2.635114176763285627e+02 2.648849867669521814e+02
2.864515664137406361e+02 2.860447620190831231e+02 2.848062616558962077e+02 2.854171784835906465e+02
2.644123563778495623e+02 2.645512229251712597e+02 2.647823297899603290e+02 2.645360013016903622e+02
2.623630490656538541e+02 2.626573288211286581e+02 2.626985167376410004e+02 2.631733306795526914e+02
2.639441344964318432e+02 2.642039836908820121e+02 2.645279839945212643e+02 2.641081734417355165e+02
2.641222957730499843e+02 2.637260445846036987e+02 2.650482775742326567e+02 2.643394075167089454e+02
2.733859845870066465e+02 2.735726032035436788e+02 2.729598534969750290e+02 2.730998175874243543e+02
2.584125455251048606e+02 2.584924066155576270e+02 2.582984189553488932e+02 2.587571170558277345e+02
2.618913558391748779e+02 2.616718613464499299e+02 2.627832050048887709e+02 2.623719006700346199e+02
2.645031375407612018e+02 2.646027669246778373e+02 2.643584552406062471e+02 2.653028718282311047e+02
2.583431384475747450e+02 2.579837057451641726e+02 2.584842480936359266e+02 2.585446977490607878e+02
2.960352595819569501e+02 2.967824911387883162e+02 2.952112116079317730e+02 2.953333764428690529e+02
2.600721362380957657e+02 2.603446276779725963e+02 2.605177922953895404e+02 2.605091333263059141e+02
2.798258108859882896e+02 2.798236997852296781e+02 2.785501146902986420e+02 2.790551546471400002e+02
2.691202446266162269e+02 2.690095984752064169e+02 2.696603109586745290e+02 2.695841859554018356e+02
2.661797810753409408e+02 2.664008152260307156e+02 2.666933010791032643e+02 2.668716519837732335e+02
2.579319302842169463e+02 2.577424139354495196e+02 2.573805702615316022e+02 2.586939705049387044e+02
2.794081229761434884e+02 2.802248496835092624e+02 2.778459962930758138e+02 2.798508743402376240e+02
2.661649498822721966e+02 2.661122857257104215e+02 2.658044469863664290e+02 2.666528987489276119e+02
2.631715747107035099e+02 2.633501701711672354e+02 2.635018280115422726e+02 2.634108756588307187e+02
2.795843693207544902e+02 2.797979391665249409e+02 2.783862044145301411e+02 2.789580149664119517e+02
2.651451541645571979e+02 2.643955742703250849e+02 2.647944235180584087e+02 2.647128015478489260e+02
2.717215222134393002e+02 2.723439874622126240e+02 2.710767974333364236e+02 2.728860971876452481e+02
2.613561939139660240e+02 2.615575429939498804e+02 2.613529067988616248e+02 2.614946605964037190e+02
2.855207739576068775e+02 2.862952912150562383e+02 2.844181583318476214e+02 2.864872458789108691e+02
2.604216552783360612e+02 2.604869084924171716e+02 2.600690945836881269e+02 2.603559442853326118e+02
2.749574841795208044e+02 2.754235008025841012e+02 2.743862142238506294e+02 2.751632696009578467e+02
2.606073641400985252e+02 2.603346082587289629e+02 2.610967440443836836e+02 2.606199591646989120e+02
2.631804309340449208e+02 2.630416676573443624e+02 2.628810995830577895e+02 2.638947878015767969e+02
2.646533721933577112e+02 2.651868462242435953e+02 2.648220758731471278e+02 2.647984234718028347e+02
2.699527329224677032e+02 2.709545251060542341e+02 2.697151768061363555e+02 2.706779363154914222e+02
2.670563329332712783e+02 2.677436256872620675e+02 2.669899402705743796e+02 2.675063509279899563e+02
2.642716535504056310e+02 2.639468935597333825e+02 2.642889426872989134e+02 2.637644420199262640e+02
3.001512221245439491e+02 2.996355004591472380e+02 2.995286867163262627e+02 3.000835993489385487e+02
2.653916434943987497e+02 2.656060664933561384e+02 2.650573012080382114e+02 2.664390734546513499e+02
2.604349978160706200e+02 2.607365497724829879e+02 2.601348997866092532e+02 2.610661277823073760e+02
2.707256619422501558e+02 2.709847539939549392e+02 2.704372381444896973e+02 2.714224670592845996e+02
2.734350099774627552e+02 2.731964108359445618e+02 2.724044721169883019e+02 2.734865170611087706e+02
2.628436037434479999e+02 2.632389794663744169e+02 2.623361996450077527e+02 2.626276509467439837e+02
2.601480993088298419e+02 2.600750840761823497e+02 2.601114103098428245e+02 2.606169121965326099e+02
2.614706549708757279e+02 2.616745958988228153e+02 2.612337003582459829e+02 2.612046615014999134e+02
2.674139533174134726e+02 2.672325216763578624e+02 2.671733436493241811e+02 2.666649665319829410e+02
2.697628056571280126e+02 2.705783363890549253e+02 2.697104068879283432e+02 2.705490773279205996e+02
2.969986303083916255e+02 2.960492420112159948e+02 2.955619365525344051e+02 2.958711284939091684e+02
2.747787519530427289e+02 2.750746609480039524e+02 2.732286513471881904e+02 2.745349500041084525e+02
2.596354209269127864e+02 2.597444625293603053e+02 2.600303210395751421e+02 2.598730897535572240e+02
2.696861358779274838e+02 2.700461415211200347e+02 2.693072895931771313e+02 2.698826382406110156e+02
2.815501919097764016e+02 2.819115645765415934e+02 2.805391526289569697e+02 2.816004747630673819e+02
2.812679438601904849e+02 2.822951593477152414e+02 2.799367948180258736e+02 2.814619464272846017e+02
2.805319984217643992e+02 2.814084632387178999e+02 2.800021578250697303e+02 2.811697095875741184e+02
2.688425716298528414e+02 2.690500609450008369e+02 2.689874533666819616e+02 2.690118796051822869e+02
2.625770953226270876e+02 2.630238831875354322e+02 2.627749750684957917e+02 2.631823216594210066e+02
2.636015202089858462e+02 2.638000268509770763e+02 2.641450995119548111e+02 2.641137745297327797e+02
2.692885206845018615e+02 2.690697168281419636e+02 2.681292307014792300e+02 2.691341888727448577e+02
2.996876218232521296e+02 2.989293567917911787e+02 2.990262194451607343e+02 2.988940545597606615e+02
2.636316647581868438e+02 2.631270821908873359e+02 2.637954906301840765e+02 2.634034284643106503e+02
2.696275759754736896e+02 2.696234586045504216e+02 2.686862103182652390e+02 2.700808263029534260e+02
2.653753891523591051e+02 2.653671498331348175e+02 2.651816622121872342e+02 2.656506892275122595e+02
2.647704355884447409e+02 2.640693115723853452e+02 2.653313517779694735e+02 2.636730760072074418e+02
2.621936662859655485e+02 2.625541547698566660e+02 2.622495961620736011e+02 2.625615994984750046e+02
2.606069078640401244e+02 2.614597471717158896e+02 2.611494616146056273e+02 2.607768352126348645e+02
2.804168641462733831e+02 2.805407931135338799e+02 2.794144680605921280e+02 2.809739383823174990e+02
2.967428951631862901e+02 2.963623290873449605e+02 2.945776508114736885e+02 2.957436616477118037e+02
2.609913555187790735e+02 2.613342177013965966e+02 2.614049327159695508e+02 2.612257426696883158e+02
2.717361742978717984e+02 2.721608720083660842e+02 2.708159297471897844e+02 2.725884679080151614e+02
2.743402027610565028e+02 2.740380648065334412e+02 2.740627440983569159e+02 2.740465225572127110e+02
2.727902285249149941e+02 2.739218157527272979e+02 2.709807399337349239e+02 2.737953013355502776e+02
2.846644208376673078e+02 2.860352351393680124e+02 2.840982903691411252e+02 2.850361411004111005e+02
2.663033300163138506e+02 2.662419254772199224e+02 2.662950047843721677e+02 2.657984912690586157e+02
2.636691179994185177e+02 2.644634563591480401e+02 2.642274843033302432e+02 2.637971256747724738e+02
2.638868042157147329e+02 2.638894845204084163e+02 2.632436073436102220e+02 2.635081681704960488e+02
2.629270917764603723e+02 2.635244026112734446e+02 2.628197828010549983e+02 2.632146250904707472e+02
2.775614126573312888e+02 2.770104723315914725e+02 2.764735668663921047e+02 2.774382292689361975e+02
2.855272199279503980e+02 2.847666351994121214e+02 2.837703322186270043e+02 2.844352902363168027e+02
2.682345507699254767e+02 2.682080910440486718e+02 2.673387679375712196e+02 2.682087710559960101e+02
2.721791353014203878e+02 2.716274762987036979e+02 2.707882564956648253e+02 2.721795436825400998e+02
2.791726915595500031e+02 2.791794975262965863e+02 2.774899538730252289e+02 2.798231893945275601e+02
2.627185429364141669e+02 2.623911548378046064e+02 2.620003877374976469e+02 2.625872605043056183e+02
2.975386377063966279e+02 2.979436051886386281e+02 2.969429576518541580e+02 2.970051845626257432e+02
2.629293258237756845e+02 2.633019916850583400e+02 2.638367458555484859e+02 2.627614087701877565e+02
2.627810572357564070e+02 2.629368926837345839e+02 2.628280625526243739e+02 2.628334702721049325e+02
2.632397774148343501e+02 2.634944594263997715e+02 2.640632687451169431e+02 2.635175125484086038e+02
2.695789118168208347e+02 2.699975698194931510e+02 2.699701760370494412e+02 2.691450049415920489e+02
2.750425641009021547e+02 2.747590021997074246e+02 2.742864519825635625e+02 2.748693750609048152e+02
2.752875189808904111e+02 2.756356667377701797e+02 2.744130895272913904e+02 2.756654850477912078e+02
2.679779515373508048e+02 2.677590697214019428e+02 2.680122662266858242e+02 2.673540022272422334e+02
2.922221185094392126e+02 2.930999363806049018e+02 2.914382077605013137e+02 2.927652189952617618e+02
2.959004374320996931e+02 2.960897639520630946e+02 2.950298711162218979e+02 2.946924907178383251e+02
2.783409360975080062e+02 2.779527032101611326e+02 2.769618328508870491e+02 2.778823568109117446e+02
2.615382799940547329e+02 2.616873480015119640e+02 2.614534398551427898e+02 2.617205496285837967e+02
2.624303784944508493e+02 2.624250364564850315e+02 2.624293919590704149e+02 2.623341259416549747e+02
2.758331512499224800e+02 2.755314347767898084e+02 2.745891132684178615e+02 2.754294672122859993e+02
2.736611652372890262e+02 2.737580978128594893e+02 2.724117204949628217e+02 2.732731495328537790e+02
2.598548950978411654e+02 2.591532354917964653e+02 2.596877976998636086e+02 2.595723144824963811e+02
2.665187264268822105e+02 2.665256070199266105e+02 2.671299298042438863e+02 2.665092541714327581e+02
2.648708351367425280e+02 2.652140605238098487e+02 2.647795088917150679e+02 2.655762126288426543e+02
2.706139159981105422e+02 2.710497221642437466e+02 2.695584059070969829e+02 2.700252069033978728e+02
2.590839609997448747e+02 2.596885040082394767e+02 2.589310006878790205e+02 2.595309717887352576e+02
2.588323034748352143e+02 2.593931527222987370e+02 2.593961587397803328e+02 2.590240135706387719e+02
2.689039863403133950e+02 2.689129691938155702e+02 2.686909263835594288e+02 2.697033600818584773e+02
2.646941252740475647e+02 2.648532156036714014e+02 2.654483014273938011e+02 2.649653180646674286e+02
2.689553554156174755e+02 2.689294876814673785e+02 2.694561761329286469e+02 2.696595868488575434e+02
2.614834616330393260e+02 2.613853190048407669e+02 2.612328917016484411e+02 2.612824709832850658e+02
2.609187665963264067e+02 2.608855184240603080e+02 2.610466422223166774e+02 2.609990449434848756e+02
2.682264085098985902e+02 2.697866362982637725e+02 2.686570526522991145e+02 2.685355961376876053e+02
2.632670550075096116e+02 2.636220776988555485e+02 2.629932269391567274e+02 2.638051407436401519e+02
2.642733435031207136e+02 2.640834043471223254e+02 2.639272261182511556e+02 2.641538074295421552e+02
2.642715415066807054e+02 2.639301916079178909e+02 2.641768542566253473e+02 2.641399069491170621e+02
2.641626098406084111e+02 2.647395626267824014e+02 2.642961427269120804e+02 2.643282249855931241e+02
2.671953207036709159e+02 2.674632761089617929e+02 2.683643130059156192e+02 2.677328786072040998e+02
2.640913182474116070e+02 2.640251069684747449e+02 2.641822727445745045e+02 2.640254295841535281e+02
2.769855287165995037e+02 2.779481516457369707e+02 2.768221344215655790e+02 2.782641503929366991e+02
2.653737518513672740e+02 2.659259039490286796e+02 2.671895724838173010e+02 2.661149874870430381e+02
2.623778224307526443e+02 2.623963138951144174e+02 2.617177175590463776e+02 2.628545495835696784e+02
2.626256893024164469e+02 2.627851956449354702e+02 2.619218605776285926e+02 2.635337899865519375e+02
2.707420620631927477e+02 2.699628814893154072e+02 2.698619030055490953e+02 2.698260400182911098e+02
2.820654967248310072e+02 2.821720415188178208e+02 2.809367118900648848e+02 2.822370730756392732e+02
2.653782033330999184e+02 2.655418969413615287e+02 2.646224698607033474e+02 2.652172622025835835e+02
2.693352909050433936e+02 2.691966143094729773e+02 2.686896657575755398e+02 2.690498112609222972e+02
3.085874571893785969e+02 3.084266081830147073e+02 3.088170635616738195e+02 3.074457329488928394e+02
2.618782119267026474e+02 2.628149128210406502e+02 2.625583410511768534e+02 2.620602290655240836e+02
2.868933417106857746e+02 2.863769457081971836e+02 2.846466666296327048e+02 2.871442024969842350e+02
2.734522994594435659e+02 2.742849964028642944e+02 2.723524658943493932e+02 2.739827323865971493e+02
2.713551355902380919e+02 2.711379719974419800e+02 2.715916725357456016e+02 2.713736251519642906e+02
2.608191321208875593e+02 2.607994769382713116e+02 2.611717608459122175e+02 2.608054962008240523e+02
2.652473476759641926e+02 2.648962883992804223e+02 2.650277238064518315e+02 2.651389224854793270e+02
2.663968586569413333e+02 2.673195747050961586e+02 2.648951261110086648e+02 2.671656887526637547e+02
2.665266580340004339e+02 2.668633281928752012e+02 2.656889601258642983e+02 2.669177745549110341e+02
2.770796259688795544e+02 2.774765065585125399e+02 2.760499498513945014e+02 2.772810323892853148e+02
2.620889412564038707e+02 2.621355043965130562e+02 2.623061064674693057e+02 2.625497402239457188e+02
2.608323978498480074e+02 2.606584585340753506e+02 2.599867846382300058e+02 2.610618656418036494e+02
2.876965353221080477e+02 2.877497423281596980e+02 2.865618766032374083e+02 2.880008689449477970e+02
2.577350176933470607e+02 2.580920962584661993e+02 2.581238685148501872e+02 2.582105425251849624e+02
2.620457731394881193e+02 2.618476170049135590e+02 2.621301259443918070e+02 2.618693186485799629e+02
2.638939382637897779e+02 2.636594743445586460e+02 2.649554893431658797e+02 2.639993195690005336e+02
2.627966978210828870e+02 2.627480011960549859e+02 2.632581563455053697e+02 2.627817977954114212e+02
2.711062434417233362e+02 2.716640283420303490e+02 2.700539227108291698e+02 2.719227565703550908e+02
2.790588567636535231e+02 2.795726821433536315e+02 2.781933970346895535e+02 2.795526459877282832e+02
2.742777099718475142e+02 2.754527880621101872e+02 2.740486159070670169e+02 2.751751153045762521e+02
2.721810238128740025e+02 2.715272595194660994e+02 2.701103246176590460e+02 2.728633262152707744e+02
2.823536288579765596e+02 2.828116231103807081e+02 2.813508613855678959e+02 2.824950136414544772e+02
2.719021178707922104e+02 2.726970015624025336e+02 2.712277704456471952e+02 2.730685313516411270e+02
2.945479342359780617e+02 2.946155702705642057e+02 2.931245771552913766e+02 2.945866549986918130e+02
2.701651737692270103e+02 2.700615075864552637e+02 2.700343697580975117e+02 2.705895170788397763e+02
2.600666516088235767e+02 2.603732219825476477e+02 2.602222773390374186e+02 2.596117145654387741e+02
2.672619805901543373e+02 2.672508444067208870e+02 2.671065342100663429e+02 2.674879345235746655e+02
2.782844146177027937e+02 2.784270513838508805e+02 2.768559198709615430e+02 2.787298200631003624e+02
2.673089435587027083e+02 2.667560132688916497e+02 2.654632246194846630e+02 2.671166797563794262e+02
2.653445425006904088e+02 2.657957576601529581e+02 2.642791032217954807e+02 2.653511333461013351e+02
2.693031954459898429e+02 2.687064843625572053e+02 2.685126033303500890e+02 2.692640803182436571e+02
2.690448060049581045e+02 2.692988815940958034e+02 2.687170638120664989e+02 2.697205550321006626e+02
2.685118380001700302e+02 2.682276969360571002e+02 2.695584446677970618e+02 2.684602941311418931e+02
2.652135892397183738e+02 2.649550250711869239e+02 2.647162836061353346e+02 2.651666891717970884e+02
2.742183986847446135e+02 2.748314794154160268e+02 2.721949842704781304e+02 2.746112573979325475e+02
2.767859891957004379e+02 2.773421299530189117e+02 2.755202507720186418e+02 2.772179539230494925e+02
2.616556247478633281e+02 2.614403362524045065e+02 2.611102096201657901e+02 2.617918520822100277e+02
2.723093489746401588e+02 2.724312472409095562e+02 2.713305832165391394e+02 2.726838146301161601e+02
2.643770583812301425e+02 2.647291383574348629e+02 2.645698949953321062e+02 2.636054168332178165e+02
2.651123028630508998e+02 2.658933517444754102e+02 2.642913041035636184e+02 2.653984565100922737e+02
2.633194686223785652e+02 2.627567604093561044e+02 2.635073428838047676e+02 2.628492608534206738e+02
2.611213339979561283e+02 2.609796728769039191e+02 2.610938106402094263e+02 2.611965281646026256e+02
2.722007055847494712e+02 2.719640553824324911e+02 2.709323340983379467e+02 2.718868475190854497e+02
2.627881289708101349e+02 2.630825952880298360e+02 2.628658148393623719e+02 2.624800798561791453e+02
2.613469031027456140e+02 2.618827489707042560e+02 2.608765402118784777e+02 2.614873018183105273e+02
2.685148295151871025e+02 2.685422139909985049e+02 2.679069121435600209e+02 2.685590674785653960e+02
2.996737485049107477e+02 2.999684850800314848e+02 2.991545012571315283e+02 2.992845751624825539e+02
2.758403840017168704e+02 2.749957617677779353e+02 2.738731548097989617e+02 2.753431334478429449e+02
2.708613714342648677e+02 2.711058359680498029e+02 2.697292040488898692e+02 2.716176968480731944e+02
2.769651763808050191e+02 2.775815321988753226e+02 2.754076063322143568e+02 2.774139400138071778e+02
2.922413770472653596e+02 2.936995742559661835e+02 2.913368829884443016e+02 2.922748870482521397e+02
2.867274479823159368e+02 2.866552724029530168e+02 2.849179037784054458e+02 2.867524467639070167e+02
2.791154445593913920e+02 2.793486572577667175e+02 2.784263155621588339e+02 2.797031172679265865e+02
2.678554088883950612e+02 2.673111433181561551e+02 2.677667336281601820e+02 2.678091550431189489e+02
2.606385321228804628e+02 2.601404302169603966e+02 2.599872692693392651e+02 2.604283038848287788e+02
2.866988846099471289e+02 2.862774199289617627e+02 2.845695557308884531e+02 2.869657577564667008e+02
2.590295471669724066e+02 2.591655084371827797e+02 2.587116204384357161e+02 2.591814080887246519e+02
2.920090338597531172e+02 2.925724491899955524e+02 2.903615312284720744e+02 2.922976983748331463e+02
2.629654790074466177e+02 2.625748591366766505e+02 2.634964507129345748e+02 2.625222730825495319e+02
2.569585733783164869e+02 2.569944276508824146e+02 2.566386963677430231e+02 2.574825009208127540e+02
2.686044270205791804e+02 2.696629731194885267e+02 2.686650732337062664e+02 2.696534509336215706e+02
2.671616317312576143e+02 2.670260571121144721e+02 2.658220143894574221e+02 2.678188714941730950e+02
2.733620053939313266e+02 2.738207783135354703e+02 2.725266180109125571e+02 2.742333415657010391e+02
2.683304612920946397e+02 2.681944793373471612e+02 2.668338788587207091e+02 2.686541666688016790e+02
2.678645831264064441e+02 2.676066922755949236e+02 2.673454702463200192e+02 2.676369839624489941e+02
2.655254977717973475e+02 2.656588723667256886e+02 2.664757656262126488e+02 2.661756366720883875e+02
2.868369751263012404e+02 2.872722833103800895e+02 2.854986896894016013e+02 2.871222254714990072e+02
2.622151576686890166e+02 2.625465448948982612e+02 2.618454150498629929e+02 2.633434856942674855e+02
2.953754242630015483e+02 2.956504297923168565e+02 2.944834130300147876e+02 2.950870846922632609e+02
2.651547367785785241e+02 2.654029347865488830e+02 2.645382387471941570e+02 2.655925461737874116e+02
2.841138344063777481e+02 2.848979742368875350e+02 2.834473029618155238e+02 2.848952701882060978e+02
2.699404155838990391e+02 2.699446577088447157e+02 2.694163037394138200e+02 2.700328020257389312e+02
2.714335219850201497e+02 2.712633222310971632e+02 2.709410047486649091e+02 2.718782097201527677e+02
2.627585521675007385e+02 2.629490723474713718e+02 2.626095537888809872e+02 2.632302452091260534e+02
2.650755898543229705e+02 2.639754392252638127e+02 2.643438828942797159e+02 2.641357629199492294e+02
2.628920540220643147e+02 2.639140712812630341e+02 2.632602911490942006e+02 2.632422640936857761e+02
2.716887732602763776e+02 2.719814759170726006e+02 2.702951688514570492e+02 2.719578613595274987e+02
2.715181470596298823e+02 2.712355287118359684e+02 2.704062543243843493e+02 2.716460555685177951e+02
2.659898882925126600e+02 2.662225657368313136e+02 2.659803036746144471e+02 2.661667958431812622e+02
2.695595981530090057e+02 2.700738667318154853e+02 2.691919015444365755e+02 2.696820158120471547e+02
2.636710812055989663e+02 2.634367275435584475e+02 2.636881987723425027e+02 2.632508238407597219e+02
2.635875079504325527e+02 2.635651660340923286e+02 2.625909831987235066e+02 2.634273610485518589e+02
