2.439911310726258478e+02 2.441536685152441635e+02 2.432469578249358619e+02 2.447876935906872689e+02
2.469327249879020769e+02 2.474850285529598750e+02 2.465988241208643785e+02 2.475668141954105863e+02
2.477052036083972268e+02 2.477724918235024631e+02 2.462730737425935104e+02 2.486412361249657579e+02
2.548159757490093398e+02 2.558605577582063404e+02 2.534070284909042527e+02 2.567080153077241675e+02
2.454590856090846955e+02 2.458697645174779325e+02 2.451681084547658145e+02 2.466888667371793815e+02
2.481424802347636671e+02 2.476053862521078202e+02 2.465155505373245148e+02 2.483343869789066787e+02
2.471123114333437911e+02 2.471863530427632156e+02 2.459509094672011713e+02 2.482516803781969088e+02
2.473472095463904168e+02 2.481158988145048454e+02 2.462585673298418101e+02 2.489507966644428052e+02
2.469982540194362173e+02 2.469580705273965862e+02 2.465590610551660689e+02 2.473120200944962050e+02
2.437212274196451460e+02 2.438492523134497105e+02 2.430759033717384909e+02 2.447313869575421847e+02
2.625925477729463182e+02 2.633246918846293738e+02 2.598034202924092710e+02 2.628820026460314239e+02
2.471869656246307159e+02 2.470148103298961075e+02 2.461904721913360277e+02 2.473984385038057212e+02
2.504678856981255706e+02 2.508639015096921980e+02 2.488071415623095390e+02 2.505471892221827090e+02
2.497405575745187889e+02 2.502178946312318999e+02 2.484367817707561983e+02 2.506330150861259938e+02
2.856762802305698870e+02 2.848808135386085496e+02 2.824112905059033096e+02 2.855128857100969526e+02
2.613032995594113004e+02 2.611478016290619166e+02 2.586074661196438456e+02 2.625891147417368074e+02
2.461379533688750598e+02 2.458790448188727567e+02 2.444578589497802739e+02 2.463119317283196210e+02
2.455634775850562335e+02 2.450279705756139208e+02 2.437902662250785397e+02 2.464212246194231568e+02
2.467482655910494032e+02 2.467859674464642410e+02 2.455894377717406485e+02 2.472136938244771045e+02
2.822067109722732425e+02 2.821562589607001996e+02 2.783132967082837581e+02 2.814300773511395732e+02
2.514572994087788231e+02 2.513288132171968527e+02 2.499994411610556142e+02 2.519270809060825513e+02
2.468261758479072512e+02 2.473706098422303228e+02 2.468649934266764205e+02 2.476001585876464617e+02
2.456134930904080704e+02 2.458718384107371264e+02 2.445600644208223002e+02 2.462865344014908260e+02
2.455192223420263247e+02 2.460723145223868187e+02 2.446692896184484596e+02 2.458361345467048125e+02
2.487213458675638833e+02 2.491953397619353439e+02 2.470197669528188840e+02 2.500371435508741058e+02
2.826600026523989300e+02 2.814500027622733000e+02 2.785330777331235481e+02 2.828818931896708477e+02
2.470324012427768992e+02 2.472499348250955791e+02 2.464962494654253078e+02 2.477698870894780327e+02
2.720009346639497494e+02 2.723097784612987766e+02 2.696315420998748777e+02 2.740177463512175109e+02
2.557118332893862487e+02 2.560072882873152480e+02 2.540134934265972788e+02 2.559921696536751767e+02
2.589024570729405355e+02 2.587384877567275225e+02 2.565473459977553148e+02 2.594814173292382407e+02
2.447280520587238186e+02 2.450111172360683156e+02 2.437485948495964863e+02 2.456329777830340220e+02
2.522832500415100299e+02 2.524358628949717342e+02 2.502100454096084832e+02 2.532367327353240114e+02
2.445575886776904611e+02 2.455184915473036824e+02 2.436591874917976099e+02 2.456541108828347149e+02
2.549070289274127390e+02 2.547887601804399935e+02 2.515485463449417125e+02 2.553534441513337470e+02
2.472891824426708638e+02 2.481383391204966813e+02 2.464762953437089834e+02 2.483483028342802754e+02
2.565106634558709402e+02 2.569159364983319733e+02 2.543902519487197367e+02 2.578428243933953468e+02
2.533037955141443547e+02 2.534809184895773626e+02 2.521150860219970298e+02 2.540361516314743824e+02
2.472516853537904638e+02 2.481545602549765874e+02 2.466355334149806140e+02 2.483987760046070150e+02
2.479376972623352344e+02 2.483635806558840500e+02 2.472703274136639493e+02 2.494896225288598544e+02
2.499315415532942382e+02 2.498153141375244957e+02 2.481690955637167519e+02 2.510118592036254199e+02
2.462158328788189294e+02 2.468167786434242146e+02 2.450748302316480363e+02 2.469606464684750904e+02
2.735512697753540579e+02 2.748700296336501765e+02 2.695787842228109525e+02 2.730281435810972539e+02
2.646235694856297300e+02 2.641310466145191072e+02 2.608790279509264565e+02 2.646304588109574638e+02
2.476346888604003027e+02 2.477935383633200104e+02 2.464486282420740224e+02 2.481431363861839259e+02
2.547206163134218286e+02 2.558574561099057405e+02 2.545912850966632845e+02 2.560019387004090277e+02
2.811103099982521485e+02 2.806855308603606431e+02 2.780537913366175076e+02 2.810032835201110402e+02
2.444511899468530203e+02 2.447321755603939550e+02 2.438609431255144386e+02 2.452417144875447264e+02
2.455217364317751105e+02 2.464590078872069796e+02 2.447921443920585887e+02 2.467652647138274347e+02
2.440964431378382926e+02 2.451675741812853460e+02 2.433448271146689876e+02 2.453951931693787003e+02
2.534440967027293539e+02 2.540524766248977642e+02 2.512755127208408510e+02 2.546988547434622490e+02
2.875972333076682617e+02 2.880625892893339710e+02 2.853985755548782208e+02 2.875339372240449620e+02
2.441263791515074217e+02 2.442705936883570530e+02 2.430740883459405950e+02 2.448351833397645407e+02
2.446482729984596460e+02 2.446233153282339856e+02 2.437011124391882788e+02 2.450276013857907458e+02
2.676783916479606091e+02 2.691230231944657021e+02 2.657717094940323932e+02 2.699959715485106813e+02
2.571028463173589671e+02 2.571941371714831348e+02 2.544423182194994126e+02 2.587292813077622213e+02
2.531148982557778595e+02 2.536464460848051488e+02 2.508203324420767615e+02 2.536129109308745910e+02
2.458804170616954821e+02 2.465011865722574100e+02 2.450801350959919773e+02 2.467582081689604649e+02
2.472507635623369708e+02 2.474678509510479500e+02 2.468654677570468152e+02 2.479353711909847959e+02
2.472065757459049280e+02 2.475157600305837491e+02 2.461244675971461504e+02 2.478893410186734059e+02
2.465233112220318503e+02 2.462229260637443815e+02 2.456805920978785593e+02 2.465184591720177423e+02
2.757647318829345409e+02 2.777417656042873659e+02 2.729828541131701058e+02 2.766701973661009220e+02
2.900262406308705749e+02 2.900037949497030354e+02 2.880017368192928302e+02 2.895682915671864635e+02
2.791255331021467896e+02 2.786941391557362522e+02 2.764930827916905969e+02 2.792646883357996330e+02
2.461509560870001394e+02 2.468531268457565204e+02 2.451535892797536178e+02 2.473534890971258449e+02
2.535381299115402669e+02 2.544032243834024598e+02 2.515895597485548478e+02 2.541022999774533560e+02
2.691015136525265916e+02 2.690600166210106750e+02 2.652802514086685051e+02 2.698961089054751596e+02
2.455754362299520892e+02 2.462406094266654577e+02 2.450261330528700512e+02 2.463243240102106029e+02
2.585183641867732831e+02 2.591449484144683311e+02 2.563643976234786805e+02 2.594078434426371587e+02
2.697833045252662600e+02 2.695124954159383606e+02 2.666144166192939338e+02 2.703153414894310345e+02
2.601738711448594472e+02 2.614767567108177104e+02 2.568279586449835392e+02 2.614627545466989886e+02
2.687465264034115080e+02 2.692003610184445392e+02 2.660079459644456961e+02 2.694457150251150779e+02
2.454928225652931246e+02 2.462081568227955302e+02 2.450103997862671861e+02 2.460404349831003685e+02
2.516921682066850678e+02 2.521678946184311485e+02 2.500087577901829547e+02 2.538332351495405135e+02
2.455555869526723143e+02 2.448351594380679330e+02 2.430965836470263071e+02 2.458697698664787197e+02
2.494423267207489232e+02 2.493931113154218906e+02 2.479347106594130139e+02 2.498276929219593967e+02
2.687492508271357110e+02 2.690539440311192152e+02 2.654419998801658949e+02 2.695812836314055971e+02
2.520397328203966083e+02 2.524813357584072548e+02 2.505460754468382163e+02 2.531706760952590116e+02
2.433143387550507271e+02 2.436188703855077620e+02 2.429237310367555835e+02 2.442363040418012758e+02
2.480778041512760979e+02 2.477489201616764944e+02 2.470296477239356250e+02 2.483503950295137201e+02
2.549866181070489404e+02 2.571912966490196482e+02 2.536313243924220160e+02 2.571880808902008653e+02
2.453365039924561870e+02 2.456899849459207701e+02 2.443956001059579819e+02 2.461063022203568380e+02
2.496552625679189816e+02 2.497832133102689625e+02 2.477996548044191911e+02 2.502377415979200634e+02
2.531630240442304967e+02 2.533713410391507921e+02 2.514515335333264829e+02 2.539626000481425194e+02
2.467832545744767003e+02 2.470743535314751966e+02 2.454506614763980110e+02 2.481939240872291919e+02
2.530958682304995762e+02 2.535321080143190784e+02 2.511104033567025340e+02 2.549196696541443430e+02
2.488287501124943049e+02 2.488472101833030479e+02 2.465648435733377255e+02 2.490906519385878255e+02
2.575037571786999138e+02 2.574747353377420040e+02 2.543253224908734751e+02 2.575347394389897318e+02
2.550681819520284250e+02 2.547243629713980511e+02 2.532249997024940456e+02 2.557862163376350964e+02
2.488539521405031678e+02 2.489193390698029305e+02 2.483201076655796271e+02 2.494256564088501591e+02
2.463135409040093293e+02 2.467650965428579752e+02 2.451614492993071792e+02 2.472438165779905717e+02
2.716763024656187326e+02 2.717394833622408328e+02 2.688599225371532384e+02 2.719814752597392271e+02
2.551211681670868643e+02 2.553780206808775972e+02 2.537157579300119323e+02 2.555924660822647354e+02
2.658498223422460569e+02 2.667150328471120702e+02 2.642983247023175863e+02 2.667240027883065068e+02
2.463582404074346357e+02 2.467485924636462187e+02 2.451571427100249139e+02 2.465450746837362601e+02
2.463289947448516557e+02 2.463320814491683848e+02 2.455894483313742001e+02 2.471058831864325498e+02
2.480931815387716313e+02 2.480599737783179819e+02 2.464872056080798757e+02 2.481890152740470228e+02
2.832760167552592065e+02 2.831989260836769517e+02 2.799999921563272096e+02 2.840890253405138992e+02
2.523926244319818579e+02 2.530332145428430408e+02 2.505813228802487060e+02 2.541361316289829801e+02
2.444059367711088271e+02 2.446326453424232739e+02 2.433185320820392121e+02 2.450189462957974058e+02
2.493366637229173080e+02 2.499699466545821451e+02 2.484260722252817288e+02 2.501494900397873664e+02
2.457154642229637034e+02 2.462904070560473997e+02 2.450015742777519279e+02 2.462895109232794084e+02
2.471682349306717583e+02 2.474537247344489970e+02 2.464235387985472698e+02 2.477722489809949593e+02
2.546606561294677249e+02 2.551122006945774388e+02 2.527331144190497412e+02 2.551776345460532411e+02
2.562712508006594589e+02 2.578948719950709005e+02 2.541952440883036388e+02 2.571952603157859016e+02
2.767528881696507028e+02 2.776376886759587137e+02 2.733638877944780461e+02 2.758229731804353833e+02
2.871368879759104971e+02 2.876050661843466401e+02 2.847688028235829165e+02 2.877574169860241682e+02
2.487833235806847654e+02 2.492332954881450746e+02 2.479107107487795645e+02 2.498512361667608275e+02
2.669727499501407806e+02 2.688100662908156551e+02 2.644292277751436586e+02 2.689287873482874147e+02
2.425068413159416991e+02 2.427387391084575370e+02 2.415657312941401642e+02 2.436765240624582987e+02
2.882576438156468157e+02 2.894292688607275750e+02 2.851189807583568268e+02 2.880053589591911418e+02
2.445613341770789475e+02 2.453250163817661189e+02 2.441306671838909494e+02 2.461710252600283297e+02
2.478369744988885941e+02 2.483433736808467813e+02 2.474150565099123185e+02 2.490379746713058466e+02
2.427142894875838124e+02 2.433950777291325664e+02 2.415741939362466439e+02 2.442612996108262280e+02
2.717914398351121008e+02 2.725719044870200491e+02 2.685846078873087777e+02 2.739806865575910706e+02
2.569831612841007313e+02 2.575396689656707849e+02 2.550508391659439553e+02 2.582584550362312257e+02
2.581914853642788330e+02 2.579923707179538042e+02 2.563237120249361851e+02 2.591515406195287596e+02
2.474164224304317088e+02 2.478824811085027022e+02 2.466354484530358206e+02 2.484472479063427670e+02
2.461989746854947327e+02 2.469918103857480958e+02 2.455116066025350676e+02 2.473502286770954584e+02
2.628415497267604906e+02 2.634259520240473194e+02 2.598804569227133925e+02 2.648998562235994996e+02
2.641712763112124094e+02 2.643945887724708541e+02 2.615624040925855525e+02 2.662038543097236811e+02
2.468391935818783622e+02 2.468070323579666763e+02 2.462161500554881854e+02 2.468999542830702865e+02
2.433166937410800301e+02 2.434071193790106804e+02 2.421901059224703658e+02 2.441607025032521108e+02
2.478662344515036295e+02 2.479670701207929255e+02 2.458362436745659352e+02 2.486329311236808337e+02
2.869974455916175202e+02 2.859855548392330888e+02 2.840704114676517520e+02 2.871056579352651852e+02
2.489988373674958098e+02 2.489727324102352668e+02 2.473542698315050927e+02 2.503304834599235846e+02
2.543658037489541925e+02 2.548703982265499803e+02 2.530167423650055412e+02 2.556719244011286776e+02
2.533180852667482270e+02 2.537078503818588899e+02 2.509405014740509330e+02 2.539356363785153121e+02
2.437625038825317461e+02 2.442539444370016781e+02 2.427843143524527250e+02 2.447101751024739258e+02
2.436197313026826521e+02 2.442538621279832682e+02 2.429065169933280686e+02 2.442435537695412506e+02
2.520455253924167209e+02 2.517891351512076312e+02 2.498654273631135254e+02 2.532747481012473543e+02
2.621191251964422122e+02 2.617312953190930784e+02 2.597706563520483201e+02 2.629587228718391430e+02
2.498084080442830839e+02 2.496855158631462643e+02 2.484339367505347127e+02 2.508425132131947350e+02
2.492871651283229255e+02 2.502901258246125451e+02 2.480270652112792504e+02 2.497814732904360540e+02
2.583292751376931733e+02 2.586741450985955453e+02 2.568169703916556728e+02 2.585085791658397625e+02
2.493191343338010313e+02 2.500323335080931031e+02 2.464790285458976200e+02 2.502544622490118797e+02
2.775529741393352197e+02 2.790471075557930476e+02 2.751059375264987352e+02 2.791049781438916284e+02
2.470313554814565578e+02 2.474573984112177243e+02 2.468652198455813505e+02 2.478225644692902847e+02
2.680007675407190391e+02 2.692039827807015513e+02 2.651622175397594106e+02 2.682277492197687252e+02
2.463483270556876619e+02 2.464618809600007410e+02 2.453164946618347813e+02 2.467441037184409538e+02
2.450520739997165265e+02 2.452289243111025883e+02 2.442109519971558882e+02 2.456003080407188577e+02
2.545505108861601116e+02 2.540255856732422899e+02 2.529899294388669091e+02 2.550685785603176043e+02
2.609152596056586049e+02 2.616276616161416655e+02 2.577710715423871193e+02 2.609131666934518989e+02
2.677342147104268406e+02 2.684066907047304085e+02 2.660554770857646645e+02 2.683005028141180901e+02
2.574033755777873580e+02 2.576552509008531047e+02 2.553500880705442171e+02 2.588091638303041577e+02
2.660944863973694510e+02 2.665328140763380134e+02 2.638663544999321857e+02 2.671560252708214875e+02
2.499301382585098565e+02 2.505755815308364731e+02 2.484880758779610801e+02 2.514812050738570974e+02
2.465138894906894222e+02 2.464865612329391809e+02 2.455103821312434320e+02 2.470346835973687121e+02
2.463880521116703335e+02 2.466352957184552963e+02 2.455206228544475380e+02 2.473113003996245709e+02
2.554732252714542255e+02 2.553189445274525440e+02 2.540818657672687948e+02 2.565369333153427647e+02
2.776134472704072778e+02 2.785758808976343630e+02 2.753542707982593356e+02 2.789568784541402806e+02
2.516524518050906636e+02 2.514833004424349099e+02 2.492001247319637116e+02 2.525428023241502160e+02
2.473862876223276999e+02 2.482470932753286661e+02 2.466120194967078874e+02 2.481027524121219017e+02
2.890490284406392902e+02 2.889494023489333472e+02 2.865438955104597767e+02 2.881540791209292252e+02
2.634259182156426959e+02 2.638559433795704194e+02 2.602134609347575633e+02 2.645865869742137875e+02
2.458216684086370378e+02 2.466487324881007055e+02 2.451810129211522451e+02 2.474854008468761890e+02
2.589321704765163759e+02 2.596390695317863333e+02 2.565267106387384501e+02 2.597294062747488397e+02
2.496534176793406061e+02 2.498679861848522137e+02 2.488572998421446698e+02 2.501226070562402697e+02
2.588777020185445963e+02 2.589147759543067764e+02 2.556914979033846862e+02 2.585170405347629980e+02
2.428196118963946901e+02 2.436355221909491036e+02 2.421747533741635721e+02 2.438164880373837491e+02
2.423688524196494427e+02 2.424557758414350133e+02 2.410416009861698967e+02 2.430568090040424920e+02
2.508570710571295592e+02 2.512572858334112027e+02 2.486825223994244425e+02 2.520960459611189322e+02
2.546654615534648372e+02 2.555231492356602701e+02 2.534398277061013403e+02 2.555996965048635445e+02
2.427282863072114765e+02 2.425075477622073947e+02 2.416577187713628518e+02 2.434870773135446314e+02
2.681044716598244690e+02 2.685513714510450427e+02 2.643857563562680184e+02 2.679139080077850394e+02
2.476428573285773211e+02 2.478778268779719554e+02 2.459268163890372421e+02 2.479993461977068137e+02
2.651494496515217634e+02 2.643584572940209796e+02 2.615598487930414535e+02 2.674533712903215132e+02
2.453467822485983447e+02 2.456559276479039227e+02 2.447312578137007790e+02 2.460915900445100988e+02
2.465057704295870451e+02 2.466702050599436689e+02 2.449608725649435996e+02 2.471692454281412097e+02
2.643523080482143541e+02 2.655457677212040153e+02 2.623728106476537505e+02 2.654392909449178433e+02
2.916840698257477698e+02 2.915760012584734682e+02 2.882962672528631742e+02 2.920221099643538309e+02
2.433604190448192526e+02 2.436052952167391652e+02 2.427489974925897798e+02 2.448907505684516650e+02
2.463018108472333267e+02 2.466903918734994932e+02 2.456051925547587587e+02 2.474928232161155108e+02
2.940337818654846274e+02 2.954462779128808734e+02 2.926655182912945179e+02 2.940950832131354105e+02
2.474885714264047749e+02 2.491726368506083134e+02 2.459433365805704454e+02 2.496034084264912849e+02
2.588508730340925013e+02 2.604316478521440672e+02 2.570027655500776973e+02 2.592780759969834889e+02
2.444299055719321530e+02 2.448214904326740111e+02 2.438231375545327353e+02 2.454937833210374549e+02
2.481307933069002729e+02 2.482883615443145118e+02 2.468504455120858836e+02 2.487239763814137063e+02
2.505087625220082259e+02 2.506437744243581847e+02 2.488003029047534937e+02 2.511809180863012898e+02
2.618065147000327215e+02 2.617470426123022094e+02 2.587776925743230549e+02 2.623973881193428497e+02
2.800585036239452279e+02 2.799392779673213454e+02 2.777498541425540566e+02 2.799811262310645930e+02
2.809666233419625883e+02 2.838111608719233345e+02 2.789726337019196762e+02 2.830125785150829643e+02
2.514171201899662549e+02 2.516086176228194518e+02 2.489556613191211056e+02 2.523867033648800202e+02
2.476613130534093159e+02 2.472919632552070652e+02 2.467757199441724936e+02 2.482030333964077329e+02
2.440765020425199623e+02 2.437173626926852705e+02 2.426739989302305673e+02 2.440268727291048947e+02
2.587891122705099747e+02 2.599373426832343625e+02 2.569640927016233150e+02 2.603267593729832470e+02
2.822092172575480618e+02 2.811851684028007980e+02 2.778513457473432595e+02 2.823045369459538847e+02
2.494155893433134565e+02 2.502290497970477929e+02 2.484084656855980029e+02 2.506417769870950281e+02
2.559230365775094356e+02 2.556679844070400804e+02 2.533642408337352379e+02 2.555435930662460464e+02
2.460933215364121622e+02 2.466618676117049915e+02 2.455857116541716323e+02 2.465116929885218156e+02
2.457451792303555465e+02 2.460030401783706395e+02 2.449874048287778692e+02 2.462562849549745749e+02
2.695083582193611846e+02 2.703751576778251433e+02 2.677930043909832420e+02 2.703436242602482480e+02
2.651251334024066182e+02 2.644624151332580482e+02 2.622825640845271664e+02 2.653320887589720769e+02
2.596892675018477235e+02 2.599577713194793205e+02 2.561361110460364330e+02 2.611959966649611715e+02
2.483344382208998411e+02 2.482666785204538655e+02 2.469643951537902922e+02 2.496670412870068105e+02
2.556116614670078491e+02 2.567143405418241286e+02 2.545104903015983950e+02 2.571123838652579821e+02
2.477389325792076420e+02 2.472330221064931663e+02 2.464244556152936809e+02 2.488029795405967945e+02
2.714242849686940531e+02 2.746014601537679027e+02 2.702427972437030235e+02 2.729239210454748559e+02
2.475253082686627408e+02 2.478215691350794145e+02 2.466605950355614425e+02 2.487201934561276175e+02
2.461756967582632569e+02 2.465910279279677013e+02 2.455912652175414621e+02 2.471046363964070451e+02
2.445081730023034368e+02 2.445780504245778673e+02 2.431983383683700595e+02 2.447363161270794194e+02
2.737159803013747137e+02 2.720508787325015874e+02 2.702544389271696446e+02 2.737525943255158154e+02
2.505594487773542198e+02 2.505834538908981415e+02 2.490560816160300419e+02 2.514854793314915753e+02
2.490368588103128502e+02 2.495646760918922382e+02 2.486897211926638533e+02 2.497544989768100834e+02
2.849959093038551714e+02 2.848347582544832903e+02 2.808006182996206803e+02 2.837536598791908204e+02
2.478784041795890687e+02 2.479838548445258368e+02 2.473205628926124859e+02 2.482299697337649604e+02
2.709375337251998985e+02 2.727241561992433958e+02 2.686016257919394548e+02 2.721059902593893867e+02
2.500827744984211449e+02 2.503604220708669175e+02 2.489826959425710982e+02 2.505276810655830388e+02
2.505705007377561060e+02 2.506291194334995112e+02 2.491127326296526974e+02 2.506064446047476793e+02
2.528400914950715048e+02 2.531117476095490701e+02 2.510319250072801935e+02 2.528707314949856197e+02
2.748999155618427039e+02 2.767097689206038922e+02 2.724778854643490149e+02 2.775287713889912311e+02
2.491693773107318179e+02 2.495734073856868918e+02 2.481651551485727225e+02 2.500393146555783233e+02
2.495701093759009552e+02 2.500637977265098186e+02 2.482365901641554444e+02 2.504404931525316442e+02
2.505914318465686392e+02 2.505990161110906342e+02 2.489652654540082608e+02 2.511715896683894869e+02
2.541499261664101255e+02 2.536348831499869618e+02 2.512685430455620121e+02 2.548034115594929006e+02
2.738041643845478461e+02 2.748265814770504676e+02 2.710942414308072443e+02 2.758554406552572686e+02
2.660290053871402165e+02 2.668531023013210870e+02 2.633780294324300826e+02 2.674776439497144906e+02
2.447431016277832327e+02 2.445604815293731917e+02 2.442310402224562722e+02 2.447906222658935462e+02
2.622895957377918421e+02 2.632099220665127177e+02 2.598944406740612862e+02 2.631549533057778376e+02
2.451819103248305680e+02 2.455200639433934384e+02 2.444740355576290654e+02 2.455348811096611996e+02
2.457848304977545411e+02 2.464544565623177164e+02 2.450942896474519728e+02 2.464129658519594273e+02
2.776259675135501652e+02 2.776580330890336654e+02 2.736181431555632457e+02 2.793570131084196078e+02
2.522742258168287890e+02 2.531596423498006061e+02 2.510394325984210298e+02 2.531721168006482117e+02
2.541494867873421413e+02 2.546868411588391723e+02 2.519921067856983257e+02 2.551222202059421704e+02
2.498294931872404447e+02 2.500838094263273206e+02 2.483180565259110608e+02 2.510441215248437459e+02
2.489093826978258619e+02 2.493091286798000112e+02 2.475846300722211879e+02 2.502578297584340135e+02
2.530794524920789570e+02 2.543698778719678160e+02 2.515587067788258082e+02 2.542044346647323323e+02
2.523497790950377180e+02 2.525390613952397416e+02 2.501171889209173003e+02 2.529516799407124381e+02
2.478164222921069779e+02 2.473783061886797157e+02 2.463090538405933216e+02 2.484566432155044424e+02
2.445277297891944102e+02 2.448366761332961232e+02 2.433518210564231197e+02 2.450057618968814666e+02
2.542918247829311724e+02 2.548360311626776991e+02 2.522790406918745418e+02 2.548353896552875426e+02
2.605298656763146141e+02 2.611067675022681556e+02 2.575496935874755309e+02 2.611646941525672787e+02
2.933083062004236581e+02 2.920582099932942128e+02 2.907056404799971006e+02 2.923825618033574756e+02
2.672404566775926469e+02 2.676573889098068548e+02 2.652680304798848852e+02 2.691614561895398197e+02
2.463979612207659216e+02 2.467921071072143491e+02 2.457307730778792916e+02 2.468304391698078177e+02
2.502792837958372161e+02 2.512029553582221695e+02 2.496617521338125414e+02 2.519852221337341405e+02
2.543273397354401766e+02 2.551824916041440190e+02 2.518452031090788239e+02 2.548399903847224266e+02
2.517230085755691107e+02 2.512722596807447246e+02 2.493490998297226895e+02 2.528565121951753270e+02
2.530006080535329147e+02 2.533063383728020312e+02 2.516305920945006562e+02 2.537994129711692040e+02
2.448600305983059684e+02 2.456454666053400331e+02 2.442250749802143730e+02 2.464731786621019012e+02
2.455137497247537226e+02 2.457385710838211992e+02 2.450018894919966783e+02 2.461150215710419218e+02
2.461014762818428210e+02 2.465412087899147195e+02 2.450851743963104923e+02 2.471203346470183817e+02
2.468122387789464085e+02 2.468622016379780177e+02 2.459657985328349810e+02 2.467084840149868228e+02
2.487574347471488636e+02 2.488595813031393220e+02 2.478102231081196578e+02 2.498634341593437114e+02
2.825897214193465175e+02 2.820521404966034993e+02 2.789613532898172821e+02 2.829839649682141953e+02
2.526969473395160719e+02 2.519508639868357136e+02 2.505207836262437411e+02 2.529813696664325278e+02
2.614954766681103706e+02 2.621532387405354712e+02 2.591699509050012580e+02 2.619752598065662710e+02
2.460818227863292691e+02 2.460443321593847941e+02 2.450581394715573254e+02 2.463659879132683557e+02
2.924225273211470153e+02 2.931291804489287642e+02 2.908174345693935265e+02 2.931069724146393014e+02
2.516798234999066892e+02 2.521826590446327145e+02 2.494446989190572026e+02 2.531549768185734024e+02
2.714361248141636906e+02 2.720903503801383181e+02 2.691710484615413748e+02 2.726745239304307802e+02
2.713004628668301166e+02 2.719100715219080939e+02 2.684885549574423749e+02 2.728278346318566037e+02
2.458741499553371170e+02 2.451258200439835946e+02 2.436874941594432471e+02 2.464483781997116694e+02
2.517681683619630064e+02 2.523936485676470056e+02 2.502902578956242223e+02 2.529815397346761188e+02
2.517949334730986948e+02 2.523777551412874516e+02 2.498875089978449182e+02 2.534463049675985360e+02
2.474738298806685464e+02 2.480489035495946268e+02 2.458342426842675081e+02 2.479753003325706118e+02
2.647492400050541050e+02 2.647907520148386880e+02 2.595842705275518938e+02 2.641784080458537005e+02
2.467016092396248723e+02 2.471383773844254108e+02 2.458543452897949066e+02 2.473892234613738026e+02
2.468704560067128853e+02 2.471861002349586727e+02 2.459448639491476172e+02 2.478178754642802915e+02
2.809481947594820781e+02 2.816134743153709792e+02 2.775508926182411074e+02 2.816443111687318037e+02
2.474616835073082086e+02 2.480179041879616761e+02 2.464539465128131042e+02 2.490271589951424573e+02
2.474657120628203018e+02 2.474480726565761302e+02 2.464962168655414700e+02 2.479496121981615033e+02
2.545184758100737952e+02 2.556341297762604654e+02 2.533467832307596268e+02 2.560118007064820631e+02
2.468489030531497690e+02 2.474670609144276057e+02 2.456237345829220260e+02 2.474569421251798076e+02
2.458034914664894757e+02 2.465893296130577710e+02 2.448970718787068392e+02 2.468161695953004937e+02
2.694804251232039860e+02 2.694533010585853958e+02 2.650797149891615163e+02 2.691521876790163219e+02
2.843147890502035580e+02 2.845098997731667509e+02 2.821736061719445274e+02 2.859480071720484489e+02
2.448331514847377832e+02 2.450786956765462890e+02 2.441798783566134148e+02 2.454177665686279681e+02
2.469474885354064781e+02 2.472677943887441359e+02 2.459510060833464706e+02 2.474196063756853903e+02
2.459102168947149210e+02 2.456871196956589358e+02 2.449004831058157663e+02 2.461603212436119179e+02
2.545323824148771052e+02 2.542311883747403840e+02 2.526311354518032033e+02 2.557496034884350706e+02
2.738633844855520465e+02 2.740734393190604692e+02 2.701387567125529472e+02 2.747173023161074639e+02
2.468003336675139110e+02 2.475216403450086489e+02 2.457750234083259500e+02 2.485917344275059406e+02
2.679523167552030714e+02 2.685509207251068347e+02 2.660837382967349072e+02 2.681685233099577772e+02
2.619918245571385000e+02 2.611527370812024174e+02 2.595066510434804172e+02 2.623644628824727079e+02
2.490455006330098229e+02 2.490097665283496156e+02 2.478219890524931088e+02 2.496739768690367498e+02
2.477049352001670854e+02 2.478895539053160064e+02 2.459619583917518355e+02 2.481177286149147960e+02
2.785270802536165320e+02 2.793288363718497180e+02 2.761550329266830772e+02 2.784238248587058138e+02
2.466975788145155377e+02 2.467366020057401670e+02 2.461939391677604192e+02 2.473807001731449589e+02
2.457934775103659035e+02 2.463206325057088293e+02 2.446826173644920743e+02 2.469714244488191355e+02
2.491366836629470072e+02 2.507840447957841548e+02 2.480284534386056521e+02 2.502495485397509754e+02
2.736766944790256275e+02 2.729516799997700218e+02 2.690935876925195203e+02 2.727569774588274072e+02
2.461066706247355569e+02 2.461266155593702365e+02 2.455008426073891030e+02 2.465624881927825811e+02
2.515060123502234433e+02 2.522685614246923649e+02 2.499150051042837504e+02 2.526877826334626604e+02
2.457487222380961498e+02 2.459556425437205007e+02 2.450060968184938588e+02 2.462206902492516747e+02
2.453670568971909063e+02 2.459250786251093643e+02 2.447027344626617662e+02 2.458272356386056856e+02
2.473220296306962211e+02 2.480290732551055726e+02 2.456336788680957000e+02 2.477897737465537773e+02
2.714450813196060039e+02 2.699046115195016569e+02 2.658115899563912876e+02 2.718747690790436309e+02
2.481289679028881494e+02 2.487623691980053593e+02 2.472176596827219726e+02 2.487039652115782360e+02
2.434329956523902752e+02 2.438876921668284581e+02 2.429888463071088154e+02 2.438573247186147910e+02
2.564050848862996759e+02 2.568475740430346264e+02 2.533651950449313119e+02 2.560149517775921026e+02
2.472361275775347451e+02 2.479292965925436931e+02 2.468616266783315325e+02 2.477720931075029114e+02
2.516608102193173977e+02 2.519262927925855422e+02 2.499360516659220934e+02 2.521875928192159790e+02
2.479095007373435635e+02 2.479941467893601441e+02 2.477061655043257815e+02 2.486357712925700696e+02
2.545908970068957160e+02 2.550342544059720638e+02 2.536241000917096073e+02 2.549107517402871395e+02
2.492995119804736248e+02 2.496301072470583620e+02 2.483128907356988577e+02 2.498803245573643039e+02
2.443268621908383409e+02 2.450482875072231934e+02 2.437939069106791692e+02 2.455149805187845971e+02
2.709796934108311461e+02 2.705621082669677548e+02 2.684528588411227474e+02 2.701082549371366213e+02
2.540795048692866942e+02 2.544968288186146310e+02 2.515263621063585617e+02 2.554257688778789372e+02
2.460421110071086161e+02 2.464634231165907465e+02 2.448002549031646993e+02 2.470799400232738776e+02
2.532702831680785778e+02 2.534635037580305266e+02 2.515551048518664459e+02 2.538929520615035358e+02
2.458985958260964821e+02 2.459574683027109359e+02 2.447003385189610754e+02 2.466549572501493799e+02
2.519325776580736260e+02 2.520590468213428323e+02 2.505930001576703887e+02 2.533005120180096412e+02
2.766649843751980598e+02 2.775126080618896935e+02 2.743857712367050681e+02 2.768533516729276585e+02
2.616442882361630495e+02 2.623465032018193597e+02 2.589892172017387679e+02 2.631611473304320725e+02
2.856723186993637000e+02 2.873521169348346120e+02 2.842390221645937345e+02 2.868632728953108426e+02
2.486727474393348700e+02 2.495823472431660264e+02 2.477216823814414397e+02 2.496486020802718144e+02
2.622319863066205698e+02 2.618149645736598927e+02 2.598633619863859394e+02 2.627864888262703857e+02
2.504495409762356530e+02 2.517642653392957470e+02 2.478235808404587033e+02 2.513643474315739752e+02
2.443519295902425768e+02 2.448735053843828098e+02 2.434456914952116051e+02 2.450957428712705166e+02
2.710812871400283939e+02 2.717636196015342875e+02 2.689230854184014561e+02 2.735997359722806550e+02
2.487234104192961013e+02 2.493681263607236929e+02 2.480127494395374299e+02 2.494744803349582298e+02
2.677782513376242832e+02 2.668568952357115904e+02 2.652023811455950408e+02 2.683238053285801357e+02
2.439927027955588130e+02 2.442269783344065672e+02 2.431592876579285587e+02 2.449380224768824235e+02
2.727855235344293874e+02 2.733052357761163194e+02 2.692406675074587952e+02 2.729678853943702279e+02
2.558610446255419220e+02 2.554167319068102984e+02 2.542445644859501499e+02 2.560512560879162152e+02
2.466392050043105257e+02 2.470017428960034351e+02 2.461920803564529763e+02 2.474744837738588501e+02
2.491402780770490608e+02 2.495297701003013060e+02 2.477385549292983740e+02 2.499887215146601989e+02
2.484355257786559150e+02 2.482137965493520255e+02 2.474475378101025171e+02 2.495952451371002212e+02
2.607342827471004512e+02 2.616192834880968690e+02 2.579333118082733449e+02 2.603689874820013301e+02
2.743521747754917328e+02 2.744381072293315924e+02 2.715362606214241055e+02 2.751910876036919831e+02
2.523308398741521046e+02 2.526572698117470850e+02 2.510315089982062773e+02 2.532567120677115327e+02
2.631922312539966242e+02 2.646027866329241647e+02 2.612373178715272388e+02 2.652273164071015117e+02
2.463250703651364404e+02 2.467303072924640901e+02 2.455043915558471497e+02 2.469385986949960738e+02
2.651586332781697593e+02 2.657657624577467459e+02 2.625601210357436912e+02 2.665572142432022815e+02
2.686410456311748476e+02 2.689825166412753106e+02 2.664326505218147076e+02 2.696833525503195688e+02
2.452562443797426681e+02 2.450590655249438612e+02 2.441629507471324985e+02 2.456369145193347094e+02
2.484330774783581148e+02 2.483600830879674106e+02 2.474640498580701831e+02 2.487260320736042445e+02
2.573870641899264342e+02 2.587513212725572771e+02 2.545689921484377578e+02 2.584219856711544026e+02
2.571896032818778508e+02 2.593870095840844670e+02 2.561913346005127323e+02 2.607036822195427135e+02
2.461261206069162881e+02 2.464599921131269014e+02 2.452896450771497996e+02 2.465310544806044390e+02
2.487955861261042116e+02 2.493841257370606854e+02 2.469455435563693868e+02 2.503906720046014414e+02
2.629525012901907530e+02 2.632272290339406595e+02 2.596296949390369946e+02 2.636604193661881936e+02
2.438723473493545839e+02 2.440469732015514523e+02 2.433574555817938858e+02 2.447698535061087171e+02
2.452407451987772902e+02 2.455394210545990745e+02 2.448246636495292421e+02 2.464090321485864763e+02
2.508621692940220100e+02 2.512148718937637852e+02 2.493826970124185323e+02 2.520921084821115699e+02
2.489970264165535809e+02 2.493537534245794518e+02 2.480139575366230815e+02 2.500693941494813828e+02
2.608039057737398139e+02 2.618087264479054284e+02 2.591647861127696615e+02 2.626007800583947756e+02
2.532845891975537427e+02 2.544319180378394663e+02 2.525433739032477263e+02 2.558135008730243953e+02
2.474226348035991236e+02 2.472054420445268761e+02 2.456409938793544541e+02 2.475499480775445420e+02
2.475802773099487695e+02 2.477066117694118077e+02 2.466944449591307773e+02 2.489242016939872997e+02
2.603998638362632505e+02 2.604917265587826591e+02 2.569752937912166999e+02 2.613309885594667890e+02
2.470257242618979205e+02 2.473988960829852886e+02 2.463039207404498541e+02 2.477214328366767688e+02
2.867451048607479720e+02 2.894570449315243081e+02 2.855649822574577570e+02 2.871534893768707093e+02
2.901868103184821734e+02 2.922208513680996589e+02 2.879202047601312984e+02 2.912222654885497377e+02
2.474016218480870464e+02 2.478129767260699623e+02 2.467490903659736148e+02 2.482549370495721348e+02
2.477520194497088255e+02 2.479992079822814617e+02 2.466660831315517441e+02 2.479454492711554678e+02
2.471587362850346778e+02 2.471971740584923793e+02 2.454705515491481265e+02 2.479535919132905804e+02
2.477406048413245969e+02 2.478032890762374620e+02 2.461659797164468841e+02 2.480340198076311822e+02
2.474633578569338397e+02 2.481712917251874728e+02 2.469727837953362553e+02 2.482760996263463085e+02
2.521967174349637730e+02 2.524578909932106967e+02 2.503077085101896273e+02 2.527618591017894687e+02
2.454115377211358862e+02 2.454617450619394390e+02 2.445802329938524053e+02 2.457837462962638710e+02
2.470898772477744103e+02 2.470071937388362926e+02 2.457159356094726945e+02 2.476773206143206210e+02
2.514112748159413968e+02 2.522410559753624852e+02 2.500178109532435258e+02 2.530137583631053815e+02
2.716653901675151701e+02 2.716290545768706579e+02 2.681554465572168624e+02 2.734304016712000021e+02
2.849107739528461138e+02 2.866248711658768684e+02 2.823020936865664225e+02 2.855085252075502922e+02
2.569349473700680733e+02 2.571910642447986675e+02 2.543323238215563435e+02 2.579652630969461597e+02
2.772721875619360503e+02 2.758237975501122605e+02 2.732724142321247882e+02 2.759835652303352163e+02
2.509911832739718420e+02 2.518747339502345426e+02 2.499646315924204885e+02 2.518576035042570140e+02
2.565652465271910501e+02 2.567637631863394745e+02 2.538653411814720471e+02 2.570615139198599763e+02
2.798136125224021384e+02 2.817331151432795195e+02 2.788293817417309128e+02 2.812267012471649537e+02
2.839806742023636161e+02 2.839635025593833006e+02 2.809642678259655213e+02 2.848078747613841983e+02
2.914094882189184545e+02 2.917809507875862778e+02 2.898742438019167480e+02 2.913982482353196133e+02
2.499375877630192520e+02 2.500020583871623785e+02 2.486435937087029799e+02 2.509725478782484913e+02
2.487199458761335507e+02 2.488136947286705549e+02 2.478140813087970002e+02 2.491637078453369156e+02
2.445662022755031444e+02 2.446871165195124718e+02 2.436545723276515503e+02 2.448471540740967782e+02
2.441275886138024589e+02 2.446442352035167858e+02 2.440075813535941620e+02 2.453043116863288446e+02
2.892146198141427362e+02 2.889194525200574049e+02 2.866579938812569708e+02 2.879490583353611441e+02
2.460559863867102024e+02 2.459450623684639652e+02 2.443140308044274320e+02 2.469442876303304217e+02
2.432013510043065025e+02 2.430520362501401337e+02 2.419480393020953386e+02 2.434947889811176367e+02
2.782929986214595033e+02 2.799954875587579863e+02 2.759982699149215364e+02 2.792460163675525564e+02
2.616947249026131317e+02 2.617796263542190900e+02 2.591933126890573362e+02 2.620878115493270570e+02
2.463152669049406143e+02 2.470489393930000972e+02 2.459099512047122005e+02 2.473110445702376694e+02
2.512176893150250976e+02 2.506692042735227233e+02 2.489234257195329576e+02 2.516796284401548860e+02
2.441233761422092243e+02 2.444828363501677302e+02 2.433797233809032718e+02 2.447235923194797635e+02
2.758892898886272178e+02 2.757908586729746503e+02 2.738914533804829148e+02 2.756642368965895002e+02
2.586955632059759864e+02 2.590514603738444634e+02 2.567124527633537809e+02 2.602487472033449194e+02
2.585002939911648241e+02 2.586584587623600555e+02 2.560577769487839532e+02 2.596419487391710845e+02
2.461769166261986186e+02 2.464821876742594782e+02 2.457584195563254070e+02 2.469398320442893464e+02
2.455868384262749373e+02 2.458335812523911557e+02 2.446342931353693189e+02 2.460352478449483442e+02
2.436426386669845954e+02 2.439642392590519364e+02 2.428591651546468313e+02 2.444312472583480655e+02
2.466535674437150760e+02 2.470053928111017285e+02 2.456799618637078595e+02 2.476141147713501880e+02
2.565512264539088960e+02 2.572455718842570604e+02 2.538353071646636465e+02 2.576984760420222642e+02
2.450999354501742005e+02 2.459667263141690796e+02 2.439155153977569057e+02 2.457559246600056042e+02
2.475342545334891611e+02 2.478026931166965312e+02 2.468756423655395338e+02 2.480528903189662913e+02
2.732764297495735377e+02 2.738221547932762405e+02 2.705386061548730368e+02 2.743102421454335627e+02
2.443483466357150178e+02 2.443652580977541504e+02 2.438027289666799220e+02 2.454256088056275757e+02
2.811325204909937270e+02 2.813938318354796593e+02 2.794803301020542108e+02 2.825510017341050570e+02
2.590782290235641199e+02 2.604411325753181359e+02 2.557685110499454879e+02 2.602762389982020181e+02
2.493142040564051740e+02 2.497541137756793717e+02 2.481437452553168725e+02 2.499083332685754897e+02
2.495868414369813024e+02 2.495633948088387228e+02 2.478743694051220814e+02 2.503117669674617218e+02
2.624004223242725971e+02 2.642235695123584946e+02 2.603322778730193363e+02 2.646660988952564253e+02
2.461474362834258329e+02 2.464643213499866761e+02 2.448387962839833847e+02 2.468060058140276567e+02
2.535128488478655697e+02 2.536045307941737406e+02 2.522179282806997662e+02 2.544192865468602065e+02
2.486094335289499497e+02 2.490718857036775091e+02 2.468146619271004170e+02 2.497685865106210770e+02
2.482550162707233881e+02 2.479928758269853120e+02 2.471874132479678678e+02 2.489631492288154675e+02
2.493318463015565669e+02 2.491921352219860637e+02 2.483427262681554168e+02 2.496417818274056799e+02
2.476436662595637870e+02 2.478709732292362844e+02 2.467573064012552209e+02 2.481157256362843100e+02
2.498427552200755031e+02 2.507836608754528243e+02 2.476381304235406446e+02 2.516543686088595848e+02
2.454461086398237626e+02 2.462227000868401774e+02 2.442566265313670897e+02 2.469254728750716481e+02
2.620784428269165574e+02 2.630859983108988445e+02 2.599179221913418019e+02 2.618960029576833222e+02
2.426535256811523027e+02 2.434119295463990511e+02 2.416571590331871278e+02 2.438675294010648713e+02
2.532517683055368423e+02 2.534637712493132824e+02 2.518552890625106215e+02 2.541744519176345136e+02
2.509297375421557206e+02 2.512866947298988407e+02 2.497222503741952266e+02 2.517643637604269031e+02
2.723203112320348964e+02 2.735091655529510035e+02 2.703144467497598384e+02 2.748170525279298317e+02
2.515772885245271482e+02 2.519978697734823641e+02 2.498201451064836931e+02 2.524225651879964687e+02
2.530991185193202284e+02 2.543228225070523081e+02 2.513741551219314943e+02 2.548726162874128818e+02
2.457546355105995133e+02 2.458765032938054844e+02 2.454464658939113519e+02 2.468700748728707310e+02
2.877334541146250331e+02 2.869658939508785807e+02 2.857119337335818159e+02 2.888776374572696568e+02
2.507054664224080227e+02 2.513324732232763949e+02 2.489972159567210213e+02 2.511228272270714683e+02
2.419756157072957592e+02 2.427906139362043234e+02 2.409782914839781824e+02 2.424981539694684898e+02
2.484521474720521894e+02 2.490220768880436708e+02 2.475689586127387827e+02 2.500002007815125182e+02
2.476253783128118471e+02 2.479568015603285289e+02 2.465775396509128825e+02 2.483111475654304172e+02
2.743214045374390366e+02 2.752922012103983889e+02 2.725893993312592443e+02 2.758197305406397390e+02
2.492755710980697472e+02 2.494954664820728567e+02 2.484446844226574171e+02 2.498838741085786808e+02
2.667554872161430239e+02 2.670752077255373820e+02 2.633087175599382022e+02 2.676127136131771067e+02
2.896712041546725231e+02 2.904168417034085792e+02 2.876216508171705186e+02 2.899991660942005751e+02
2.638684026592094369e+02 2.636731719869649737e+02 2.621815963634393256e+02 2.658379723511556563e+02
2.483614882289300567e+02 2.491760856849006984e+02 2.475817318813532211e+02 2.492180388606682584e+02
2.823477089148545360e+02 2.831132234432421910e+02 2.794387139707590109e+02 2.832301961912023671e+02
2.457646897712414216e+02 2.461820722925414202e+02 2.448510655165399612e+02 2.473653114933310633e+02
2.470155620128096530e+02 2.470478213694485419e+02 2.463977737914423471e+02 2.478469541472714468e+02
2.510779057387269404e+02 2.515587957015312952e+02 2.494629664343815136e+02 2.520157966039051871e+02
2.492138395623525469e+02 2.494802423437315895e+02 2.480458478148885888e+02 2.499267295814582042e+02
2.590345458748423653e+02 2.571014143102506750e+02 2.546612423847837476e+02 2.582249925603611018e+02
2.444304839815852404e+02 2.446280769849173566e+02 2.446338387538980044e+02 2.453079101068086061e+02
2.467460818287806887e+02 2.473226732521283395e+02 2.461928268733805680e+02 2.472502414206620642e+02
2.534057019152519103e+02 2.534328872446448315e+02 2.511619597167191955e+02 2.538551788842310373e+02
2.643059576351591886e+02 2.650728894548379344e+02 2.622830100136311557e+02 2.660334737652900685e+02
2.476098153029849982e+02 2.485243246811114091e+02 2.462984125441252559e+02 2.487789104683676840e+02
2.470801150903429289e+02 2.477171886378331465e+02 2.463929654294629756e+02 2.480296962039109303e+02
2.551850421861503833e+02 2.556954869410464539e+02 2.536139444088398704e+02 2.560304693994883110e+02
2.464688417549419341e+02 2.469379045741924870e+02 2.462039885972959610e+02 2.470083295502893179e+02
2.493350644595728056e+02 2.500338602909594670e+02 2.484369159915692649e+02 2.502483367819830278e+02
2.497257502798251494e+02 2.499008715990078997e+02 2.488595308780512028e+02 2.503615480857831983e+02
2.466065052996343354e+02 2.474225316622825233e+02 2.457861637514127722e+02 2.476785081090856693e+02
2.450791220652256186e+02 2.452380924532032793e+02 2.448631066508718277e+02 2.461727436024906126e+02
2.558402630503107673e+02 2.562838926589752759e+02 2.539579789131823020e+02 2.564212193147217818e+02
2.466462249362415662e+02 2.470539762681497962e+02 2.456306624156670466e+02 2.473995916723175128e+02
2.445033412752522111e+02 2.450274676032623518e+02 2.437821745823427761e+02 2.455558361830183287e+02
2.476042787655001689e+02 2.473810940723070928e+02 2.461317952194837062e+02 2.482742074630005789e+02
2.694073524662901491e+02 2.695408391407909789e+02 2.660884317926096401e+02 2.695498367979066074e+02
2.820098573026426152e+02 2.829928816526996798e+02 2.798691290595207306e+02 2.831453539630553564e+02
2.447009820027982698e+02 2.458896474294286065e+02 2.439926960924047705e+02 2.455477721415412873e+02
2.514579080376823583e+02 2.519072160688034785e+02 2.505355721517803431e+02 2.528755377780321396e+02
2.508187063834144794e+02 2.512865431439828967e+02 2.499072765244804941e+02 2.514767124043781621e+02
2.739334397139758153e+02 2.764279015654823866e+02 2.729866293914507196e+02 2.761742472141485223e+02
2.450885287558984942e+02 2.449235002270609698e+02 2.434786299779236742e+02 2.453764414684855240e+02
2.966699365593306084e+02 2.962294419528822687e+02 2.949885005253985355e+02 2.959151268144709093e+02
2.472018502167883867e+02 2.474079676716305869e+02 2.464174524136624882e+02 2.476143089452749280e+02
2.590882373532329552e+02 2.596980507900241832e+02 2.560625413153340446e+02 2.596958739020043367e+02
2.456555694655605464e+02 2.454801873079348411e+02 2.445754804733354888e+02 2.458853520042179355e+02
2.525378712134527177e+02 2.526740456291917383e+02 2.498306272702122612e+02 2.533513724792298660e+02
2.580067733433709805e+02 2.578619001216669631e+02 2.547199226896323410e+02 2.589459017151816624e+02
2.426199929847947487e+02 2.439201934591019665e+02 2.422414294189856605e+02 2.442894925528152328e+02
2.624078759188222421e+02 2.618405679781543540e+02 2.589801005876701083e+02 2.634417708989184348e+02
2.455816583993791369e+02 2.459883961964948469e+02 2.446921478493992765e+02 2.465589628611236606e+02
2.592606145403304367e+02 2.599265541853374657e+02 2.565586629093371585e+02 2.602696998013667553e+02
2.453031098478311094e+02 2.454402191387545145e+02 2.442952501508961234e+02 2.459148082944105624e+02
2.535377138188220840e+02 2.532384240809898586e+02 2.519368644174327869e+02 2.543115369892736624e+02
2.462158603133873385e+02 2.462965647570095484e+02 2.456388333104926858e+02 2.467668091340029264e+02
2.912643175050168907e+02 2.920775745824720389e+02 2.883624056799860682e+02 2.911415303775523284e+02
2.904348120285503114e+02 2.910583908549977536e+02 2.906997315162740847e+02 2.916659360804546850e+02
2.476994164795148663e+02 2.478531991046937151e+02 2.469813117732557544e+02 2.483720771404977938e+02
2.456095598028906011e+02 2.458482234838278089e+02 2.448932069938841778e+02 2.460434119325294944e+02
2.459243094698988159e+02 2.463711247476740311e+02 2.451601915222665014e+02 2.471633268082457846e+02
2.544782995086040955e+02 2.545043836927460177e+02 2.525427487752330649e+02 2.552017545552649835e+02
2.604826512667588077e+02 2.612308175883999297e+02 2.580965800326829367e+02 2.613022736614365726e+02
2.463499419448362744e+02 2.467816961872218258e+02 2.454971436918741858e+02 2.471419229309967704e+02
2.454860275643748082e+02 2.454731912221650418e+02 2.443126132735812917e+02 2.455629056884415604e+02
2.443359975221490572e+02 2.441574275465867174e+02 2.433777809786423632e+02 2.448593471205987271e+02
2.514592765882535446e+02 2.518391949716881300e+02 2.503148945337388227e+02 2.520350909609877021e+02
2.545854912003278230e+02 2.553946752190920790e+02 2.516117642302872923e+02 2.556144631243765559e+02
2.478958691841409063e+02 2.475420960039768659e+02 2.464474563858655642e+02 2.490020757859303728e+02
2.508422686688987540e+02 2.512624834261282274e+02 2.495429428040481525e+02 2.515600125380503300e+02
2.519824595955517736e+02 2.527934721380696601e+02 2.497425380512094648e+02 2.529057513506467672e+02
2.484433302964511086e+02 2.482501413407622408e+02 2.473114237374119568e+02 2.487029616748290266e+02
2.489272046081098324e+02 2.491202640736736953e+02 2.480526889710267255e+02 2.500123522350516225e+02
2.458970482083393279e+02 2.458656229409902778e+02 2.448896322383738493e+02 2.464353173382767181e+02
2.475268283467662798e+02 2.478418016950948868e+02 2.459421047811746348e+02 2.475783316578866788e+02
2.465361904143288427e+02 2.469176346441667249e+02 2.457510746833090138e+02 2.472387562084594492e+02
2.492730169978663923e+02 2.486826674218034441e+02 2.472655033768170654e+02 2.493077610107263240e+02
2.510600424838444837e+02 2.516540690283318042e+02 2.504333345762812542e+02 2.522346132340384202e+02
2.436582538861124760e+02 2.436920848789382603e+02 2.423875171808078335e+02 2.447381720238683158e+02
2.447204284399469429e+02 2.446758576845579967e+02 2.438493974329132357e+02 2.451574379752307777e+02
2.724506360163807130e+02 2.724817892443263077e+02 2.687650542763103090e+02 2.734740122607555577e+02
2.580261370196538451e+02 2.578820516126606321e+02 2.553003902603680899e+02 2.594419626925341618e+02
2.642781037847755101e+02 2.644461039501487676e+02 2.609066861102223811e+02 2.659046674269138180e+02
2.565316097701798981e+02 2.570317060462045333e+02 2.543872392689764581e+02 2.565599547972685173e+02
2.505921602840403750e+02 2.509681387302366034e+02 2.484754618788832659e+02 2.518562074851371904e+02
2.595030517554375251e+02 2.592975866213600398e+02 2.576245888125245074e+02 2.608385879846418902e+02
2.471976578937143358e+02 2.480110763159731277e+02 2.460019218211890859e+02 2.480509836468424112e+02
2.459855526947736450e+02 2.467104708137310922e+02 2.451513958358679588e+02 2.464218105738371207e+02
2.528543007859114766e+02 2.531321481439616434e+02 2.513559040260601023e+02 2.540229903472113904e+02
2.445533710867348987e+02 2.444217441005209537e+02 2.436108514424171290e+02 2.443895329786029151e+02
2.884892988016234199e+02 2.917026713451406863e+02 2.877284334073627292e+02 2.903046990569293939e+02
2.613605763753604947e+02 2.638104560653422936e+02 2.586563308800536447e+02 2.633355638290777847e+02
2.454075139665688994e+02 2.457936269892399253e+02 2.444895077334088000e+02 2.464291243368459448e+02
2.618506635607775479e+02 2.628384075942407208e+02 2.594381868449194712e+02 2.632210941516668186e+02
2.556598044389915572e+02 2.566623887501172021e+02 2.524284436101678466e+02 2.566163828948193668e+02
2.470786440247475468e+02 2.474078620179913344e+02 2.462050819049784138e+02 2.477611294179632750e+02
