2.897503410807631781e+02 2.896161591216385318e+02 2.870458966357640520e+02 2.895869153886004597e+02
2.585087637518583961e+02 2.583212767385975326e+02 2.576808565312242081e+02 2.583720709903028592e+02
2.611710184434505209e+02 2.608591495204161106e+02 2.600104490096239829e+02 2.609237889447771863e+02
2.788778837373350257e+02 2.791991702545370231e+02 2.770763458799099794e+02 2.792476492420208842e+02
2.530215651732479785e+02 2.526665673813953674e+02 2.515159523497354428e+02 2.528532292280466720e+02
2.602795916647463628e+02 2.600461102809958334e+02 2.600753928593630349e+02 2.608498052851250009e+02
2.714879338893753129e+02 2.721534554333487677e+02 2.697451826238058175e+02 2.719934705626644700e+02
2.668735927523334226e+02 2.666360315041947047e+02 2.654525007462650592e+02 2.665365046805537190e+02
2.591635469348357219e+02 2.593616846050501863e+02 2.584483050907915640e+02 2.584889924147118450e+02
2.619376168358973018e+02 2.621929451792683494e+02 2.602915598180182997e+02 2.622594026086981671e+02
2.959130075940807956e+02 2.954825028583904896e+02 2.937658552688580471e+02 2.958766522757873076e+02
2.568506109575295113e+02 2.569588306137797531e+02 2.560804848992430038e+02 2.571027360338147787e+02
2.601208747656687592e+02 2.605819926199549172e+02 2.593665415138314074e+02 2.609075355566084227e+02
2.630058898535343133e+02 2.630093195461379878e+02 2.611757310735081887e+02 2.638027178616366655e+02
3.008354994640689029e+02 2.999766186178904377e+02 2.990713837658640841e+02 2.990000337159905826e+02
2.611398457505239321e+02 2.603633696862702323e+02 2.606647088791570468e+02 2.606632474489138644e+02
2.976649843980860055e+02 2.977758108741829801e+02 2.959597419060505104e+02 2.974562356214638044e+02
2.607982528039401018e+02 2.609414586279802393e+02 2.592074959854310237e+02 2.608886930943690459e+02
2.593729752093755678e+02 2.589346607454173750e+02 2.588617783970433948e+02 2.593033224950063982e+02
2.567327438219086844e+02 2.567275391224243890e+02 2.558451296203595859e+02 2.569131801184429378e+02
2.566921756737510805e+02 2.569777690341800280e+02 2.560475832858521130e+02 2.570874726883681092e+02
2.603702446769713106e+02 2.601561825139553434e+02 2.590342390569938971e+02 2.600620871518016770e+02
2.557715383565166860e+02 2.558039568712160872e+02 2.549814448977098209e+02 2.558130550024277170e+02
2.603080229856966525e+02 2.603425849028960783e+02 2.593858114244521857e+02 2.605643312029159233e+02
2.652571621646760605e+02 2.656121246433391434e+02 2.646957882869044170e+02 2.662130483758796231e+02
2.643901938494792603e+02 2.646001364302320553e+02 2.635446539421900525e+02 2.645861930287379096e+02
2.575284268510559968e+02 2.577416459617156193e+02 2.569797136810548182e+02 2.577555535859005431e+02
2.691181462969894937e+02 2.695867844428552189e+02 2.676266728747822299e+02 2.694422054118768983e+02
2.576622763606171134e+02 2.583796662745555750e+02 2.562338242652876374e+02 2.586207199371849583e+02
2.601850406859118721e+02 2.601126540400852036e+02 2.593828329390967724e+02 2.603738396472014642e+02
2.573325165616856793e+02 2.583660397617649096e+02 2.573261301622570159e+02 2.591125804763135534e+02
2.911091820819140139e+02 2.914441374655770005e+02 2.883218372017475417e+02 2.913039657631538830e+02
2.593579986848750423e+02 2.595057177954839744e+02 2.580986337393359804e+02 2.596311934734433748e+02
2.618084433293780648e+02 2.624502936511120197e+02 2.593032707856073102e+02 2.625897280764760922e+02
2.556468286856160148e+02 2.556704330844098081e+02 2.550131643781719220e+02 2.556870662346441065e+02
2.585685201120355714e+02 2.593022981356400578e+02 2.575997213956524661e+02 2.592262265335239704e+02
2.609118247694776755e+02 2.613149581564561572e+02 2.604055422865760079e+02 2.614798973670156101e+02
2.590899674589788333e+02 2.592559206101243490e+02 2.588924146816332836e+02 2.591560796897869068e+02
2.587083236706187108e+02 2.591043774355126743e+02 2.574093792750705347e+02 2.590354733506361526e+02
2.595501024798465437e+02 2.602032203038407943e+02 2.587188458852775170e+02 2.606352556176699409e+02
2.682390845565622612e+02 2.677270888893673373e+02 2.654538290767395097e+02 2.684332794439599184e+02
2.645017141255975730e+02 2.647446423552597139e+02 2.633839751090910681e+02 2.653814741403176640e+02
3.025034902213058672e+02 3.022761922022151566e+02 3.018106853931655564e+02 3.019036652120257713e+02
2.572128177620545557e+02 2.579346131213427498e+02 2.556622585369725869e+02 2.582167052486900616e+02
2.716881737184416465e+02 2.720720515570897078e+02 2.693955573893781548e+02 2.725035320663026823e+02
2.593944697555976973e+02 2.601150339990763882e+02 2.582288946257039015e+02 2.606671092165557297e+02
2.585203810476721173e+02 2.583745125862944860e+02 2.587156040979554064e+02 2.588107630589081509e+02
2.831702564701290612e+02 2.826280682877070944e+02 2.806369227869287784e+02 2.827400947878586521e+02
2.627931162625141610e+02 2.629934045630072319e+02 2.620784532053984890e+02 2.631989060764577744e+02
2.692499809677976259e+02 2.700412641828273763e+02 2.676225380936951979e+02 2.698462146023216519e+02
2.790048474154059477e+02 2.784644194681969225e+02 2.761694371251390407e+02 2.798740712849636338e+02
2.838003591190715724e+02 2.835030820609482021e+02 2.809566331101217997e+02 2.834847786703738848e+02
2.877483486884831336e+02 2.872154956403429082e+02 2.846224589507179985e+02 2.880793122643144102e+02
2.595608600214083594e+02 2.593279118091097075e+02 2.577867549065418302e+02 2.597390011770371530e+02
2.588270544769165440e+02 2.586859823905386975e+02 2.581994948661553622e+02 2.586792116166008100e+02
2.585712562900573062e+02 2.587410433907068068e+02 2.587036408815578170e+02 2.588220062181444519e+02
2.552541853822488065e+02 2.551251735354115624e+02 2.547071542745084969e+02 2.553953061946339744e+02
2.775052000004614570e+02 2.775245213181650570e+02 2.740007564732756578e+02 2.775433244592817346e+02
2.807192081636892453e+02 2.806104949551285017e+02 2.784754082584325943e+02 2.801568923360552503e+02
2.549820037754054738e+02 2.548636034292480588e+02 2.535920602282312188e+02 2.553962183001804647e+02
2.523909814935302904e+02 2.529623917471671746e+02 2.519275058950953508e+02 2.530149129231924405e+02
2.681931559491631560e+02 2.694811392963991352e+02 2.668912037873050167e+02 2.694092034279423160e+02
2.566253475546375284e+02 2.566432703872478100e+02 2.557883416143363888e+02 2.572444879517791492e+02
2.681779555006162354e+02 2.672032893362256800e+02 2.664831216305570933e+02 2.681532615708827620e+02
2.628298274015300535e+02 2.625737390494655301e+02 2.610007140131626784e+02 2.632142129733097704e+02
3.017100179633803236e+02 3.024249295791707368e+02 3.008748905599788941e+02 3.006050068085795033e+02
2.577027378545996044e+02 2.570899829837066477e+02 2.567599605804566067e+02 2.575121530380287140e+02
2.577709272928123596e+02 2.581344114694394420e+02 2.569464851691731724e+02 2.583683858561689135e+02
2.739661854279352724e+02 2.746962359486607852e+02 2.716512352436114952e+02 2.748135410101560865e+02
2.813345629471676830e+02 2.818207030006061586e+02 2.797731768005656932e+02 2.824950417799707338e+02
2.593526670278911865e+02 2.594152647535966025e+02 2.575811576066224688e+02 2.593294015839467761e+02
2.615552773869998191e+02 2.613239385956689489e+02 2.594817950686833115e+02 2.612015668698760464e+02
2.643009933547914443e+02 2.647293402313882211e+02 2.634943220387584688e+02 2.650928648909746244e+02
2.621804389519870142e+02 2.625725162277847744e+02 2.618398977948004926e+02 2.623216765124108747e+02
2.798675613518983596e+02 2.787311351528010164e+02 2.765198025408749913e+02 2.796640262662770624e+02
2.691231074811233839e+02 2.694836888388221610e+02 2.676380953082343694e+02 2.691805156117484330e+02
2.947773189279084818e+02 2.945816384736677378e+02 2.929334260052214631e+02 2.939719384248280107e+02
2.832786723253383343e+02 2.839325592589195821e+02 2.808158528015111983e+02 2.839850598634450307e+02
2.576088213523681816e+02 2.577325414941463464e+02 2.573034329939651457e+02 2.581795407845019668e+02
2.668996703348868209e+02 2.666791802644056588e+02 2.649307058226721665e+02 2.670709782038785534e+02
2.542702920441782055e+02 2.544472520939582694e+02 2.530695770934858047e+02 2.538510755789563405e+02
2.599169637959302008e+02 2.603909699689903050e+02 2.595705690184352079e+02 2.612482731781356051e+02
2.738285299335249192e+02 2.745923726076269986e+02 2.714357541563948075e+02 2.741677386961351885e+02
2.582361537484154042e+02 2.582152464026532925e+02 2.575416789901877905e+02 2.580460001405478465e+02
2.570265288317381192e+02 2.569239189520089326e+02 2.561573258430766487e+02 2.575317390922577374e+02
2.831129116077398749e+02 2.836460286170437257e+02 2.811223848454121708e+02 2.832141869313928737e+02
2.549414303127390724e+02 2.552614628631879725e+02 2.548743475630967339e+02 2.553276034860201662e+02
2.615890794539902799e+02 2.615160939439099934e+02 2.604062991266144991e+02 2.623078975130334811e+02
2.679344695961197544e+02 2.692232596507522544e+02 2.673022058904493292e+02 2.686360740263198181e+02
2.912256313671256862e+02 2.918513050030882710e+02 2.885812167266665256e+02 2.903785638589349674e+02
2.557505750019469701e+02 2.558054343902856260e+02 2.552592229907547789e+02 2.561516997347146116e+02
2.775524950533128390e+02 2.782902809495064389e+02 2.756681021607016646e+02 2.791279247567269408e+02
2.555426602414767956e+02 2.557298058128733942e+02 2.551671076995600913e+02 2.558793499820843067e+02
2.570870193786184359e+02 2.576054339858810067e+02 2.561659165282438266e+02 2.581689107793089306e+02
2.649969216290625695e+02 2.660243612115524456e+02 2.641325416305698468e+02 2.661893785281023384e+02
2.641021142373014072e+02 2.642915764056053831e+02 2.630513996396811649e+02 2.651880531750290402e+02
2.679513799511319689e+02 2.685931989772928432e+02 2.659919125798476784e+02 2.685542638769137511e+02
2.569496926364344631e+02 2.572178001753729291e+02 2.568980537612847570e+02 2.571862762670913298e+02
2.920450816128709448e+02 2.916601858842433330e+02 2.902536401168798079e+02 2.911146496522849816e+02
2.624744463685811979e+02 2.627689133116905396e+02 2.614729511737672283e+02 2.632307242183597396e+02
2.552410656349835278e+02 2.555425352161154819e+02 2.548248840516190512e+02 2.561541873175145270e+02
2.675306335901035482e+02 2.686721626651902852e+02 2.675136776737643345e+02 2.685267206345010891e+02
2.922232074788296927e+02 2.926209872474424856e+02 2.906951831008851741e+02 2.919588961095765285e+02
3.010444737902084853e+02 3.004037941693661651e+02 2.996831944341726057e+02 2.992124240400979716e+02
2.590376968828138047e+02 2.604945445735025942e+02 2.586581230938662088e+02 2.605283020333322384e+02
2.575655706607640809e+02 2.573635042819061027e+02 2.566913853211654555e+02 2.574592302084578250e+02
2.842371633941446589e+02 2.852253965200762877e+02 2.815652612779441597e+02 2.833814540482723601e+02
2.577606025882902259e+02 2.587396828084771414e+02 2.575732294647917229e+02 2.591841551757291882e+02
2.577323183631956454e+02 2.577946457004309764e+02 2.571722403801426253e+02 2.576829979923082306e+02
2.904067442967157717e+02 2.903336588989525922e+02 2.884081101146440460e+02 2.913345659340649831e+02
2.555683009015978371e+02 2.555782408314002510e+02 2.545668480035942025e+02 2.557737874568570930e+02
2.563847924495041184e+02 2.573420716812320279e+02 2.554519149718959170e+02 2.576560386701499965e+02
2.584493694218027713e+02 2.590707579806027070e+02 2.578841427127377415e+02 2.592560044719151620e+02
2.885129184861589238e+02 2.881585523788234582e+02 2.866671187305233843e+02 2.882405810935186992e+02
2.611252400871122745e+02 2.615602991997531035e+02 2.604277372978497738e+02 2.614518194070741401e+02
2.768164465836190402e+02 2.764639752209407106e+02 2.751179240840996272e+02 2.769897789704929210e+02
2.745211939478071486e+02 2.752168266931067819e+02 2.730408307885838894e+02 2.755974897267886377e+02
2.649939937159268197e+02 2.654871808673862006e+02 2.637088333166703364e+02 2.655778004646416548e+02
2.561449338719801858e+02 2.566071461755818746e+02 2.555336795705554493e+02 2.566512717502051828e+02
2.854720264305631758e+02 2.853406350495542938e+02 2.836947637558534439e+02 2.850604446421007196e+02
2.872819931031016267e+02 2.864841287888670536e+02 2.844241974038230865e+02 2.858284941346810228e+02
2.546267659509115333e+02 2.544801410271538771e+02 2.535888682588584118e+02 2.543376429110781203e+02
2.555816958104111905e+02 2.558211821575990541e+02 2.548055050258165863e+02 2.560548456826922461e+02
2.611091525787437604e+02 2.612783615394760659e+02 2.600988681391309001e+02 2.614872486269280216e+02
2.546709130008660225e+02 2.548131305440634264e+02 2.540950648709128927e+02 2.547377501874788095e+02
2.594312154235952335e+02 2.600775110346446013e+02 2.592698752505843345e+02 2.598895237264417233e+02
2.759398033667274603e+02 2.769051162140079327e+02 2.743936837572134664e+02 2.762696161959391361e+02
2.763784051497336804e+02 2.762922074541831989e+02 2.737352720523614380e+02 2.765958000445364746e+02
2.542777800891713866e+02 2.543145314551648823e+02 2.535597533611083918e+02 2.541040971727615556e+02
2.565752135114891530e+02 2.564767912947148147e+02 2.558030237265021469e+02 2.568466814040924646e+02
2.577230813208380482e+02 2.582442910015299162e+02 2.576579790521726068e+02 2.585439076510331802e+02
2.761093139492182331e+02 2.770674003093137117e+02 2.745226344452268563e+02 2.764131432410763978e+02
2.741362914046869150e+02 2.744581812405833148e+02 2.725214099005993376e+02 2.743114746555602892e+02
2.622075599689844125e+02 2.622750359211626119e+02 2.611340087860199333e+02 2.629360906869080168e+02
2.541019171392069040e+02 2.541180577125648767e+02 2.533121066765715739e+02 2.543467714470946532e+02
2.667630796823708010e+02 2.670189053986103431e+02 2.650295306087600693e+02 2.674237285673975180e+02
2.813141559781958563e+02 2.823628284528448944e+02 2.797019129247995579e+02 2.816161509348847858e+02
2.712357057826893652e+02 2.711430914859775498e+02 2.686712362452252592e+02 2.710114604747871567e+02
2.580079208848337657e+02 2.583315687271457364e+02 2.582880247132467275e+02 2.588217552452198333e+02
2.615891388071678989e+02 2.619891446037108835e+02 2.604138289249659692e+02 2.622531643376460693e+02
2.796048410900748991e+02 2.794394301281730577e+02 2.776438472441734575e+02 2.799215092121334010e+02
2.539170792370247227e+02 2.541322920299427324e+02 2.530443592599388580e+02 2.537285870009656321e+02
2.595662239525506720e+02 2.600716125778819219e+02 2.585080419593627425e+02 2.602378976800059149e+02
2.585869904533841463e+02 2.588188426171606125e+02 2.583139873610649602e+02 2.588738315508461483e+02
2.677893918656539540e+02 2.690232339830223509e+02 2.669986833700909870e+02 2.691198969198854343e+02
2.705740739936906607e+02 2.706409311769207875e+02 2.677879500927678578e+02 2.705346148397888442e+02
2.677942232711504857e+02 2.681647548987138521e+02 2.664147455730481511e+02 2.683327225368594213e+02
2.638661734793619758e+02 2.628846087690735089e+02 2.619971390064799266e+02 2.641901419676148066e+02
2.560738074808448914e+02 2.561723287707603163e+02 2.556499299173144948e+02 2.561270425713771033e+02
2.591092265211152608e+02 2.591864287771667819e+02 2.590352856569021469e+02 2.595581734364142790e+02
2.647995256059002713e+02 2.657527755858626506e+02 2.629256488066407655e+02 2.656689960352437083e+02
2.625980023152176273e+02 2.630184286319340004e+02 2.617393520172132639e+02 2.632632485132680245e+02
2.550158853880560059e+02 2.553993221479809108e+02 2.545177930979257894e+02 2.554133342585407718e+02
2.616463093732874086e+02 2.621388597008231045e+02 2.606842992954457259e+02 2.626015018506402043e+02
2.616953139403616433e+02 2.617363369016843535e+02 2.599478702665157357e+02 2.626309602508022181e+02
3.005592898650133407e+02 3.007508193202233997e+02 2.993667245318838468e+02 2.996683621473108587e+02
2.561146282108298919e+02 2.564880782733985143e+02 2.553448187086231655e+02 2.561165954938452387e+02
2.529414171871635801e+02 2.529475950421104926e+02 2.522160372812889477e+02 2.532135599549037863e+02
2.634255839987155809e+02 2.634074600197458835e+02 2.628132205437440234e+02 2.642255099410574530e+02
2.610077390233337269e+02 2.616679604696697083e+02 2.609846326791450224e+02 2.616472132783150641e+02
2.882832889846389435e+02 2.885955597711208611e+02 2.865426694039892936e+02 2.881682650723097936e+02
2.604032061515288206e+02 2.601714901007117646e+02 2.588942319125877134e+02 2.612093418234541673e+02
2.540527494601504088e+02 2.542953874487202484e+02 2.540788040171942725e+02 2.542397594239434113e+02
2.593456754375081346e+02 2.588612120528109699e+02 2.583468742227198618e+02 2.595027638801303738e+02
2.617017802486619757e+02 2.623269305514842245e+02 2.610077509308777621e+02 2.624797010734374112e+02
2.602420563042392700e+02 2.609032535149386263e+02 2.585707706875361396e+02 2.611657311117334643e+02
2.597404311767834315e+02 2.595561309408963098e+02 2.586130474972417801e+02 2.599494144932741619e+02
2.978464120088297591e+02 2.981061355557213801e+02 2.962507943387337264e+02 2.973308427069505342e+02
2.524712887200907119e+02 2.520826878825731399e+02 2.516010790083456641e+02 2.528316952748698725e+02
2.598390716747214242e+02 2.601587998725610760e+02 2.582232877595003515e+02 2.603626789714543293e+02
2.643257730558140111e+02 2.649683328824681325e+02 2.630034434100757608e+02 2.642250558558201874e+02
2.579724993348470434e+02 2.578183053277923591e+02 2.570336392774550518e+02 2.581798920773316013e+02
2.800125430600194818e+02 2.804454441644488725e+02 2.776351753428644997e+02 2.805057474815541241e+02
2.734482294358787726e+02 2.746283483311132727e+02 2.718215450762138516e+02 2.741946318945041412e+02
2.537444340322022072e+02 2.538334844626084248e+02 2.524515705448151834e+02 2.540503460324254661e+02
2.743094777106400102e+02 2.758319203819681888e+02 2.728106285643366959e+02 2.760348259265721254e+02
2.547479194779364775e+02 2.546380813780457117e+02 2.540977820976413568e+02 2.546839523570972119e+02
2.572594611901899952e+02 2.575187655616334155e+02 2.563459640529474086e+02 2.577452595372794235e+02
2.658408118012379191e+02 2.656719577756549029e+02 2.641586038797037759e+02 2.666634748858210173e+02
2.546258509307655515e+02 2.549975154818149292e+02 2.546339026317862704e+02 2.555553226127942708e+02
2.582767544882639186e+02 2.587760045205864685e+02 2.574240887951271475e+02 2.589851895586766091e+02
2.644720110891407217e+02 2.648471146168354835e+02 2.633980929879006680e+02 2.645872889558679049e+02
3.015346141583321469e+02 3.009448840007219701e+02 3.005273997042286851e+02 2.998497550995083429e+02
2.599182234053180309e+02 2.598454692816893612e+02 2.591263086678902710e+02 2.603201942102816702e+02
2.566213041224714289e+02 2.570071740806269531e+02 2.561082582684748559e+02 2.570410397821651145e+02
2.552489417320084897e+02 2.554382461779988205e+02 2.535844380821431798e+02 2.550485444019351178e+02
2.624162574480657781e+02 2.623794417440322491e+02 2.604081332049298112e+02 2.626678661457771682e+02
2.571529669426905116e+02 2.573693052921560138e+02 2.564998712136277277e+02 2.578618983605256290e+02
2.610290147489244532e+02 2.614063236788839504e+02 2.601068676686443268e+02 2.616641296428176133e+02
2.575319266371103026e+02 2.574156436658764164e+02 2.563536863004780457e+02 2.574944504435913473e+02
2.553878842277895274e+02 2.556474533943556651e+02 2.551851531081161966e+02 2.558940174816260935e+02
2.858532233823730735e+02 2.870571310592645204e+02 2.841072129693967554e+02 2.862494146840467124e+02
2.812348348747997875e+02 2.821931144413901507e+02 2.796975465410000652e+02 2.821298751276772805e+02
2.607997062175408018e+02 2.613009988182275833e+02 2.598471996776551691e+02 2.616047941454430088e+02
2.575186027313234831e+02 2.590617791189983450e+02 2.569575347444984459e+02 2.585287304784650928e+02
2.626318204258591891e+02 2.624233942039062413e+02 2.606260942353235919e+02 2.632215879982554156e+02
2.574380489274690831e+02 2.575479838773716210e+02 2.571723693668815827e+02 2.576611353024886739e+02
2.586302428040937684e+02 2.593005455235029899e+02 2.572245066531466477e+02 2.590338045747302544e+02
2.801019022786741743e+02 2.806885730637274605e+02 2.787709118800412398e+02 2.811637566584988122e+02
2.599513802464751393e+02 2.601864509577167723e+02 2.587036427912070167e+02 2.601428929251053432e+02
2.557493349976135733e+02 2.565506120717240037e+02 2.561770276777217532e+02 2.569929925846395804e+02
2.576937673121686316e+02 2.578235743911082523e+02 2.572477197602962633e+02 2.585415398327097023e+02
2.906032224521982243e+02 2.908824212042768522e+02 2.882567511407407892e+02 2.913798614969123832e+02
2.595088840019228087e+02 2.591616862269178228e+02 2.588310931221959095e+02 2.596794791035156891e+02
2.891114376382410001e+02 2.898769659837184918e+02 2.867364311591115893e+02 2.891376373717744741e+02
2.789252531181889481e+02 2.793519432221471561e+02 2.775279968369827088e+02 2.788531143966114314e+02
2.600252521108034784e+02 2.602597406915677993e+02 2.592454456237308591e+02 2.606607047523017400e+02
2.600924479474697932e+02 2.601893090803181963e+02 2.592420414854518071e+02 2.605208369467405305e+02
2.561226600604376245e+02 2.563501999464464234e+02 2.563276161060380787e+02 2.563532291439099140e+02
2.589718378168371942e+02 2.591137186792135481e+02 2.589690706145015611e+02 2.595549300415302696e+02
2.551888544535446783e+02 2.553006470887074499e+02 2.536572443193101947e+02 2.552302434236686679e+02
2.708543932541263075e+02 2.724640700197455203e+02 2.692051575807321342e+02 2.716237646214983670e+02
2.577597198285506579e+02 2.580237143000171045e+02 2.568069642270681925e+02 2.579551468378709842e+02
2.602201525369683281e+02 2.604649399649262591e+02 2.594306070748831416e+02 2.614404621061540865e+02
2.585724331056998722e+02 2.585441695382875764e+02 2.578453161033860397e+02 2.587630443779476650e+02
2.767368470564757672e+02 2.773255605632624565e+02 2.756402397115445524e+02 2.774994902908758831e+02
2.794424990956624697e+02 2.799085042559755152e+02 2.764313357504299233e+02 2.789576820022422794e+02
2.545956919958363756e+02 2.543282412942338340e+02 2.538908528369605051e+02 2.542780302706224234e+02
2.942164621081681162e+02 2.936464637798632680e+02 2.924890320020253398e+02 2.943803523631559074e+02
2.633251207800602742e+02 2.639223364960656113e+02 2.616545916866979837e+02 2.636566525450975291e+02
2.588018894663574656e+02 2.590617371041201977e+02 2.571597522257963533e+02 2.591364818832845458e+02
2.880529823610771132e+02 2.879461964063466439e+02 2.849798585370695037e+02 2.874869603063115164e+02
2.594192831602639444e+02 2.600113965227517383e+02 2.585237018909901963e+02 2.595370373588387451e+02
2.676870875053834880e+02 2.688328376846861829e+02 2.664219275525787793e+02 2.682304413709554751e+02
2.673151204588115775e+02 2.681040541024853496e+02 2.654431227067148029e+02 2.684236113039057727e+02
2.599363876379184148e+02 2.598938634945248509e+02 2.599438191042837616e+02 2.601630505254905756e+02
2.594625765634590948e+02 2.599865944259271942e+02 2.585168383600864672e+02 2.601547645858378246e+02
2.661541623815592743e+02 2.670968948452194240e+02 2.650237316041587974e+02 2.677322826257165502e+02
2.515576911676805310e+02 2.519644282517681404e+02 2.510300278983870328e+02 2.522142932100430812e+02
2.545081128704554772e+02 2.556872627778141123e+02 2.543235975044104009e+02 2.550748064974279998e+02
2.672159298378454082e+02 2.663834651398201459e+02 2.654304447881164606e+02 2.673296155863561125e+02
2.579202539480597807e+02 2.577656705327894997e+02 2.572256138086517012e+02 2.577944594551166801e+02
2.573787239178030291e+02 2.574603238824238929e+02 2.559095077336454551e+02 2.579939485727110764e+02
2.663118653403821554e+02 2.664135971119542319e+02 2.647577324436486492e+02 2.666064108367422705e+02
2.667509881577148576e+02 2.672671445357200355e+02 2.649142416237480688e+02 2.667974129709301678e+02
2.655527776540302511e+02 2.658867829525194679e+02 2.639283323453000776e+02 2.662148830278796368e+02
2.584725645547856629e+02 2.577256458101944077e+02 2.579916215793427909e+02 2.576990333559808732e+02
2.666346943495916548e+02 2.668977395067526004e+02 2.654263999758202885e+02 2.670520279461271116e+02
2.628131180912392892e+02 2.631283394839900325e+02 2.617491754721983739e+02 2.635480998330067450e+02
2.598551471573720733e+02 2.604311353111183394e+02 2.589596216826514592e+02 2.604268861643671471e+02
2.621120586307674216e+02 2.619420716944343894e+02 2.608933295418755733e+02 2.620450677394417767e+02
2.570194082901621755e+02 2.570943536964572900e+02 2.558861650500133749e+02 2.575445093409680908e+02
2.540274325676804779e+02 2.547559096007502433e+02 2.531696960833036769e+02 2.549617399278950529e+02
2.687680563616138443e+02 2.698015829429650125e+02 2.669290460269696155e+02 2.698090893310348974e+02
2.592594751562468787e+02 2.599169688502724398e+02 2.589099334623738287e+02 2.594476615024076409e+02
2.755929318158916317e+02 2.763414358078379109e+02 2.740634765570776494e+02 2.755934495324500517e+02
2.597317606206148639e+02 2.599485950530046239e+02 2.595524221794762525e+02 2.601455346180108563e+02
2.572829984633295339e+02 2.573774915999806581e+02 2.563032999783504238e+02 2.578010890419198518e+02
2.710080192564832942e+02 2.717211085653437408e+02 2.688243728264964147e+02 2.708379612738809783e+02
2.648544634571956635e+02 2.654051523402030170e+02 2.631670091783507246e+02 2.649692260681534890e+02
2.637320954552682792e+02 2.652814908192343069e+02 2.633742152310376810e+02 2.655990691284109175e+02
2.835468244923942507e+02 2.839822370628793919e+02 2.806056189763874045e+02 2.843225784684109385e+02
2.718995067223357864e+02 2.732764212925072229e+02 2.705111770133213440e+02 2.728809773941267167e+02
2.608284782757860967e+02 2.611008125835671763e+02 2.606338708817925749e+02 2.614788523031135696e+02
2.556700225511253564e+02 2.564716885176640062e+02 2.551676156466606926e+02 2.563060676987472561e+02
2.606456108584325193e+02 2.604014441025387896e+02 2.597279276235676093e+02 2.611677639133334310e+02
2.558872192346142640e+02 2.561591763055674278e+02 2.545109284720942924e+02 2.560917563547697569e+02
2.602585011761059945e+02 2.606761985324897637e+02 2.588755338065423075e+02 2.611749894470621030e+02
2.617589432531289617e+02 2.618516551664071699e+02 2.603866530058895137e+02 2.628876394824233671e+02
2.766077308872147569e+02 2.771915378311529707e+02 2.741535798252569975e+02 2.768018685857766172e+02
2.852707195128732565e+02 2.866484447729311000e+02 2.839346338877496123e+02 2.864553472032685590e+02
2.557461937781257575e+02 2.557704638001301021e+02 2.555181512148487286e+02 2.563447615662580006e+02
2.552285816339980897e+02 2.555060413661988150e+02 2.545786676077485424e+02 2.555151630127641909e+02
2.799918088311430324e+02 2.787428029768473152e+02 2.769371800136289608e+02 2.803200514873216775e+02
2.711844427185308177e+02 2.712705511064158941e+02 2.685366212130267058e+02 2.713814697253060899e+02
2.734514458042880847e+02 2.739187718497721562e+02 2.706851853408306852e+02 2.738001542176037901e+02
2.598500325575309375e+02 2.603063185576209548e+02 2.592031438153803720e+02 2.602644483881868496e+02
2.737945740282987686e+02 2.741732136857651767e+02 2.720580978163328041e+02 2.740766051340301601e+02
2.559512489679840996e+02 2.562956674192810738e+02 2.550664139268828592e+02 2.567637845833743313e+02
2.649017023961078507e+02 2.647457632968154257e+02 2.635461142833070198e+02 2.651679638075107164e+02
2.573252782205077551e+02 2.574708974016639900e+02 2.572850259614139645e+02 2.577595553316597830e+02
2.595849166950782774e+02 2.602514445125087263e+02 2.592593211267492279e+02 2.606446890813431878e+02
2.570885508524266925e+02 2.570259944665102125e+02 2.562560466817275255e+02 2.578784868854027650e+02
2.859352139517851015e+02 2.868263877852180599e+02 2.843022805838007230e+02 2.868801339047064403e+02
2.691514849865639007e+02 2.700136962066853243e+02 2.681630055082343915e+02 2.698659610585303881e+02
2.567674335982311504e+02 2.570918725083784580e+02 2.560178811236839351e+02 2.568959876309358492e+02
2.570917872046148318e+02 2.572888416429941572e+02 2.572602099555414839e+02 2.574119537630620016e+02
2.569988392667800099e+02 2.567959541010944804e+02 2.559004452573430228e+02 2.576931336676102546e+02
2.685590618288094333e+02 2.690791511005189136e+02 2.667591755306211212e+02 2.693585672950148933e+02
2.576583111311236394e+02 2.582124770043970443e+02 2.576046796732954363e+02 2.580515168904903476e+02
2.569028361022060380e+02 2.574877095466913488e+02 2.559257220454710762e+02 2.568867650508104816e+02
2.711103330347804103e+02 2.710622209691057378e+02 2.694274178990786481e+02 2.714889742425165764e+02
2.616245953927885921e+02 2.615518057742972928e+02 2.603864036286772148e+02 2.621162559494079574e+02
2.579620161688562803e+02 2.584765702854386973e+02 2.574666800394574580e+02 2.584809996233233846e+02
2.552692021766123673e+02 2.555312910394947323e+02 2.548382285569466887e+02 2.557005243850287286e+02
2.634586563347797892e+02 2.643360077323284827e+02 2.625741241539611224e+02 2.650162282001194853e+02
2.560523334843668408e+02 2.558231743858759160e+02 2.552158620650450302e+02 2.562765668266968078e+02
2.558418805843001280e+02 2.560194311033309873e+02 2.548874329299049748e+02 2.560095257791404038e+02
2.698101044520756204e+02 2.705355818537506707e+02 2.681119997349772461e+02 2.713211937632097488e+02
2.754592710063142817e+02 2.770747513519601171e+02 2.746125203506414891e+02 2.769826150967720650e+02
2.578682397937568567e+02 2.579683047086202237e+02 2.569349187140053346e+02 2.589048665817430788e+02
2.652472568169611122e+02 2.664014516171974947e+02 2.641501300529176319e+02 2.661043704089354378e+02
2.591343078321315261e+02 2.584474732289457961e+02 2.580457191665195182e+02 2.581900587985249445e+02
2.607941254466335295e+02 2.611790057995220877e+02 2.600038804985387060e+02 2.611854151156401258e+02
2.657009469106959614e+02 2.660611730703560056e+02 2.652255215405475610e+02 2.662857087890705543e+02
2.563793122600895344e+02 2.556250235748113369e+02 2.556936707711166434e+02 2.563377787910211509e+02
2.508932827294327979e+02 2.508745423232333280e+02 2.505648497954487652e+02 2.516054104180136051e+02
2.590342492255103934e+02 2.600685435490095756e+02 2.578941865838943954e+02 2.596679548360561967e+02
2.722179555019678219e+02 2.722128296720142089e+02 2.699491864832260148e+02 2.718702552719449841e+02
2.642400268154766536e+02 2.647752490612182328e+02 2.628678619804966843e+02 2.644945879264490145e+02
2.893086080164807754e+02 2.895909257758126500e+02 2.871674323229645438e+02 2.882403553491362231e+02
2.601919743419572910e+02 2.604635964441420697e+02 2.604945342809068620e+02 2.607533817031526269e+02
2.633153225408736375e+02 2.629302427338891448e+02 2.618361199985535563e+02 2.636485442063627147e+02
2.691036650151821163e+02 2.693506075687096200e+02 2.684039104137264644e+02 2.697223617186896831e+02
2.564686213312227210e+02 2.568289367511736145e+02 2.563641876420668950e+02 2.571964618280709374e+02
2.602449482551540427e+02 2.606010330530035617e+02 2.590526059423650054e+02 2.602218639473800863e+02
2.749469140387448078e+02 2.751466158595272304e+02 2.727830212700410470e+02 2.761607490073770350e+02
2.676271943169435872e+02 2.673681572501396886e+02 2.658014062409197891e+02 2.680632663357792467e+02
2.591270695949324363e+02 2.597618063080391266e+02 2.588050746728573017e+02 2.598674337489764525e+02
2.682535173749145088e+02 2.683092171653203195e+02 2.661997678479511933e+02 2.686817553638038021e+02
2.696549810718338449e+02 2.702507803578008065e+02 2.683187025927741161e+02 2.701321842701750029e+02
2.866986824882661722e+02 2.862919414317938731e+02 2.851081308386158639e+02 2.874095462625826372e+02
2.553569948815602686e+02 2.556440929034137639e+02 2.543578822581389716e+02 2.555976903345071776e+02
2.585823098205239603e+02 2.585126463697931172e+02 2.571600760551621647e+02 2.584311019037257893e+02
2.930143817525378722e+02 2.929754377142213571e+02 2.893583761801729679e+02 2.924141121689406191e+02
2.607965962437462508e+02 2.613145714886588280e+02 2.608755850049013247e+02 2.612463786425049648e+02
2.738018851259039934e+02 2.737584357128828287e+02 2.718025679508750159e+02 2.742322048556281402e+02
2.585498542396506423e+02 2.579470822456150927e+02 2.569640188903641729e+02 2.581818003958533154e+02
2.567042052909365566e+02 2.577800309901969058e+02 2.574557682973065766e+02 2.572015953070875298e+02
2.988909075895509204e+02 2.985723567215922003e+02 2.982922205353035565e+02 2.984152649909045181e+02
2.612499652016400091e+02 2.617334193653964007e+02 2.601752518869838013e+02 2.627289720086750435e+02
2.607299560991788780e+02 2.604148198531238450e+02 2.592734715137444823e+02 2.609520322856856751e+02
2.557091391609918958e+02 2.553779364693209004e+02 2.545744778918905524e+02 2.560241082728031756e+02
2.833077456743319544e+02 2.841138101445478696e+02 2.808402199483019785e+02 2.839600199350508092e+02
2.529414838154795575e+02 2.532721430013684198e+02 2.517011034352683794e+02 2.537946916731721387e+02
2.986096254911080905e+02 2.994615111025984788e+02 2.985078632734059738e+02 2.982578072788515442e+02
2.561299419328572071e+02 2.566228967803559158e+02 2.560853250143073296e+02 2.563721373864420912e+02
2.878968501592896132e+02 2.883078644768014556e+02 2.854699055077153957e+02 2.886603621778013462e+02
2.711332729752001569e+02 2.715325150973723112e+02 2.699832923646404765e+02 2.718561632190385922e+02
2.575592922495354742e+02 2.577255458837872197e+02 2.569649975553755894e+02 2.580786965219455737e+02
2.691151609990200768e+02 2.694513947060283954e+02 2.670451596213454764e+02 2.694196419306449570e+02
2.598185555309991059e+02 2.598026186228991605e+02 2.584277465202245025e+02 2.599825857869101355e+02
2.602857032938462112e+02 2.606633444890181863e+02 2.592637031421333518e+02 2.601479016811043721e+02
2.600008149642178523e+02 2.599809816444454782e+02 2.585718049308815694e+02 2.603713006962620398e+02
2.645953723706605274e+02 2.660469181619545793e+02 2.628435081626702186e+02 2.656249469344309091e+02
2.609236170031921915e+02 2.607740264437452993e+02 2.605711588333156783e+02 2.605466615084130240e+02
2.588972217052823908e+02 2.587710085175396557e+02 2.579710328605217455e+02 2.593338527114650560e+02
2.609022493524707897e+02 2.608673810848253538e+02 2.595442896143408120e+02 2.611518357296208137e+02
2.653889970650279224e+02 2.657913099978728155e+02 2.636338737320714927e+02 2.652406928010257161e+02
2.595443838484600860e+02 2.594369200848981905e+02 2.587421616761706673e+02 2.599695173866530808e+02
2.558392997725804037e+02 2.562022723139492086e+02 2.554063315535099150e+02 2.555026577208805065e+02
2.585155844379774521e+02 2.583857923238803096e+02 2.579427225600749125e+02 2.587367699172688162e+02
2.652942591370807008e+02 2.659615002491629525e+02 2.654979975019778635e+02 2.661631072286324979e+02
2.637587271114330747e+02 2.642659838744160652e+02 2.623546138146741669e+02 2.644362898810348383e+02
2.558885600910436438e+02 2.556507412316593673e+02 2.545492873016641795e+02 2.561255510946198228e+02
2.576349716314085185e+02 2.576166680189952558e+02 2.569299283148013160e+02 2.578988333811075222e+02
2.564100191148610293e+02 2.566704548485316195e+02 2.559694855913915035e+02 2.570655880511319538e+02
2.736701150376734404e+02 2.743008828245168047e+02 2.723237208933097122e+02 2.741964989413604030e+02
2.796838542169930975e+02 2.800344402314145782e+02 2.778544117046060933e+02 2.809584458021085993e+02
2.640658534601286078e+02 2.640482519724494637e+02 2.618751678089224697e+02 2.643868848910057636e+02
2.566613999742504575e+02 2.565604990002242971e+02 2.560457498005051775e+02 2.566067167216753546e+02
2.642584384336539074e+02 2.649588372395767806e+02 2.639075280246744342e+02 2.652310073564609070e+02
2.621314776072142649e+02 2.616922544805394750e+02 2.610004637644369723e+02 2.626697436856780428e+02
2.615058464374238270e+02 2.616943881992939964e+02 2.606322726995851440e+02 2.618763700101521863e+02
2.595666724156960754e+02 2.602504169040699367e+02 2.578334232219725664e+02 2.598646408266645835e+02
2.680097975836501973e+02 2.687427341459700756e+02 2.661208389887292469e+02 2.683765825591626140e+02
2.587485021163465149e+02 2.588451784570112864e+02 2.577558007685271377e+02 2.590932230636528857e+02
2.810479953574513843e+02 2.815761630848340360e+02 2.785619111723426045e+02 2.808484868238344916e+02
2.709528861408156786e+02 2.718810698324853661e+02 2.693493986079236038e+02 2.714807992787831381e+02
2.571706907486761224e+02 2.579007124753958919e+02 2.567869142281916197e+02 2.580356762711278407e+02
2.596018601487244837e+02 2.592151913957292777e+02 2.587173500787950502e+02 2.592208494208179559e+02
2.830204492847328765e+02 2.834570008832396866e+02 2.818964395860182321e+02 2.834801229889863521e+02
2.579912354198352773e+02 2.578751630836844129e+02 2.572558547699807718e+02 2.582816889463723555e+02
2.680855625358526027e+02 2.684993117292510760e+02 2.661420511765045944e+02 2.694741696406612732e+02
2.592242499570014047e+02 2.595875691651685315e+02 2.591839506598411731e+02 2.598365511038098816e+02
2.670275703447450155e+02 2.663794898467991743e+02 2.644685506833054660e+02 2.675067818138251141e+02
2.616793351620826229e+02 2.618088240387329506e+02 2.603564123453239176e+02 2.620477960864490683e+02
2.749623648215864478e+02 2.751847767366772928e+02 2.731846388224216753e+02 2.760824292267481042e+02
2.522251304655409285e+02 2.520309612812360172e+02 2.516375999474995524e+02 2.523956345046399576e+02
2.620696153207513248e+02 2.616309677268450287e+02 2.606042383671819493e+02 2.617267164077787243e+02
2.648127362937154317e+02 2.650230327936478147e+02 2.637915440440904149e+02 2.653668366511753902e+02
2.841825617585044483e+02 2.841875981239616635e+02 2.822241208936655994e+02 2.844162906517107103e+02
2.770272096837738331e+02 2.777296559344080720e+02 2.733668678977617787e+02 2.770177251560798481e+02
2.578875519937730019e+02 2.585895522429545963e+02 2.583850859514890317e+02 2.586843014427115008e+02
2.589858335698798442e+02 2.593443447489630103e+02 2.581270397572260435e+02 2.593487106340306241e+02
3.020098380945916006e+02 3.021831596750189419e+02 3.007135356285447187e+02 3.009061971730136520e+02
2.543092067550023501e+02 2.541197969944136901e+02 2.541919504004151804e+02 2.546437506206138437e+02
2.599298413950004374e+02 2.592088150967754814e+02 2.591692909399294535e+02 2.604238899839264150e+02
2.660608002675081707e+02 2.662133837060330279e+02 2.643231169018364994e+02 2.663044383961556605e+02
2.586546782415983898e+02 2.584942411444118306e+02 2.573451920709804881e+02 2.590015609385868629e+02
2.567547580479107978e+02 2.563123501625754557e+02 2.555839798833414704e+02 2.565745848090546133e+02
2.588578495519087710e+02 2.590158479604215813e+02 2.578608636855402665e+02 2.590238130715044349e+02
2.743790696315738273e+02 2.749619229951909460e+02 2.727391247352203436e+02 2.751475014967468269e+02
2.647244973746399523e+02 2.657911680203626474e+02 2.642473656386047196e+02 2.657914997387363201e+02
2.591571534968707624e+02 2.596467111952466098e+02 2.583369702986942684e+02 2.600441605218155701e+02
2.576594545267690251e+02 2.578912323497252146e+02 2.576012916483258550e+02 2.581064347861008628e+02
2.970457077079034320e+02 2.976267781311566978e+02 2.961904949551131381e+02 2.960986676331449416e+02
2.579663104475758928e+02 2.580759602857148707e+02 2.575953846070553368e+02 2.587643511589462264e+02
2.588642393303629206e+02 2.589910400671236061e+02 2.587474666396508383e+02 2.592430925576214236e+02
2.559315888186095265e+02 2.568853684294472828e+02 2.559683478970250405e+02 2.562876181329409064e+02
2.623909878398272326e+02 2.630088427344213073e+02 2.619875363168424656e+02 2.633495249264280460e+02
2.737126173325423224e+02 2.741678432413441442e+02 2.715517170898652353e+02 2.748247634875178846e+02
2.642272627771473026e+02 2.653670248105171936e+02 2.630024886946297897e+02 2.649423153060285472e+02
2.529033592794862670e+02 2.531682322857341489e+02 2.525001554555590815e+02 2.531233543406167712e+02
2.647220239114444666e+02 2.651251884286807581e+02 2.635822036531313870e+02 2.655504868693732305e+02
2.600526574325595561e+02 2.603998140368534564e+02 2.596370209825255984e+02 2.599353565477410370e+02
2.560218880578368044e+02 2.565433929020355208e+02 2.554823996653700249e+02 2.562876038198878632e+02
2.566150080087885499e+02 2.568665405434520039e+02 2.560977002965441329e+02 2.568296837317520271e+02
2.592122218240622260e+02 2.598229948773226283e+02 2.579324632635814964e+02 2.596975923890460649e+02
2.571499533742245376e+02 2.579673530408698525e+02 2.570053491689745329e+02 2.577329460083682307e+02
2.652628442668820981e+02 2.658816847383419599e+02 2.644716674534034837e+02 2.667461729275180460e+02
2.599968573176980158e+02 2.605157054505476140e+02 2.596407242770300741e+02 2.607531813495719462e+02
2.861474572533722949e+02 2.876812839427515769e+02 2.849582826219429990e+02 2.871240632793773671e+02
2.577418822354108556e+02 2.585623270598735530e+02 2.580452451002912539e+02 2.590493627526177534e+02
2.645518768718097249e+02 2.649981054296355296e+02 2.631507257390833274e+02 2.650377433351404761e+02
2.594723668005784134e+02 2.598154805567751282e+02 2.593988757987647205e+02 2.603552201320573545e+02
2.588108476945001257e+02 2.593593744678826738e+02 2.573425709149701106e+02 2.601071330343050931e+02
2.548720647280244123e+02 2.551165158604504768e+02 2.542933058901529080e+02 2.550309929185221733e+02
2.693486522959898934e+02 2.709612405197501062e+02 2.678351433117400688e+02 2.713821835083455767e+02
2.618865642658149113e+02 2.620427750658960804e+02 2.607788973355850999e+02 2.628814832950708933e+02
2.561464729337863560e+02 2.564087087991405269e+02 2.555322978332898458e+02 2.571576109895999593e+02
2.570061439694017622e+02 2.569034947542587588e+02 2.561360562971884747e+02 2.574891860351260675e+02
2.566133927974768767e+02 2.569781845121433435e+02 2.556205466809242921e+02 2.576443563372711765e+02
2.695099320439527446e+02 2.705701930966394571e+02 2.687268725713490767e+02 2.702906314668339860e+02
2.593751150279909439e+02 2.594947974357182829e+02 2.587628810847647856e+02 2.598760921185134976e+02
2.674471314381918319e+02 2.678803669276202299e+02 2.658613736372134326e+02 2.683014674993364679e+02
2.590752800314991759e+02 2.598088731343105451e+02 2.586951586640681739e+02 2.598312254997031800e+02
2.590158387011607033e+02 2.591536382238481337e+02 2.591365366558285928e+02 2.592584573322148458e+02
2.629667966413510385e+02 2.635893907705745391e+02 2.616425255997456247e+02 2.634682580905799227e+02
2.581504904176188120e+02 2.583586976572045728e+02 2.576186846384784417e+02 2.581944907446138586e+02
2.577781346016269026e+02 2.584732018777363010e+02 2.577407201233376099e+02 2.581139062851471522e+02
2.582137157345194964e+02 2.583935036357817694e+02 2.570935659317802902e+02 2.584761756769647150e+02
2.603211281839436424e+02 2.609062349841274226e+02 2.594811478163442757e+02 2.608442936386654196e+02
2.565591265658645739e+02 2.569805655400444948e+02 2.565872053115426183e+02 2.568503019574162636e+02
2.586983464013414391e+02 2.586023297593843608e+02 2.575278004986786868e+02 2.584074843002226771e+02
2.588889188591406878e+02 2.589656348654864928e+02 2.585769177031893378e+02 2.589807401102800100e+02
2.584147533494822824e+02 2.579649252262078676e+02 2.575459902567966992e+02 2.590321364983818739e+02
2.593217717075920064e+02 2.603203299048697090e+02 2.584014009209747087e+02 2.603523456120755100e+02
2.596131511827412055e+02 2.598005416226671400e+02 2.590970508363212730e+02 2.591892457630000308e+02
2.625611632893728142e+02 2.620933020682836059e+02 2.606048705855750995e+02 2.628034705370557731e+02
2.681130419601142876e+02 2.688072720583697901e+02 2.662052594931549265e+02 2.680475810883458507e+02
2.650906459868789398e+02 2.654260566922353064e+02 2.628534011653007951e+02 2.653874051585809184e+02
2.610873474179646223e+02 2.613420060199438808e+02 2.602811249027283793e+02 2.617625821493170974e+02
2.546411180804084040e+02 2.542315519345438304e+02 2.536871093743238532e+02 2.551461196359651638e+02
2.608126140592429465e+02 2.605799262959571365e+02 2.597367524203660309e+02 2.615705080451158437e+02
2.572990743433879857e+02 2.576210077980981623e+02 2.559953856054232517e+02 2.578238790190356440e+02
2.602124796943177216e+02 2.596656796738433854e+02 2.584273960631848581e+02 2.603784016054397625e+02
2.596358502860507542e+02 2.594978700598337014e+02 2.588231087155342607e+02 2.594504172483754019e+02
2.632983205738793799e+02 2.636240329603455734e+02 2.615185272706766568e+02 2.646181581389755024e+02
2.545664034848816755e+02 2.544852051745633901e+02 2.530522492743828593e+02 2.551908990936152009e+02
2.563175974319948409e+02 2.567398449715925608e+02 2.560299304597310197e+02 2.568419841436714250e+02
2.598828432542605924e+02 2.597807514621922564e+02 2.604409227050305162e+02 2.599262494064287239e+02
2.621746084829785559e+02 2.622158856252787018e+02 2.611866540737482865e+02 2.634920977697877902e+02
2.536589718514435390e+02 2.537922112931154288e+02 2.533695639367049637e+02 2.541485644650792324e+02
2.545793987615803360e+02 2.551442691521929760e+02 2.540391606307474035e+02 2.563054686499366426e+02
2.671790182114157801e+02 2.675962126556590874e+02 2.656736397874202567e+02 2.680026813188276265e+02
2.636752782464213851e+02 2.642057179604323096e+02 2.623779223426993212e+02 2.645488592510577632e+02
2.562271455105072846e+02 2.565901060772602591e+02 2.552890108757964924e+02 2.569742851744544510e+02
2.578956199602124570e+02 2.578767985378428307e+02 2.579417645808902080e+02 2.583655252508208378e+02
2.528317624268474333e+02 2.532836389493404283e+02 2.522750938390468605e+02 2.533370105162429695e+02
2.593147379547204423e+02 2.589923625710990791e+02 2.583579466547735706e+02 2.591339606557069146e+02
2.571475097214202492e+02 2.575856575461081661e+02 2.564616920896652914e+02 2.576161080361899280e+02
2.639948277592882846e+02 2.643897738479177519e+02 2.635989896787820612e+02 2.641240041973106258e+02
2.567242148631813734e+02 2.568775988094867557e+02 2.567561423911554925e+02 2.565646505733499794e+02
2.594537679486637103e+02 2.595534759395442279e+02 2.578267015571919956e+02 2.601584593137714592e+02
2.935257366156394028e+02 2.935062845553702573e+02 2.909697315178908070e+02 2.930827955353072980e+02
2.835979317727923785e+02 2.834360520317092096e+02 2.810124610673320831e+02 2.833531968729262758e+02
2.553646005833456911e+02 2.554933382379576017e+02 2.551500106003414317e+02 2.560751444921989446e+02
2.588191932650216245e+02 2.591755028824622968e+02 2.582221322198071789e+02 2.588921901038802957e+02
2.699691521749758181e+02 2.701059417898586617e+02 2.674109394426731114e+02 2.702184138973972267e+02
2.555748135831854029e+02 2.557916985655937765e+02 2.556006298811592217e+02 2.562817156524086499e+02
2.587375635594281107e+02 2.591320485849046804e+02 2.590291684477202239e+02 2.592763409417588036e+02
2.536558465098933084e+02 2.540252162710602306e+02 2.526642053222191748e+02 2.541062813390934707e+02
2.580640732404415303e+02 2.580777230201613861e+02 2.569354181035110400e+02 2.583927254737601515e+02
2.563642153822360115e+02 2.560674264971737557e+02 2.549137875445286738e+02 2.566019644652697025e+02
2.632034783306797294e+02 2.630915962097230931e+02 2.623996177174192326e+02 2.639212883757765553e+02
2.787516589097682527e+02 2.792632407945517912e+02 2.768456905899411140e+02 2.804831360098127675e+02
2.706834962771139317e+02 2.713928877289802699e+02 2.686157630497104947e+02 2.712763582249107799e+02
2.631485857365971128e+02 2.623453015350564783e+02 2.616625653530736031e+02 2.631811655889541157e+02
2.609414137366320006e+02 2.624517302318565157e+02 2.600404191269412308e+02 2.622006634765737658e+02
2.576940739178549507e+02 2.578391360365932883e+02 2.575228912986773366e+02 2.581517821397628722e+02
2.665977002680625105e+02 2.668425585465113841e+02 2.639047981511206444e+02 2.677414653932601141e+02
2.863722310050162605e+02 2.867005760661630234e+02 2.853819626692877591e+02 2.867989906382184131e+02
2.705040867181729709e+02 2.707840172433742509e+02 2.688412795737240231e+02 2.706106483661978928e+02
2.574621200437548509e+02 2.578536111285535526e+02 2.566734642435980618e+02 2.577336254581938420e+02
2.743479276662513371e+02 2.738685013523747784e+02 2.719183786286480426e+02 2.738609458579524585e+02
2.592551649075551836e+02 2.598946255504798160e+02 2.585791127421282454e+02 2.595320292349902616e+02
2.973303224475286015e+02 2.971487588111581317e+02 2.951796540052577598e+02 2.972565650752981128e+02
2.560736851995729353e+02 2.560538860551565108e+02 2.547965161554647580e+02 2.566191910279744661e+02
2.615491997399412298e+02 2.623255385605056631e+02 2.603644390437218590e+02 2.620827063633359444e+02
2.582064919694797709e+02 2.584085151157354971e+02 2.574001871315542758e+02 2.584913676214044358e+02
2.563858410657692275e+02 2.568981419625996523e+02 2.552001686729019241e+02 2.566499876682884178e+02
2.603860054403718891e+02 2.616160142501709629e+02 2.593561355413555134e+02 2.612079049093095477e+02
2.678049785308849096e+02 2.681779187903820230e+02 2.666364934551286296e+02 2.684909952510192852e+02
2.620246701838375998e+02 2.613869150569966564e+02 2.598753987683613786e+02 2.622928136865494935e+02
2.559863910386364694e+02 2.565369190983819863e+02 2.552174338117477816e+02 2.562881575482090852e+02
2.518956498788572560e+02 2.521295001517128753e+02 2.505481054449398073e+02 2.517562732236538920e+02
2.635752838386831058e+02 2.638789698312161249e+02 2.624575011451742625e+02 2.646480392363542933e+02
2.549823405701509955e+02 2.547463130354458656e+02 2.543642942470220305e+02 2.554525494318821188e+02
2.671542827011744521e+02 2.679843873547974908e+02 2.658294061029461659e+02 2.675949022566503572e+02
2.565221540574804635e+02 2.564826773778292477e+02 2.557325213555611469e+02 2.573635994121845556e+02
2.803358604559885521e+02 2.812105446533869895e+02 2.785224263522811157e+02 2.812474782767221768e+02
2.593626837327935277e+02 2.591487610708313696e+02 2.583921218205317132e+02 2.596465370747975498e+02
2.641779628836060851e+02 2.643098567703530080e+02 2.627267640933815755e+02 2.643879769175747469e+02
2.598009567338339139e+02 2.596709496892786433e+02 2.592642260122786411e+02 2.600947784905674212e+02
2.558724619817977270e+02 2.563657027795827617e+02 2.550548967226618515e+02 2.561008792366596367e+02
2.541966370594176396e+02 2.544017048606083051e+02 2.531022848115159150e+02 2.546300971859907918e+02
2.588031299592751111e+02 2.591649644582716974e+02 2.581878591080379692e+02 2.598124901372587487e+02
2.563232907967116603e+02 2.568545357457007867e+02 2.559267623652629595e+02 2.570644337339637673e+02
2.582771971234321882e+02 2.588345174369696906e+02 2.577299473206708740e+02 2.586226092487824531e+02
