2.629140873656607482e+02 2.630472510876064689e+02 2.619074057066402474e+02 2.640570653221057000e+02
2.627862617139654731e+02 2.631613686012446465e+02 2.615306127142820287e+02 2.629094220091479883e+02
2.611730169790330365e+02 2.616996311203738514e+02 2.613369455441389846e+02 2.615991676712373533e+02
2.623788583472543223e+02 2.625621811936216545e+02 2.615989591581097216e+02 2.631622816601437194e+02
2.602948293770475061e+02 2.604025352449804132e+02 2.599433402672228226e+02 2.599229952860790149e+02
2.682907014530096035e+02 2.685442615459265312e+02 2.672310501973237251e+02 2.696201885626862804e+02
2.641923292270706725e+02 2.644742446639279478e+02 2.637497084370262428e+02 2.644369667704908125e+02
3.008973682512087748e+02 3.010135308458328041e+02 2.993380095450089016e+02 3.002665122595585672e+02
2.651125616388623030e+02 2.653988336331752862e+02 2.642737805458674529e+02 2.652924213994192542e+02
2.601646491822123721e+02 2.600724864166388670e+02 2.602371264426149082e+02 2.603345636630563718e+02
2.596446361038591704e+02 2.598179819078920332e+02 2.594270889484336067e+02 2.595646021257235248e+02
2.719716326662892243e+02 2.731203174284986517e+02 2.696543833160614554e+02 2.724929084124745486e+02
2.595294549595477633e+02 2.597402154675199881e+02 2.591288258378829141e+02 2.599284692743873961e+02
2.605902396855283314e+02 2.608630915579573184e+02 2.601313801045969285e+02 2.607000278294210602e+02
2.599884584603197482e+02 2.604841394743360752e+02 2.597491747695037247e+02 2.600685441333335461e+02
2.581467076737506545e+02 2.590528006618728796e+02 2.579288558664464404e+02 2.586627306544185103e+02
2.601688329711176380e+02 2.611250227240500408e+02 2.603597560075286879e+02 2.606830010014908225e+02
2.581615411498400476e+02 2.583036419867815425e+02 2.573982828437204944e+02 2.579954292933969668e+02
2.590455556211437056e+02 2.593259495153881744e+02 2.587015051912871400e+02 2.592440543421855068e+02
2.662047974211002384e+02 2.667693773342664372e+02 2.643811677630531562e+02 2.662859110618916247e+02
2.677757253750596647e+02 2.679037611002931385e+02 2.663612496177154867e+02 2.687354274836590093e+02
2.608191289857251718e+02 2.611644277061527077e+02 2.603911195530180294e+02 2.610164105504663894e+02
2.611469979219449442e+02 2.611968409817294514e+02 2.601862339802926840e+02 2.613881679496017796e+02
2.591158892984175850e+02 2.596427798910448814e+02 2.587565043781255554e+02 2.596021556824375125e+02
2.644100918697775455e+02 2.648117977820560327e+02 2.638210063892552171e+02 2.645828898157436129e+02
2.609233633537717765e+02 2.606585210950627243e+02 2.607944550925185467e+02 2.612346846295718024e+02
2.565281204348469259e+02 2.571457159001396917e+02 2.565963830634300962e+02 2.576112149106023139e+02
2.570375842842370844e+02 2.570117271066325202e+02 2.569383735509808275e+02 2.571141212810469483e+02
2.622319186629122783e+02 2.619203883774427482e+02 2.616131856694019007e+02 2.622642816257043137e+02
2.674663235388078988e+02 2.685018123511793533e+02 2.667370823421452997e+02 2.681186905865935728e+02
2.585617802881884586e+02 2.587935262052312169e+02 2.586319295540303074e+02 2.589470124506362936e+02
2.600843669932881426e+02 2.605693051996526606e+02 2.601387310411017779e+02 2.606865622668750575e+02
2.626550631893637728e+02 2.629446278076969179e+02 2.629418480014891770e+02 2.633231571584290123e+02
2.707904088176358641e+02 2.719411997737990987e+02 2.693419475144197577e+02 2.729256730975075129e+02
2.624350454698494559e+02 2.625869303556593763e+02 2.626126342800200177e+02 2.619931966325672761e+02
2.639796071062306169e+02 2.644908562549542239e+02 2.633604621778267756e+02 2.649613414262850029e+02
2.633249579151354851e+02 2.636200960742137340e+02 2.626193774321930618e+02 2.642053612120129742e+02
2.622881648165606521e+02 2.626497538610894367e+02 2.622935200402661167e+02 2.624574120418797634e+02
2.577486062814006118e+02 2.573056035960408394e+02 2.566777863121465657e+02 2.572635372555899380e+02
2.648940104746628776e+02 2.657409487362180585e+02 2.639426756112454200e+02 2.660522632557173210e+02
2.586759374517649235e+02 2.587125898380042486e+02 2.582471908191626540e+02 2.585948229154689102e+02
2.627409338338683256e+02 2.629568523278992984e+02 2.625884923152081569e+02 2.629414382043368050e+02
2.614923629186663447e+02 2.608990240564347118e+02 2.608069199999801526e+02 2.616244091462694996e+02
2.723830540401664848e+02 2.732878104858626216e+02 2.710873217436942468e+02 2.724098184664059659e+02
2.639384068514416981e+02 2.643216043853378778e+02 2.631406797528231323e+02 2.641032200399125713e+02
2.639200224350564667e+02 2.640005096664265238e+02 2.643281466958994201e+02 2.643418708886730997e+02
2.571231061488255136e+02 2.574369653181763056e+02 2.569632873624980789e+02 2.571156294700807621e+02
2.797862417714706567e+02 2.791848657247065830e+02 2.779650365127862415e+02 2.790576883927711265e+02
2.846405378238915773e+02 2.852964593656370198e+02 2.827695037143672607e+02 2.847149832651745669e+02
2.567954803190378357e+02 2.567752892703949783e+02 2.563087874430278816e+02 2.569862579296832905e+02
3.014842196337916107e+02 3.007794490713711184e+02 3.006006918620394686e+02 3.007825906291115530e+02
2.576749195428461690e+02 2.583769825494610473e+02 2.577011500187413731e+02 2.581298652897009447e+02
2.596967721020669728e+02 2.600358164578003084e+02 2.594910515258786745e+02 2.598724525667296916e+02
2.779813705123949603e+02 2.785316918532791419e+02 2.768785655716778820e+02 2.795084337356521473e+02
2.617346125373586574e+02 2.622096139791978544e+02 2.621843848253501505e+02 2.622360777732395718e+02
2.711338511298549179e+02 2.713470230645700099e+02 2.692237189942257487e+02 2.717358030995922604e+02
2.757803390861063804e+02 2.758481747571350411e+02 2.744747239509068777e+02 2.758391614029665675e+02
2.589775207565554069e+02 2.591053250588296351e+02 2.578748816581596088e+02 2.592224476024286446e+02
2.634609567055204025e+02 2.639223242875775099e+02 2.634332410635477686e+02 2.636739398855789887e+02
2.592565772914047102e+02 2.600760285997444612e+02 2.593559001088449349e+02 2.596010735165168626e+02
2.665895762965138260e+02 2.669691525690515732e+02 2.657289200316391202e+02 2.675171301705470910e+02
2.678469448749865478e+02 2.683277334430651422e+02 2.671189552999386478e+02 2.683975814290704420e+02
2.670108008587587847e+02 2.672010432502947879e+02 2.665908986610542684e+02 2.667923763331486384e+02
2.575833521853200523e+02 2.587575563771328007e+02 2.572446567023454236e+02 2.585477874783563834e+02
2.637259050586694116e+02 2.641640675227316137e+02 2.641412685055033194e+02 2.638658734473788741e+02
2.714362829833531805e+02 2.724911771418545072e+02 2.695927857478641840e+02 2.718113979088658994e+02
2.685381430317108311e+02 2.691784276040853001e+02 2.669917022479039019e+02 2.686869505886385241e+02
2.848986425466718515e+02 2.850190592417954463e+02 2.827633708630579008e+02 2.851625709454491471e+02
2.615158953756875917e+02 2.616781508268372818e+02 2.609967809735391597e+02 2.619310668727042639e+02
2.712122438835365301e+02 2.709200414747319883e+02 2.694674783533864115e+02 2.711834526317858263e+02
2.654918775917463449e+02 2.659966799876855248e+02 2.648441854930330805e+02 2.663822198011397973e+02
2.580613972188582466e+02 2.583295087188026287e+02 2.576101639417652223e+02 2.578634596296657264e+02
2.641557186512742987e+02 2.639014108673405303e+02 2.626881598120502872e+02 2.646338467032546191e+02
2.719935322573164171e+02 2.727173371141321354e+02 2.710180376108197606e+02 2.726541549951997467e+02
3.039252675710972085e+02 3.039954406352632077e+02 3.029337854084611763e+02 3.029535498184240510e+02
2.574702305643868954e+02 2.570831576598361039e+02 2.569118660964784340e+02 2.572005103181660388e+02
2.586177086219821604e+02 2.584454407992892584e+02 2.579034226996781172e+02 2.590918019962206813e+02
2.838245057991276212e+02 2.832095232741863242e+02 2.819897639679556391e+02 2.845396256909553472e+02
2.640627019614206574e+02 2.640524184716065292e+02 2.625050792079000530e+02 2.646159339370375960e+02
2.626631363725578581e+02 2.628592153242378799e+02 2.623936881019104703e+02 2.628347826454030951e+02
2.598535347477079540e+02 2.598599934868126979e+02 2.592998229874343679e+02 2.599690006260846076e+02
2.695119553275750377e+02 2.704778744708440854e+02 2.687447725068701629e+02 2.702743480723059406e+02
2.987487680144601541e+02 2.998341462957058638e+02 2.981298122942632745e+02 2.984845887879278052e+02
2.564288524791760437e+02 2.561721955320277289e+02 2.557713384106212686e+02 2.563891099546411283e+02
2.696863703004689796e+02 2.699379863239938686e+02 2.676223457241800361e+02 2.693589063086524220e+02
2.675380916493823520e+02 2.677218270761173358e+02 2.669287489480475415e+02 2.679385493696498770e+02
2.542455047640251564e+02 2.548479818343049033e+02 2.545414771788136932e+02 2.549653045210119728e+02
2.574306655741473833e+02 2.573285000569092063e+02 2.570262489932151766e+02 2.574329003581977418e+02
2.784893419576230258e+02 2.796993144883665536e+02 2.772916361293509340e+02 2.800052555974396569e+02
2.632537336060452162e+02 2.625378788659739939e+02 2.622085041919370383e+02 2.643078499609378014e+02
2.575117569939092732e+02 2.577792434801187937e+02 2.569699674039699744e+02 2.571141811188608699e+02
2.648237233816006437e+02 2.647485064532575052e+02 2.633507628762463924e+02 2.655772445222999067e+02
2.611089532763185730e+02 2.615596100664131427e+02 2.606828391561485319e+02 2.616462294000885436e+02
2.824166512472893942e+02 2.832864302701502197e+02 2.807466793470564994e+02 2.837528685885682762e+02
2.721675885766632632e+02 2.724758354338528648e+02 2.706593618417902576e+02 2.728081899988689543e+02
2.662863696095447494e+02 2.667173995580660630e+02 2.645976038999743309e+02 2.666878771515387712e+02
2.593379538482191151e+02 2.591420559258233993e+02 2.581920155249432582e+02 2.591178493687261835e+02
2.723212474490642308e+02 2.727642287047276000e+02 2.704525146524438242e+02 2.724266467999012775e+02
2.619535124386431448e+02 2.621741765347851469e+02 2.613031937275608811e+02 2.624933650385324881e+02
2.709596621437378872e+02 2.713472753320218089e+02 2.689959723191855119e+02 2.720848625767213775e+02
2.604772208589603792e+02 2.609193859592029412e+02 2.599466773832556896e+02 2.604306675681068555e+02
2.693597020131921909e+02 2.698188167029971964e+02 2.675377253201447161e+02 2.693823787519281154e+02
2.827121836831113910e+02 2.829277910647095382e+02 2.798653416364497843e+02 2.826189111031358721e+02
2.911816622331356257e+02 2.904261443519060890e+02 2.884521567583210526e+02 2.911345967952651677e+02
2.838030280007627084e+02 2.834779021510146322e+02 2.815630228331583567e+02 2.831574858659647020e+02
2.607233769324310515e+02 2.607531448728321948e+02 2.609217313660964237e+02 2.603571441688428081e+02
2.677880305442634494e+02 2.678745414845615755e+02 2.665387319350728035e+02 2.679722791902964332e+02
2.608871715441416654e+02 2.600961612462090216e+02 2.599458963655291655e+02 2.607088622262071453e+02
2.612512349379293823e+02 2.616795754133189575e+02 2.611093084587633939e+02 2.614572781307678611e+02
2.592350747123227279e+02 2.590437692960105664e+02 2.590864281980970532e+02 2.595704181926628848e+02
2.693290879242122173e+02 2.696745156284910081e+02 2.683073055576607544e+02 2.703527485086735851e+02
2.587370382724466822e+02 2.590453205441670548e+02 2.582392420168704348e+02 2.589179221931718757e+02
2.612289539164403323e+02 2.610704871855867850e+02 2.607607540532483199e+02 2.609236461996978846e+02
2.708669946762180416e+02 2.709504821192840041e+02 2.699736090972384090e+02 2.712757156669725873e+02
2.657581611229854843e+02 2.657982706184556605e+02 2.642489460214197834e+02 2.656095801332220958e+02
2.553951945281700091e+02 2.555694791720003138e+02 2.550357374909849568e+02 2.557059839824118797e+02
2.601359074112886560e+02 2.607990212839342234e+02 2.589462198615786974e+02 2.610868985768659627e+02
2.740534372231421685e+02 2.741260029746974283e+02 2.725397350780874604e+02 2.743095966688867975e+02
2.670373138328167784e+02 2.672034818304421719e+02 2.661692788642160394e+02 2.677684446762675066e+02
2.560190448993206473e+02 2.562876744525202639e+02 2.557418435763443654e+02 2.565619320097507057e+02
2.632581129811173923e+02 2.629390978313896881e+02 2.622197779582684234e+02 2.638620627878682399e+02
2.780965806131870863e+02 2.781881615741581868e+02 2.756631905087126597e+02 2.775386600840103029e+02
2.644815566862315563e+02 2.648655365202404823e+02 2.629515728082584474e+02 2.651595210861227656e+02
2.612635196885328810e+02 2.617535165951551335e+02 2.605924115468819195e+02 2.617734573649706249e+02
2.612795970874107638e+02 2.613504414912991365e+02 2.616470686527626412e+02 2.611284151164111336e+02
2.584442899261503044e+02 2.586708466446909256e+02 2.583562197066912063e+02 2.580565123770803666e+02
2.624275887350885910e+02 2.624460458782199908e+02 2.622394505916959702e+02 2.622502700709302417e+02
2.641516232268941167e+02 2.644726137529547145e+02 2.637374241055505877e+02 2.645273009102726860e+02
2.864067310543147187e+02 2.872768897669905641e+02 2.854753834331089593e+02 2.868385341528571075e+02
2.616301373188329080e+02 2.614223530604016332e+02 2.610823511572548909e+02 2.615155823395571133e+02
2.662182240554361670e+02 2.666190222136201555e+02 2.651579747219934688e+02 2.664411596309056449e+02
2.639300760109157977e+02 2.636913756867244274e+02 2.635104691491134190e+02 2.641007894512171106e+02
2.650731009576987844e+02 2.652679535547636647e+02 2.645204117197131382e+02 2.653273984506262764e+02
2.706488780674594636e+02 2.713594992928519218e+02 2.689810432409748273e+02 2.707862092624002912e+02
2.912441350386790191e+02 2.915019588632439422e+02 2.892064942746097245e+02 2.912434988484092742e+02
2.667471239580636393e+02 2.666084387508184363e+02 2.654165662921270723e+02 2.671786932600093110e+02
2.680106552181081838e+02 2.681948343158018702e+02 2.662664386623470705e+02 2.685256880136739142e+02
2.869449825625970902e+02 2.873930779235323030e+02 2.852423774269869909e+02 2.881464549927609369e+02
2.598542643980820799e+02 2.599966936343778912e+02 2.590821474443146712e+02 2.602025736958566426e+02
2.681292573683350611e+02 2.685530827003431114e+02 2.669156980639760945e+02 2.681780202176394141e+02
3.058932483638785129e+02 3.050658604945315915e+02 3.043921998166646858e+02 3.045392514716378969e+02
2.614592288218788099e+02 2.615543111025625649e+02 2.613112527981073754e+02 2.612031549016036251e+02
2.612425839194889932e+02 2.612956360201663983e+02 2.610375987356521819e+02 2.615163774282237341e+02
2.922747256098363096e+02 2.929571025914004849e+02 2.905173946045091498e+02 2.922273307910380709e+02
2.662425095582050858e+02 2.665662517030842196e+02 2.656748772611371123e+02 2.665527947979945225e+02
2.673253339514806157e+02 2.678975917707487042e+02 2.657923496829745886e+02 2.687235435618469523e+02
2.760176656143902960e+02 2.764564808518817927e+02 2.741212623053366997e+02 2.767088621048675918e+02
2.585736816734292347e+02 2.583482256916607298e+02 2.579561360971630961e+02 2.591056367845225168e+02
2.573641818998447093e+02 2.577317100771574019e+02 2.571665344518545453e+02 2.575060854093026705e+02
2.581522118442977671e+02 2.578242965993393341e+02 2.570938459211217264e+02 2.578321907624357436e+02
2.558324095952678761e+02 2.566859915568284123e+02 2.551977196055246395e+02 2.565153309379104485e+02
2.822748665260742769e+02 2.838715470735883173e+02 2.811251653334771845e+02 2.828006142010613075e+02
2.724702794653384217e+02 2.725223161903393247e+02 2.718290833180703316e+02 2.720108621292694124e+02
2.730947787660819586e+02 2.732132504184260711e+02 2.710755811099135713e+02 2.728276118349512558e+02
2.915871772554107793e+02 2.920696915548977586e+02 2.902915718630750348e+02 2.922327427070781596e+02
2.586873103418288906e+02 2.588547000773145328e+02 2.582446114161710398e+02 2.586264656686136618e+02
2.598773085542768513e+02 2.595482372360052068e+02 2.597450634327533407e+02 2.601273369022259203e+02
2.860691152999841620e+02 2.855626676790757870e+02 2.830813852123987431e+02 2.852631944194564539e+02
2.639148853466036826e+02 2.634562427338409520e+02 2.626645462117927536e+02 2.629308870978438790e+02
2.603397853685017935e+02 2.601747349756487893e+02 2.600683379982792189e+02 2.602038401350030199e+02
2.602872575854583488e+02 2.603443252935665555e+02 2.594678889076507176e+02 2.606245811419320830e+02
2.625418903993097501e+02 2.625179906748578560e+02 2.617889828253101996e+02 2.630297062619605981e+02
2.962339388150539321e+02 2.963202373405623575e+02 2.957218821866068197e+02 2.966854207908789363e+02
2.615095060089581125e+02 2.614724259354506444e+02 2.616787699128155396e+02 2.620456319599621793e+02
2.541366716455314361e+02 2.542410810957366323e+02 2.538743651154636041e+02 2.545566774655749214e+02
2.683790428238925188e+02 2.685831353892074276e+02 2.671350433996115612e+02 2.690952512958946841e+02
2.585376105190959493e+02 2.582125291081267733e+02 2.579802459953613720e+02 2.580434638846679150e+02
2.654395144013835761e+02 2.656533318361637726e+02 2.649232060969875988e+02 2.660177361995807814e+02
2.616672307580574284e+02 2.610126604477291608e+02 2.606204393009493288e+02 2.614830784442514187e+02
2.580238966914080265e+02 2.586534058390234918e+02 2.574636073505914169e+02 2.583832552970961842e+02
2.613886619305287127e+02 2.621055147974113311e+02 2.611397699607126697e+02 2.614853518866592026e+02
2.576324624616296433e+02 2.574471720901536855e+02 2.573964428904606052e+02 2.575521724541680442e+02
2.851118488560170476e+02 2.858412482553779341e+02 2.826180274577453702e+02 2.844731419843186018e+02
2.598602393537324815e+02 2.602147366249133711e+02 2.605174795953655007e+02 2.598501645311142738e+02
2.812941265999377265e+02 2.812005130246968747e+02 2.795264958160547621e+02 2.808899533498487244e+02
2.662083851953627800e+02 2.662532509810020542e+02 2.657115193856991482e+02 2.659035898602634234e+02
2.750716204108738339e+02 2.752555474866903751e+02 2.738552100379160379e+02 2.750092281040087414e+02
2.639779535744222017e+02 2.647092712302589348e+02 2.633487724068004923e+02 2.643500565937191595e+02
3.046958416450789855e+02 3.052850730267034010e+02 3.039939128552382499e+02 3.038599627300499151e+02
2.616052698610343441e+02 2.617957327241480812e+02 2.616174184431810090e+02 2.622521683103343548e+02
2.813993220903303154e+02 2.825260076968579028e+02 2.802770447483277394e+02 2.822287765139489011e+02
2.645339580672418265e+02 2.649868217139464264e+02 2.654401634371620275e+02 2.651929584992951163e+02
2.606678287987958811e+02 2.608265095580550224e+02 2.599453554782489846e+02 2.610474045988183320e+02
2.745311679211640126e+02 2.743349452860304609e+02 2.722768207684730442e+02 2.756032822594570462e+02
2.586765640464159333e+02 2.588797960877306537e+02 2.579111180805564913e+02 2.591263539788289449e+02
2.639103044894126242e+02 2.637478042470165747e+02 2.626669445022484410e+02 2.643577714911544376e+02
2.656755392820187467e+02 2.658448743122681321e+02 2.645706297157248059e+02 2.657438090075122545e+02
2.629972249834916624e+02 2.626502028687502843e+02 2.620907200620518438e+02 2.636438530020192843e+02
2.610867855397472681e+02 2.615721717505883817e+02 2.609583984634001581e+02 2.618099553534275401e+02
2.598149937339273947e+02 2.595341792538279151e+02 2.595781209564659662e+02 2.607496876081755772e+02
2.627295625112205926e+02 2.625786509521060452e+02 2.619852129934653817e+02 2.624908292303960025e+02
2.594975545617437547e+02 2.598490729408685525e+02 2.593108907050714720e+02 2.605252192054097122e+02
2.779226207458250428e+02 2.773829767024027433e+02 2.754694456293202620e+02 2.774731399634587774e+02
2.604531558114727545e+02 2.602920956628440194e+02 2.594945452718390584e+02 2.607153734490433408e+02
2.918915379108156571e+02 2.925173710605029100e+02 2.909023501898812469e+02 2.922170168862917876e+02
2.715427504525293898e+02 2.723468520184268868e+02 2.707208741710045388e+02 2.724154281847656307e+02
2.635708894505197009e+02 2.638856583244649414e+02 2.615594340201250247e+02 2.646469885362538434e+02
2.685698506253378355e+02 2.689514840264412783e+02 2.679235512403739676e+02 2.687394270933118037e+02
2.621554729632514977e+02 2.626595729772013215e+02 2.607318569241538171e+02 2.627495647952557078e+02
2.598879622620025316e+02 2.605072944946090843e+02 2.592011060284413588e+02 2.605680359423548680e+02
2.901477462905255038e+02 2.907622175914483478e+02 2.882522713719319540e+02 2.909768385528998920e+02
2.970653938998715375e+02 2.964053892915495680e+02 2.957239813277702183e+02 2.949190010060052032e+02
2.605663281169614152e+02 2.612461368381379998e+02 2.591784946287822891e+02 2.616918868318506384e+02
2.620506051057108721e+02 2.621240397065852790e+02 2.609402352507547107e+02 2.622793150471197237e+02
2.884441287868529002e+02 2.882856658111857655e+02 2.859814957267312252e+02 2.887389848524870217e+02
2.681696317467150266e+02 2.685063023131721138e+02 2.675766240806945007e+02 2.688227745733087772e+02
2.622542786307227516e+02 2.622747396363500343e+02 2.613807966623841139e+02 2.622600636406535273e+02
2.578323070238408832e+02 2.580450564086800682e+02 2.573076070408866372e+02 2.581209965321360187e+02
2.574398157976091284e+02 2.574993685873965319e+02 2.569966132450487066e+02 2.574737749920644205e+02
2.744168130074029932e+02 2.750154401664266288e+02 2.732037727325480887e+02 2.741270602403107546e+02
2.688165704180739795e+02 2.702639623477233499e+02 2.681807666917097208e+02 2.698295796206481896e+02
2.615617404716730334e+02 2.610062410345716444e+02 2.615869608111840989e+02 2.619604871328147624e+02
2.970888843707112983e+02 2.977434804567150763e+02 2.964272509846290973e+02 2.977067451074553901e+02
2.800559533309327094e+02 2.803976744052478125e+02 2.782281455958116112e+02 2.801277065061515827e+02
2.644245120283247843e+02 2.650560433973327008e+02 2.634727435804899756e+02 2.645224889713519474e+02
2.567558743728003492e+02 2.565992298210784384e+02 2.562660596713325276e+02 2.567956245782255564e+02
2.785404729677984506e+02 2.797453002953371879e+02 2.770952506486967195e+02 2.790931262344655011e+02
2.687332577119942698e+02 2.685720195905593641e+02 2.674743959584339450e+02 2.688777250790937501e+02
2.576750431131824826e+02 2.578804374353902631e+02 2.575050391829608998e+02 2.585196195485413568e+02
2.572491587913735316e+02 2.571672093483779804e+02 2.569100202428818989e+02 2.565833682889500551e+02
2.549178797271211181e+02 2.551388481348084838e+02 2.546218105781085796e+02 2.557137127767785501e+02
2.694772272256017800e+02 2.698319675677565783e+02 2.688611019182462201e+02 2.703580475938009613e+02
2.598060840424097933e+02 2.602923483021193078e+02 2.596903008488968680e+02 2.599241044942965004e+02
2.679473126280006454e+02 2.682606138018979891e+02 2.657875318688094808e+02 2.680493730729572235e+02
2.925260385385289510e+02 2.925052593947633568e+02 2.901490150317304142e+02 2.926035881657850268e+02
3.012399060597263087e+02 3.008755994319134857e+02 2.992297499106659870e+02 3.010506845250565107e+02
2.681223391035151167e+02 2.679754474822116777e+02 2.663062347398813472e+02 2.674257634078880415e+02
2.602500825720371154e+02 2.603432466345926741e+02 2.601414491329177849e+02 2.605372869043965807e+02
2.766766094526146844e+02 2.766174511797218543e+02 2.745815176470113101e+02 2.769583346478531780e+02
2.763300554963911395e+02 2.766099461109989193e+02 2.743720676105339180e+02 2.765048232441720870e+02
2.628637709844322785e+02 2.623732745434159028e+02 2.618211615271191022e+02 2.629222001516371847e+02
2.709046561553407741e+02 2.716263215698949125e+02 2.693799969413209396e+02 2.729252003019568065e+02
2.602831621406542126e+02 2.612498530653038529e+02 2.604936330823502999e+02 2.610394924310654119e+02
2.628672845189774989e+02 2.624735208880414916e+02 2.615582364386069116e+02 2.630789046582270885e+02
2.564303051843227763e+02 2.565425071101018375e+02 2.568797673652254048e+02 2.569281763298473606e+02
2.704858524720804098e+02 2.698101205415452455e+02 2.687636981502625417e+02 2.706042049987389078e+02
2.574606908121990045e+02 2.580875777371934987e+02 2.576064708116668953e+02 2.585323958714080277e+02
2.602644788120856560e+02 2.601710486065959458e+02 2.602755588240654561e+02 2.601986644819300523e+02
2.591869111124292999e+02 2.595315122103342560e+02 2.585460262287093656e+02 2.594186838046533694e+02
2.759823134482922455e+02 2.760356461479918266e+02 2.730369304558742556e+02 2.757737853936308738e+02
2.630077153723435686e+02 2.637127865894912020e+02 2.633790471384556326e+02 2.645513150467419905e+02
2.706474865759396948e+02 2.704389293090781052e+02 2.692663552525722253e+02 2.709153732938427765e+02
2.623019343192487440e+02 2.621197525210599792e+02 2.614079346238469270e+02 2.630165176053886285e+02
2.661575990204655113e+02 2.672252514063014814e+02 2.649450599351465598e+02 2.665791795617858497e+02
2.751746242381408933e+02 2.753936211220818109e+02 2.736430824450303589e+02 2.759580793505899692e+02
2.593928309680172219e+02 2.591929141940597106e+02 2.587217914085932193e+02 2.598939116286451281e+02
2.816416576241431358e+02 2.826561575656585319e+02 2.801637414230583545e+02 2.819876842327398663e+02
2.799383325433068990e+02 2.811307050934983067e+02 2.780282956323233634e+02 2.814367026521558159e+02
2.623468201231101489e+02 2.629182872258370480e+02 2.624460107764470536e+02 2.622827960406440297e+02
2.917728940857030011e+02 2.916867881322207268e+02 2.903853689048414140e+02 2.930764620923997086e+02
2.708762468617543391e+02 2.708651792477510867e+02 2.694144124932921045e+02 2.713497555163520474e+02
2.792042001606491795e+02 2.793132336330143630e+02 2.777910169423840330e+02 2.793753469077898330e+02
2.626964312104007035e+02 2.629421211526806701e+02 2.632654754546305753e+02 2.630202372348830409e+02
2.660137256290660162e+02 2.665923914172907416e+02 2.652852780188049451e+02 2.667427042661648784e+02
2.998367435008738084e+02 3.002238589190862399e+02 2.987253994630493708e+02 2.985013649259059889e+02
2.692926252873754152e+02 2.694415504073575107e+02 2.678043337181254060e+02 2.697080714170688225e+02
2.776210290340648044e+02 2.784719911518947129e+02 2.761493082200880167e+02 2.786989956770030972e+02
2.685940058256891234e+02 2.687331863940339645e+02 2.674661823602336312e+02 2.686346401961706079e+02
2.597079203682553157e+02 2.597401638374365120e+02 2.594195502883322320e+02 2.596988832839045926e+02
2.597398516705141560e+02 2.601007886508922411e+02 2.596595100543418653e+02 2.602990250524596831e+02
2.657324823672889238e+02 2.663628766356533220e+02 2.650982008316081533e+02 2.671074120798929243e+02
3.024434776353298844e+02 3.028964745123585658e+02 3.013361092696437140e+02 3.023463670291654921e+02
3.040518719723152117e+02 3.038710244572070565e+02 3.022568279027763651e+02 3.017011863790547750e+02
2.710806372502868271e+02 2.717086006728173970e+02 2.699279484637005453e+02 2.708608762659752074e+02
2.602521538764791558e+02 2.597615709773647268e+02 2.600178289506423539e+02 2.608904887251026139e+02
2.584192659823946201e+02 2.584550792695205246e+02 2.577104079372393812e+02 2.585150169782797889e+02
2.579202449977765355e+02 2.582095149866022439e+02 2.576553420006836745e+02 2.579086221731242290e+02
2.776003829236107663e+02 2.772981161071908218e+02 2.752563938443411189e+02 2.780395363309430081e+02
2.719047144262180495e+02 2.724638683955830061e+02 2.702951537451109516e+02 2.728030959220166096e+02
2.589137681753937272e+02 2.587191128729220395e+02 2.581092970172240371e+02 2.591500742911981661e+02
2.649905317545756134e+02 2.646400525683755518e+02 2.636552142039861906e+02 2.654910051941484426e+02
2.593615741826236558e+02 2.591878264990469916e+02 2.590224321058945520e+02 2.593115987616591838e+02
2.948977364000718353e+02 2.943143945273398572e+02 2.924614827222159192e+02 2.936997815188316849e+02
2.608838890348379778e+02 2.613463901910936897e+02 2.601338234940819234e+02 2.608190645659066149e+02
2.685462549710055669e+02 2.693488178585348010e+02 2.665061638927509762e+02 2.689480808320830647e+02
2.750674964297178349e+02 2.758016403689912295e+02 2.737068999789115651e+02 2.747636446464400137e+02
2.919270751591577664e+02 2.926573720460437471e+02 2.906118678197930763e+02 2.917908128585623899e+02
2.647118487483463696e+02 2.647057869416553331e+02 2.636397183691591977e+02 2.649705376643119052e+02
2.702806915066943816e+02 2.707236951348030516e+02 2.687237484133784733e+02 2.705965076845139947e+02
2.861229410129382700e+02 2.855609456738783365e+02 2.843961221477438812e+02 2.866032872095286734e+02
2.869014268644128833e+02 2.870243242781627373e+02 2.847260472124292505e+02 2.867202372192176085e+02
2.893392993995283859e+02 2.902087591462599789e+02 2.886002725874803900e+02 2.888984072518217090e+02
2.842369215601376595e+02 2.839727092537600015e+02 2.821637757100168642e+02 2.842159142484306926e+02
2.588715236351040403e+02 2.587914680459176111e+02 2.581551542502656957e+02 2.584958811620360848e+02
2.594038160526349088e+02 2.595471248623720157e+02 2.582927142791546657e+02 2.598468818089131105e+02
2.689142797995490923e+02 2.691602664213473304e+02 2.679340572240149640e+02 2.684112360672774003e+02
2.566757102449245167e+02 2.571158765126062349e+02 2.568178047798685384e+02 2.572836016344163568e+02
2.656864865432212923e+02 2.659261141455299366e+02 2.649911571355650608e+02 2.660955453918872990e+02
2.605579944321576704e+02 2.605998788119792380e+02 2.610634375454114320e+02 2.612575303863167733e+02
2.648040487211802088e+02 2.647143001576579309e+02 2.636595699834480229e+02 2.654783741962891668e+02
2.727092617019862928e+02 2.727980053545396117e+02 2.704629866242718776e+02 2.732296801706546034e+02
2.611281438708392102e+02 2.614627397257190751e+02 2.617379576957180234e+02 2.613659301745915400e+02
2.607160317969062930e+02 2.602890559827387165e+02 2.598639143342674060e+02 2.608056625448506907e+02
2.611452872339867213e+02 2.616529932411027630e+02 2.614164009752013840e+02 2.617258464657881518e+02
2.577372736631272119e+02 2.579116397372524716e+02 2.571919554976299764e+02 2.579552803341426852e+02
2.761289628980416637e+02 2.766074944180159036e+02 2.742192883544474284e+02 2.765513663414314465e+02
2.566233101808115862e+02 2.564706124595654728e+02 2.559104009247904230e+02 2.566321980743578592e+02
2.735984598871989419e+02 2.730285063526691260e+02 2.709688649173094745e+02 2.738274990563815550e+02
2.583640692579752454e+02 2.581740005156830193e+02 2.575864122107040544e+02 2.586037910829820134e+02
3.023735895153021147e+02 3.022195619999081941e+02 3.023276600071733924e+02 3.010891763660233664e+02
2.583845738647895587e+02 2.588326581469962662e+02 2.579331670484168058e+02 2.588871225474596827e+02
2.599709644927348791e+02 2.598477016761330560e+02 2.597485123486438852e+02 2.599102095930034011e+02
2.721098979416247516e+02 2.728475565551009367e+02 2.705568223313732688e+02 2.719342186894933207e+02
2.604658943473953059e+02 2.607392799722713903e+02 2.605273472468736031e+02 2.609466544401382748e+02
2.595546842516774291e+02 2.603446640638503027e+02 2.599637955083777570e+02 2.603466467083859470e+02
2.622824209190050055e+02 2.621984181212365002e+02 2.612724015275335887e+02 2.623127256604132072e+02
2.939322912391027103e+02 2.950106994582498601e+02 2.931944743042421351e+02 2.939448142987838537e+02
2.565300071094195573e+02 2.564034154191202219e+02 2.563924228429912091e+02 2.572169485472774113e+02
2.598835451514534611e+02 2.598300069039082132e+02 2.604457032819277629e+02 2.600344819322862691e+02
2.917813543007359840e+02 2.925771967433254872e+02 2.907309885409637786e+02 2.926315428344863676e+02
2.640886745287264716e+02 2.640470409667997274e+02 2.623121917741890456e+02 2.638067662728489040e+02
2.650510940773000925e+02 2.645065098072301453e+02 2.641420333032629628e+02 2.644361854779072019e+02
2.655135252323530608e+02 2.656326821319526630e+02 2.652400320679348624e+02 2.652028776985519016e+02
2.712729799246003495e+02 2.724106138400543387e+02 2.703324365688244484e+02 2.722320463726546222e+02
2.559844201837056517e+02 2.557109746667595118e+02 2.551244121550139141e+02 2.558421494668330070e+02
2.595605779654227945e+02 2.596994004826043465e+02 2.594417588578321556e+02 2.601341486855766902e+02
2.647045025329306327e+02 2.667289982718519354e+02 2.651097858995134402e+02 2.660475070701575078e+02
2.620294644705358564e+02 2.620718581963566862e+02 2.617738366446945406e+02 2.622198336638356295e+02
2.602464497843626532e+02 2.607786404193388989e+02 2.595361833380673033e+02 2.606295006108097141e+02
2.629953384442738979e+02 2.633075537208522974e+02 2.625628433971608047e+02 2.629552242255082319e+02
2.716028136873981111e+02 2.723984536622340897e+02 2.707901488114060840e+02 2.718326411441506707e+02
2.645414072759754731e+02 2.650504766814938762e+02 2.640552403190442305e+02 2.656020633545259670e+02
2.593435628470379584e+02 2.595621229634998031e+02 2.585052246333295329e+02 2.598892044404842636e+02
2.572260196790194868e+02 2.576739022830929571e+02 2.570483809780332649e+02 2.579295986824682814e+02
2.615511688896380633e+02 2.615095107039402365e+02 2.605829826768240878e+02 2.625917402411981811e+02
2.743671236449798698e+02 2.757536315746124842e+02 2.724716275407660646e+02 2.746722518559544142e+02
2.565807342486963307e+02 2.573670472563995872e+02 2.563235639208684233e+02 2.568379696753237909e+02
2.628287434146463966e+02 2.643190593448682648e+02 2.623140635448551166e+02 2.639627698844440147e+02
2.727430326769589328e+02 2.739424318561017344e+02 2.709875220739752422e+02 2.727260272205451770e+02
2.550952089865599532e+02 2.554651927686934414e+02 2.554318409138821551e+02 2.558488274986156057e+02
3.032288812260793520e+02 3.031583556249427147e+02 3.034069554426313857e+02 3.022096764045775217e+02
2.613657959236681450e+02 2.617323371441632958e+02 2.601168918823648823e+02 2.618517161537815241e+02
2.559785388526279348e+02 2.564047521227665811e+02 2.562312725753757263e+02 2.563703454325871007e+02
2.683072978515545515e+02 2.684162774196890950e+02 2.673287901635366097e+02 2.684900989176224471e+02
2.636626375177444288e+02 2.639812099870566726e+02 2.625330076633211434e+02 2.647417397117097835e+02
2.863804810220171362e+02 2.861864323439926352e+02 2.844134417070192740e+02 2.858765549563928516e+02
2.599452553117476441e+02 2.597606430637695780e+02 2.593328213173889480e+02 2.599326249042974837e+02
2.621154329562272665e+02 2.622486190922969627e+02 2.620129845800371982e+02 2.625909917348833460e+02
2.929686407246725253e+02 2.929103303061236261e+02 2.903572832362278859e+02 2.923078139598478060e+02
2.592042317742767636e+02 2.590003651190650658e+02 2.582193200522102643e+02 2.589192371692074630e+02
2.605049645648621777e+02 2.606699537782735661e+02 2.605769036458233927e+02 2.606788397228748408e+02
2.624144624201809393e+02 2.622109350156055143e+02 2.617196462600183509e+02 2.622489482030893555e+02
2.592458117432510107e+02 2.595648167340098098e+02 2.590595300897448965e+02 2.595947581050378972e+02
2.722844339899938859e+02 2.717249384866033779e+02 2.693684362266117205e+02 2.722587342141823683e+02
2.622264735624369223e+02 2.613160289100066507e+02 2.608445199056705519e+02 2.614219145431388824e+02
2.650072262971714281e+02 2.659430931671145117e+02 2.632176764996213478e+02 2.654243815663220403e+02
2.803931941710982301e+02 2.804972773602901270e+02 2.786358188345173517e+02 2.804503321011818571e+02
2.597176437347717979e+02 2.595341278890769559e+02 2.590914887160463991e+02 2.597148344377244484e+02
2.601276920388106646e+02 2.603195855748359691e+02 2.591093855049638250e+02 2.605242753382720480e+02
2.622262467547041069e+02 2.623249855551176779e+02 2.626159747469241097e+02 2.623954926475097409e+02
2.646229213337880992e+02 2.638771285083826115e+02 2.642365976383954376e+02 2.639769303646204435e+02
2.691492547063959364e+02 2.686471190819582375e+02 2.683595908350329751e+02 2.692422102030539008e+02
2.663783785057146929e+02 2.668031865989693188e+02 2.653734173289772684e+02 2.664905294939381406e+02
2.590668824948996871e+02 2.592101671474543423e+02 2.588794397783000250e+02 2.594522245920143177e+02
2.704923427425937916e+02 2.708330097849209324e+02 2.687568730276186670e+02 2.705816024693777422e+02
2.633345009895533053e+02 2.636111794908552497e+02 2.625750483522476770e+02 2.640374391003762184e+02
2.609010423258246192e+02 2.609184777976415148e+02 2.598704922514903615e+02 2.607857848608377367e+02
2.633322399230251563e+02 2.637912744329337329e+02 2.626648483941456220e+02 2.639862262874397629e+02
2.911181552591781383e+02 2.909912191814717062e+02 2.890582312312939166e+02 2.912320051003810022e+02
2.873221685522895541e+02 2.879301286947563199e+02 2.855087250708410238e+02 2.874958012356648283e+02
2.601747520153207347e+02 2.602981433116322023e+02 2.593410513063665803e+02 2.602043028746383584e+02
2.640394659919869014e+02 2.636263425197911943e+02 2.635377760892163224e+02 2.648234485458500558e+02
2.709693543078377047e+02 2.708610904205120846e+02 2.694038537301721590e+02 2.705185982368661257e+02
2.701582238343683571e+02 2.702349567045123990e+02 2.686726596947086136e+02 2.706812339850989133e+02
2.590709944842490131e+02 2.590644719659575230e+02 2.587150892657258510e+02 2.593068581314343533e+02
2.549862088760393419e+02 2.553542026386417376e+02 2.544211344489002613e+02 2.557342417906214678e+02
2.605304278160839431e+02 2.605360624130663609e+02 2.588177133649833763e+02 2.604717777382176678e+02
2.695725812689014447e+02 2.707886403331349925e+02 2.683923826772930852e+02 2.707537607150329109e+02
2.607180916973365470e+02 2.604525170756886610e+02 2.600531595156928120e+02 2.610040946463166733e+02
2.649823027593647566e+02 2.654942382702305963e+02 2.641985332730006348e+02 2.655769668978394975e+02
2.603215167789893485e+02 2.603249535103900030e+02 2.598598133126746461e+02 2.606619552028025169e+02
2.773055506698205477e+02 2.774427183231140361e+02 2.750873977625963676e+02 2.774410705559143366e+02
2.609555669307312655e+02 2.609712839753809135e+02 2.603980178803366243e+02 2.611601475878545102e+02
2.569946808970103120e+02 2.572720813359405270e+02 2.568306338499346566e+02 2.567292432437041612e+02
2.701740472794213588e+02 2.703858109406513677e+02 2.689691626349119815e+02 2.707909750830022517e+02
2.703865661552416668e+02 2.706452626236014112e+02 2.691590930100902028e+02 2.699173177997278117e+02
3.077256459674043754e+02 3.068327996697372555e+02 3.069096142046273599e+02 3.072325655039157937e+02
2.639986869717590707e+02 2.641460427038591092e+02 2.634380728255245572e+02 2.639450618725044819e+02
2.949811572365424581e+02 2.947629586964691271e+02 2.933649122921805770e+02 2.949485353596072059e+02
2.640807918206902514e+02 2.646274531151817655e+02 2.636545373594776152e+02 2.643263990656257647e+02
2.920433094121785871e+02 2.937567013615993119e+02 2.911283359132065129e+02 2.920005722471142917e+02
2.610335800241788888e+02 2.615075503039598743e+02 2.601912677798936784e+02 2.613047366625837640e+02
2.700372945744539379e+02 2.700778575580326901e+02 2.685152599859740121e+02 2.704837271301256010e+02
2.599013420925940636e+02 2.601021648417423080e+02 2.595161574092937826e+02 2.605010106894170576e+02
2.607340126169099221e+02 2.604635841532544305e+02 2.604052684740958625e+02 2.608033271468652856e+02
2.600293684897756634e+02 2.603374070514860250e+02 2.598431461025029989e+02 2.604497634210196679e+02
3.052911113465639801e+02 3.045109966837725892e+02 3.039646768370962491e+02 3.037701943225720242e+02
2.662675295743030119e+02 2.670732015320068058e+02 2.663515951552398633e+02 2.669891779262613341e+02
2.806109817845728571e+02 2.815240976415805676e+02 2.785169836770229495e+02 2.805262047793989950e+02
3.058363785984118977e+02 3.059169381470586586e+02 3.050229815615535358e+02 3.048953148339981567e+02
2.687864748424281061e+02 2.692882737240078086e+02 2.679633057173372208e+02 2.697010141537722347e+02
2.601244286635733260e+02 2.602134833585647016e+02 2.592099530008918009e+02 2.601351501727418167e+02
2.575438258973792358e+02 2.578903280980879344e+02 2.569763657000857506e+02 2.582708886994187765e+02
2.616337788404290450e+02 2.624813440926242833e+02 2.608436487561841091e+02 2.614405243076872125e+02
2.585528168715497941e+02 2.588579637886347200e+02 2.576919234948232997e+02 2.588054341145288504e+02
2.805836639342547869e+02 2.811863420641296898e+02 2.789654916248990162e+02 2.812618342950256647e+02
2.809654456845544246e+02 2.811209077791187951e+02 2.787691429335827706e+02 2.809140078082932064e+02
2.633181992030497440e+02 2.630901913511144699e+02 2.627135103639360523e+02 2.635434769627321430e+02
2.589020053992105090e+02 2.597578356039118148e+02 2.589995191417463616e+02 2.591739192521297355e+02
2.723857222984485134e+02 2.726039638446474669e+02 2.714104026467636004e+02 2.729265092398386514e+02
2.759329523436377940e+02 2.756842128501373850e+02 2.744706266643271988e+02 2.759632768233594220e+02
2.951227690858444248e+02 2.956144192070268559e+02 2.939649649322634559e+02 2.951522197651129886e+02
2.536929564040745504e+02 2.541515544861084663e+02 2.530502139530966872e+02 2.540568868298297218e+02
2.605585625041744038e+02 2.607514428853027084e+02 2.601150598754994121e+02 2.607426635040463907e+02
2.606717144822507066e+02 2.608782242663014586e+02 2.609054238067396341e+02 2.605468725599854452e+02
2.625714020398471575e+02 2.624034116088865289e+02 2.617562022674183595e+02 2.622747343107802180e+02
2.825042066698618441e+02 2.832968447339663953e+02 2.803621312047305878e+02 2.826945653508373084e+02
2.569499389670922938e+02 2.570090172540650997e+02 2.562903963200424755e+02 2.569835360388814820e+02
2.695222194846549542e+02 2.711764918423100994e+02 2.689458380941916289e+02 2.708580923241801202e+02
2.628725922302847948e+02 2.630225309767511703e+02 2.622068119449593837e+02 2.631869257104551707e+02
2.740797429188910428e+02 2.743222896450138251e+02 2.726456480210658810e+02 2.742331715820309910e+02
2.601824168310241703e+02 2.600893435547920944e+02 2.594918721978110625e+02 2.600886009356187287e+02
2.647539472381776022e+02 2.655172992442096529e+02 2.642583709708238757e+02 2.656131804109019754e+02
2.629244540249098918e+02 2.628802924872953781e+02 2.623234017241151719e+02 2.631971532212059515e+02
2.688007881163990191e+02 2.690901838604649470e+02 2.673331429145571292e+02 2.688025766729431894e+02
2.676561775046355365e+02 2.680953151726977239e+02 2.672582632172079116e+02 2.686179396287356553e+02
2.665339624957671276e+02 2.666687291233993733e+02 2.656156047410298697e+02 2.672653887105148556e+02
2.587393581272931442e+02 2.587943346350369325e+02 2.584738309081360512e+02 2.593240260209331609e+02
2.847195753623189489e+02 2.856814868079596863e+02 2.832886083722863759e+02 2.854920955428890466e+02
2.646798621069301021e+02 2.638735972642828642e+02 2.640254787808565879e+02 2.644807933894485927e+02
2.604282318122851621e+02 2.596374633004313068e+02 2.603087306796264784e+02 2.603735530333564725e+02
2.588454891916837823e+02 2.584512256745360332e+02 2.583225355996847838e+02 2.583600507222201372e+02
2.937448766918633964e+02 2.932430366653718465e+02 2.912589651756204034e+02 2.934338605577524390e+02
2.688417171008426294e+02 2.690677516887981824e+02 2.680253068413533128e+02 2.690432921544415876e+02
2.773274286441343861e+02 2.785692676238360832e+02 2.757711589262962661e+02 2.779917817236743645e+02
2.771566658347141470e+02 2.778492486051090395e+02 2.760059987117825244e+02 2.774079855659765030e+02
2.760397103615095489e+02 2.758376274545580031e+02 2.740969061593534093e+02 2.764753603260147656e+02
2.670041027275485135e+02 2.668171845445049826e+02 2.651450472774811828e+02 2.673778495659117311e+02
2.592365932740698895e+02 2.596592672335482348e+02 2.583520541958966987e+02 2.588563415306749675e+02
2.617943128370914110e+02 2.610621383925647478e+02 2.610425654693925139e+02 2.613498541694215760e+02
2.950930541003821759e+02 2.950974871123169692e+02 2.937666927920231501e+02 2.944071594390806013e+02
3.036138582995515662e+02 3.024624403014443601e+02 3.019755922716138912e+02 3.013826441922502113e+02
2.663245030213069526e+02 2.669607992788684783e+02 2.652569735704234972e+02 2.677301717496164315e+02
2.614028044165609117e+02 2.610829439722953680e+02 2.608548401933740593e+02 2.609438061972681453e+02
2.616156034824904850e+02 2.614041285354644515e+02 2.620525574292869351e+02 2.616479562136314598e+02
2.706156516069888767e+02 2.710537637636720092e+02 2.690631674238513256e+02 2.711067607210526376e+02
2.797869124983260463e+02 2.795177569140803939e+02 2.779733600445653110e+02 2.796157506138837903e+02
2.597665066709684538e+02 2.592539821323632054e+02 2.595574302933694639e+02 2.598679227446927484e+02
2.738466568027001244e+02 2.747094013528399046e+02 2.716124185463620506e+02 2.743970551404515277e+02
2.611862504813970531e+02 2.611676504531686192e+02 2.604674401819867171e+02 2.612093290518809567e+02
2.953164874771125028e+02 2.953137137525054641e+02 2.943783182594907544e+02 2.952918397893393490e+02
2.877271397192479299e+02 2.892096317855281313e+02 2.869147029230119870e+02 2.882235645259632406e+02
2.618090579153550834e+02 2.617876210296885802e+02 2.606448975965619184e+02 2.617261799460201814e+02
2.593041630123628920e+02 2.590139553234569689e+02 2.589849318065920443e+02 2.593071680126170691e+02
2.668787161676563642e+02 2.664795107471451843e+02 2.656311695304877389e+02 2.676346951279184623e+02
2.823988086683302186e+02 2.824763913924832082e+02 2.806894020261942728e+02 2.818158740461768161e+02
2.985554087840211537e+02 2.991111470973863788e+02 2.977202844682986438e+02 2.986412730440789574e+02
2.586139010980597845e+02 2.585950184152482052e+02 2.582624055342486713e+02 2.589339378243865895e+02
2.642256401965574923e+02 2.649273068296243991e+02 2.639958158699733985e+02 2.644580327677256832e+02
2.647197589650941154e+02 2.647812871711294633e+02 2.642654907604011214e+02 2.648848971519587394e+02
2.738541673938272538e+02 2.746365563410835762e+02 2.722910204456750307e+02 2.741149425001897271e+02
2.617578896863818159e+02 2.617215961952314274e+02 2.615293871818280991e+02 2.622295758964977495e+02
2.827071336196968900e+02 2.825445107708865748e+02 2.810135357663722289e+02 2.834334055223998234e+02
2.830700128632832957e+02 2.833233896070675542e+02 2.807964888729529207e+02 2.831081583457010424e+02
2.592803677873599213e+02 2.597348539734673523e+02 2.594879534703429158e+02 2.596821739103555160e+02
2.583698073907912658e+02 2.585641870904819939e+02 2.578338891802865191e+02 2.588229453938579354e+02
2.698753976492687912e+02 2.705263749786271887e+02 2.684147048983086279e+02 2.706180660930228328e+02
3.011323168925236473e+02 3.022350867211849845e+02 2.999009963741420961e+02 3.012854079362205653e+02
2.615503354537927976e+02 2.617228559311079152e+02 2.616526560963166048e+02 2.618961352418260731e+02
2.620302215371755779e+02 2.621718288925146680e+02 2.618898364133857513e+02 2.628769687235438255e+02
2.590143624401101761e+02 2.590291855221292394e+02 2.584153049212995370e+02 2.592562624751742533e+02
2.600683954139785783e+02 2.610178746845770661e+02 2.609058784730760863e+02 2.607603606551564894e+02
2.621024069929335383e+02 2.633715956016455380e+02 2.612403548188568152e+02 2.627730951600162825e+02
2.880628251642170312e+02 2.880093863923003710e+02 2.853626150600790652e+02 2.866229791362932247e+02
2.700541741849756363e+02 2.705174264563668203e+02 2.697576240485921062e+02 2.706316263768599697e+02
2.949879327719874027e+02 2.944406770332870451e+02 2.934451011592934151e+02 2.959967670114935459e+02
2.599204644838886793e+02 2.597252280752543925e+02 2.596616573493437272e+02 2.596282687370036228e+02
2.630076029716786934e+02 2.628961679023679494e+02 2.628529330478784232e+02 2.627653809349708922e+02
2.638557228476218484e+02 2.641434479799252699e+02 2.630426795329066181e+02 2.641966652416021475e+02
2.757734632332056322e+02 2.753840657543667021e+02 2.731173626354899397e+02 2.759946626143172352e+02
2.806885886784896798e+02 2.812997295954003789e+02 2.803114013561083198e+02 2.814257487419615131e+02
2.710995577314381535e+02 2.717007983904400703e+02 2.699246226210989335e+02 2.715355541199928098e+02
2.638938649632743818e+02 2.641660111357820711e+02 2.648159220279528654e+02 2.641221072124102989e+02
2.656387953884285480e+02 2.653903794033652161e+02 2.645428850779836694e+02 2.658126980570978048e+02
2.994049660201446841e+02 2.991539252815171608e+02 2.984611287374957556e+02 2.996432730053493856e+02
2.985965873627892506e+02 2.986455414766928698e+02 2.981562367231117605e+02 2.984806653389331927e+02
2.613217744457627418e+02 2.613515554443166025e+02 2.608224562965765472e+02 2.615101137774711901e+02
2.664403688622152799e+02 2.666848045026940781e+02 2.665511321940402922e+02 2.672230030752447192e+02
2.649734712130327239e+02 2.643085163146787977e+02 2.641090799154170554e+02 2.652747430614396649e+02
3.004885950988139030e+02 3.005772661134836312e+02 2.994993130855217487e+02 3.005829646430872799e+02
3.013201659584972845e+02 3.012172885321999161e+02 3.001101660096098271e+02 3.008414988960171286e+02
2.625737569125042228e+02 2.622040426471313594e+02 2.619013227411258526e+02 2.625828047895283248e+02
2.900165612526009795e+02 2.900888341530500725e+02 2.884442912030838784e+02 2.900908917181027959e+02
2.647546572474672075e+02 2.649513810249378025e+02 2.633626145504842953e+02 2.649005777446421916e+02
2.735415803579792851e+02 2.736550076232763899e+02 2.714410528246800709e+02 2.733882099284968490e+02
2.582800517605097070e+02 2.586388057192471592e+02 2.585523215999835429e+02 2.584889651127485308e+02
2.699340092771821560e+02 2.707696931289183908e+02 2.692504099290318322e+02 2.707665698574201087e+02
2.579443106023154542e+02 2.578267731820016024e+02 2.580608029252719007e+02 2.581334254866175684e+02
2.711890278145791626e+02 2.716180987063302723e+02 2.696091902646419953e+02 2.709333198411256944e+02
2.970571700371234556e+02 2.967909252843164154e+02 2.961706162782456886e+02 2.965565640054237520e+02
2.619238300726980242e+02 2.616655344329304285e+02 2.620363357337903381e+02 2.620997741821037152e+02
2.588223176342286251e+02 2.590169370308827865e+02 2.582996343244547575e+02 2.594021723864156002e+02
2.710758044793664681e+02 2.716704416064245038e+02 2.700641649144071721e+02 2.716535307310167013e+02
2.606235821906034857e+02 2.608026017808795132e+02 2.609246123936066510e+02 2.610229277384825650e+02
2.602719335723575682e+02 2.601406159133427423e+02 2.604507686365963082e+02 2.604278118658114636e+02
2.624943930857570535e+02 2.627009033239494329e+02 2.604197497400277257e+02 2.630947415015480715e+02
2.642376733926906809e+02 2.642172709003735349e+02 2.631332978907964844e+02 2.647367288714614801e+02
2.677686078470547386e+02 2.676964311989028715e+02 2.651940509296006212e+02 2.668899729801091212e+02
2.614106455015874531e+02 2.615998659558578083e+02 2.611512029416505811e+02 2.616811992365707056e+02
2.597671894670842221e+02 2.606848916005513388e+02 2.601505076565641730e+02 2.604191963037596338e+02
