2.546341881138778547e+02 2.546912651097296987e+02 2.535213730106719368e+02 2.549467437961459666e+02
2.505250211934512379e+02 2.506513791961809829e+02 2.493052125725312749e+02 2.507539967659057254e+02
2.488877911634541533e+02 2.493273112738214365e+02 2.487665691396521765e+02 2.495480507998882445e+02
2.655259407839757841e+02 2.665701220444050250e+02 2.628564003297288423e+02 2.675769809172720670e+02
2.594857021127209578e+02 2.598048894290953967e+02 2.572723907802451890e+02 2.609985828850321923e+02
2.508662576277065455e+02 2.506948896423233180e+02 2.502159205270891960e+02 2.509568654648730330e+02
2.508396610720345734e+02 2.508683533155625582e+02 2.493963999365154507e+02 2.514555217355358536e+02
2.648154522102297506e+02 2.644657235499693115e+02 2.614378446802031135e+02 2.641061819815479339e+02
2.640614246019189864e+02 2.652824029676598343e+02 2.617270684535495775e+02 2.651906086907527538e+02
2.493934805737587226e+02 2.493481653963200984e+02 2.486036893810378388e+02 2.496706257207623025e+02
2.655171369062921940e+02 2.652630690927879300e+02 2.627012605083158974e+02 2.665410638510205672e+02
2.494489209268525371e+02 2.501432363133509682e+02 2.486377856260406247e+02 2.505328572023431661e+02
2.840263530990487766e+02 2.847160651360627526e+02 2.817900014315133603e+02 2.867453177736791190e+02
2.493996804671353971e+02 2.492237131859435806e+02 2.475554205307416566e+02 2.501055970796890335e+02
2.768782275167242801e+02 2.771977793121833997e+02 2.729819656763673947e+02 2.770736407186808492e+02
2.563505914032448345e+02 2.569889922862175240e+02 2.547136709452342416e+02 2.569883267980314940e+02
2.498626113677809997e+02 2.503391141340255217e+02 2.486933212545253298e+02 2.506390152690540845e+02
2.636012196423519640e+02 2.644112955963686318e+02 2.617470168152226506e+02 2.646948694094722896e+02
2.495416050701614950e+02 2.494973025591023656e+02 2.492578213013012203e+02 2.503958918022397881e+02
2.501523645868322774e+02 2.505625434464745354e+02 2.490849636656193411e+02 2.512530592717924947e+02
2.966679351187118527e+02 2.973156744116356549e+02 2.949787920828133565e+02 2.960510832092202236e+02
2.612898562398791000e+02 2.615165113872686788e+02 2.596576336683981481e+02 2.626649123923521074e+02
2.510956537242155377e+02 2.515056271594234261e+02 2.504963605185034510e+02 2.521210378843761362e+02
2.514951385454822059e+02 2.512721607258790470e+02 2.507635486330218555e+02 2.519382179843552478e+02
2.871488813278648990e+02 2.873286000087946377e+02 2.843368999462870192e+02 2.872645062963269424e+02
2.470723185357441594e+02 2.477520524510470636e+02 2.462682169709100037e+02 2.477828770722145464e+02
2.504438956152266940e+02 2.507636969677979266e+02 2.495649949858774903e+02 2.513242986900447136e+02
2.497739621618762271e+02 2.499709254587794192e+02 2.488693610178796689e+02 2.504824976212742627e+02
2.612816248991520638e+02 2.617613787429318108e+02 2.590511015713420875e+02 2.621212981536612574e+02
2.601260802396956251e+02 2.600763097815529363e+02 2.585957832801736345e+02 2.609521944338509911e+02
2.485225619743245602e+02 2.490635639884722252e+02 2.478752245830741572e+02 2.493719296258873328e+02
2.490194642963591605e+02 2.488449724612209195e+02 2.483698858977361397e+02 2.499210956904375109e+02
2.463022954254932984e+02 2.465501871104742406e+02 2.456759142162703995e+02 2.473189460537088280e+02
2.580397941112568105e+02 2.583684727455639063e+02 2.555997270374391519e+02 2.589294505546095593e+02
2.486698939078359274e+02 2.490983026052493301e+02 2.479475811627840471e+02 2.492247724925148873e+02
2.661892678369738974e+02 2.660816417530527929e+02 2.633875837668135205e+02 2.661295853601750423e+02
2.601816058947962915e+02 2.617629668831409049e+02 2.593967343557342815e+02 2.625605960351120984e+02
2.468006551221400571e+02 2.466642077981229022e+02 2.463281513672947085e+02 2.471709608873770208e+02
2.495479450640268908e+02 2.499685774497986017e+02 2.490098015466971049e+02 2.498744664140405405e+02
2.471614799731551386e+02 2.470669609400816000e+02 2.464394471732359193e+02 2.477508393376167817e+02
2.592040305382849397e+02 2.594872905950652466e+02 2.570872928998153384e+02 2.596126922529713852e+02
2.696961534305335135e+02 2.705064540697177904e+02 2.679257267693042763e+02 2.706059472669656429e+02
2.631015071512289296e+02 2.636366453160977699e+02 2.602057875677774632e+02 2.631388241503483982e+02
2.940361761101390812e+02 2.947478524851554198e+02 2.925803317804006269e+02 2.949546052998467758e+02
2.593900646149113527e+02 2.606625225157989121e+02 2.586753792840509618e+02 2.603516349289122331e+02
2.661038464140896167e+02 2.661813505082386655e+02 2.642476265314888337e+02 2.684069089032045099e+02
2.461964171533336412e+02 2.467992688045162026e+02 2.456830288097182802e+02 2.463481090878236444e+02
2.538916016143628838e+02 2.537097574655985284e+02 2.524452375517908820e+02 2.541497612843388083e+02
2.510356604851156987e+02 2.512516274702204271e+02 2.497205288293360468e+02 2.518092468167147615e+02
2.452748019710797394e+02 2.452966987901853315e+02 2.449086802546629826e+02 2.462275823634093115e+02
2.491263935699891761e+02 2.493246460443747594e+02 2.488661450797449106e+02 2.500183460181309272e+02
2.489726733964363916e+02 2.490054956128058166e+02 2.478663628221710553e+02 2.497013304172228345e+02
2.518935714648086446e+02 2.519661463931882679e+02 2.503610960172907198e+02 2.527010295122489936e+02
2.557162935805433222e+02 2.568778334072019334e+02 2.544141254464982183e+02 2.573989988616866640e+02
2.876095674169176846e+02 2.880006379347717598e+02 2.867198285095702204e+02 2.879167676166357523e+02
2.569419618391729045e+02 2.571357988822068137e+02 2.557659185468492353e+02 2.578912317231945508e+02
2.507627930814840340e+02 2.510667066701128647e+02 2.502653762756723381e+02 2.517480844128890851e+02
2.500399089077979511e+02 2.501084333126011074e+02 2.487604485492497872e+02 2.504478240068559671e+02
2.511928912365372071e+02 2.514395304964335196e+02 2.500915206099620036e+02 2.513431846003546752e+02
2.574303161788494094e+02 2.580743315753701381e+02 2.564179304366774090e+02 2.589495923588459050e+02
2.697961494222463443e+02 2.711669113964092048e+02 2.675774303073356464e+02 2.717663716806422940e+02
2.520087519966558602e+02 2.526891187021920473e+02 2.499778564757028221e+02 2.532994571675409645e+02
2.476592367394919449e+02 2.476594216134414239e+02 2.469405059758617256e+02 2.480020977958039055e+02
2.494502172685428718e+02 2.496957191095078201e+02 2.484332414219761631e+02 2.497999483620522199e+02
2.462223842075087532e+02 2.464687312799566712e+02 2.456346351359659650e+02 2.468664825890355701e+02
2.462466400751702906e+02 2.465353283714306372e+02 2.459480572589087046e+02 2.472673716830140052e+02
2.501692030592926983e+02 2.509269709001059709e+02 2.492055150769456020e+02 2.512275897310238122e+02
2.504697977085936031e+02 2.508858562154252638e+02 2.490849324038700559e+02 2.522019650867840994e+02
2.651834003792483259e+02 2.658928928397849063e+02 2.632926771273427562e+02 2.657639242190508071e+02
2.678587867093285126e+02 2.680359607355329103e+02 2.650194644182486741e+02 2.685218731748187224e+02
2.538944409912103310e+02 2.536869352972335605e+02 2.511914438409555714e+02 2.543228220893288380e+02
2.624305335666944643e+02 2.632557555759248089e+02 2.596421171455032209e+02 2.624105916363546385e+02
2.644334634884456250e+02 2.645774976483399428e+02 2.627242068829434061e+02 2.665013754611825334e+02
2.706022648302350149e+02 2.715533184892087206e+02 2.678555890902276246e+02 2.716297304455722497e+02
2.524324024743240500e+02 2.532069282006546871e+02 2.513431126145832479e+02 2.542454889939605778e+02
2.576605692416988518e+02 2.583793963765622266e+02 2.557306752537919010e+02 2.589894993209903191e+02
2.629440398993739336e+02 2.642517340141924365e+02 2.606472005841106352e+02 2.659432650138408007e+02
2.500389840801819332e+02 2.506846685439841451e+02 2.491000443024004767e+02 2.508417119427550688e+02
2.663125574579382260e+02 2.680898973505711638e+02 2.641444581556866069e+02 2.677887201554461853e+02
2.815688684383306395e+02 2.819489073696861965e+02 2.784383234200529387e+02 2.804369879950980931e+02
2.540765214722312919e+02 2.539043846051579294e+02 2.527672977381514841e+02 2.550734040130228379e+02
2.493992232549294101e+02 2.491885826559868065e+02 2.487392357274108576e+02 2.495493117680172475e+02
2.563943274168366884e+02 2.568100231533332476e+02 2.538408615012672556e+02 2.566130905424640218e+02
2.468715115408354563e+02 2.466780833169584071e+02 2.457502386352157373e+02 2.471363706614563966e+02
2.534529652529035673e+02 2.539667139520063301e+02 2.518797172534929985e+02 2.541392456966525515e+02
2.855484176047849587e+02 2.853443278080841878e+02 2.834234585273471225e+02 2.860087003424069394e+02
2.454947214598768142e+02 2.457274604108547749e+02 2.446073507561265217e+02 2.458126151530254901e+02
2.537042711525666618e+02 2.530779132353882517e+02 2.528259548580518299e+02 2.536945021196028733e+02
2.677762645673622615e+02 2.683158008700326036e+02 2.652123461511029632e+02 2.682746289856297039e+02
2.491406460529237563e+02 2.493477653999056827e+02 2.486206470190648474e+02 2.496692429103273412e+02
2.548640827740007921e+02 2.542481042020165773e+02 2.532633187835164961e+02 2.550862466476465045e+02
2.547404470342667366e+02 2.547777920958203026e+02 2.526629265853444224e+02 2.556591395560978413e+02
2.597751803282516221e+02 2.594196010597563600e+02 2.577527823381664120e+02 2.602658610620221680e+02
2.483267128769016949e+02 2.488111103306574989e+02 2.481103159654950332e+02 2.488073213120895559e+02
2.545585966730968437e+02 2.555444473734240205e+02 2.536629783589843044e+02 2.559594633901707823e+02
2.470814557461924892e+02 2.475784405956665069e+02 2.464941331790489301e+02 2.477612612232948095e+02
2.669138074735033115e+02 2.682533663425810460e+02 2.643800702500469697e+02 2.672348123473572628e+02
2.503831871539051974e+02 2.505934327516301039e+02 2.500984766108808230e+02 2.507727420432788676e+02
2.813220161764252225e+02 2.831401964587169005e+02 2.806148109270976079e+02 2.838584690876345462e+02
2.483318297088572422e+02 2.486430413920143110e+02 2.474516455554367838e+02 2.490575433883608412e+02
2.522895684094885667e+02 2.528776761066499432e+02 2.513402485681746725e+02 2.525405098804083934e+02
2.622490715029475723e+02 2.637290051640486013e+02 2.603545916522376729e+02 2.634552063512036284e+02
2.866328942001538849e+02 2.877911475299287645e+02 2.862718904504940269e+02 2.885952461718993618e+02
2.493673552771030870e+02 2.496783627890366688e+02 2.482700577212624751e+02 2.502386249082911718e+02
2.542768331298107967e+02 2.550856249984373960e+02 2.531713106376477072e+02 2.557944065889932688e+02
2.571796327079028970e+02 2.576195503119964201e+02 2.559293142810914503e+02 2.584191186635195550e+02
2.541470166651869533e+02 2.542754108456267375e+02 2.527352989352860106e+02 2.551102554394888386e+02
2.698401852129826466e+02 2.700250368441589330e+02 2.672051384887911354e+02 2.719369189242203220e+02
2.603638969551008699e+02 2.611559292618002814e+02 2.582278049501259147e+02 2.613750049404607125e+02
2.455404169341163652e+02 2.461884424249182359e+02 2.451847678917712301e+02 2.461058908591331829e+02
2.668713991919647128e+02 2.684540781406677183e+02 2.644592489990927220e+02 2.678572592433656041e+02
2.527924736272809412e+02 2.527739359119634628e+02 2.521988968522944390e+02 2.529329591691030430e+02
2.479598463023925206e+02 2.483415678284097510e+02 2.473104379008605633e+02 2.487326854046965252e+02
2.505312894009994125e+02 2.506813607272375748e+02 2.497095983178220706e+02 2.508504431994734603e+02
2.512918405205866463e+02 2.516028106892249525e+02 2.503812502098906805e+02 2.522506602596033929e+02
2.935885360274323261e+02 2.918284675085266144e+02 2.908039669130964739e+02 2.923019443261023866e+02
2.570447873515907986e+02 2.576970829761058326e+02 2.550290439759305343e+02 2.578184695307628544e+02
2.491000278981927067e+02 2.494895317914739223e+02 2.478878941975054033e+02 2.498613698145565252e+02
2.859144466610355835e+02 2.863192450938107072e+02 2.840298692871634216e+02 2.860002217901247832e+02
2.475104814262855086e+02 2.474736602410256978e+02 2.467611543305084183e+02 2.480139094203488241e+02
2.699772257784215981e+02 2.709497159988614499e+02 2.671151623706273313e+02 2.711204812935872610e+02
2.487911191389355849e+02 2.492285270972934939e+02 2.485845846683697289e+02 2.495439991066553205e+02
2.474505834076551309e+02 2.477725408980732880e+02 2.464976765395645373e+02 2.480368668233978440e+02
2.560489121599775899e+02 2.564868783770425011e+02 2.538777145820036765e+02 2.567099629058533878e+02
2.849358926981183799e+02 2.862439378987848499e+02 2.817508305768881769e+02 2.853295448851931155e+02
2.567015990439023199e+02 2.566513458454106740e+02 2.550274871792535691e+02 2.566709731056923829e+02
2.578505470131161132e+02 2.582264874531961709e+02 2.561261347668228154e+02 2.585031835931380328e+02
2.692133824163690292e+02 2.690903855675797445e+02 2.656542088737977565e+02 2.688141070645233981e+02
2.474600364744763397e+02 2.474391879434750479e+02 2.471301390791636834e+02 2.482513981407702204e+02
2.565314339436966407e+02 2.563916461096628154e+02 2.545820359740150423e+02 2.570697834844813769e+02
2.525943568571663604e+02 2.523526951225026380e+02 2.511143264482095958e+02 2.527193460781604983e+02
2.549935587641686539e+02 2.551413151560276731e+02 2.533612035950692700e+02 2.558882633169297378e+02
2.555662473285436533e+02 2.558476598711832537e+02 2.530985293817387003e+02 2.562228519445770871e+02
2.471173500289744425e+02 2.471421720611001547e+02 2.458287142496842819e+02 2.475151919088665124e+02
2.523930558993395721e+02 2.523642379092730437e+02 2.513350064601202121e+02 2.531926909947998467e+02
2.505330549675357190e+02 2.503529604879139185e+02 2.498999154480754612e+02 2.509341417662990068e+02
2.505190844445990876e+02 2.506743172037273268e+02 2.505230247801508483e+02 2.515174526670909927e+02
2.483171068313087062e+02 2.487623472338950990e+02 2.479170288183115929e+02 2.492753263167141142e+02
2.496529704390248412e+02 2.496932600030894776e+02 2.492084675813109698e+02 2.497003692930715033e+02
2.483487685505978106e+02 2.481781205559829289e+02 2.471494711564643296e+02 2.486944021053463132e+02
2.461545503430023700e+02 2.460094452206727169e+02 2.454689500528970996e+02 2.462524744551915603e+02
2.495901725565900904e+02 2.498944774178945920e+02 2.485346176683958959e+02 2.499254886764902039e+02
2.448555683668018901e+02 2.451260648385207617e+02 2.447344801188731083e+02 2.455790324538762661e+02
2.816804322971241845e+02 2.824246848119960873e+02 2.793388327434007010e+02 2.818335525741972560e+02
2.670099004473270838e+02 2.663975007332004452e+02 2.640676783128531611e+02 2.681559575932129178e+02
2.520645411286365061e+02 2.517052598685804696e+02 2.504770971277065712e+02 2.517661402169941596e+02
2.711269257568775970e+02 2.706454663977798418e+02 2.675755673442166653e+02 2.728319513317229621e+02
2.506212052414797711e+02 2.500025205725999342e+02 2.489392423127544305e+02 2.509176440718536867e+02
2.579582057503595820e+02 2.583639761316668455e+02 2.547306468203429404e+02 2.590625272202555607e+02
2.576853514423864908e+02 2.581333076824677164e+02 2.565693704620658195e+02 2.589621631912083330e+02
2.483863243578005324e+02 2.494002193431204262e+02 2.484700888663372496e+02 2.488879441652791229e+02
2.517032996512125749e+02 2.517279943882890620e+02 2.506437311798924839e+02 2.523611842051632834e+02
2.618873656621454984e+02 2.626276764795052259e+02 2.610242397614160836e+02 2.644695459420012753e+02
2.608833400447699660e+02 2.617488289833938779e+02 2.589296449692189981e+02 2.617704459848274041e+02
2.697202933098973290e+02 2.694812365280006361e+02 2.671417238668416871e+02 2.707988765157804778e+02
2.546146817184682618e+02 2.559578325112322261e+02 2.529491086915728602e+02 2.558345941364213161e+02
2.713102894640140903e+02 2.723903870795844000e+02 2.688917715839882021e+02 2.729177164269588047e+02
2.484757975855308700e+02 2.488875963508177165e+02 2.478758618412217061e+02 2.494399921740062780e+02
2.544963786462792257e+02 2.544058315718980054e+02 2.529391399847670527e+02 2.551490424040263179e+02
2.530078635974726353e+02 2.536507193591254747e+02 2.514825615443420190e+02 2.537760303567572748e+02
2.485283643314132291e+02 2.486145846765049043e+02 2.477577466295999500e+02 2.491294263945278544e+02
2.570928737090492859e+02 2.572824417050883312e+02 2.550756993790209037e+02 2.576245712433073436e+02
2.747619288696760691e+02 2.747935898370673158e+02 2.719857705823826564e+02 2.756956858227262614e+02
2.495511703509714039e+02 2.500820928326933767e+02 2.487827370467089452e+02 2.504347407091236732e+02
2.505011494439538637e+02 2.509327265058068974e+02 2.488826532771010989e+02 2.514560802697695863e+02
2.679765821652008526e+02 2.682690255521541189e+02 2.655285561949289672e+02 2.688864643594150721e+02
2.884416310451032359e+02 2.878726383018316710e+02 2.857802481556389012e+02 2.893372596017081833e+02
2.599612627100490840e+02 2.607629449467736436e+02 2.583486603109025737e+02 2.613422439454095070e+02
2.473060038417993098e+02 2.472145393806496259e+02 2.467730190566408623e+02 2.477165773666572761e+02
2.620751589805477693e+02 2.613679160455789088e+02 2.594116349607062944e+02 2.622849091984595020e+02
2.566383213955599558e+02 2.581355387210340382e+02 2.552607740319321863e+02 2.579198781765104513e+02
2.584882291220712887e+02 2.590298495389145046e+02 2.574258614562385787e+02 2.597597017483633408e+02
2.488400637627707113e+02 2.500059554931436594e+02 2.480570607128968845e+02 2.495671767168002191e+02
2.887206360337175397e+02 2.881966311070779057e+02 2.853644210522783737e+02 2.888480506891689856e+02
2.713549083712998709e+02 2.727943154050443582e+02 2.689320444479401999e+02 2.732617716195790081e+02
2.933739913371554735e+02 2.932672633249548539e+02 2.910835676640589327e+02 2.926274205898657783e+02
2.463058872368984566e+02 2.471024060549506771e+02 2.458896232277942886e+02 2.471254264254116322e+02
2.498728217309853221e+02 2.499506450145676979e+02 2.493967583378775430e+02 2.506573874593022140e+02
2.508034354188704640e+02 2.512995372766734476e+02 2.493950242060765277e+02 2.514829612835060004e+02
2.560875970393407215e+02 2.565845710700850191e+02 2.540275356269390556e+02 2.567914425017582971e+02
2.494049699805600255e+02 2.500990541414349480e+02 2.491433837419016299e+02 2.503239827219520066e+02
2.470647621621948815e+02 2.471240865494109471e+02 2.456336627249096694e+02 2.474417045417123120e+02
2.580240103793140634e+02 2.582028076077757532e+02 2.566497444000255541e+02 2.588431249035043606e+02
2.454739213152579111e+02 2.458613542234575959e+02 2.450984271080442909e+02 2.461164011497012041e+02
2.520590415881693787e+02 2.517846766336087398e+02 2.507273703702260832e+02 2.518925488360554255e+02
2.816248328935902805e+02 2.838297142044346515e+02 2.808546594969899388e+02 2.821352346345034903e+02
2.830023965693668515e+02 2.840601200399787558e+02 2.809481510070681907e+02 2.840425696518149152e+02
2.659014007427645083e+02 2.654236396794844950e+02 2.620612815422211952e+02 2.670168279329707843e+02
2.511603983814328274e+02 2.510835712753286657e+02 2.504373345287445716e+02 2.520301817022019861e+02
2.490338232055970309e+02 2.493239428804879481e+02 2.476867058505629302e+02 2.499662283107358007e+02
2.510469518620341489e+02 2.512044510732791309e+02 2.501574487046210891e+02 2.519642854227167561e+02
2.500712736537621765e+02 2.506170709192634831e+02 2.488615122531215320e+02 2.511238810952200140e+02
2.463038990367957410e+02 2.464457799044199646e+02 2.460079261830729536e+02 2.466851349285702497e+02
2.508738151127593881e+02 2.515625880626143953e+02 2.512021777945817007e+02 2.519060083117111901e+02
2.529252820362626153e+02 2.528894881494815365e+02 2.512357042902291084e+02 2.535868097235080825e+02
2.525402235718198938e+02 2.529179039920844048e+02 2.515142217150969373e+02 2.536945081807131430e+02
2.518808368425887920e+02 2.525546769463243777e+02 2.510076820414983558e+02 2.529976597160441827e+02
2.511326539890090146e+02 2.512920047629435203e+02 2.504219650134890003e+02 2.516798860582728707e+02
2.762139424913357857e+02 2.763318894903430873e+02 2.741854844370027422e+02 2.769767600710434863e+02
2.480021260518773261e+02 2.479287326297236689e+02 2.471775803573866312e+02 2.482076105381958087e+02
2.470273650323294419e+02 2.472302659359569930e+02 2.465567361197746834e+02 2.476751007357625838e+02
2.499916408063577649e+02 2.504084254314263660e+02 2.499960259498761559e+02 2.506159237350418607e+02
2.578592896460633597e+02 2.588069151229792055e+02 2.566225767794157377e+02 2.596078388271752715e+02
2.481191883274777865e+02 2.482589882222831079e+02 2.478602671890081126e+02 2.490129881518860770e+02
2.475048718055554389e+02 2.476799018172285400e+02 2.469771232099847964e+02 2.475594163097033800e+02
2.644538869358328270e+02 2.652417436718508270e+02 2.612559212566591782e+02 2.648666482301938458e+02
2.569781211502659062e+02 2.575509284524545137e+02 2.554365273514281967e+02 2.580243937271278583e+02
2.458687380214601603e+02 2.461859969302998365e+02 2.458261467625492003e+02 2.463502527672324049e+02
2.540877107296788324e+02 2.545378709385362299e+02 2.530111589823966938e+02 2.550022963015429980e+02
2.521308366483394821e+02 2.529329446892234330e+02 2.520076948363571887e+02 2.535232426883543724e+02
2.738667188092401830e+02 2.743597732919488408e+02 2.714704560515334606e+02 2.749852857316395784e+02
2.615139084187728145e+02 2.628562196999278626e+02 2.588916675272292309e+02 2.637563849986500486e+02
2.466785062325169235e+02 2.471734814465093280e+02 2.459202698917225973e+02 2.475025325058642238e+02
2.681726886543505088e+02 2.679645870996178019e+02 2.658851599001099544e+02 2.683270094436929867e+02
2.481893786410212783e+02 2.485630937911376748e+02 2.478489221453221774e+02 2.496178570595588440e+02
2.521285184133149926e+02 2.520357520904574642e+02 2.506899822865877923e+02 2.530396593487003543e+02
2.750379085234667400e+02 2.767705134022128277e+02 2.731781196387290720e+02 2.767159818770643938e+02
2.483907040079768080e+02 2.480583619611077211e+02 2.466311198976223409e+02 2.480138434472186759e+02
2.892335582331742216e+02 2.900147364133241581e+02 2.872093121494218053e+02 2.886956603932526377e+02
2.634699203916250667e+02 2.644106060185044953e+02 2.614505608518809368e+02 2.649579880373255492e+02
2.481220320249191786e+02 2.483519172229572973e+02 2.480677829773241854e+02 2.486806282891929527e+02
2.608159101865905996e+02 2.619937090519331377e+02 2.590710373151246699e+02 2.616430617744030656e+02
2.464651290711630338e+02 2.469505191714948751e+02 2.461592789082589263e+02 2.468175724031599714e+02
2.484010686977794080e+02 2.487178835952092015e+02 2.478035338209923850e+02 2.491818954820752765e+02
2.472066947695240913e+02 2.473262588967411375e+02 2.466320800523718049e+02 2.475488703931557666e+02
2.702386453690299390e+02 2.708047556541139897e+02 2.684008874574487322e+02 2.715283132224103042e+02
2.499587212747590002e+02 2.500617021697421762e+02 2.495039248739771267e+02 2.504294196250680784e+02
2.828087109656719917e+02 2.836043705731919999e+02 2.805337408704741620e+02 2.830075742288119613e+02
2.625055575022981884e+02 2.629348796859579807e+02 2.613436609412822804e+02 2.633316157138206108e+02
2.472993734573159941e+02 2.479491080421507263e+02 2.466133266439420311e+02 2.482300628220023384e+02
2.488612112498476563e+02 2.491836912798439414e+02 2.485903964337942398e+02 2.493288812476283169e+02
2.478697969499161502e+02 2.482698569181865196e+02 2.476073588212001368e+02 2.487040966795809993e+02
2.533402061393851739e+02 2.534242060110518651e+02 2.528232124663525440e+02 2.534796432011837339e+02
2.455167550949890085e+02 2.456251316030361522e+02 2.448781931173558633e+02 2.464639792468902613e+02
2.541719466454215421e+02 2.539774371139945970e+02 2.529457801202948986e+02 2.545118698299397408e+02
2.577499170929164052e+02 2.579195799784357632e+02 2.560297545128751153e+02 2.579519801291021395e+02
2.723365788825577738e+02 2.735609383546373579e+02 2.703483301004693544e+02 2.737331914539985291e+02
2.506131637634414915e+02 2.508688632147357112e+02 2.502593559555195384e+02 2.515396088812072435e+02
2.601295277861800059e+02 2.602850081100078796e+02 2.582096025306617548e+02 2.603612159833888882e+02
2.517596876062302726e+02 2.527747096119831269e+02 2.499389779001383545e+02 2.532118054725005436e+02
2.545082038117062098e+02 2.550182810664900614e+02 2.536489014274233966e+02 2.561996098540822118e+02
2.588797890229767518e+02 2.595132738435615352e+02 2.569214373257570969e+02 2.595329863674033390e+02
2.491545541994533153e+02 2.500926357336591082e+02 2.483603277622106305e+02 2.506096648471697108e+02
2.501764688801000034e+02 2.502957701840268498e+02 2.489234989045965847e+02 2.508533553783499030e+02
2.481871313882139702e+02 2.483332550063617532e+02 2.470038622482503570e+02 2.491822028565367475e+02
2.710590149926991330e+02 2.723303895974361239e+02 2.697900637268982678e+02 2.720864926652981808e+02
2.487029646062779307e+02 2.487581785081911505e+02 2.474037798209677987e+02 2.495783326720078890e+02
2.582817013895877380e+02 2.584530263130649814e+02 2.577261961398206722e+02 2.605440859998051337e+02
2.466148276455420500e+02 2.466514114679462466e+02 2.460154325693454211e+02 2.467282449093154639e+02
2.476657855921924920e+02 2.475642161392094920e+02 2.469765530394735720e+02 2.482088378669768360e+02
2.655621059185721151e+02 2.658427486813515088e+02 2.627617035284025064e+02 2.676298854016538940e+02
2.510476629966652240e+02 2.510093825448714142e+02 2.511488174269994715e+02 2.508865544629300643e+02
2.705603672968282467e+02 2.702643152987149620e+02 2.673735951691831474e+02 2.714587507018725887e+02
2.637116943516781475e+02 2.649487118170761164e+02 2.618077258885099354e+02 2.651105850627014888e+02
2.579265312981382294e+02 2.590804129658084776e+02 2.561884471226368305e+02 2.595527636787144843e+02
2.507141075960331307e+02 2.508688055312742620e+02 2.493415833096552205e+02 2.518159774481189004e+02
2.478508940219178669e+02 2.478710747831827632e+02 2.473195736746264402e+02 2.487102093739221687e+02
2.466400646658633775e+02 2.467080205706627112e+02 2.461587128174560064e+02 2.469933024751108235e+02
2.547987528737553760e+02 2.550840077437095772e+02 2.539547798720184346e+02 2.552988683447578637e+02
2.480415442779799946e+02 2.489145799571135171e+02 2.477549110950656654e+02 2.487785275005312826e+02
2.487100741461978828e+02 2.482957476513745689e+02 2.482135222307015283e+02 2.487266656586596412e+02
2.545747056454172537e+02 2.542529521523795495e+02 2.529378441271925624e+02 2.551928467693951461e+02
2.530600406529795521e+02 2.541112013171298258e+02 2.520843935006688525e+02 2.542834924950435607e+02
2.689864645536768535e+02 2.703840531988346925e+02 2.658219976329985457e+02 2.688061685002062973e+02
2.485656383391788324e+02 2.486544626006244698e+02 2.480546457805192517e+02 2.489139243579830634e+02
2.554718086781074646e+02 2.567151588722722977e+02 2.539383368982019817e+02 2.572220240907617494e+02
2.484317038918022718e+02 2.481446362386884061e+02 2.477990198718791532e+02 2.491491719654643191e+02
2.506457908375350314e+02 2.510957258125523310e+02 2.498645729266619639e+02 2.511318757968276998e+02
2.500818316816749416e+02 2.499284807780462074e+02 2.491681197113889539e+02 2.507067343672974289e+02
2.548951981294281381e+02 2.555102973078816149e+02 2.534790493729229013e+02 2.559401898675252482e+02
2.823105216114634572e+02 2.828166749192209863e+02 2.791233176703289587e+02 2.827747695968241146e+02
2.485140298731361668e+02 2.488637551190577426e+02 2.479877986205048046e+02 2.492295319425201399e+02
2.498966656298456712e+02 2.498851088088412098e+02 2.491137655866449734e+02 2.504855826403640435e+02
2.484506137570327269e+02 2.484302199489880820e+02 2.480476302734100784e+02 2.482659541081398515e+02
2.887684883560604590e+02 2.890512757827788732e+02 2.874704778733532748e+02 2.874551873590675655e+02
2.567594566070930568e+02 2.574466953367724500e+02 2.546775048214945230e+02 2.586832443498158796e+02
2.599868433094115971e+02 2.604906892226519517e+02 2.577322851285402976e+02 2.606270768126130406e+02
2.489345813029657961e+02 2.493157647692601415e+02 2.488582029504054276e+02 2.497810841773772665e+02
2.516431608748804649e+02 2.521335184402123843e+02 2.511437718050420926e+02 2.526503483490106703e+02
2.517615678622223925e+02 2.529288748082380494e+02 2.491532175602858672e+02 2.525013334744707834e+02
2.540109727480129322e+02 2.539135531668607086e+02 2.531076918659197190e+02 2.535829730976454357e+02
2.698032029672918952e+02 2.711765117496904054e+02 2.669626184170778060e+02 2.708644381225273605e+02
2.503541664508834970e+02 2.508911953515748507e+02 2.505493468339239485e+02 2.513951354376924883e+02
2.494223925960464783e+02 2.495299206328514003e+02 2.483998928940806934e+02 2.500365676712703191e+02
2.509841816777428960e+02 2.508576831941385308e+02 2.496865893964436793e+02 2.515959681240298096e+02
2.602100901491251648e+02 2.602932163588691878e+02 2.576764581995016101e+02 2.608033826369502322e+02
2.500147763943520260e+02 2.501547986020056840e+02 2.493923182029828922e+02 2.506579512987269425e+02
2.513867494424080178e+02 2.520335203381370945e+02 2.500066720646579483e+02 2.520987400690901836e+02
2.497015222843481581e+02 2.497686190049194010e+02 2.492770974538410371e+02 2.498176769164750510e+02
2.587665869375798025e+02 2.595176323745182003e+02 2.570758731671167538e+02 2.594610118746892908e+02
2.503039075826463602e+02 2.501048915551018865e+02 2.489451751326463409e+02 2.509711936392944267e+02
2.647086533716874328e+02 2.650803834417190501e+02 2.623984364547438872e+02 2.654982274101651001e+02
2.795699128851892965e+02 2.807460605573473345e+02 2.777352099862885666e+02 2.809367059049420163e+02
2.519575963724313965e+02 2.510902907289060977e+02 2.498060108592430311e+02 2.526240621222090965e+02
2.493599352275563774e+02 2.491566948798414387e+02 2.490453749211891363e+02 2.502156467304716045e+02
2.515438232221499959e+02 2.514171283303615212e+02 2.504388758230812186e+02 2.516979957910756127e+02
2.770423605362069566e+02 2.786261651328694597e+02 2.750226444586442085e+02 2.786354587730613162e+02
2.474717730606831196e+02 2.477415538805576887e+02 2.472753513165310721e+02 2.480223425164181776e+02
2.493921502007041227e+02 2.496748210874093559e+02 2.481865975848451171e+02 2.503228384579559531e+02
2.486429458741794747e+02 2.488027892435028434e+02 2.487245078964882907e+02 2.491215903318360176e+02
2.523875322647685948e+02 2.524983940696504305e+02 2.509204374025848097e+02 2.535556682166515543e+02
2.501331378131981751e+02 2.499476686475605618e+02 2.487647416463848344e+02 2.507661954262563313e+02
2.696397905551780241e+02 2.705479927281215851e+02 2.665683143926884782e+02 2.703272857394936182e+02
2.491805123966306041e+02 2.496111939589913788e+02 2.490379509129451208e+02 2.502401405108812753e+02
2.652813596684216009e+02 2.651860119442689552e+02 2.621874338138803751e+02 2.663593955721695465e+02
2.489087710909028885e+02 2.492607351751854310e+02 2.483118427357910889e+02 2.498744059660286041e+02
2.790540117705698435e+02 2.795175188963086725e+02 2.762841886388698640e+02 2.799988653183552856e+02
2.547827533458450944e+02 2.552908132481932739e+02 2.533971769278194586e+02 2.556161938643917324e+02
2.485184958084500693e+02 2.484917176434471173e+02 2.479081935520866296e+02 2.490129155287066283e+02
2.586056770551736577e+02 2.591626887321946811e+02 2.556683586347567143e+02 2.592019440351542698e+02
2.617200668445682368e+02 2.625885944893274768e+02 2.600761585404199536e+02 2.625040159148825296e+02
2.760034357413011321e+02 2.772982702892966245e+02 2.727662139596115480e+02 2.783973126316557227e+02
2.891464457857464367e+02 2.902541002342717888e+02 2.868156646170753561e+02 2.883511395958022376e+02
2.504770980808360719e+02 2.505106044777324996e+02 2.495802647606101914e+02 2.512749856577734135e+02
2.447911353500371661e+02 2.450300428384400675e+02 2.444829120200562045e+02 2.461835858414559652e+02
2.554570249373888089e+02 2.557778845237277494e+02 2.538918373173969485e+02 2.564020099534278074e+02
2.691815994683486224e+02 2.695663822192364592e+02 2.658234650435133517e+02 2.707051001153913035e+02
2.446176698313335010e+02 2.447820705191799391e+02 2.444641000658596965e+02 2.455280276170638274e+02
2.468326026780791551e+02 2.467836844989803922e+02 2.466209380575287469e+02 2.473703921131475170e+02
2.470491798540802506e+02 2.469539435725382361e+02 2.467675978594536730e+02 2.473456140682158093e+02
2.622512498763967415e+02 2.637347516907676095e+02 2.606632846685141089e+02 2.638384875638834046e+02
2.468763325751185107e+02 2.472132851064925489e+02 2.468288069841721892e+02 2.476969883633719007e+02
2.770826111215708352e+02 2.784651797959602959e+02 2.740521635094273165e+02 2.776903462015454238e+02
2.500006521508525452e+02 2.505596365813128443e+02 2.496033320194889313e+02 2.509706925878029153e+02
2.510549427922076404e+02 2.510926703501018267e+02 2.498424430417760220e+02 2.519251503446546678e+02
2.540293061236203016e+02 2.543706917951499236e+02 2.524535240010295922e+02 2.543235502916806468e+02
2.495870536861627897e+02 2.498418775012015089e+02 2.484469234684391381e+02 2.502499473930736826e+02
2.513842422232647777e+02 2.518348326530334305e+02 2.497177531481512744e+02 2.523600570872036144e+02
2.540730512527434826e+02 2.549306215439859500e+02 2.525744073413887349e+02 2.552040949759439741e+02
2.507297291265128365e+02 2.508604856936718477e+02 2.504832940466818627e+02 2.513128872190232812e+02
2.545469823585513041e+02 2.549173941619389154e+02 2.528202822216867958e+02 2.552463919550926619e+02
2.766967150477344148e+02 2.771971772538786922e+02 2.742969298654140289e+02 2.776946620878209160e+02
2.488732462545472401e+02 2.492836551731186034e+02 2.478771777811876973e+02 2.492301409802118712e+02
2.477879748638199544e+02 2.479407382145138286e+02 2.469488296919755896e+02 2.484059391175012195e+02
2.548732812965265850e+02 2.551991730588805183e+02 2.534455642895674146e+02 2.557910421329055737e+02
2.807067728734787124e+02 2.803150061413008984e+02 2.780296692689761358e+02 2.823048469660652700e+02
2.458261952713992855e+02 2.463248951117122942e+02 2.452862023235199160e+02 2.466249627766678714e+02
2.656268489896656888e+02 2.656495976558741745e+02 2.624030526028681152e+02 2.650745991409962130e+02
2.464953683955557722e+02 2.469011562325221405e+02 2.461211056244571296e+02 2.471217735218929192e+02
2.636638692777543724e+02 2.648325486208752295e+02 2.612990877214188572e+02 2.656740834889289431e+02
2.564571542194146332e+02 2.570590919645180179e+02 2.546808978774478192e+02 2.575179279075533714e+02
2.696191949082970041e+02 2.702333886148829265e+02 2.675144424314852358e+02 2.701763492593593128e+02
2.496572437474080743e+02 2.503334036022307885e+02 2.492456134537766275e+02 2.510377542840318768e+02
2.779804718869085605e+02 2.780956129329710507e+02 2.747330794973150319e+02 2.790101002000984636e+02
2.915696585028519507e+02 2.925078969553071033e+02 2.900186666912345004e+02 2.913374819823715711e+02
2.912641073381195156e+02 2.917713982344470196e+02 2.898033399699466486e+02 2.918442693902375709e+02
2.471183864843075355e+02 2.472926817917054905e+02 2.463838679734549544e+02 2.471601990311731356e+02
2.484319873319142857e+02 2.489046267315656564e+02 2.478763278573823925e+02 2.490679403649291146e+02
2.554040971571413934e+02 2.559213045145738477e+02 2.542564511873916047e+02 2.559007118340472857e+02
2.477026656045808863e+02 2.478590505698387574e+02 2.464687672414808901e+02 2.482272753702773116e+02
2.605666130984494657e+02 2.603849859153298780e+02 2.579564692707677978e+02 2.611868461419395544e+02
2.735828069769913782e+02 2.735672511470396557e+02 2.701362715582821465e+02 2.732990141609452621e+02
2.540260414022058058e+02 2.538554451349466774e+02 2.527613959899077827e+02 2.541770249248635025e+02
2.657630491128336416e+02 2.670577474215126017e+02 2.641695815812055343e+02 2.664921896182876822e+02
2.539235863939140074e+02 2.543803398966845748e+02 2.526090999825977974e+02 2.546798652436513919e+02
2.515652312504009558e+02 2.519256518404737335e+02 2.508593718668804513e+02 2.522795470743544399e+02
2.475000560090154522e+02 2.480659023002779975e+02 2.476335706851863847e+02 2.484037272062901707e+02
2.690740362221638975e+02 2.694535292016853987e+02 2.668138241692985844e+02 2.692708224727005586e+02
2.518884539446485462e+02 2.520482015704741627e+02 2.511037909796947929e+02 2.524417698626538424e+02
2.823557172382356271e+02 2.826740873185740384e+02 2.803447584559900179e+02 2.834373744361401464e+02
2.604018166889177337e+02 2.608607584425083132e+02 2.581932846786982054e+02 2.603394085457716756e+02
2.938278174305912103e+02 2.947662564984763662e+02 2.929985857234906916e+02 2.942979856135196997e+02
2.661283966382157473e+02 2.655890550532266730e+02 2.637072749968306198e+02 2.674514256200361615e+02
2.903233766452356122e+02 2.895768968406248405e+02 2.866437960433864305e+02 2.880245273377631179e+02
2.719554233859550436e+02 2.719580533728009186e+02 2.689478318430779495e+02 2.728682473025482977e+02
2.546029790750497455e+02 2.550568571224911238e+02 2.540254931136888956e+02 2.555655251297505970e+02
2.519291341398618158e+02 2.519014455849176102e+02 2.512088732582999171e+02 2.523793058373160534e+02
2.861469654260370135e+02 2.862476403811870682e+02 2.827819346588559597e+02 2.861580931141595556e+02
2.495434719906916143e+02 2.494555901356189054e+02 2.489126278714076079e+02 2.499577491238693483e+02
2.537636682440769675e+02 2.537237188480158068e+02 2.528340008939259178e+02 2.543922390368412607e+02
2.521059209506005345e+02 2.523479691023339058e+02 2.515049219937552607e+02 2.523630275242868777e+02
2.543967813854762596e+02 2.548410036211456600e+02 2.536353319616885074e+02 2.548176644244562112e+02
2.539944578926742622e+02 2.544658533909307607e+02 2.539979802376916496e+02 2.549133822447276145e+02
2.687653470129180278e+02 2.693725605279622073e+02 2.660280131392152043e+02 2.700308551119603067e+02
2.477465622292252476e+02 2.477024838617805926e+02 2.469269421929972168e+02 2.481608205233546585e+02
2.574368937665108774e+02 2.581424166633198638e+02 2.556805726703341577e+02 2.583857367847945170e+02
2.955643498292478171e+02 2.979794052197481733e+02 2.962868317250533323e+02 2.963562556088368751e+02
2.523199090215989600e+02 2.524870479189541470e+02 2.511820545509985152e+02 2.532270751009924084e+02
2.706060591105656385e+02 2.698193293267601121e+02 2.685341034813178567e+02 2.713459801150966655e+02
2.588593567944068923e+02 2.598571325648935044e+02 2.577788278188431264e+02 2.598275352650962873e+02
2.506419584066771051e+02 2.501718130780851084e+02 2.503584429125337465e+02 2.508297523238237829e+02
2.668585275765109373e+02 2.671556193705698661e+02 2.652539153259955356e+02 2.681901756008439293e+02
2.508220375217890705e+02 2.509780450088944690e+02 2.491216772650530515e+02 2.513742403910396206e+02
2.594391130748482510e+02 2.594977398912746480e+02 2.567005443575724257e+02 2.613676153548329921e+02
2.469951701728134310e+02 2.470729595493649811e+02 2.466602095009500317e+02 2.477527236953265515e+02
2.533075454819036736e+02 2.542652208225900665e+02 2.520580812894974656e+02 2.543198921312190635e+02
2.898490588023037731e+02 2.906609550798752366e+02 2.876667931938173410e+02 2.890154923750648095e+02
2.505246460900754357e+02 2.509587280660775548e+02 2.486247015463559649e+02 2.512571377380013757e+02
2.487105738324862898e+02 2.485184620964603823e+02 2.477832421103789216e+02 2.493698687828687355e+02
2.486421790943006442e+02 2.488243537778362224e+02 2.483781554159008635e+02 2.498410563381078475e+02
2.487826191962663529e+02 2.492576808216671793e+02 2.480974577993621040e+02 2.488702421074862343e+02
2.491301323909064536e+02 2.493310417562147734e+02 2.482303311809021693e+02 2.497418777643475494e+02
2.563442517159842282e+02 2.572115700529363380e+02 2.548743581808118677e+02 2.575887771434859701e+02
2.681626073089775559e+02 2.680047344241446581e+02 2.651874252711664326e+02 2.688698712255029477e+02
2.481814961218910298e+02 2.483746520237129971e+02 2.477195714558738189e+02 2.488162775566844971e+02
2.472799654493896924e+02 2.480154960168774494e+02 2.471050635623161611e+02 2.475039286932084792e+02
2.924411096953474498e+02 2.915573351386130980e+02 2.901252297902553323e+02 2.933475462290688824e+02
2.452941806919937449e+02 2.454818192339953953e+02 2.446571726870676287e+02 2.454717282424535370e+02
2.467468207601854147e+02 2.470783503013256279e+02 2.463504603260871590e+02 2.476590093616644026e+02
2.678521885865259833e+02 2.707057793159796120e+02 2.661206863285702866e+02 2.701729547625747045e+02
2.500361861327535564e+02 2.505979287973354417e+02 2.490467618102820779e+02 2.512187409989828666e+02
2.517245334332988591e+02 2.516610970562328475e+02 2.507113376294496447e+02 2.520594478471928710e+02
2.520243125065287586e+02 2.516967257999840797e+02 2.507184376335324316e+02 2.524490274625651409e+02
2.490936973490463231e+02 2.497290556352513420e+02 2.488083375469974499e+02 2.497192280533746782e+02
2.479653109559996551e+02 2.480128735999255696e+02 2.471784138338543642e+02 2.486901206502971888e+02
2.552387707084692465e+02 2.556185997803571297e+02 2.530275965899315338e+02 2.561802752657038695e+02
2.615686548211785976e+02 2.626358094890326811e+02 2.596378511014189030e+02 2.642755449288465570e+02
2.540522693007550572e+02 2.548872119576980140e+02 2.530887610962719236e+02 2.547378627673449785e+02
2.566871820742073851e+02 2.570882302930257310e+02 2.553587338408031542e+02 2.578596240831697628e+02
2.574549629237670842e+02 2.586586354842389142e+02 2.564874812957746713e+02 2.592806916420618109e+02
2.515001479621256806e+02 2.517686501458916837e+02 2.506559011972114206e+02 2.524814848673411802e+02
2.468395723759131499e+02 2.468484999570491141e+02 2.461026644900126144e+02 2.472790285543524931e+02
2.515531968526967717e+02 2.514608528271835155e+02 2.509945740504141156e+02 2.520676921054033812e+02
2.462714083149709836e+02 2.463086568416790385e+02 2.455518121462773706e+02 2.469121935637290335e+02
2.495132724173625149e+02 2.498486013331225308e+02 2.488766801803240583e+02 2.492424540909047437e+02
2.505079134337199775e+02 2.504684323469926710e+02 2.499672091993701883e+02 2.505149941962364153e+02
2.576285385937642900e+02 2.580679147441899772e+02 2.558104514008767296e+02 2.586079345515236696e+02
2.492450969121165372e+02 2.491759469167624559e+02 2.487584741724056414e+02 2.498880432255403434e+02
2.522504272116918003e+02 2.525664948952610587e+02 2.512634691978824435e+02 2.534352797075456465e+02
2.464909942288087450e+02 2.465300852830706333e+02 2.461568189776314455e+02 2.470544091150460417e+02
2.778853163122673209e+02 2.782577063455520943e+02 2.749179058058045371e+02 2.775846175442470667e+02
2.485807891523443516e+02 2.490349044179811244e+02 2.480649385724101137e+02 2.496616970389007406e+02
2.520464270567580627e+02 2.525012894443220546e+02 2.510743798326560920e+02 2.539040043541866964e+02
2.529409022076004874e+02 2.532917885628406793e+02 2.524884249024924259e+02 2.541503054450346610e+02
2.490627559067459913e+02 2.491365086531721147e+02 2.483302681399021594e+02 2.494593750655278939e+02
2.593242578233360973e+02 2.596568944101534839e+02 2.570397942144060721e+02 2.602475810904207378e+02
2.633019757006843520e+02 2.630837193381910879e+02 2.612843198942190384e+02 2.631046474527143459e+02
2.510667555961054234e+02 2.511301513995496748e+02 2.502971555291369157e+02 2.515647076653739020e+02
2.527054358790107642e+02 2.531340240067380591e+02 2.514560647441653600e+02 2.533748861937887398e+02
2.481438957383621187e+02 2.483890137629092578e+02 2.476971072032390282e+02 2.492752574192507780e+02
2.495149470695563139e+02 2.494218229655550942e+02 2.490504584473314651e+02 2.496349950985457440e+02
2.557021921818602550e+02 2.557722328356875039e+02 2.537348896785477166e+02 2.559320505869956435e+02
2.790518420086367541e+02 2.789022503746834900e+02 2.765489992249017632e+02 2.784328246583624491e+02
2.928898902157751536e+02 2.912411883324907649e+02 2.890626396247354819e+02 2.910847248638949623e+02
2.521288871342951836e+02 2.521773329744880243e+02 2.507150804089150995e+02 2.525479161671309498e+02
2.592579903079495125e+02 2.611284341962128792e+02 2.582685153116902370e+02 2.604919484887649901e+02
2.510525731621531520e+02 2.514944200118978017e+02 2.506801724545078969e+02 2.518195572337945691e+02
2.472680510682726265e+02 2.476014959330405816e+02 2.465590326723024361e+02 2.482541761779518481e+02
2.516760835228405995e+02 2.521833818633201929e+02 2.508771220757386118e+02 2.523953031138655660e+02
2.527362106618591611e+02 2.529984112808038503e+02 2.518884774443944252e+02 2.538883864233125962e+02
2.495754946658039444e+02 2.501373834703479986e+02 2.490939621932541570e+02 2.501636046150290440e+02
2.546308367581535492e+02 2.556921826748976798e+02 2.535890974189888141e+02 2.559741142888785816e+02
2.720958996448654261e+02 2.724026987323019284e+02 2.693887223119712644e+02 2.721938124644362915e+02
2.500915494865872120e+02 2.505653729004611137e+02 2.496080288452325817e+02 2.511323733265890894e+02
2.587987095586479995e+02 2.590710963356310685e+02 2.560025631754159576e+02 2.590471206920953477e+02
2.611859045141517299e+02 2.617982255409335721e+02 2.595753170231438389e+02 2.627423509737502627e+02
2.587803050819613304e+02 2.584807830485501654e+02 2.560616397314852861e+02 2.595353187414867762e+02
2.639501882564208586e+02 2.641470908073254122e+02 2.603957150210314353e+02 2.654007587023686483e+02
2.479435236143123120e+02 2.482738092532124767e+02 2.474723515252452728e+02 2.482459779717969184e+02
2.483114024427680988e+02 2.488613945035642132e+02 2.476469727763610820e+02 2.489383275886827107e+02
2.622523899984066134e+02 2.629413562041077057e+02 2.607060198494976362e+02 2.642458045790786514e+02
2.520305556576566346e+02 2.521122894416473912e+02 2.514437372571122751e+02 2.525802886650145069e+02
2.528260425367361108e+02 2.532836903077957516e+02 2.520234049140426009e+02 2.539974671993970503e+02
2.529314202601256625e+02 2.536156821605140408e+02 2.521047743964850838e+02 2.540600643970996941e+02
2.498728127084253572e+02 2.501517638469302938e+02 2.485036540791558650e+02 2.506495847726803845e+02
2.792704169113110311e+02 2.803229728780490291e+02 2.769713409425617670e+02 2.793899322441695290e+02
2.494427706557466706e+02 2.490645553565050250e+02 2.487139112159895262e+02 2.494059270220559767e+02
2.635849194400308875e+02 2.657342402825933618e+02 2.621243496322264264e+02 2.654835394117030205e+02
2.690990401273891734e+02 2.705218935689891282e+02 2.671579972944969086e+02 2.697842403059690923e+02
2.509035519073705132e+02 2.510246975965937679e+02 2.494185868869381579e+02 2.519175173455995491e+02
2.547130703283173432e+02 2.552998543477668534e+02 2.535873731725330913e+02 2.563913502588304141e+02
2.614256483393822919e+02 2.624159960111732630e+02 2.603249519036756965e+02 2.634726212268598147e+02
2.562228719729116051e+02 2.570977609467366278e+02 2.540564329362458977e+02 2.570947797067654506e+02
2.520977698512488701e+02 2.524230344656179454e+02 2.513116952921809570e+02 2.528805351968764512e+02
2.639642728618514980e+02 2.635457187055770305e+02 2.627697170513852143e+02 2.648886086485271676e+02
2.542867620586394253e+02 2.542520149406969097e+02 2.528682916492817299e+02 2.548304234855476977e+02
2.465180063224983371e+02 2.463181967135612922e+02 2.457712973271354997e+02 2.469550637488912912e+02
2.467226873588976161e+02 2.469020682982742869e+02 2.457480078539877013e+02 2.472628586498991012e+02
2.974433808873080238e+02 2.962554346773403040e+02 2.938182087162483640e+02 2.937896717165853033e+02
2.644830598962404338e+02 2.659458821186249224e+02 2.625315858333571555e+02 2.662190328244324178e+02
2.502408966470850942e+02 2.511663574926415379e+02 2.492582559634060999e+02 2.518668647746449381e+02
2.549319743934085807e+02 2.557169706269444305e+02 2.538502890052757266e+02 2.557653090914294296e+02
2.487462322107758155e+02 2.490835696917617952e+02 2.483047383570901161e+02 2.493501021118022436e+02
2.475765799993425276e+02 2.480152330204776661e+02 2.473976676333416265e+02 2.485258253278350651e+02
2.468296576318396944e+02 2.465851040893399500e+02 2.459240085696892208e+02 2.469367177708289205e+02
2.757566787736063816e+02 2.778212899491739449e+02 2.749591996849962356e+02 2.784423787570383411e+02
2.487473520551707225e+02 2.489079076562046282e+02 2.483191615839641031e+02 2.493953482928875758e+02
2.555395593505103022e+02 2.558759499470041021e+02 2.545567479633969299e+02 2.564358920862400737e+02
2.507010929973511395e+02 2.499772736605746957e+02 2.495203983001032384e+02 2.509939364427746398e+02
2.703932561060212834e+02 2.701362423743117915e+02 2.663183659020371010e+02 2.711421589347156100e+02
2.611901087695329124e+02 2.609978908747659716e+02 2.602592285928002411e+02 2.615519942188227560e+02
2.796328342029391365e+02 2.808490793930826044e+02 2.773152323641928660e+02 2.804011734339788973e+02
2.488136046492584512e+02 2.487293542634611470e+02 2.481111704714615200e+02 2.491252546584433389e+02
2.496724364066606654e+02 2.500237126234737559e+02 2.486017533677376434e+02 2.503847493739685035e+02
2.562411460549350863e+02 2.562648978635807566e+02 2.537747285742233032e+02 2.574032370406653740e+02
2.493798968465801522e+02 2.496288208920515501e+02 2.486795835850111587e+02 2.499323351739799648e+02
2.521646449331553299e+02 2.514967444727667782e+02 2.507144769327993572e+02 2.527221241050496019e+02
2.445120804852601566e+02 2.449588603970920246e+02 2.439346410422789688e+02 2.453879303401682819e+02
2.482175758764933846e+02 2.478322672653713425e+02 2.470770683631958207e+02 2.483667089483314783e+02
2.468928969138432592e+02 2.466322034474256952e+02 2.460073150723371498e+02 2.475505558966838180e+02
2.471724967238461090e+02 2.468567343592347356e+02 2.461344586887842638e+02 2.476579082263190514e+02
2.477998849475100371e+02 2.481744789290921176e+02 2.472348358708635203e+02 2.485442646535415747e+02
2.481599984787363837e+02 2.485869285229634045e+02 2.474195959416910853e+02 2.490949215864535233e+02
2.461280617971275717e+02 2.459517773924635264e+02 2.459332669724082621e+02 2.470048936457119737e+02
2.508620579151624668e+02 2.508216598310806660e+02 2.502671866833358933e+02 2.515814135502474471e+02
2.534482606398319149e+02 2.542636024071116196e+02 2.526429062525747611e+02 2.541546061316612963e+02
2.534278644726935283e+02 2.535035322176240413e+02 2.520765430984133957e+02 2.539780666431435634e+02
2.490061799101109159e+02 2.491907495519201632e+02 2.485801077117584725e+02 2.494274178926772834e+02
2.607590449535893526e+02 2.608451717937577996e+02 2.576397118510773225e+02 2.613099337928587715e+02
2.546204589491493948e+02 2.548529635275253327e+02 2.528030239460665314e+02 2.546921138365075592e+02
