2.656757675161940710e+02 2.655598754707384046e+02 2.646823272296016398e+02 2.663692616740895573e+02
2.940039763451133012e+02 2.951636009750780545e+02 2.935530663192442375e+02 2.944057374654762498e+02
2.592307884351116058e+02 2.594365284954814115e+02 2.586064574994975942e+02 2.593486046179103823e+02
2.684793242742906045e+02 2.692440699272169127e+02 2.668600023384180417e+02 2.690868165742992915e+02
2.536144465285373144e+02 2.539540153160802447e+02 2.529440883417543091e+02 2.537666978902710468e+02
2.572803009686567179e+02 2.577943301970863104e+02 2.565445929100568492e+02 2.583784629603029543e+02
2.529097907039586062e+02 2.536525750783192166e+02 2.529574711832333094e+02 2.537427804788518984e+02
2.570399512159277151e+02 2.575136677133701824e+02 2.557602414053239670e+02 2.578393065799118062e+02
2.669292772011574471e+02 2.675115674688696004e+02 2.653821281886878864e+02 2.672329419955137269e+02
2.641585946836488574e+02 2.649618411505535391e+02 2.633520419958884418e+02 2.649637210167401236e+02
2.593106488855537464e+02 2.599673138178665113e+02 2.576970764022574940e+02 2.603428194154110997e+02
2.712758931309075479e+02 2.719889252119332355e+02 2.694829418927001257e+02 2.721121115834658895e+02
2.562715362183312209e+02 2.570355966419413107e+02 2.546486545294581276e+02 2.575218114939680731e+02
2.584109157330031508e+02 2.581076737526856277e+02 2.568811573664227694e+02 2.587323488246103125e+02
2.858940638838614632e+02 2.869691510844253912e+02 2.845189749702552149e+02 2.867356545269531694e+02
2.549748322433502494e+02 2.551052743102274860e+02 2.537001273395943883e+02 2.550189475627021807e+02
2.557522743724985901e+02 2.558624886743056379e+02 2.552576940315582590e+02 2.557444987220148107e+02
2.601344514451403143e+02 2.601013055329201507e+02 2.592248699287324030e+02 2.600122994465514239e+02
2.577186409198204728e+02 2.581567129394573499e+02 2.567168593083763994e+02 2.583753093114972330e+02
2.608466362917981201e+02 2.608150778435359030e+02 2.594923742331072845e+02 2.610272783132001564e+02
2.578877245070443678e+02 2.586177311290519469e+02 2.572042312331883522e+02 2.588500426143319260e+02
2.708504582870832564e+02 2.716934307194905500e+02 2.697683256072340328e+02 2.713971811290281835e+02
2.784152164460643348e+02 2.780189345463383006e+02 2.757606504060528891e+02 2.781184885961152418e+02
2.555516461613661079e+02 2.561277539218031620e+02 2.555324240759388204e+02 2.562614068208925460e+02
2.842324106784335527e+02 2.846098307205339779e+02 2.833022096092024640e+02 2.848248073415992394e+02
2.584592186722028373e+02 2.588826067633049774e+02 2.580660667016000502e+02 2.591005610760979607e+02
2.618983025787360930e+02 2.624267742418927014e+02 2.605238856322541778e+02 2.628948450367955161e+02
2.581819734933948780e+02 2.580260921066399078e+02 2.575384292489304130e+02 2.579906989541847793e+02
2.591450361008592154e+02 2.592509105893052492e+02 2.588876320325180700e+02 2.593811264444221933e+02
2.595226611217303798e+02 2.597713002562612132e+02 2.592253660973220803e+02 2.595682087852270001e+02
2.739318145257047377e+02 2.742389250008061481e+02 2.726528571116219268e+02 2.748559164520638092e+02
2.598725089754905184e+02 2.598487419377679544e+02 2.586531410816059520e+02 2.611784134554825414e+02
2.549120212548090763e+02 2.551187161282952900e+02 2.546865582702573931e+02 2.549637815137011501e+02
2.552095373292503098e+02 2.557052089282856855e+02 2.541001539922318386e+02 2.557742225932016993e+02
2.824028705704781714e+02 2.828053648463890113e+02 2.799914697980243545e+02 2.832293967061782496e+02
2.818223012092304884e+02 2.833011296405666144e+02 2.807793922185775273e+02 2.823111116600535411e+02
2.994620705208233744e+02 2.989525614904616191e+02 2.981595577662501455e+02 2.981862320529751855e+02
2.617138934217334736e+02 2.625259083758217002e+02 2.609757149988032552e+02 2.622732317594832807e+02
2.562348745584136509e+02 2.563310786349753130e+02 2.558344052460224702e+02 2.567758732969548987e+02
2.546953174498604824e+02 2.547493249308155896e+02 2.545045789015220805e+02 2.553033812746128319e+02
2.557029765938568175e+02 2.560960951554616258e+02 2.548122274296578382e+02 2.563482087417065713e+02
2.581838017789693822e+02 2.582513574679815633e+02 2.575173820259955164e+02 2.582786452800680195e+02
2.755583626567786837e+02 2.757770592402141006e+02 2.727791930078038831e+02 2.754030430389894377e+02
2.550906430109382939e+02 2.556371758925003803e+02 2.546172421097153062e+02 2.556456696402490252e+02
2.590523443357799351e+02 2.590450016230421966e+02 2.582869707655459592e+02 2.588684193873662025e+02
2.652824765052642988e+02 2.649832464554983744e+02 2.635042455718102588e+02 2.654531309994316643e+02
2.625910930109779997e+02 2.636125348186121755e+02 2.618292743434254817e+02 2.638363524779050522e+02
2.776273790886399411e+02 2.776740055462544206e+02 2.757726076445186436e+02 2.776940822061446283e+02
2.594512740378381750e+02 2.590626963808741152e+02 2.588852284672253177e+02 2.594693977896773731e+02
2.966463490356675266e+02 2.966749640856576775e+02 2.947779971165626876e+02 2.961383544920268491e+02
2.638792789410681507e+02 2.643100719909275540e+02 2.631821874011242244e+02 2.649659311089033054e+02
2.684456568974110269e+02 2.691113299238451759e+02 2.668300385848099836e+02 2.692919197568290315e+02
2.583103346470274460e+02 2.584402373236244443e+02 2.570776816474960356e+02 2.588709818559884752e+02
2.942842198118749479e+02 2.937078435623566861e+02 2.929540033135025965e+02 2.943246282041083077e+02
2.567133566186187181e+02 2.567652923887621341e+02 2.562718386861725435e+02 2.573442101472535910e+02
2.571279604553954528e+02 2.570646104826121245e+02 2.565250405372081559e+02 2.568832424834952235e+02
2.608271354983091896e+02 2.610861658984666178e+02 2.605575116427548892e+02 2.612697808994116144e+02
2.623313557129575315e+02 2.624905693988323492e+02 2.613379564952194869e+02 2.628774675821132405e+02
2.638138502043598237e+02 2.635517237768747805e+02 2.626499070722160809e+02 2.638267756334790874e+02
2.641449765367344185e+02 2.641628029984910881e+02 2.630946968574270954e+02 2.641073318692102134e+02
2.542309776901037992e+02 2.545368836892299669e+02 2.542980794491043639e+02 2.548734932860254219e+02
2.671172835873431950e+02 2.666735550285796421e+02 2.647379439724884378e+02 2.663948447231379646e+02
2.585095226675722415e+02 2.589066904760871921e+02 2.580302138922951372e+02 2.590955815773779705e+02
2.965392594017371266e+02 2.977848633585333573e+02 2.941591591358067603e+02 2.954135907608967955e+02
2.604686670076863493e+02 2.598883337944709524e+02 2.585919125174307851e+02 2.604906188076907370e+02
2.569895977339026558e+02 2.569500337129001082e+02 2.548348628262543230e+02 2.573152279114253815e+02
2.551913716304624415e+02 2.548306578713204544e+02 2.543716607913515020e+02 2.555601403466628199e+02
2.728701626617928468e+02 2.726130270827943605e+02 2.710813714626547721e+02 2.733214259439930061e+02
2.573485731713552696e+02 2.578929172088166411e+02 2.561887276020681838e+02 2.581436490120055396e+02
2.588168959093936223e+02 2.591146148432791279e+02 2.579752785948286373e+02 2.593760782368533455e+02
2.554192950524095522e+02 2.555946299308863843e+02 2.547461642020548140e+02 2.557716650896350643e+02
2.732953953169346164e+02 2.743618507929584212e+02 2.714820905259781512e+02 2.744610498766122078e+02
2.737100169716999858e+02 2.744139230515580152e+02 2.722281013396660114e+02 2.752155642374100921e+02
2.637472492458447277e+02 2.642176746172266348e+02 2.625788625356031503e+02 2.649987558228277180e+02
2.670820798384635850e+02 2.673094595796048907e+02 2.662659943328501413e+02 2.679120469949533003e+02
2.524050116886288606e+02 2.529681466020171854e+02 2.524512104770343512e+02 2.531739326973854531e+02
2.561665108964933211e+02 2.562708576293757687e+02 2.550089404208034978e+02 2.567108837809859097e+02
2.552206014022672207e+02 2.556231918087881070e+02 2.547875751500505430e+02 2.558941990951144021e+02
2.872298361139866643e+02 2.891552257570589859e+02 2.863152419875785881e+02 2.873897074894243815e+02
2.573445001734233983e+02 2.575316420348889324e+02 2.569169637824676897e+02 2.578544694123132217e+02
2.695732920452527424e+02 2.703861137291885370e+02 2.683837041705145907e+02 2.707903110872270531e+02
2.580261071863444045e+02 2.580425755621151893e+02 2.584003101164703935e+02 2.577518135113744506e+02
2.829134138251368427e+02 2.847732754216269768e+02 2.819945463556062464e+02 2.850998673737744866e+02
2.862759148921086307e+02 2.862424159498738732e+02 2.838452689032961302e+02 2.863645494174291457e+02
2.606625867877292535e+02 2.605946715868175829e+02 2.604635003582925492e+02 2.613298505196084989e+02
2.707091181748061217e+02 2.715627379749299735e+02 2.699079778116367265e+02 2.715912613676244405e+02
2.594445884090433765e+02 2.591331295902052716e+02 2.583085281549409160e+02 2.593327885373226422e+02
2.571663119649607552e+02 2.574051851400283226e+02 2.561810060989205908e+02 2.570442878556470419e+02
2.595892446690733664e+02 2.602833819059815710e+02 2.593424075193742055e+02 2.605430398627362365e+02
2.644305278476334706e+02 2.647894768141420059e+02 2.634907640221111933e+02 2.647309069211012797e+02
2.521563505256413293e+02 2.529850093028899494e+02 2.519592023632224311e+02 2.533994574157561601e+02
2.640895407766897165e+02 2.646208611938894251e+02 2.629905513922556679e+02 2.649202519178743387e+02
2.569536934832341331e+02 2.566721793330865466e+02 2.564501881149479914e+02 2.576056239156891365e+02
2.616408884209065491e+02 2.613356332907329147e+02 2.608308754957761835e+02 2.616611821121891239e+02
2.587405444483719634e+02 2.588168858566571089e+02 2.585403881207907375e+02 2.588903863796269320e+02
2.577197679197390130e+02 2.577235331641206244e+02 2.567076299489476128e+02 2.579407893664367180e+02
2.577290535342220892e+02 2.577591754234696282e+02 2.567467141972985587e+02 2.579207795525501865e+02
2.551942686157049138e+02 2.557374322090087162e+02 2.546240532975288033e+02 2.555785110984913331e+02
2.671134689597101897e+02 2.676647605875634781e+02 2.662409593286423046e+02 2.680016395188307570e+02
2.563374723953950252e+02 2.564640205009848728e+02 2.549322141437555445e+02 2.568769069033256756e+02
2.571944569352942267e+02 2.579925956102717919e+02 2.573499191669317838e+02 2.577784501368784618e+02
2.599906222741530541e+02 2.602834032259164019e+02 2.588297045193180566e+02 2.605817673843262128e+02
2.644726632853750061e+02 2.640401152632287562e+02 2.633110589216772155e+02 2.651965861524885781e+02
2.573877181191834325e+02 2.579419606571124177e+02 2.572577228730141314e+02 2.578285366785339079e+02
2.610432943274712443e+02 2.611480379107941872e+02 2.601458718595329742e+02 2.615036286833015993e+02
2.600956944129379735e+02 2.602651637096779496e+02 2.591681004579572800e+02 2.606672071959766299e+02
2.689525056255208710e+02 2.699343085277569685e+02 2.679997220394307647e+02 2.699746511865570255e+02
2.576990632548788653e+02 2.580769361400104458e+02 2.571710398845673353e+02 2.579293009316853045e+02
2.574408901753113810e+02 2.576623054308901146e+02 2.570678153532230681e+02 2.577660363325135222e+02
2.794166023962624763e+02 2.803785933259771355e+02 2.765990931613038128e+02 2.797064765810310973e+02
2.513915763688412994e+02 2.519877467987326156e+02 2.506780309107061839e+02 2.522213499333553557e+02
2.810161294171010695e+02 2.818629160370264799e+02 2.795107790497772839e+02 2.817752844515556490e+02
2.744561840392121894e+02 2.751069645620441406e+02 2.725475308982601064e+02 2.753788613434772969e+02
2.542333582089338222e+02 2.547945648844141999e+02 2.542232767971248677e+02 2.552187103244576463e+02
2.572346820760470223e+02 2.574063744714188147e+02 2.556665698574380485e+02 2.581608250475705972e+02
2.785582811818716209e+02 2.784714250361977292e+02 2.753147428828288525e+02 2.783546519019291736e+02
2.572628026911740449e+02 2.561907377854006427e+02 2.557959027743454783e+02 2.570235039673781898e+02
2.543797618575159447e+02 2.544681159487563207e+02 2.538031948566692506e+02 2.550960307551693802e+02
2.656879244149156989e+02 2.654198404653736247e+02 2.639857124452626067e+02 2.662152084588247476e+02
2.661567949072963302e+02 2.661589732173723064e+02 2.646982422739345679e+02 2.666284249199898682e+02
2.758436563101676029e+02 2.764063664045271480e+02 2.737432840053548944e+02 2.766134516980504827e+02
2.779527100220608986e+02 2.782128338772917004e+02 2.750467171440521952e+02 2.789449080238868532e+02
2.680870681596596228e+02 2.685742815807043939e+02 2.666080948226780833e+02 2.692867742446413786e+02
2.585152885098397064e+02 2.584611802879471725e+02 2.579907662916610889e+02 2.588418452018497646e+02
2.619314106256086916e+02 2.614671581700327465e+02 2.608563097392521968e+02 2.615754500463148133e+02
2.586325213158460201e+02 2.591131057724965672e+02 2.586184935332028658e+02 2.592369311545414234e+02
2.770612541697802840e+02 2.781044078248041274e+02 2.750958730912495867e+02 2.780797075765542559e+02
2.573125317382651360e+02 2.572237476558493086e+02 2.567283846957744231e+02 2.575290268371909406e+02
2.570981588020484878e+02 2.570005968487224663e+02 2.565307398236031418e+02 2.570291384858296624e+02
2.525808512469552056e+02 2.525644996772222441e+02 2.519172415071009823e+02 2.526930919166248088e+02
2.588378980428053069e+02 2.587449503071140384e+02 2.579526862379780709e+02 2.593018209390691027e+02
2.544641770103622775e+02 2.545894297371708888e+02 2.537110665736292674e+02 2.547923705452503214e+02
2.733882609884553290e+02 2.746319116491725367e+02 2.715026375974313737e+02 2.738879081297037601e+02
2.950338863787333139e+02 2.952190779472705344e+02 2.926384426906195131e+02 2.955705109112346918e+02
2.618366620909489484e+02 2.618746860900774323e+02 2.610966286544957597e+02 2.626589271435591399e+02
2.919117860272546636e+02 2.919175092228906010e+02 2.893692856588709219e+02 2.910559710363677937e+02
2.581541924862564770e+02 2.582611391116920458e+02 2.581909907602612861e+02 2.586055796581096615e+02
2.893785199008038376e+02 2.902193574358756223e+02 2.872705966163110247e+02 2.886075927854001861e+02
2.549283619751547860e+02 2.549094395693978754e+02 2.540464100136696572e+02 2.554080517464729212e+02
2.984173952402981058e+02 2.987395917865200659e+02 2.976854221083821130e+02 2.977071934913460041e+02
2.614930186056557773e+02 2.618204543933235868e+02 2.606467939636892197e+02 2.621195229736903229e+02
2.598574269382010016e+02 2.604878951248606995e+02 2.596255652994922798e+02 2.609441054307013133e+02
2.615565832576240837e+02 2.616860064098333964e+02 2.604897421161141438e+02 2.631027215933928574e+02
2.600598706062722840e+02 2.599859349037750462e+02 2.580691433093108458e+02 2.607710178923314288e+02
2.922527819720003777e+02 2.931609649469240821e+02 2.910259420900778196e+02 2.931065709664192127e+02
2.591631339013266029e+02 2.586249743609696452e+02 2.580807148071547772e+02 2.595030119743554451e+02
2.678359307565793870e+02 2.678935475514489326e+02 2.661392803196112595e+02 2.686014447741276854e+02
2.694830195066940064e+02 2.690069037910989778e+02 2.669795837474610494e+02 2.695228145859347819e+02
2.691147039247767339e+02 2.701719131853269005e+02 2.659379667119608825e+02 2.693018893702783885e+02
2.673192446426597257e+02 2.674629326791114181e+02 2.665742459403329576e+02 2.683298270043936213e+02
2.601408341028823656e+02 2.603431831257254885e+02 2.591676522630311297e+02 2.601074087262766739e+02
2.632051767130589042e+02 2.633299288996050223e+02 2.619908313399370741e+02 2.635192284346918541e+02
2.882423706272383015e+02 2.879723834989208058e+02 2.850650696920041014e+02 2.879277016376454981e+02
2.658841390521016024e+02 2.662305957715310001e+02 2.646416101700001491e+02 2.660810820359047852e+02
2.844625583050890327e+02 2.852880642179176220e+02 2.824713862976416294e+02 2.836355564108505973e+02
2.545496689778190671e+02 2.547747723090284921e+02 2.538821099175091263e+02 2.548568753646506195e+02
2.549317249233198197e+02 2.550216210286716887e+02 2.540857264922400134e+02 2.551426573794731212e+02
2.828325663839434583e+02 2.842211934003124156e+02 2.819058264497600135e+02 2.842348839490169894e+02
2.633986855307915675e+02 2.633696875850078527e+02 2.615869098975657607e+02 2.633427471012394108e+02
2.574027183524997326e+02 2.575996533973676605e+02 2.578177560240242769e+02 2.576525694687511532e+02
2.609375136170169753e+02 2.613204201184523185e+02 2.602943970210811813e+02 2.612651112870464090e+02
2.605188329290186289e+02 2.606038760328030435e+02 2.594565416534649103e+02 2.607686645177680589e+02
2.579501432516786963e+02 2.581552381396894020e+02 2.566591045991043529e+02 2.581624632360778264e+02
2.595885718783181915e+02 2.593381795135243237e+02 2.593650547096187893e+02 2.592480415095335502e+02
2.617846789300273826e+02 2.622245510536911866e+02 2.609730723756237012e+02 2.621957517336628030e+02
2.581277097334492510e+02 2.580483768347053228e+02 2.584505330511214538e+02 2.582859094327718594e+02
2.623304873405546118e+02 2.625473002910870832e+02 2.618964589631017930e+02 2.646327679848079129e+02
2.641900030980424958e+02 2.634310541413565829e+02 2.633606445564500973e+02 2.644267688775613578e+02
2.741120278628997653e+02 2.739590956904532959e+02 2.715199402341059454e+02 2.737099027261083393e+02
2.546529944423745064e+02 2.545750309198728871e+02 2.536331741885974509e+02 2.544090448661583537e+02
2.841597407470882217e+02 2.851024977086504464e+02 2.815386476666941462e+02 2.842755875103392782e+02
2.585195156243861447e+02 2.588440044837532810e+02 2.583019353758288048e+02 2.590509632899445478e+02
2.794109868657590141e+02 2.806636819064240171e+02 2.771235868625024068e+02 2.799405252576509611e+02
2.562610835877861746e+02 2.560089082692501847e+02 2.548622479849047693e+02 2.562069047911405733e+02
2.635420610496593667e+02 2.631278257308592288e+02 2.619348966034895625e+02 2.643473192782655019e+02
3.040326434170012249e+02 3.048954473375010252e+02 3.040587960527809059e+02 3.039125021971276510e+02
2.584017298436476153e+02 2.586054166692670719e+02 2.581200504552544430e+02 2.590506068698327340e+02
2.659134687130685961e+02 2.658755752714337177e+02 2.639183334179540452e+02 2.661954914482388403e+02
2.574320392816740650e+02 2.576687052730191567e+02 2.569640477796997402e+02 2.580211253414274779e+02
2.711913420533878707e+02 2.722370774077218698e+02 2.699868209713982310e+02 2.716279968352233141e+02
2.608512720901790090e+02 2.614224943946919097e+02 2.591909473826009389e+02 2.618253636963428335e+02
2.597012938977886165e+02 2.601346633826676680e+02 2.585970734869252965e+02 2.604356382424199410e+02
2.609876757571866506e+02 2.612604093044300839e+02 2.606932275553623413e+02 2.617714025095312991e+02
2.524124552641161756e+02 2.527005556905436663e+02 2.516685088214901498e+02 2.528500200053750859e+02
2.763986781396320680e+02 2.772497396560018501e+02 2.743250790519468296e+02 2.764161778219512371e+02
2.695757943151591007e+02 2.704068505477266626e+02 2.676426609449234775e+02 2.705712010647137618e+02
2.709808126996205715e+02 2.722701148305401944e+02 2.690977907132306086e+02 2.714819075481050845e+02
2.679766492141500294e+02 2.677057086558566539e+02 2.656057881256769519e+02 2.685067699453109071e+02
2.678238086487738201e+02 2.689011874680369374e+02 2.652783652286502161e+02 2.687186180978630432e+02
2.645917610869886403e+02 2.641403122946795747e+02 2.634066679965558819e+02 2.656737498335930354e+02
2.559956314846623684e+02 2.564053209820087886e+02 2.551356750393755135e+02 2.565402503281421787e+02
2.572962682757887478e+02 2.572373006318874218e+02 2.573675772632443568e+02 2.576929783915671806e+02
2.586465521909325389e+02 2.587808329580943791e+02 2.580087560169458243e+02 2.586797822016425812e+02
2.656168645505478025e+02 2.656910606046100156e+02 2.644212720760879733e+02 2.658807817390464834e+02
2.613578881221042707e+02 2.619692340980165000e+02 2.605138318776326969e+02 2.627988226940391314e+02
2.621299069103048964e+02 2.626286958878706628e+02 2.611170838321984320e+02 2.627498862097224333e+02
2.631152113807676756e+02 2.633825869436881817e+02 2.619317650050750217e+02 2.643941027652459752e+02
2.556560548471634604e+02 2.559203591044859820e+02 2.555142715362778176e+02 2.555618700420383789e+02
2.652375063989561568e+02 2.650446696989654356e+02 2.638535782410310162e+02 2.655244201731975977e+02
2.846641346673853263e+02 2.840322648242616310e+02 2.812694225989841925e+02 2.848622465012529688e+02
2.977364287025841350e+02 2.968814341782171482e+02 2.956590638613386659e+02 2.970049602650900056e+02
2.663546455784855311e+02 2.666916892995071180e+02 2.649097844678692013e+02 2.669583115205148260e+02
2.512550273239672549e+02 2.510405100284883133e+02 2.504451029592873113e+02 2.515929809447975742e+02
2.579653034443853130e+02 2.584796808671266035e+02 2.568139934289883968e+02 2.592731353594627990e+02
2.983264706115916169e+02 2.979341218799607418e+02 2.958872736901283247e+02 2.968533924347751167e+02
2.563204509979567547e+02 2.565938544847282969e+02 2.560392562581703260e+02 2.571684763541298935e+02
2.680605376744173327e+02 2.690512488129995745e+02 2.665156787044642783e+02 2.688409474232259413e+02
2.563409645803839112e+02 2.560557574936370884e+02 2.551004000417497650e+02 2.562910464944703222e+02
2.901714625177062317e+02 2.895479734658957227e+02 2.880225733719922232e+02 2.903016823547459921e+02
2.975252368375777223e+02 2.977000493639083629e+02 2.970741855223955099e+02 2.972840849455664625e+02
2.588534027186732374e+02 2.601326355560033221e+02 2.581859253614543377e+02 2.601259280969940733e+02
2.583060139889558400e+02 2.591817285781066289e+02 2.580429155287576464e+02 2.584439105739576803e+02
2.903498869098264663e+02 2.902151516752584826e+02 2.875931230615726122e+02 2.895036378994667530e+02
2.583552607023881933e+02 2.582467104946936161e+02 2.576617044606245486e+02 2.583903878678010528e+02
2.570578630238193227e+02 2.571314135528261886e+02 2.567989261665923095e+02 2.576725590831244972e+02
2.578406551955286545e+02 2.579402775620430361e+02 2.568392386826021720e+02 2.581081599200500705e+02
2.611830357477463167e+02 2.617955691963938989e+02 2.601273494283696550e+02 2.618521486331287633e+02
2.746530037064358112e+02 2.758257005434531948e+02 2.726271228881315096e+02 2.759461180436784957e+02
2.582997876018891361e+02 2.587558062149316243e+02 2.571060368926359274e+02 2.591499408730231835e+02
3.034493593456988378e+02 3.045354908948407910e+02 3.028149854694780743e+02 3.036853686141092794e+02
2.572463434131720987e+02 2.575494259372147212e+02 2.565024710611515388e+02 2.580436628398393282e+02
2.636194012928794450e+02 2.638347334239961697e+02 2.613781453591450372e+02 2.643383095897771682e+02
2.618267446587267386e+02 2.619829848515317963e+02 2.615227514010832692e+02 2.622854800416200760e+02
2.647068693031355338e+02 2.653340351823533751e+02 2.640129393910448812e+02 2.654373892686032832e+02
2.570174765572629099e+02 2.574005879467532054e+02 2.565759850327297613e+02 2.570649640209298354e+02
2.600339268254888339e+02 2.605412587245446616e+02 2.596024048380205045e+02 2.605286829040663292e+02
2.584892724434833440e+02 2.584142555867776991e+02 2.577450112273608056e+02 2.585534682420687318e+02
2.672606631669912076e+02 2.676640158134459853e+02 2.651919180752939269e+02 2.683675460729628526e+02
2.592891364820441709e+02 2.596959202406634972e+02 2.590497927420170754e+02 2.586543496339539843e+02
2.553470905352471334e+02 2.554962513074699473e+02 2.547266473771250901e+02 2.557314575996773556e+02
2.673419016807122830e+02 2.679398947737304297e+02 2.653694922380876164e+02 2.678470108331785582e+02
2.617814650582212153e+02 2.622117106756112435e+02 2.607480503884880250e+02 2.625828137240693536e+02
2.594781955184848243e+02 2.599098977452134704e+02 2.585279481222366371e+02 2.600058327450552724e+02
2.567240278873750299e+02 2.563742849039852558e+02 2.561604938679400334e+02 2.571611129665782869e+02
2.871685400006647342e+02 2.867977862698566014e+02 2.857115441305090826e+02 2.880495999545101427e+02
3.005699335962635246e+02 3.005854940991561079e+02 2.986611237773165612e+02 3.005255190403908614e+02
2.601630417087591240e+02 2.607771577586818239e+02 2.586096874421541543e+02 2.602655062844526128e+02
2.551940574056474702e+02 2.558979076668497612e+02 2.553286794237623951e+02 2.561156120378108199e+02
2.558144487272211052e+02 2.556641937071928226e+02 2.545981123742448062e+02 2.564394368954957599e+02
2.548814263735434054e+02 2.551976517426916757e+02 2.549178705764239226e+02 2.559070703165801035e+02
2.591189168063971238e+02 2.590724607776546691e+02 2.586524186691948444e+02 2.597848230240253997e+02
2.840111004258779417e+02 2.843123117539983014e+02 2.820782054807082204e+02 2.831886879625895972e+02
2.722226064212080132e+02 2.722489565253619048e+02 2.703373007798231811e+02 2.726963284357810267e+02
2.636696209013890666e+02 2.650235351001496156e+02 2.628440056801418336e+02 2.649935926684054266e+02
2.553387696582238391e+02 2.546736231965728052e+02 2.544225210037324985e+02 2.550324209611755180e+02
2.861061521872765638e+02 2.858834075280975071e+02 2.835071367262760305e+02 2.863510683249435829e+02
2.693719795806713364e+02 2.693893794820410790e+02 2.666642493953229973e+02 2.704685435846674864e+02
2.567815675839176492e+02 2.568426861448658656e+02 2.562692764413515079e+02 2.573546057231135933e+02
2.596650551933518045e+02 2.590038050774196563e+02 2.580969795625949814e+02 2.599153834566009778e+02
2.601477949436609833e+02 2.598256181338426813e+02 2.587645452496591361e+02 2.595655019001995356e+02
2.858829646273737239e+02 2.862163057131402866e+02 2.821891410180975868e+02 2.848417451660733946e+02
2.675742306091609066e+02 2.673411918082686611e+02 2.660228334041259473e+02 2.682957225319004237e+02
2.571302740017458177e+02 2.579249333413846443e+02 2.573855277475472008e+02 2.572866410189222961e+02
2.649259916873832026e+02 2.658651146256489142e+02 2.643802901187586940e+02 2.657314763590013058e+02
2.696621680301399238e+02 2.705691177014156779e+02 2.680837028126711061e+02 2.707338585063727123e+02
2.592458058665818044e+02 2.595851001073883708e+02 2.575920155895495895e+02 2.600202903183446210e+02
2.855003872557297200e+02 2.861816486848716750e+02 2.838901344340521860e+02 2.863141563595989965e+02
2.915395233620369027e+02 2.908249965836913020e+02 2.883504287643796147e+02 2.894200081676233935e+02
2.551506463544084511e+02 2.556280654320488281e+02 2.545238092890362225e+02 2.556034758597905068e+02
2.558919815929028232e+02 2.561641063945517089e+02 2.554310439482269146e+02 2.564362427305690062e+02
2.591874567521144854e+02 2.600438304408369277e+02 2.581216365787853420e+02 2.599605936937899742e+02
2.589580877838667448e+02 2.590965599505377668e+02 2.583477740573740107e+02 2.592551254231760254e+02
2.579804305194712128e+02 2.583421444317779105e+02 2.578418486640123319e+02 2.580324375392283969e+02
2.633625899975761513e+02 2.639139115629300250e+02 2.626710335814341306e+02 2.647713498020768270e+02
2.548565074885871979e+02 2.549159567673596314e+02 2.532825801051864119e+02 2.553065324421593232e+02
2.690296148483975571e+02 2.699572944192969430e+02 2.674385318578774218e+02 2.698500539063221595e+02
2.600091202990880674e+02 2.603707400175867974e+02 2.599813024672771462e+02 2.607992740835246650e+02
2.583523037918690193e+02 2.588295951235801340e+02 2.580040053023819837e+02 2.586873651135060186e+02
2.893665436157452859e+02 2.903590487849564852e+02 2.890690321925841317e+02 2.896610925079459093e+02
2.567797043761993336e+02 2.569291525518427193e+02 2.563063434007565320e+02 2.565932393244924015e+02
2.685317063944670508e+02 2.678545313360249907e+02 2.673983732196541041e+02 2.684299594399513467e+02
2.579038405784109500e+02 2.577047780188071329e+02 2.564375618257316205e+02 2.576658072094987801e+02
2.623613380073326766e+02 2.622884058450366638e+02 2.606913864205897085e+02 2.633096117884131786e+02
2.736253488881620228e+02 2.754173829389675916e+02 2.726159787988376593e+02 2.750130718658033970e+02
2.545522140414894352e+02 2.544206800689486840e+02 2.543863847972991721e+02 2.548348126892950916e+02
2.599669102415016368e+02 2.598766362520960342e+02 2.588577919611224161e+02 2.610371603535500071e+02
2.732139653285245231e+02 2.734320269498703055e+02 2.720110331519335887e+02 2.744048668702801592e+02
3.042283579040441168e+02 3.041939311820244143e+02 3.032110016559794303e+02 3.028323953153515049e+02
2.541447396132703034e+02 2.539045961447266393e+02 2.533635331612669859e+02 2.537596525617490784e+02
2.694040997758071967e+02 2.692622001214405145e+02 2.662802883831889744e+02 2.699283647926681056e+02
2.573799631076709034e+02 2.569670394258048987e+02 2.561244516260260298e+02 2.579812733299778529e+02
2.533786418188119853e+02 2.532831909330296583e+02 2.525534610059368106e+02 2.534233542489665751e+02
2.567182158022671956e+02 2.577961596522726495e+02 2.564725532145517946e+02 2.579270635680596229e+02
2.811135079054877792e+02 2.810944267207252096e+02 2.794782859966310866e+02 2.812781765114469863e+02
2.532940203209856520e+02 2.540094989726113397e+02 2.531627618262866690e+02 2.541134732551674915e+02
2.578274460187876116e+02 2.579204426362275626e+02 2.559768016185170723e+02 2.584408666173704887e+02
2.699701412428667595e+02 2.705107440764361399e+02 2.674963831793378404e+02 2.703700596531650717e+02
2.580443009433692509e+02 2.581195154767140707e+02 2.574364424418307067e+02 2.584666842213766245e+02
2.558797067855955447e+02 2.559366476749771664e+02 2.554606323352647905e+02 2.559296094432248196e+02
2.625201910898662732e+02 2.622968617198633297e+02 2.611150681625819061e+02 2.627976017318538879e+02
2.563385929770338976e+02 2.567731374829504603e+02 2.553855344960883542e+02 2.568631186017615278e+02
2.820702938194519334e+02 2.817823310310619718e+02 2.796484130084969593e+02 2.819301854745853007e+02
2.612805177396546128e+02 2.620794897915257593e+02 2.588672285744732449e+02 2.620501207175479408e+02
2.685280561072372620e+02 2.695778073204880343e+02 2.672614207633336036e+02 2.698879989439107021e+02
2.615730424668133764e+02 2.620024808670988250e+02 2.601502904323686494e+02 2.619425858767211821e+02
2.919505449639485732e+02 2.928324032004207425e+02 2.911892643716402631e+02 2.931036379914784220e+02
2.575969969033103553e+02 2.580020583444134559e+02 2.572561240094275377e+02 2.579186724721887458e+02
2.655079185482495063e+02 2.654229762268823265e+02 2.639458522101339781e+02 2.660441083838499594e+02
2.703069320742047239e+02 2.704976387063001084e+02 2.685242193809073683e+02 2.707348704983356811e+02
2.649514919113034352e+02 2.659179024009072236e+02 2.636334618317672494e+02 2.659050746742630054e+02
2.662695229672000323e+02 2.667853799244709307e+02 2.643240764838949417e+02 2.672208452157692591e+02
2.537523273972992683e+02 2.538996029195652397e+02 2.528345945845083804e+02 2.537999142992862005e+02
2.932341174946793672e+02 2.931822905567903490e+02 2.921271457603808699e+02 2.933877170370988097e+02
2.679323132698734753e+02 2.687564070943754473e+02 2.660749254715060488e+02 2.680290194056162818e+02
2.779779216660148791e+02 2.777323484719942712e+02 2.758737047793279658e+02 2.795508328197456080e+02
2.597610126493024723e+02 2.596326515187881228e+02 2.589455585164593003e+02 2.598193282218900322e+02
2.608621261336387533e+02 2.611400235983491029e+02 2.614079834654759793e+02 2.611304666484942345e+02
2.639831605979535993e+02 2.641724917665211478e+02 2.628155877563471563e+02 2.642326380743689356e+02
2.535233280919076719e+02 2.535669876453265204e+02 2.528792268329342221e+02 2.539268312891816777e+02
2.717377630821940215e+02 2.731934851363967596e+02 2.699626745122093894e+02 2.722270637770253074e+02
2.686346151052432560e+02 2.689485961565395087e+02 2.673041724275575461e+02 2.693246722254510814e+02
2.541093676524808131e+02 2.549252615520328789e+02 2.543405932083679772e+02 2.547289654392305636e+02
2.662696543065652577e+02 2.676626286140599973e+02 2.643607826807739798e+02 2.655236006176652381e+02
2.544696567945442212e+02 2.546204541071957976e+02 2.538196164088915623e+02 2.546656336352264987e+02
2.576769276374358810e+02 2.571702638534427479e+02 2.558779860727067046e+02 2.572964976981493237e+02
2.607110214066923959e+02 2.611657573466413282e+02 2.600840310991967499e+02 2.610049872452734689e+02
2.585875619937708052e+02 2.586459146160803471e+02 2.580074032542892724e+02 2.589777941281932954e+02
2.560216714947715104e+02 2.567798185062961238e+02 2.559812996570535120e+02 2.567846176801673437e+02
2.899788335674837754e+02 2.887304922967978769e+02 2.878532816289301763e+02 2.903011513910371377e+02
2.524931731905250558e+02 2.527169635677096835e+02 2.516839975506055964e+02 2.530504958699031874e+02
2.814341630521186630e+02 2.817407522124839829e+02 2.788808078119490688e+02 2.817202826583730371e+02
2.608431076909455442e+02 2.607422467385173377e+02 2.601278650381579496e+02 2.614806316297205058e+02
2.670280960826884211e+02 2.677650037716641123e+02 2.653366933648744066e+02 2.671931726858154548e+02
2.761899778633471669e+02 2.767477992253292314e+02 2.746820344610525240e+02 2.782036805397584089e+02
2.674404248446665520e+02 2.674125502569773971e+02 2.659227916653129569e+02 2.685072823138939953e+02
2.546728206707610127e+02 2.543786724652127305e+02 2.538434326800128247e+02 2.544772442467813107e+02
2.578540257205982016e+02 2.579378458991808429e+02 2.583338596753517322e+02 2.585682672216572087e+02
2.544869299182945781e+02 2.550307798411530484e+02 2.538392148007175138e+02 2.546861884659212762e+02
2.639798248971868588e+02 2.646061042245810313e+02 2.627308776094902214e+02 2.644071034586788187e+02
2.535724821558872009e+02 2.542451341817133255e+02 2.528798121702353399e+02 2.545214171175947229e+02
2.651110582206378012e+02 2.651827526882768780e+02 2.636097946787208457e+02 2.656742338368976561e+02
2.638460651952869966e+02 2.642073464802028866e+02 2.637064435920948995e+02 2.644351849154077172e+02
2.721523694946783962e+02 2.730110574799662118e+02 2.711632927614021469e+02 2.737730297461933446e+02
2.759315032041166660e+02 2.767875946234518096e+02 2.734457192401387715e+02 2.772173280527368888e+02
2.675754196602146067e+02 2.674920491777342022e+02 2.666594370419754796e+02 2.679984374066261807e+02
2.551300669722188275e+02 2.547031809972993983e+02 2.546352799307628345e+02 2.549146722268785084e+02
2.653521830617460751e+02 2.650178717827920991e+02 2.636473743116367814e+02 2.665080438393133022e+02
2.647178264037003146e+02 2.651667400968968309e+02 2.639694371617027855e+02 2.658727366294599506e+02
2.526501682170525669e+02 2.529950863259747393e+02 2.524629261160484077e+02 2.537847972754007628e+02
2.673140612349195635e+02 2.675768947085186369e+02 2.653610699743974237e+02 2.670717760911275036e+02
2.596774494966970792e+02 2.600822641587853354e+02 2.584107549773004280e+02 2.599774985548666564e+02
2.585281191745562523e+02 2.588099961798807840e+02 2.582880638712068730e+02 2.589086321975920555e+02
2.714172018714677961e+02 2.720558331831375654e+02 2.702008425494529433e+02 2.719113920504087787e+02
2.574468588025073359e+02 2.577339385346517702e+02 2.560527104257106430e+02 2.580306926341137910e+02
2.592952188493666199e+02 2.596404757552123783e+02 2.576530098339795813e+02 2.598363016892707265e+02
2.739349399074055782e+02 2.741273635088791707e+02 2.713827178463305927e+02 2.747210210156339372e+02
2.591828498215768946e+02 2.588137743068967893e+02 2.579581894308761321e+02 2.588701645901585948e+02
2.645510053379805413e+02 2.652082971852483411e+02 2.633087001468504127e+02 2.649189143282218311e+02
2.772136905474494597e+02 2.768995844095275629e+02 2.745120825597637122e+02 2.771449470183423500e+02
2.813390789309056572e+02 2.818753868256022201e+02 2.799146441188767085e+02 2.812982969553591488e+02
2.611991641410260172e+02 2.614319179481004767e+02 2.617072551413386350e+02 2.608538810108821622e+02
2.598097049115857544e+02 2.603829040487503335e+02 2.587208057288568170e+02 2.603424084381284160e+02
2.654617959462902945e+02 2.656200381541676165e+02 2.635525423103468938e+02 2.653125249376433317e+02
2.577143955571939955e+02 2.584082750370170629e+02 2.563429566216684634e+02 2.587356523075637824e+02
2.917759435146983265e+02 2.916840491116078056e+02 2.898004227447958101e+02 2.920544103801796609e+02
2.591678585539244182e+02 2.601467820293485715e+02 2.583731445970131517e+02 2.598223151170516303e+02
3.037410272507357831e+02 3.031680164219099538e+02 3.045073947100987084e+02 3.035403701723353151e+02
2.586362908646448773e+02 2.586902200280322859e+02 2.582724839122716389e+02 2.585142074054890600e+02
2.576614343486250505e+02 2.581513225807054255e+02 2.577993347320001476e+02 2.580906213627919215e+02
2.853165569273268716e+02 2.864577596572344760e+02 2.833387931792786389e+02 2.850715239325732000e+02
2.618525655193889179e+02 2.616068464606756265e+02 2.613845605415730233e+02 2.619664798123735636e+02
2.681251019698120217e+02 2.687318164269215117e+02 2.668467560628288311e+02 2.692227772784817148e+02
2.765744291202647673e+02 2.763923346984815339e+02 2.737961431715269214e+02 2.764995122826358056e+02
2.588989572462025421e+02 2.596521394643167469e+02 2.583744184574709379e+02 2.593241682795247698e+02
2.554862529493552188e+02 2.557223375032392880e+02 2.553795160364355752e+02 2.560670486317039831e+02
2.541602248395534218e+02 2.543714794413133404e+02 2.535875165774604909e+02 2.546152190665285389e+02
2.612410164367965990e+02 2.616776970007784371e+02 2.607109658654121063e+02 2.625373492908269668e+02
2.743681960960234960e+02 2.741479500615837424e+02 2.716099013793688641e+02 2.745844588467693939e+02
2.729438738916501279e+02 2.736723537702402496e+02 2.709982326666949461e+02 2.731574214483489982e+02
2.667746271031580818e+02 2.671718272983362681e+02 2.648624763120605508e+02 2.677313914787301883e+02
2.582104074404357448e+02 2.578777586138923539e+02 2.575574895147673260e+02 2.585269711871470122e+02
2.604476393554494962e+02 2.603940134736843106e+02 2.599507039765024388e+02 2.605437847773752651e+02
2.569979916696152031e+02 2.572844119995507981e+02 2.570647292178642829e+02 2.575470025187748320e+02
2.785631186038378928e+02 2.783010290173648400e+02 2.766873391079241173e+02 2.792186273555263938e+02
2.896869619362128674e+02 2.897144795035845846e+02 2.861462520746885616e+02 2.893555855789698512e+02
2.537552165750600750e+02 2.542841268330566891e+02 2.530045472324628690e+02 2.549478175116217074e+02
2.573001361168284120e+02 2.575515003522965571e+02 2.570206991591437031e+02 2.575598706867053238e+02
2.824952326148365387e+02 2.834063617446003036e+02 2.820334585641592184e+02 2.832243061582999530e+02
2.586069935458174882e+02 2.587730173281128145e+02 2.582771431460409985e+02 2.589625694613754945e+02
2.605732306721463942e+02 2.611694380915721467e+02 2.585895906619596190e+02 2.615754363703047147e+02
2.853390300848078596e+02 2.858321636506109940e+02 2.830004867982572136e+02 2.859198171683214014e+02
2.914333174547576846e+02 2.918264983566696742e+02 2.885151381431968503e+02 2.912051762292692274e+02
2.617322815092842347e+02 2.626200538477695545e+02 2.613803154118132284e+02 2.626615642416074365e+02
2.560067821915071136e+02 2.563161390452787032e+02 2.552872847938604934e+02 2.568985169979745820e+02
2.563235940212166497e+02 2.561122462103517137e+02 2.552468959352705440e+02 2.562719802505308735e+02
2.578629978299614436e+02 2.578304591898655644e+02 2.570338408407336033e+02 2.580592569652396264e+02
2.615367062844159705e+02 2.616861014415004547e+02 2.600310200177652860e+02 2.619623550494815163e+02
2.763830563041021264e+02 2.765576363408396219e+02 2.738372406990661148e+02 2.761424520641921276e+02
2.741980408996631695e+02 2.752595215451667627e+02 2.732067281199035165e+02 2.753296915337669475e+02
2.542527207366470350e+02 2.541174808119200748e+02 2.538150748555433154e+02 2.547252899331897709e+02
2.830800319749841378e+02 2.835920006596951453e+02 2.800225075559110905e+02 2.830568330031415485e+02
2.630925103161111451e+02 2.628588666857842782e+02 2.612389070797229351e+02 2.636645380525516771e+02
2.589322478893267885e+02 2.588495322390658657e+02 2.581032163295481610e+02 2.593520770925605348e+02
2.804006032505391204e+02 2.797905217713282582e+02 2.783120832343018947e+02 2.805016754839649025e+02
2.623257576082509104e+02 2.627342540793280250e+02 2.617642225214659106e+02 2.628179345276677736e+02
2.919537934515437314e+02 2.905163134652707413e+02 2.889209988249031085e+02 2.902358369142917240e+02
2.743533944356035477e+02 2.740828797555977303e+02 2.720893592170341435e+02 2.736283937009330316e+02
2.551247861945738578e+02 2.553084113265009307e+02 2.543744560987761361e+02 2.554094911758672595e+02
2.554612774321753079e+02 2.555596288191439385e+02 2.553926651927215232e+02 2.555127735718254769e+02
3.008572569959056295e+02 3.006761630636319182e+02 2.987013821218938574e+02 2.994553743989739019e+02
2.620234499998768456e+02 2.620650210076267399e+02 2.609419307539433817e+02 2.619726166879534617e+02
2.909478755189388153e+02 2.902958150115426292e+02 2.892615994356809210e+02 2.904488586067428173e+02
2.630811759575322526e+02 2.635354429593662644e+02 2.621386311026785734e+02 2.640542150740084821e+02
2.572944919959804224e+02 2.577363851167500002e+02 2.566488505780255878e+02 2.579329332964587707e+02
2.616881626139558534e+02 2.623328879698944434e+02 2.606889123943767572e+02 2.621423395676148971e+02
2.871672539681368903e+02 2.865661346254155433e+02 2.836330145352047793e+02 2.861176306786882719e+02
2.557725983873048108e+02 2.554708486846043058e+02 2.550157447667392319e+02 2.555504716533122291e+02
3.019607767398255760e+02 3.009759613100300157e+02 3.008078018645610427e+02 2.993366579053083001e+02
2.752136735158500755e+02 2.755358395829953224e+02 2.730089793422895355e+02 2.755464044502456318e+02
2.837061989274329221e+02 2.837096013921696454e+02 2.809316831978060236e+02 2.833146404631964970e+02
2.770407031938636919e+02 2.771258861425106375e+02 2.750919251126287008e+02 2.771208579095595042e+02
2.553378794366404918e+02 2.556634212206074324e+02 2.544674520675735607e+02 2.556941202946623264e+02
2.559760677205534307e+02 2.556558823313292521e+02 2.542967262228004017e+02 2.558716263594029954e+02
2.973541347433000510e+02 2.984017356466093815e+02 2.956470788448912685e+02 2.967952743389272996e+02
2.583063869948448996e+02 2.590868801059788211e+02 2.582117346619905902e+02 2.590066526394328434e+02
2.564209787168566663e+02 2.567714931917677177e+02 2.558446458846712233e+02 2.570075979450174941e+02
3.020866329421544378e+02 3.004006450168492961e+02 3.004757044043191740e+02 3.002406637067563224e+02
2.650797703900286706e+02 2.651962194684874135e+02 2.636389002111075683e+02 2.653357631476081337e+02
2.658206100906593861e+02 2.664780033354586521e+02 2.641285172231884530e+02 2.661604253595957630e+02
2.672110017349124291e+02 2.679140446285125563e+02 2.660844735228756690e+02 2.684528349670518992e+02
2.820611805473034792e+02 2.811906415875844800e+02 2.797003641281573891e+02 2.817254011154724935e+02
2.795613423035255778e+02 2.813865194410795425e+02 2.780096614709846108e+02 2.810070725347522966e+02
2.627318539612384711e+02 2.624027209328440904e+02 2.614526145974485303e+02 2.630531517204406668e+02
2.584643189150375520e+02 2.581860661624056092e+02 2.582341199712727757e+02 2.587588474083462984e+02
2.950526580066807014e+02 2.955837445000304911e+02 2.926525213308681259e+02 2.943647532837513836e+02
2.647582939042463863e+02 2.644976493053076183e+02 2.639129934325670206e+02 2.647700006914793676e+02
2.608370683502863017e+02 2.612186427146315282e+02 2.603622565480682738e+02 2.615040642069711225e+02
2.743797195370084978e+02 2.755892655578450672e+02 2.734521210337751427e+02 2.753451477368172391e+02
2.816973282405043051e+02 2.826218447824781492e+02 2.794248803210432470e+02 2.832566375143343294e+02
2.581020075830031715e+02 2.582345960969086036e+02 2.583095696543146573e+02 2.585209247399126298e+02
2.642423909868091414e+02 2.644740273041694536e+02 2.633484524871606141e+02 2.650723080961378741e+02
2.549194836360295540e+02 2.546255314379327785e+02 2.538396529533650039e+02 2.554747140655095166e+02
2.620141079254779015e+02 2.621517843524702016e+02 2.606612418264529651e+02 2.628002618598578124e+02
2.930190697902767170e+02 2.932853546196420211e+02 2.918335058626472005e+02 2.933743681395426393e+02
2.564243767774257776e+02 2.568074361341533063e+02 2.558850078450942362e+02 2.569844757964770565e+02
2.535829177091436293e+02 2.540459812753082929e+02 2.530057958687774260e+02 2.543630018963011139e+02
2.857993500374990390e+02 2.862270121853384808e+02 2.853499055755087284e+02 2.859291671733732301e+02
2.572067288227482322e+02 2.574853612638098070e+02 2.564535788099225897e+02 2.577799069912171035e+02
2.593931282847051989e+02 2.595143595238656644e+02 2.583728039927398754e+02 2.600642955751528120e+02
2.618627092709062936e+02 2.620564488657358311e+02 2.610390661745728949e+02 2.621822134167604190e+02
2.540350301281980876e+02 2.539569175648728674e+02 2.527914359335229619e+02 2.543917844518127538e+02
2.539830178126296403e+02 2.543480441295530738e+02 2.529655116846292913e+02 2.542477982626384971e+02
2.644189089891676758e+02 2.642263090725746792e+02 2.629430079546099819e+02 2.643134473834062419e+02
2.601849525700869208e+02 2.602739856236367473e+02 2.596638001735705075e+02 2.604178119223290082e+02
2.681232826043090540e+02 2.682162807496467849e+02 2.665955936574142697e+02 2.690431800857210760e+02
2.733704538580105350e+02 2.739421678423829007e+02 2.719009508039425214e+02 2.741656242737590787e+02
2.976420500159494509e+02 2.976618550448245628e+02 2.962536924313367308e+02 2.969933798747474043e+02
2.783781585185508334e+02 2.777569991282745718e+02 2.762126305479838493e+02 2.779698104427814656e+02
2.721692401724235992e+02 2.733374732538824787e+02 2.710381284184516062e+02 2.734914397937423587e+02
2.910798185663367121e+02 2.909688565481859541e+02 2.888633329177595215e+02 2.898376778896941914e+02
2.646387099802158787e+02 2.656237219899434194e+02 2.641491026442549810e+02 2.650678422165213988e+02
2.662573673192864021e+02 2.665024227382889421e+02 2.641094835785829105e+02 2.661494352566677435e+02
2.634290446173333180e+02 2.631619408479675144e+02 2.617808610157922544e+02 2.635981429294313898e+02
2.740004224320505273e+02 2.745424906166729784e+02 2.724262627674946771e+02 2.745485196521048010e+02
2.532892520827417968e+02 2.532688948946841379e+02 2.523168321729181116e+02 2.538221429138931171e+02
2.914624195285910560e+02 2.919274080701987941e+02 2.897381882560623581e+02 2.913174901072338798e+02
2.551806178358227442e+02 2.559870897241663101e+02 2.538816988284131924e+02 2.560583579170452708e+02
2.608875321105568901e+02 2.614541647892153264e+02 2.599501733994880510e+02 2.618531629858371730e+02
2.554715669533492814e+02 2.557356519475047207e+02 2.546651784338563118e+02 2.554663166364106530e+02
2.640845149548348445e+02 2.644287955839049573e+02 2.623689424908696992e+02 2.648541606482830844e+02
2.721510472822500901e+02 2.716959663093875292e+02 2.695541873179753338e+02 2.728249131946147372e+02
2.659241275148368686e+02 2.656454868580673292e+02 2.636712570255457990e+02 2.667140686121618955e+02
2.608809795749020282e+02 2.613639665896566839e+02 2.604727886711676774e+02 2.612973641689753777e+02
2.652463896178498430e+02 2.653192971324499467e+02 2.632055523888323023e+02 2.660915424447883311e+02
2.592506893885202999e+02 2.595310943287623218e+02 2.588639768277367921e+02 2.602643799257924115e+02
2.560062365347340574e+02 2.561667593110148005e+02 2.553758663501282058e+02 2.566176482641051848e+02
2.669117156258425894e+02 2.671893231357627201e+02 2.659590706621413005e+02 2.684957217302931554e+02
2.515401813495603847e+02 2.517608833041083471e+02 2.503663450413101259e+02 2.519392424284598064e+02
2.592408670527748313e+02 2.593236989209759713e+02 2.588339630885693623e+02 2.598474648278369727e+02
2.576294337005627426e+02 2.576420244915058220e+02 2.572447607164846772e+02 2.585186506003095133e+02
2.961024967472083063e+02 2.952373481232494896e+02 2.940073842540143119e+02 2.957145864438930403e+02
2.735515846758352154e+02 2.733784399789815325e+02 2.722655704984691738e+02 2.744554772541562784e+02
2.574768098179376352e+02 2.582660355781666226e+02 2.571057225335146654e+02 2.579249074971933169e+02
2.565723311674821616e+02 2.568648622887719739e+02 2.568259357573448938e+02 2.574551827347682433e+02
2.760090015178275848e+02 2.764917378194072057e+02 2.743386792574792707e+02 2.755426102468837257e+02
2.531975044598628131e+02 2.536429185371648600e+02 2.524882975980559934e+02 2.535782163196408874e+02
2.580578751785121199e+02 2.580574446380869631e+02 2.571148166460154130e+02 2.581586768778591932e+02
2.562031386198011091e+02 2.564556313930793863e+02 2.551114477769910991e+02 2.567968671930337905e+02
2.611050167685064594e+02 2.610044174874261671e+02 2.600058895164445971e+02 2.616996430191146601e+02
2.905381416627881777e+02 2.916898560795957565e+02 2.891282602387373686e+02 2.912421364163702151e+02
2.584638361886317739e+02 2.584147821478878768e+02 2.564391804895277573e+02 2.587220889520369838e+02
2.576376698549146340e+02 2.578766264967952111e+02 2.575700432095632095e+02 2.576531598161874967e+02
2.595269707306061946e+02 2.601510252307616042e+02 2.579650245475273209e+02 2.599196611784897755e+02
2.570630456763117309e+02 2.572919286895872801e+02 2.565085011104005162e+02 2.573201695637479247e+02
2.939719122819572590e+02 2.951914469322114201e+02 2.929378260445630531e+02 2.939488140238169080e+02
2.544410908059270469e+02 2.543099600046146520e+02 2.536434661805405995e+02 2.547310767210041433e+02
2.632382920846545176e+02 2.641804048929052442e+02 2.618643664581665575e+02 2.644167485365249490e+02
2.572224209921328111e+02 2.572080744183229513e+02 2.569725535960297975e+02 2.574300908285641185e+02
2.793494504788755535e+02 2.793392619296818111e+02 2.769692464609560716e+02 2.802293316099882077e+02
2.738277962416447622e+02 2.738171828013964841e+02 2.707119526195843378e+02 2.740846340612262679e+02
2.558823380054066945e+02 2.555708367156164229e+02 2.549759617325331362e+02 2.555651839612542346e+02
2.573214415142182929e+02 2.573765215941317024e+02 2.567072118962552167e+02 2.579835039326538890e+02
2.793257033249627170e+02 2.794085179700184653e+02 2.755857070179549169e+02 2.779046372418034139e+02
2.569737032427624399e+02 2.570715468937146397e+02 2.563832023805763356e+02 2.577407907221382288e+02
2.636351174620953088e+02 2.651807481410588139e+02 2.629190354073494973e+02 2.648619880471163697e+02
2.770998809827129321e+02 2.774971180080405020e+02 2.744882997995506457e+02 2.776231093550170499e+02
2.542666957571531725e+02 2.542262325268074505e+02 2.538087835298440211e+02 2.541902070352432190e+02
2.555201901777405453e+02 2.553949581977935281e+02 2.550697622699323404e+02 2.559588066604521259e+02
2.583333699906642664e+02 2.584855175159927398e+02 2.580638291355019760e+02 2.585409275618488891e+02
2.600613066286772437e+02 2.606387006944907512e+02 2.599314874313498649e+02 2.613182836073744397e+02
