2.547747304677236002e+02 2.553358333466690340e+02 2.543043340312101179e+02 2.552028503576187575e+02
2.621036121314764955e+02 2.622295171432915595e+02 2.611360457537759885e+02 2.628349566448879386e+02
2.801539176294332947e+02 2.798935158010457371e+02 2.779731482974307255e+02 2.809815981413839268e+02
2.555691287030066690e+02 2.563255571662639909e+02 2.548872858834824342e+02 2.564201677926501475e+02
2.529341237911860105e+02 2.530845512104267527e+02 2.521931111547889088e+02 2.533097831246347482e+02
2.536387333178172412e+02 2.541032642861107433e+02 2.526532782061718763e+02 2.541423563512326780e+02
2.670957071344543010e+02 2.683376819182561235e+02 2.654234627797761732e+02 2.688981802154072511e+02
2.530020861435000938e+02 2.529891402211346474e+02 2.522344825913757518e+02 2.538852859011701923e+02
2.600046942887522619e+02 2.599692173065104157e+02 2.587161700369899222e+02 2.595584877013152436e+02
2.513600949319412337e+02 2.518318190909647569e+02 2.507473136368728603e+02 2.520545915158198511e+02
2.587485710860208883e+02 2.588594592301681132e+02 2.575458777731479358e+02 2.592895729146794110e+02
2.546301807371834229e+02 2.548679433314078722e+02 2.537886660835738724e+02 2.545798034225260551e+02
2.574300042725024014e+02 2.575693126564686395e+02 2.567782587574764648e+02 2.574072949320935777e+02
2.643754037329188691e+02 2.645043357816175558e+02 2.620168455652029706e+02 2.651030339437946282e+02
2.967603488171567960e+02 2.974271491839676855e+02 2.958964080283810745e+02 2.954533057428930078e+02
2.676294039186450959e+02 2.676340545498680399e+02 2.643019005445293033e+02 2.686995570901668771e+02
2.583046591817013109e+02 2.582230942092858754e+02 2.567351357551598880e+02 2.584978683783185716e+02
2.540399595674973057e+02 2.548823501784829944e+02 2.531265024072716869e+02 2.550390061277282427e+02
2.518812726769691324e+02 2.523853722769333956e+02 2.508284000186598632e+02 2.528861705882755473e+02
2.505597914144019569e+02 2.509981375973229376e+02 2.496980855033686737e+02 2.507379647317908393e+02
2.475882215657461813e+02 2.484326876375687334e+02 2.464508659308717142e+02 2.477775173774915061e+02
2.620180508332098270e+02 2.628111153901610351e+02 2.599653890567658436e+02 2.625626157160548360e+02
2.569949342609176028e+02 2.562072947765327058e+02 2.543271597717921964e+02 2.571287729416304728e+02
2.544987740052760614e+02 2.559978361614820415e+02 2.543224854664881889e+02 2.552882096363090909e+02
2.567626871380954867e+02 2.567600114402840177e+02 2.559398379628904081e+02 2.576514277267997954e+02
2.578311861716808835e+02 2.584558442906808295e+02 2.572573530895292606e+02 2.585879484481137638e+02
2.671929075939930271e+02 2.685102060803677659e+02 2.650808529585183351e+02 2.683666813891246079e+02
2.603208325223783390e+02 2.607356778536840807e+02 2.581553343108457170e+02 2.615434248517851756e+02
2.612490987272990992e+02 2.616108755127136760e+02 2.600674134479374402e+02 2.622246918005169505e+02
2.591060955365842347e+02 2.601347297004858774e+02 2.578839406447801821e+02 2.598186451989727175e+02
2.541555075121436573e+02 2.548270568059983816e+02 2.532619038329349337e+02 2.550459104488721209e+02
2.622961425596261051e+02 2.623224194342308806e+02 2.606974077927321218e+02 2.622972113069087641e+02
2.560494204334846700e+02 2.564749664842854031e+02 2.550315828307792287e+02 2.565638247120048163e+02
2.716457334302840536e+02 2.717731148584664993e+02 2.692393041768263515e+02 2.715577433677430008e+02
2.498458504353397416e+02 2.502027897470867401e+02 2.483359243909447116e+02 2.504397152398611297e+02
2.589867112976217527e+02 2.590120914614846583e+02 2.566558422905452517e+02 2.596645743805274833e+02
2.512388013016755224e+02 2.517818636753415547e+02 2.501122753962558249e+02 2.518239307488464647e+02
2.550459719576152224e+02 2.556646430444893952e+02 2.542246759185557039e+02 2.558701057143847493e+02
2.907838318586698847e+02 2.915373944282920888e+02 2.892251351153389578e+02 2.907484274039449588e+02
2.730896612050407839e+02 2.737317275419757721e+02 2.711463217740459868e+02 2.738838027025415158e+02
2.590247498972774451e+02 2.592912086563377443e+02 2.580805237694858647e+02 2.592480207285718166e+02
2.487142898559209243e+02 2.488101849388610844e+02 2.478789270618396756e+02 2.490000656189023971e+02
2.719247105170491636e+02 2.738321069845139277e+02 2.706403160622589326e+02 2.742399640218305308e+02
2.601527301345542469e+02 2.607979788144692748e+02 2.593408730051145312e+02 2.603094851536761780e+02
2.501578700463329312e+02 2.499895413303675014e+02 2.490039515127025425e+02 2.498322484236093715e+02
2.667873282120425529e+02 2.668314000633262708e+02 2.633963910680667482e+02 2.673016518085065627e+02
2.516144716673165078e+02 2.523083271002508639e+02 2.512607437831782704e+02 2.519406436300271253e+02
2.584077532649591831e+02 2.587951850734747268e+02 2.564532916823790174e+02 2.586578847837479316e+02
2.871195066137246386e+02 2.875212976193167833e+02 2.846446641306491188e+02 2.875735581752338135e+02
2.530697505430351555e+02 2.530732507285823658e+02 2.526182001559713228e+02 2.536774232655830588e+02
2.524696258050773281e+02 2.528867682847036065e+02 2.514261493405381884e+02 2.529578176674697545e+02
2.604147402510664051e+02 2.601758499720471036e+02 2.589878107297107022e+02 2.602661724870499143e+02
2.535240800939059227e+02 2.538122320260374067e+02 2.527797827984646801e+02 2.544287629277517908e+02
2.592480200412652493e+02 2.592231375740597059e+02 2.574445062162142221e+02 2.594189010069358687e+02
2.896280165906322850e+02 2.893120148617818472e+02 2.870673533540845028e+02 2.891967304002147898e+02
2.568497697637674264e+02 2.584936283953871907e+02 2.550214356683977712e+02 2.579347027164998849e+02
2.569473648281994542e+02 2.575469238028093173e+02 2.549096463204086547e+02 2.580730898095704333e+02
2.939663189267196231e+02 2.953002737858309388e+02 2.931814566962801223e+02 2.941425419421547645e+02
2.654050961065558454e+02 2.653672400506381450e+02 2.633140808281939371e+02 2.660183928487866183e+02
2.647133101355909162e+02 2.656815621089993442e+02 2.628653954850292394e+02 2.665177711132839136e+02
2.491882416456256806e+02 2.503181284070759034e+02 2.474274499850561142e+02 2.499261869233509969e+02
2.693155395271550105e+02 2.699769757187595474e+02 2.671777927283095551e+02 2.705500000198622956e+02
2.813301087571481389e+02 2.823515179980906282e+02 2.796697684369687522e+02 2.803939007336247187e+02
2.497505405309759965e+02 2.505187535433508685e+02 2.486248351680614519e+02 2.504952844311890203e+02
2.635840254916338381e+02 2.650426976903939362e+02 2.623737047153566664e+02 2.644638047025028982e+02
2.528331045243041046e+02 2.528896750064849925e+02 2.522403398895675650e+02 2.530077151816873027e+02
2.768218422381572168e+02 2.767961575632087943e+02 2.735401520243060531e+02 2.774441756961423948e+02
2.543802247450039999e+02 2.559211034801470248e+02 2.539710640987564148e+02 2.548569364186845405e+02
2.675688096581535547e+02 2.675432288432151609e+02 2.642339096177893225e+02 2.684253014637682213e+02
2.747122306505024767e+02 2.756514136017270857e+02 2.721992233922467221e+02 2.763921476072826522e+02
2.512993705254749273e+02 2.520520544079443823e+02 2.511462517152543228e+02 2.521022649591322704e+02
2.573673048595125579e+02 2.577328128086251695e+02 2.563685214777727310e+02 2.580096202429140249e+02
2.569254132648977702e+02 2.567089570734980271e+02 2.559263968334524293e+02 2.577514686365662442e+02
2.871942852696432738e+02 2.861912038514072947e+02 2.835240351713129598e+02 2.864182076707289184e+02
2.761911490684236128e+02 2.761875059703402826e+02 2.739061229077879602e+02 2.755886068687771058e+02
2.504778345984355212e+02 2.503987909892412347e+02 2.497216363868347173e+02 2.507245665015724114e+02
2.606184800033045121e+02 2.603283837638310274e+02 2.588341510249132398e+02 2.606907173401016280e+02
2.540450101014405959e+02 2.543797882081546220e+02 2.540406312109583098e+02 2.544925172209521804e+02
2.880190965170747290e+02 2.892173899421910619e+02 2.866521591270941371e+02 2.876489800135473160e+02
2.731386989594243460e+02 2.738298659241086739e+02 2.714996925454063899e+02 2.736849742316422294e+02
2.950499446349114692e+02 2.937997763900957580e+02 2.936584310516248024e+02 2.935804381780894801e+02
2.649825067059729236e+02 2.645748869646421895e+02 2.631967021636959316e+02 2.660947065281117716e+02
2.543284642809694276e+02 2.548138606488922733e+02 2.526091138092455139e+02 2.554068495473029259e+02
2.614900614061528472e+02 2.625395980333424291e+02 2.601456841902635233e+02 2.619793895207936316e+02
2.535035122238764416e+02 2.539269554676872076e+02 2.521989889483878642e+02 2.540992117878306260e+02
2.590416790180531734e+02 2.595710038397778021e+02 2.572455526716815370e+02 2.595731473515505172e+02
2.634044507748391197e+02 2.630195822385077804e+02 2.619867845978034779e+02 2.639415307608699663e+02
2.522428058623641505e+02 2.528082647811649792e+02 2.513371373306043779e+02 2.523033878107177088e+02
2.471377315813905398e+02 2.476245438163258825e+02 2.459001336321317979e+02 2.474002406669314382e+02
2.516124819300676734e+02 2.520261706453899251e+02 2.510859321693084212e+02 2.525851642706876703e+02
2.502682665500935855e+02 2.499889665424056489e+02 2.484918220797361812e+02 2.508264541640053267e+02
2.561509678576958322e+02 2.566774569777520014e+02 2.554804957653001907e+02 2.573490198829682640e+02
2.663642909748637635e+02 2.661848598160048027e+02 2.647786116300151207e+02 2.664716489539242161e+02
2.534709970356500151e+02 2.537274219580165777e+02 2.533494280695360601e+02 2.537993524727993133e+02
2.584739654157986024e+02 2.589892472296973551e+02 2.575961789417960404e+02 2.584725165279340899e+02
2.601656484283564623e+02 2.615666446464275054e+02 2.592542162406612647e+02 2.616515781677835548e+02
2.995171282057426083e+02 2.997114746538266559e+02 2.980369253699180376e+02 2.985131678785132863e+02
2.534935144793442987e+02 2.538800697579451651e+02 2.523858086381283954e+02 2.535393860575658209e+02
2.652460281100777024e+02 2.650577560163213775e+02 2.634896054698481862e+02 2.645757745861731109e+02
2.563853060516028108e+02 2.559090615015411458e+02 2.551215709310281170e+02 2.575224283964594179e+02
2.637266633464234360e+02 2.640086399611222987e+02 2.620985642933183044e+02 2.640701537267181607e+02
2.547220437408733744e+02 2.545064808915447827e+02 2.529732712915284196e+02 2.551640307050728609e+02
2.612319391975190115e+02 2.621521729440681838e+02 2.602686381059388054e+02 2.622395497751577409e+02
2.743890591539412753e+02 2.746278179486199633e+02 2.713310228815077494e+02 2.745934782663925375e+02
2.512602087692530688e+02 2.515620177196646807e+02 2.509711295808258456e+02 2.524741159350875535e+02
2.614495331614049860e+02 2.618962973751137611e+02 2.588026123719255907e+02 2.624692580008555183e+02
2.546393048412558358e+02 2.551262998965998747e+02 2.541281901048559462e+02 2.550374364656849764e+02
2.562195035210309584e+02 2.559210681613522240e+02 2.550310494734398503e+02 2.564485497637735421e+02
2.465402906868110335e+02 2.472133313232789646e+02 2.452213096388794042e+02 2.470509213094063341e+02
2.557505029699548516e+02 2.561150166355381543e+02 2.550219871667854363e+02 2.558009550310820543e+02
2.671446766460886124e+02 2.669249416771369283e+02 2.653728787115066439e+02 2.675805030728557199e+02
2.656310774455809565e+02 2.658736204462563819e+02 2.639018768546600882e+02 2.660606582206481789e+02
2.513593827428109648e+02 2.516363590321985271e+02 2.510180959072530698e+02 2.526682743456078128e+02
2.691820851684940976e+02 2.693698250341606695e+02 2.673197119320184925e+02 2.706354347641488403e+02
2.541097853878681860e+02 2.540212172695028698e+02 2.531187443012372569e+02 2.542844021562363821e+02
2.544271662200855246e+02 2.554581399715885937e+02 2.525743158673242306e+02 2.550987522284216595e+02
2.563634358217158251e+02 2.563490065059684753e+02 2.538441487247640111e+02 2.568550431004859433e+02
2.528909389874210092e+02 2.537886182148329226e+02 2.525090230127333371e+02 2.540827306215795716e+02
2.568156643162229216e+02 2.573133338856120531e+02 2.565166627155763308e+02 2.576059024490460843e+02
2.469681142783103098e+02 2.472623388335518655e+02 2.457119643882306548e+02 2.478887833004211529e+02
2.494204543627514568e+02 2.497101202869652354e+02 2.488372684510517558e+02 2.496208650521526522e+02
2.734113482536259880e+02 2.741056877510276308e+02 2.703881242061647185e+02 2.737661268088372708e+02
2.613233900459266010e+02 2.618417158871288279e+02 2.589751926510727458e+02 2.609234099359414927e+02
2.510552166374621095e+02 2.522200196894593205e+02 2.492723353710678964e+02 2.521936115948935253e+02
2.498624891885613977e+02 2.502197132969224640e+02 2.489683457393894344e+02 2.503553678868928500e+02
2.588952682280300337e+02 2.594584372446056477e+02 2.576705713143366552e+02 2.598949921639336935e+02
2.585915804577958284e+02 2.591331124278548259e+02 2.573985118904753335e+02 2.595871999122015268e+02
2.536667878944753340e+02 2.548307412929483462e+02 2.524813604205595539e+02 2.542117422181947006e+02
2.654384815737813028e+02 2.649920237857507459e+02 2.634544765346001896e+02 2.655394964187739788e+02
2.526927822817303309e+02 2.525061679010726721e+02 2.515426354720490849e+02 2.527138687143606717e+02
2.599904278864141247e+02 2.602177144454567497e+02 2.579455595218876169e+02 2.605515088859204980e+02
2.598506205258378259e+02 2.602087503657797356e+02 2.592379701036268216e+02 2.608937640547364367e+02
2.513989684810490246e+02 2.522467994321696665e+02 2.511387019076624085e+02 2.528012763740859441e+02
2.659528370529370704e+02 2.663543311552568866e+02 2.631846848459098283e+02 2.658935581961173398e+02
2.496887029256974415e+02 2.504303177780642216e+02 2.494172551464411356e+02 2.507975065156335575e+02
2.734024416794925969e+02 2.750277664607798442e+02 2.713815987449061140e+02 2.742623072744206070e+02
2.492581631235999851e+02 2.488167460982226373e+02 2.478524647592786039e+02 2.499230738256811435e+02
2.716749724009947613e+02 2.728378181747729627e+02 2.690830537258380559e+02 2.729597033389096623e+02
2.942080315552862544e+02 2.942502618985575964e+02 2.933694778056568566e+02 2.944408037550473409e+02
2.648628860023793550e+02 2.663225999770821772e+02 2.631945598507053887e+02 2.669856317222319717e+02
2.619059844959263046e+02 2.625284611672691994e+02 2.611823666607693326e+02 2.631165104406313731e+02
2.522955974270522290e+02 2.525776426776419896e+02 2.519992013850421415e+02 2.520580426219869423e+02
2.500286869007177302e+02 2.506969891109546893e+02 2.490249650628766460e+02 2.511193963041409916e+02
2.518350482929068903e+02 2.519837380953287891e+02 2.503578887802698603e+02 2.515731497445914613e+02
2.531097182112900441e+02 2.530697240575466651e+02 2.527597852325684471e+02 2.533990659106041790e+02
2.546298839541584016e+02 2.551533195095687745e+02 2.537387005497175494e+02 2.550411204105386958e+02
2.604510583964380430e+02 2.610249582150063929e+02 2.574057188056470409e+02 2.607160840157264943e+02
2.570488386257942466e+02 2.571670365456474201e+02 2.554450188638090538e+02 2.575012894064389002e+02
2.637523079185123720e+02 2.642789264161143592e+02 2.611131837968287641e+02 2.649525657164263635e+02
2.558334056715522706e+02 2.559678593537659310e+02 2.540197087922813921e+02 2.566580095334585394e+02
2.490619470737507015e+02 2.493142018259633517e+02 2.479418778379076684e+02 2.499716742574850343e+02
2.569591464565699539e+02 2.569021941648477423e+02 2.548746342011771446e+02 2.571837360528354566e+02
2.555574121568933776e+02 2.556948176888135720e+02 2.542490250254539035e+02 2.564984226024336067e+02
2.593453112511766676e+02 2.600901639624386235e+02 2.582166145710961018e+02 2.598206338710220962e+02
2.525204515951016049e+02 2.532057968744640561e+02 2.516096032641975171e+02 2.528452652070834006e+02
2.598529799537631675e+02 2.604915174931776392e+02 2.587447838729082719e+02 2.602527884608145428e+02
2.664095092995530649e+02 2.663565368288165018e+02 2.638657741081665904e+02 2.670807675528552636e+02
2.861906443643439388e+02 2.865182472135282978e+02 2.840373431401889093e+02 2.857115493072523122e+02
2.805917096486758737e+02 2.806468947979192876e+02 2.787244760874534109e+02 2.808489592660143899e+02
2.649824804096896855e+02 2.651951141651986177e+02 2.642091001618517225e+02 2.660581296970036078e+02
2.649351979907478949e+02 2.653002651846719004e+02 2.633299018936980929e+02 2.653040292471714565e+02
2.667967685571774155e+02 2.678252858711256863e+02 2.649673835063748015e+02 2.672324465445854003e+02
2.524926992548007831e+02 2.522050816289980446e+02 2.520311724286108017e+02 2.526977337046834862e+02
2.581639923035302218e+02 2.591339288878369302e+02 2.580262506126206290e+02 2.593296709313871702e+02
2.826474679159671268e+02 2.829972695000445810e+02 2.789493750666381402e+02 2.828650755118644042e+02
2.526398270592898143e+02 2.530388804382816943e+02 2.510136044998796763e+02 2.538568981679030969e+02
2.751617913253222696e+02 2.759326061999660169e+02 2.724751124854954583e+02 2.750342256517844248e+02
2.551764594299424971e+02 2.550891588418060110e+02 2.533031631112503419e+02 2.552249559275664694e+02
2.756223045207228779e+02 2.756602719338922611e+02 2.738790557335887570e+02 2.762961403075585167e+02
2.745442288090698639e+02 2.750518987330560208e+02 2.730851805140378019e+02 2.759559549404748964e+02
2.708699413159527012e+02 2.707347354096536378e+02 2.683167537975577943e+02 2.713908568491689266e+02
2.501671041123574355e+02 2.507018670211262190e+02 2.486787698319018602e+02 2.506319262913294494e+02
2.524199636137803111e+02 2.537514920623235923e+02 2.500396175014920175e+02 2.534262854171148547e+02
2.563744190284471074e+02 2.564529566792461424e+02 2.555870995180283671e+02 2.573910589594529483e+02
2.697922174114524410e+02 2.706343826432250808e+02 2.677463684962972366e+02 2.709703382218237380e+02
2.575930139059418025e+02 2.581140187242256729e+02 2.572230137445507694e+02 2.584589270168852977e+02
2.490215092432367499e+02 2.491222391263828229e+02 2.475841095927504227e+02 2.499291773893859840e+02
2.445262035305883899e+02 2.446067939333038623e+02 2.436235679645733399e+02 2.453856275031209009e+02
3.013511677451077162e+02 3.013397087668982977e+02 3.005944769644951293e+02 3.005276511505717281e+02
2.537914288190861782e+02 2.535250732274354277e+02 2.516151695404430200e+02 2.548977530233918856e+02
2.604145847909907729e+02 2.607578781925620888e+02 2.587121902876305057e+02 2.619189881021094379e+02
2.571753633161192738e+02 2.581697047285211966e+02 2.560139024200851168e+02 2.583078956003426470e+02
2.593110147984320975e+02 2.600058461082415988e+02 2.581012609839642664e+02 2.603131106081377197e+02
2.723111763742578546e+02 2.726097322813758979e+02 2.697931558488500627e+02 2.727122995377274606e+02
2.555744170201307668e+02 2.569629065421632959e+02 2.544992394162102016e+02 2.566168175582643585e+02
2.530020378095624380e+02 2.533176345921486075e+02 2.524760658237983932e+02 2.533571096448497144e+02
2.526635291920755151e+02 2.531724861196489371e+02 2.517899567446624758e+02 2.536924433084721500e+02
2.716504652144167267e+02 2.716410567383122157e+02 2.694557444038446192e+02 2.709611928614800718e+02
2.564969437612372758e+02 2.563056801486631571e+02 2.554442847991486190e+02 2.559791884049957105e+02
2.545295139473641370e+02 2.541990625234711842e+02 2.533557643815854590e+02 2.551582987204865276e+02
2.632544226082241607e+02 2.636896166403631128e+02 2.599759826839998027e+02 2.643285578491289698e+02
2.501376946706764386e+02 2.499851817659678659e+02 2.486865206431615434e+02 2.513278382487190186e+02
2.598606202834321834e+02 2.604766509137278376e+02 2.578546213288712465e+02 2.613801218888788185e+02
2.497711324017503216e+02 2.508010370657457599e+02 2.493020549932347194e+02 2.505168246874850126e+02
2.583160832522029864e+02 2.580446714470249390e+02 2.574280276414813784e+02 2.583372259609074035e+02
2.659759694722556560e+02 2.657987056889035671e+02 2.628860974717565000e+02 2.652202177619978443e+02
2.897152405690022761e+02 2.904394490842947221e+02 2.871410885977967951e+02 2.887226764213435786e+02
2.533945546499115835e+02 2.531611978145152193e+02 2.526302452296635863e+02 2.533586501808890716e+02
2.588720997841031135e+02 2.585789611644845536e+02 2.575661397381051074e+02 2.593232685225924001e+02
2.690425051167606512e+02 2.687744079188253750e+02 2.659501423411750807e+02 2.696328480241087391e+02
2.559903708903232484e+02 2.565448011612257915e+02 2.562335827587941139e+02 2.566874712852147695e+02
2.620437261791462333e+02 2.617489486283725455e+02 2.606419973178351484e+02 2.623433392961961204e+02
2.539873844880030163e+02 2.545449062341828039e+02 2.533347735580074129e+02 2.544038373435813583e+02
2.753248506727416611e+02 2.759296114650091454e+02 2.730778567426872314e+02 2.751594366037861050e+02
2.542053883792378031e+02 2.549868455015834741e+02 2.528989807049044316e+02 2.556201051675423628e+02
2.486704372689674756e+02 2.488780181758390029e+02 2.471330255415106762e+02 2.493251424264592799e+02
2.531466749936421081e+02 2.538818093782060998e+02 2.525907686054564749e+02 2.537198445253959278e+02
2.647141320086331007e+02 2.655733736965993330e+02 2.625496080958512835e+02 2.656710909307232100e+02
2.634433599648269819e+02 2.642671973270005310e+02 2.610593574911575274e+02 2.643667318598068618e+02
2.560839320761502904e+02 2.559829695165203418e+02 2.556393616191903959e+02 2.561285619210098616e+02
2.944878445126043971e+02 2.954954151520950063e+02 2.932727953903749381e+02 2.947502874738718219e+02
2.733450180892586445e+02 2.737630017585572091e+02 2.696002239610066340e+02 2.745801823770869987e+02
2.534245053497505467e+02 2.531561361364917673e+02 2.526627774790804892e+02 2.530165151509137615e+02
2.591621724553739909e+02 2.594797289347756077e+02 2.571365707233092621e+02 2.601625615188482357e+02
2.590389837355479585e+02 2.590574780048155503e+02 2.569065104895049672e+02 2.595396670873704466e+02
2.534229417709152870e+02 2.530459957301771112e+02 2.516300594499866463e+02 2.538040553856032773e+02
2.891158196421758362e+02 2.902279365059816314e+02 2.873130982759557241e+02 2.893236627831598184e+02
2.558024627532309978e+02 2.565701707064996526e+02 2.544155206671066765e+02 2.564531734986504716e+02
2.589782958225451921e+02 2.592241753854397075e+02 2.572803938233500958e+02 2.590905224567842424e+02
2.474544507316610122e+02 2.481535175011308070e+02 2.469951436386458852e+02 2.482477057795588848e+02
2.545970148449563908e+02 2.537032198651305350e+02 2.525995570512746724e+02 2.542581292408494562e+02
2.506572227695289712e+02 2.506995533708876565e+02 2.499019352477682503e+02 2.519436254618293844e+02
2.564565849500856984e+02 2.564497728329015445e+02 2.554956228770835196e+02 2.572829116784081407e+02
2.993419485885208928e+02 2.994179788767261812e+02 2.982717586558228504e+02 2.970554802824344733e+02
2.623761667128798649e+02 2.628346832858084099e+02 2.610516162452137223e+02 2.625071905565692418e+02
2.718901444619802987e+02 2.723307194626678438e+02 2.689675207119420293e+02 2.729502842263877369e+02
2.743534572210371607e+02 2.757818029398919180e+02 2.708564792239369581e+02 2.753889464709115487e+02
2.552787745916301674e+02 2.556917839786756588e+02 2.539465889027470382e+02 2.558074823889774336e+02
2.533835458908642124e+02 2.536599892268428675e+02 2.530349635956321777e+02 2.535076939520810981e+02
2.547314286968588988e+02 2.548797943130426233e+02 2.540007137409098732e+02 2.550155088872556632e+02
2.867546438407712799e+02 2.880496814501807421e+02 2.859412598193150075e+02 2.880608013041281197e+02
2.561050145340686868e+02 2.563751990002981529e+02 2.555502066615753733e+02 2.564933994996009119e+02
2.774845364862475208e+02 2.770676130235132177e+02 2.753418882670716812e+02 2.770216930262204755e+02
2.686901126374260116e+02 2.700910480688780808e+02 2.668136624555160665e+02 2.692321916089104548e+02
2.531041018544275403e+02 2.528093368387196733e+02 2.523143929519146980e+02 2.535290425062117947e+02
2.505498249639763912e+02 2.501219083264197138e+02 2.490550525791555856e+02 2.507990813901492118e+02
2.524767047366894417e+02 2.522983784829191052e+02 2.514244630184118705e+02 2.526797812553112408e+02
2.932863851816064766e+02 2.929692376637625557e+02 2.919471710184466247e+02 2.926261049672475565e+02
2.578933391581857677e+02 2.584689080219858397e+02 2.566028759734443838e+02 2.593868693563769057e+02
2.719388679853136068e+02 2.713823400997663384e+02 2.693587323665923350e+02 2.708443418665577269e+02
2.490003230542912718e+02 2.496639408225032355e+02 2.487438129695330531e+02 2.500469324958885977e+02
2.661051871946570486e+02 2.669769622918801133e+02 2.645981357833346124e+02 2.668983983437140637e+02
2.939488588892482994e+02 2.947914397558438395e+02 2.922016725338725678e+02 2.942350294247353872e+02
2.624432530137399908e+02 2.618245506373344256e+02 2.598311814735233725e+02 2.627076974784716867e+02
2.487838767811492175e+02 2.494788423192744347e+02 2.483209786652203377e+02 2.494867616909840251e+02
2.662756993168534905e+02 2.667314858314648518e+02 2.648842399843292128e+02 2.665935196368945412e+02
2.608146535790809253e+02 2.614284278172788163e+02 2.592722467814754737e+02 2.621473988393473178e+02
2.566933219759995950e+02 2.568813481676568244e+02 2.556602610942427987e+02 2.569520360468382023e+02
2.640984728365956471e+02 2.640726893220113425e+02 2.623649751425347176e+02 2.644176616229925116e+02
2.608005280982575869e+02 2.614504873404725345e+02 2.588846318234610635e+02 2.612727140501595500e+02
2.542868892009036017e+02 2.547556873098976666e+02 2.525031870596020553e+02 2.552900049835065488e+02
2.501314777848155870e+02 2.496911642641265985e+02 2.490850293391048638e+02 2.507043249561812388e+02
2.499074557232326868e+02 2.503846033213675639e+02 2.488459692934061138e+02 2.500586448722650914e+02
2.571132887043222581e+02 2.577328192729608531e+02 2.555332887352411433e+02 2.577530763037670454e+02
2.542868276276736879e+02 2.542440699547461236e+02 2.534136800203777966e+02 2.544585372131918177e+02
2.744200806849150354e+02 2.761032904785533901e+02 2.738033881754282106e+02 2.744514015899063111e+02
2.582313252534845560e+02 2.588410785630136388e+02 2.570436036007975531e+02 2.592530945186887834e+02
2.832917167114385961e+02 2.848807595280011355e+02 2.820146669894785418e+02 2.839618620126511814e+02
2.507622855025941249e+02 2.512190228902742604e+02 2.501095175594681734e+02 2.510546723022517313e+02
2.740383250207230503e+02 2.745153165794969254e+02 2.709123921494323781e+02 2.740643723866613186e+02
2.479254798105545774e+02 2.481867679410079575e+02 2.456932199651200506e+02 2.484984183105644036e+02
2.476521585589992469e+02 2.476084252257534217e+02 2.465338610166613762e+02 2.479115618858709240e+02
2.555084098347745680e+02 2.566759406890957962e+02 2.534083026426774552e+02 2.564008145187441414e+02
2.523421383556233479e+02 2.524811700446816189e+02 2.514153422262199058e+02 2.528694341438216782e+02
2.878402813313651905e+02 2.884132104260479537e+02 2.863019490775669738e+02 2.881469619855243423e+02
2.481549291396821104e+02 2.485633150707517132e+02 2.477699189737666359e+02 2.489051231893921567e+02
2.839147599483813451e+02 2.839375511819334292e+02 2.821245731196784163e+02 2.836127903830379751e+02
2.517489797509442440e+02 2.522723110542374627e+02 2.514080793098136155e+02 2.526876729017513128e+02
2.512648407166944935e+02 2.519582898796105610e+02 2.504487789387037253e+02 2.519101465019607247e+02
2.542280770835417627e+02 2.539406652131704050e+02 2.533792026064915888e+02 2.544608733120884381e+02
2.587109964366062513e+02 2.592604841983559254e+02 2.569071068726836415e+02 2.595521853381806636e+02
2.568916311244569783e+02 2.571776815065264259e+02 2.562688579919072822e+02 2.575356140606172630e+02
2.570897753560079195e+02 2.569394484806937271e+02 2.558506954584066762e+02 2.572726367554171247e+02
2.751806978417754976e+02 2.748025083580083674e+02 2.719253156366731901e+02 2.750649426205208101e+02
2.779721738793002714e+02 2.782816778475773276e+02 2.752731424786991283e+02 2.783128569730297386e+02
2.821436411357225893e+02 2.834296062692448004e+02 2.808361690893884202e+02 2.820172153039709428e+02
2.537779783198177768e+02 2.546996707800602167e+02 2.526994458860714587e+02 2.546420198712433489e+02
2.617894802496530815e+02 2.623257404862236513e+02 2.592189973068375366e+02 2.623926678290253562e+02
2.612102679399459930e+02 2.618659742366740488e+02 2.598940973010148241e+02 2.613160407497653637e+02
2.564515115262171321e+02 2.572187577204508102e+02 2.554028246311822841e+02 2.572203863527207659e+02
2.752953372437942789e+02 2.764344837063822524e+02 2.726987044525322972e+02 2.767121433466449503e+02
2.553277504000228646e+02 2.567103422613307089e+02 2.537648654375298065e+02 2.563745145818771221e+02
2.790157080308795230e+02 2.799555042934796347e+02 2.768696834147249319e+02 2.801979535117249043e+02
2.551206120075408705e+02 2.544403515652285535e+02 2.547346293746935544e+02 2.544324990967986935e+02
2.513059832088732151e+02 2.520901819583656049e+02 2.506127305342661487e+02 2.515499295848767645e+02
2.567247682220659613e+02 2.567651894340640411e+02 2.556543854251806067e+02 2.569233516364107004e+02
2.549452931149531878e+02 2.548377838549479009e+02 2.535215010264539615e+02 2.551090243566671916e+02
2.549888336783703267e+02 2.557880548493537276e+02 2.533651946910798642e+02 2.562945816483814383e+02
2.599510780721626020e+02 2.601252125223849134e+02 2.591980985410809240e+02 2.610084456024809469e+02
2.604836943720768545e+02 2.609956184191773332e+02 2.594825380138096307e+02 2.617880966098094291e+02
2.722268233603086287e+02 2.734407182858439000e+02 2.708960403273284214e+02 2.726767814236796994e+02
2.584739442026202028e+02 2.591201365341150904e+02 2.569010734544023649e+02 2.584763889480141188e+02
2.707255633013431293e+02 2.711426855568551559e+02 2.682890646136328314e+02 2.720068469221503165e+02
2.503882448697201824e+02 2.506784095693032270e+02 2.494001968836676042e+02 2.503808612284721846e+02
2.763011603702004777e+02 2.766229401095544063e+02 2.732603435416694424e+02 2.759441259038939052e+02
2.532509246258511268e+02 2.536576991753397294e+02 2.524278127063637953e+02 2.535870301076914473e+02
2.638832951535252960e+02 2.641711134772674541e+02 2.616966771038485717e+02 2.649360155512736128e+02
2.488701049527398084e+02 2.491600309951857355e+02 2.476264920886054028e+02 2.500370919402334664e+02
2.611532493919361286e+02 2.607420923762560960e+02 2.591589874223850529e+02 2.614228200013034211e+02
2.616458149299804745e+02 2.627677170728128431e+02 2.600264680561840578e+02 2.634790620024987220e+02
2.572792129747356284e+02 2.576249003153372428e+02 2.556593598669883249e+02 2.583243121034315664e+02
2.573472793030388175e+02 2.572953120314060698e+02 2.565652325309625326e+02 2.572937984423151079e+02
2.770281795695902360e+02 2.776705714254957797e+02 2.748078115849523329e+02 2.772708677788120895e+02
2.527571862135392848e+02 2.532129590240421351e+02 2.527572474226573149e+02 2.532865524539609510e+02
2.625518120869251675e+02 2.628065972846857790e+02 2.610829265228674672e+02 2.628428362356716548e+02
2.539230047880548113e+02 2.546259504508344378e+02 2.528403857974280697e+02 2.545544310112669280e+02
2.496511563672029581e+02 2.500972904417807570e+02 2.489780761873928725e+02 2.507475543917656182e+02
2.721658277831794521e+02 2.721839510893272518e+02 2.695428508135929064e+02 2.725323101389993781e+02
2.743230415781586657e+02 2.735950756346512094e+02 2.716320604058743697e+02 2.752496262029162608e+02
2.542277830739193973e+02 2.548047953868517652e+02 2.535588550876150293e+02 2.549990164675955100e+02
2.941451044093647624e+02 2.937089197227987256e+02 2.916161230817668866e+02 2.926831390031780984e+02
2.680430345633991465e+02 2.692925689770596591e+02 2.656076440415160391e+02 2.693981034654472069e+02
2.529756787841425023e+02 2.547141277762731590e+02 2.510128680595054504e+02 2.540554332575162277e+02
2.621739529112498417e+02 2.629739297622992922e+02 2.610770974010922032e+02 2.626196692802583925e+02
2.607761976344906998e+02 2.612752791417664753e+02 2.571748685337228721e+02 2.615696584948560144e+02
2.581736658242572844e+02 2.590191671060632643e+02 2.577264796742741169e+02 2.599004417395590849e+02
2.603672897412723728e+02 2.608390939065699854e+02 2.589518279597631363e+02 2.612271880590807882e+02
2.524724004511772364e+02 2.528153487441427387e+02 2.513087325502258693e+02 2.525881343318749259e+02
2.534291266272555276e+02 2.538870025023787775e+02 2.524831240533246159e+02 2.542326868552878807e+02
2.550263780389630028e+02 2.550600431562632764e+02 2.542805579424091889e+02 2.554742110643983892e+02
2.907721436347852091e+02 2.921141707329688870e+02 2.900536142041733569e+02 2.909818716195701995e+02
2.600817898731238529e+02 2.604431318286094665e+02 2.584166283217437581e+02 2.607579932653138144e+02
2.577610881217524366e+02 2.577664360000895840e+02 2.552400785369935363e+02 2.580578506766630085e+02
2.627450349773470180e+02 2.624001129743786578e+02 2.612424906172608416e+02 2.640321415371404896e+02
2.596144131249238853e+02 2.595699275677819742e+02 2.583940114644627783e+02 2.598537796158006472e+02
2.910807228394737649e+02 2.910857897306801192e+02 2.885575828985565181e+02 2.889376233477162828e+02
2.552271234658274182e+02 2.554818036459668917e+02 2.547436992309852712e+02 2.551048816335948288e+02
2.629612390087172571e+02 2.630430397157032303e+02 2.610829341443931639e+02 2.636040216993602030e+02
2.510953990323076823e+02 2.512927940274762761e+02 2.508871015065592189e+02 2.516789768264141571e+02
2.674487813363826376e+02 2.688990218030346568e+02 2.648626035824569271e+02 2.688259257702479204e+02
2.545433752424357294e+02 2.544760046748166076e+02 2.524607340999446308e+02 2.548713442266800087e+02
2.571486871901028053e+02 2.576957144653517275e+02 2.558608652104995542e+02 2.578185979914276800e+02
2.522363655549507087e+02 2.519403498099256069e+02 2.515940425336127646e+02 2.520686655302145596e+02
2.568051537072237807e+02 2.578801990703241245e+02 2.549162936550557959e+02 2.574449590803623096e+02
2.555095392950549353e+02 2.556015886627068028e+02 2.538618887574654082e+02 2.561852948590228607e+02
2.682904849340486635e+02 2.677149255789142899e+02 2.667673772121619322e+02 2.692736712838813560e+02
2.497193707456602851e+02 2.506343855085206087e+02 2.489541629679042956e+02 2.512062847973467683e+02
2.543000844360738597e+02 2.539600690055505936e+02 2.531374972902987679e+02 2.542904216587273822e+02
2.489616847844163772e+02 2.495943011922122992e+02 2.485672154215387764e+02 2.499491841409840163e+02
2.498858790882128176e+02 2.502451681642950518e+02 2.492453976281923360e+02 2.505778584188649916e+02
2.543488262424460515e+02 2.539699588999891660e+02 2.527223926112763479e+02 2.546479858133454854e+02
2.567485100234233073e+02 2.569698648587402658e+02 2.553074521884770434e+02 2.577761263645863892e+02
2.771438966228030836e+02 2.766769711746302391e+02 2.749224913921113966e+02 2.786221880074626256e+02
2.566736468997003726e+02 2.573042629249144397e+02 2.551050744085445103e+02 2.570364323942241072e+02
2.536887932167715292e+02 2.538410301973175081e+02 2.531287269744568960e+02 2.539626940061166636e+02
2.523935337443166418e+02 2.524187985781686336e+02 2.513266378023450329e+02 2.525742702489785643e+02
2.534602600018841656e+02 2.540524369169241652e+02 2.535335274228563378e+02 2.540058355286313656e+02
2.592894443675338607e+02 2.601135412802644282e+02 2.581404272664753421e+02 2.595457335156442014e+02
2.525533527557542470e+02 2.526035392087156595e+02 2.519354160848042739e+02 2.530881360805321663e+02
2.627913358612029242e+02 2.634768451593927239e+02 2.607093829631318727e+02 2.635568607291854732e+02
2.492355148304803265e+02 2.503053348570480239e+02 2.489759928641131239e+02 2.506197049769637886e+02
2.861115819098291126e+02 2.863354539097867928e+02 2.832520809228086023e+02 2.868224427261339429e+02
2.528095796428549136e+02 2.528943426797279130e+02 2.516734170671527409e+02 2.538277303586600624e+02
2.524425558229612250e+02 2.533073862184523364e+02 2.521551075034453788e+02 2.534637816318573869e+02
2.643482582994521408e+02 2.637667629157136275e+02 2.626391122798191304e+02 2.648487641655395350e+02
2.507297694022853989e+02 2.517475177202822749e+02 2.507337815461675348e+02 2.522649404271403171e+02
2.493592252123928574e+02 2.488675705674300502e+02 2.482919559031465724e+02 2.501106726279319048e+02
2.526195385024693678e+02 2.525053473728947893e+02 2.515324221651962660e+02 2.529368142231866443e+02
2.505102954058387468e+02 2.508521354745708436e+02 2.491253865779609384e+02 2.507819032233524581e+02
2.630405284932921859e+02 2.636215955812356242e+02 2.618885015199927011e+02 2.640748721615808563e+02
2.588661686522077616e+02 2.591912966498501874e+02 2.580665627137674392e+02 2.590469418748485282e+02
2.478771355470213678e+02 2.477620413187709119e+02 2.467299032437611856e+02 2.480420959248468478e+02
2.673004193678300453e+02 2.681343186864037307e+02 2.657176414310701489e+02 2.672596109182462669e+02
2.524587052346706173e+02 2.528794642714838972e+02 2.517609679457594325e+02 2.530847547456001223e+02
2.615367231863489792e+02 2.616310722093464847e+02 2.596818460479746022e+02 2.621685320435240101e+02
2.566762684882272652e+02 2.570905138471707119e+02 2.549074785062330193e+02 2.567167705608193842e+02
2.497459739521871995e+02 2.497686056499916845e+02 2.490678548715229965e+02 2.504451658692531453e+02
2.551374600670223742e+02 2.552774889675179963e+02 2.528910861954697680e+02 2.565145007262235026e+02
2.594649101139246454e+02 2.587271437489139316e+02 2.571135191825894708e+02 2.597285261423233464e+02
2.538600505549497655e+02 2.550768369825394188e+02 2.518901041979090678e+02 2.545249457473019561e+02
2.576334321752431151e+02 2.583837265256327100e+02 2.565955189586763936e+02 2.587308361362189544e+02
2.528556989725483390e+02 2.537422370854199301e+02 2.523772098452020316e+02 2.527443325060143593e+02
2.577253824814104632e+02 2.579124469562221975e+02 2.566020155670144618e+02 2.580026935800666479e+02
2.619395001709793291e+02 2.619529129561106515e+02 2.604623683808745227e+02 2.622405321222973384e+02
2.636791877136197400e+02 2.641576146546351538e+02 2.617600391252227610e+02 2.646032308332794400e+02
2.729978944082561725e+02 2.726776013550087328e+02 2.700622737269907248e+02 2.732741376230999322e+02
2.557779004918977250e+02 2.559201950387532634e+02 2.532563008214443698e+02 2.560693061682413258e+02
2.718919996856566854e+02 2.725327656673690058e+02 2.702721685584662055e+02 2.724964074011401749e+02
2.554005369078911087e+02 2.563145515600886029e+02 2.552051843069593531e+02 2.559911721664902871e+02
2.993802253643880249e+02 2.989575150783966251e+02 2.982841187424920690e+02 2.984853544975222803e+02
2.534167414609628111e+02 2.536359763359279214e+02 2.521181807926060401e+02 2.535467713877326332e+02
2.503135211590943641e+02 2.509210420715711791e+02 2.492605381587507622e+02 2.513643514991669861e+02
2.568112703901870759e+02 2.576298672092079869e+02 2.559392806460145664e+02 2.572642829355004324e+02
2.503078358899671798e+02 2.508679376372429317e+02 2.493257263919834372e+02 2.509988377328017464e+02
2.668826056408224190e+02 2.670883127469071496e+02 2.649691412917468369e+02 2.681548182121909463e+02
2.885288830029078326e+02 2.884558252864460997e+02 2.866380496362502868e+02 2.885078251152234543e+02
2.509836164273874033e+02 2.512261466176849751e+02 2.501449912620788893e+02 2.519114508399704846e+02
2.518022002507779291e+02 2.524934969483005887e+02 2.510846488010538735e+02 2.514792028199748017e+02
2.665303142774671414e+02 2.677494741999081498e+02 2.653481959558528729e+02 2.677697289961021738e+02
2.604311191414112727e+02 2.614459019294622522e+02 2.592248030988359915e+02 2.614420899242870178e+02
2.565419996919589494e+02 2.571536701735167867e+02 2.561447528627951442e+02 2.566131429541065359e+02
2.546710695659716919e+02 2.548380469279563556e+02 2.536174775333347213e+02 2.547413769454811643e+02
2.986600815342526971e+02 2.991737684366912617e+02 2.976515007170979743e+02 2.982491869057763552e+02
2.721003332889464446e+02 2.729298372703369182e+02 2.698668223695187862e+02 2.720793579797056623e+02
2.593542564679630118e+02 2.591665753150296041e+02 2.576871896461747724e+02 2.599522402964921639e+02
2.732798044404215148e+02 2.735539576171668728e+02 2.716365110753178556e+02 2.732691523012210837e+02
2.592492676373965992e+02 2.595383528945190506e+02 2.581551112199092017e+02 2.601744825378982000e+02
2.656063926182786759e+02 2.664800161156491072e+02 2.639769503324466768e+02 2.675258339531027900e+02
2.521214866108407193e+02 2.534171417335417686e+02 2.514211753364974982e+02 2.530907680125893933e+02
2.585058078848467176e+02 2.585790506332430709e+02 2.570254035270888835e+02 2.592966637353900978e+02
2.575265533214985112e+02 2.578952765038679900e+02 2.562376816701793132e+02 2.592834551688346778e+02
2.543399715568565398e+02 2.548454415022216040e+02 2.543892404703494776e+02 2.551321128945189116e+02
2.544736751146896552e+02 2.544244814940109052e+02 2.526819302814864443e+02 2.553287087229561223e+02
2.508745749308182837e+02 2.524165233125096108e+02 2.503670829466762768e+02 2.529160188731462995e+02
2.576776887436228094e+02 2.575602899572462547e+02 2.565825333675614388e+02 2.578362044425878707e+02
2.521816239485471840e+02 2.527445678524653090e+02 2.512169653181996978e+02 2.527008712970142597e+02
2.658813850961444132e+02 2.659617001731308505e+02 2.635689694487068095e+02 2.660987815584248892e+02
2.606376316914942208e+02 2.616957172466965744e+02 2.602519654574500692e+02 2.617070472058400696e+02
2.577396469569763440e+02 2.578200459493201038e+02 2.563442738809328034e+02 2.583771885772508199e+02
2.689684223732251667e+02 2.694761048426857428e+02 2.671691017203199294e+02 2.695362217959240070e+02
2.749450570477467295e+02 2.735635227518667989e+02 2.721442066203648551e+02 2.748703169100394348e+02
2.667422204070663270e+02 2.665917874588232621e+02 2.649011399579325143e+02 2.677249316271178259e+02
2.582963321200631981e+02 2.586123164202991802e+02 2.579286237302183622e+02 2.587419302728077355e+02
2.579224398093820696e+02 2.578637567571751674e+02 2.559620987979993743e+02 2.576590890649799235e+02
2.540850805355511568e+02 2.551209283469760862e+02 2.521235604439350766e+02 2.541002698875768715e+02
2.469415241448374445e+02 2.471716065920755909e+02 2.459398761271061460e+02 2.477404583694499536e+02
2.531128297778151364e+02 2.529618908776517969e+02 2.531419841814673646e+02 2.539708496429690854e+02
2.530254482977595387e+02 2.534880549465001423e+02 2.524309417363101886e+02 2.532521400368905518e+02
2.564761676674287969e+02 2.573829023335052284e+02 2.543904725932737279e+02 2.568517523307464785e+02
2.591992912723729887e+02 2.598250996863986870e+02 2.578421360292521172e+02 2.598818316352266038e+02
2.479648884812756648e+02 2.489162672379046057e+02 2.478095178215932322e+02 2.495195099910237104e+02
2.500137203574277578e+02 2.505115307146542705e+02 2.489906490465134254e+02 2.508398211807160578e+02
2.615164906122386697e+02 2.615805254360180356e+02 2.591104907921814515e+02 2.622473606572814901e+02
2.523286055223958044e+02 2.525112995467407302e+02 2.517590307778333454e+02 2.525328652680601635e+02
2.570796931336487319e+02 2.575455269194381458e+02 2.565991696774906359e+02 2.583412735372885436e+02
2.836980902889641243e+02 2.848271812319775336e+02 2.818946323959140727e+02 2.845828850105805259e+02
2.569657536803919129e+02 2.567630163134120949e+02 2.561477072829233066e+02 2.565657847850232542e+02
2.591468357017323569e+02 2.595055711798844982e+02 2.582270974017245635e+02 2.606268114010490535e+02
2.559181934185391754e+02 2.555407590237345232e+02 2.552361944023221838e+02 2.556722108448415440e+02
2.524542082491047097e+02 2.529598937235060703e+02 2.520786131407165271e+02 2.533973168769908000e+02
2.555698266411831980e+02 2.560202975995891848e+02 2.545894167639996510e+02 2.564414319428047975e+02
2.803378372775491130e+02 2.815298337336416239e+02 2.780157582368044586e+02 2.815712131259535909e+02
2.674479338602197345e+02 2.674912100107881088e+02 2.651623743980636618e+02 2.679048161450406269e+02
2.535704635958565518e+02 2.546522490160695043e+02 2.528723171717961407e+02 2.544687533299308484e+02
2.607611529508940862e+02 2.618197022234090809e+02 2.595201411590644511e+02 2.623172282010190770e+02
2.543486594356630803e+02 2.546740092139119724e+02 2.530577156529251681e+02 2.562385844785901554e+02
2.505062960646644399e+02 2.520198003579027386e+02 2.498836577657244788e+02 2.521592844072974060e+02
2.962579001253780007e+02 2.979368733845359998e+02 2.954567945723153457e+02 2.952567386215408192e+02
2.557587074681212869e+02 2.559982490604771215e+02 2.545181274797285766e+02 2.564690071656389136e+02
2.615650089431064202e+02 2.623295637655506880e+02 2.599898940232274640e+02 2.628495359554981974e+02
2.518252815347933620e+02 2.523055668545057983e+02 2.512253128660985055e+02 2.525203076192141509e+02
2.576183853087039779e+02 2.576386555994645846e+02 2.566665320556962797e+02 2.578168824492678937e+02
2.540704919324532227e+02 2.543232826265124231e+02 2.535347734399730939e+02 2.548329032620589487e+02
2.588802114468065270e+02 2.592365796683763506e+02 2.582385219753747378e+02 2.597997614826800259e+02
2.802189240779628108e+02 2.790299399810090790e+02 2.772867963858041094e+02 2.809166743587778114e+02
2.668445819220323187e+02 2.665094454577683223e+02 2.626121236043400131e+02 2.669420276742220040e+02
2.845843964061301108e+02 2.862219389279676989e+02 2.816323968311440353e+02 2.831025155276652185e+02
2.532308265886981360e+02 2.527549591578523405e+02 2.517388330671664960e+02 2.531953943267795637e+02
2.635812387522008180e+02 2.638889809425333510e+02 2.614822374099680360e+02 2.647921352873203773e+02
2.925670422245390228e+02 2.928025842333273090e+02 2.897100068353775555e+02 2.908189970423104000e+02
2.892191132001764231e+02 2.886527907216936910e+02 2.876015955230576537e+02 2.893044319507550881e+02
2.524535107208766362e+02 2.523598988770442588e+02 2.508296215177665829e+02 2.524793883736287796e+02
2.520520794749672291e+02 2.531094881511236565e+02 2.509852219098171417e+02 2.532656755735318086e+02
2.604175874291547643e+02 2.613040768331646859e+02 2.583621008476274028e+02 2.620627793789383304e+02
2.500186370366173776e+02 2.506889978004654438e+02 2.494797365669402325e+02 2.509939878327659812e+02
2.741608938930468753e+02 2.744074811436566961e+02 2.721639340228874744e+02 2.743780685001806887e+02
2.456673267376873753e+02 2.457054930685914940e+02 2.444910391815012929e+02 2.462601622803444741e+02
2.575409513346642711e+02 2.582638433688993587e+02 2.570456707317600831e+02 2.582584614807298067e+02
2.480979975737142809e+02 2.483435563816112222e+02 2.474205488186982222e+02 2.485295012265048911e+02
2.650711569723773664e+02 2.664774292787603827e+02 2.625599100817881890e+02 2.654004022303666943e+02
2.522195975814671272e+02 2.521240728447051538e+02 2.510095595773791786e+02 2.517496553383230662e+02
2.668555956158239155e+02 2.671055698755999401e+02 2.631055539639341418e+02 2.663125471977554639e+02
2.562960563043423008e+02 2.564357786673600685e+02 2.543949562615108277e+02 2.567819943414434647e+02
2.502892049555536573e+02 2.502794584729582255e+02 2.491414556440076638e+02 2.507030878000705343e+02
2.540827070516556319e+02 2.544060726515380964e+02 2.528858430233258616e+02 2.542333217071049205e+02
2.567189322659278332e+02 2.567899969683313088e+02 2.558220080661027112e+02 2.572119208273500135e+02
2.593264688785613998e+02 2.591482610130451576e+02 2.573554222673946583e+02 2.595941168176972269e+02
2.513820682654599352e+02 2.515024228793243992e+02 2.504809195824563233e+02 2.522369377289781482e+02
2.560599415854358085e+02 2.551911105651583114e+02 2.539753403223252235e+02 2.558895175360918586e+02
2.650011442428149167e+02 2.663718177158908702e+02 2.639878056966724102e+02 2.658428716839291042e+02
2.526824920599932796e+02 2.526171011382609493e+02 2.514798279711864097e+02 2.533436833780010318e+02
2.807239877288112098e+02 2.824447207908727364e+02 2.783862224752743373e+02 2.812905835505841878e+02
2.532455239410219576e+02 2.531976841822474853e+02 2.519882637796338258e+02 2.531464316021996126e+02
2.501239964634708031e+02 2.502853184608546826e+02 2.493898381678523037e+02 2.502381480361515287e+02
2.512053153889159773e+02 2.518743703093950614e+02 2.509079604552017599e+02 2.521364424611989250e+02
2.564008072381284933e+02 2.565160826807534136e+02 2.553129634486480484e+02 2.571217526382425831e+02
2.549620991739944600e+02 2.548843075340698476e+02 2.536061330753377661e+02 2.547584351466955752e+02
2.598619795328684177e+02 2.607880015978239499e+02 2.594896663158438059e+02 2.607465826353218290e+02
2.719672773240366155e+02 2.733240762358041707e+02 2.693913940654436487e+02 2.720190746342566968e+02
2.536962738994329811e+02 2.544384822693754984e+02 2.527283713132300704e+02 2.550363283267063821e+02
2.531311198797301927e+02 2.537461309940113381e+02 2.524968226323179010e+02 2.535153861036683054e+02
2.691460931037844375e+02 2.687506026515162603e+02 2.662003423714018027e+02 2.693152163387602513e+02
2.626462449651951943e+02 2.628062851388748413e+02 2.607727893356988034e+02 2.624760839723851404e+02
2.671728796715037788e+02 2.683232018403578536e+02 2.654291092021096574e+02 2.683813734838345795e+02
2.587897598350984936e+02 2.593441260882368056e+02 2.576413054502572209e+02 2.598042944094760855e+02
2.550787520794300747e+02 2.553745467376304816e+02 2.546431622835922894e+02 2.554204620073099932e+02
2.508683722679550669e+02 2.508871215834255679e+02 2.496777584183857641e+02 2.516354370829579352e+02
2.668131257573553512e+02 2.648963933584367396e+02 2.627810982793324115e+02 2.660787388195445828e+02
2.547065442669709796e+02 2.554801780245918792e+02 2.540057007940445999e+02 2.558074544044982304e+02
2.642220307888752018e+02 2.643612185779491597e+02 2.623442594738739899e+02 2.645948225167212513e+02
2.584707488003846265e+02 2.596195713483141390e+02 2.572488403768866760e+02 2.591405215434803040e+02
2.698404659490942095e+02 2.705673498943040727e+02 2.670511341302699861e+02 2.700036976690115580e+02
2.558715647883981887e+02 2.553227371588190522e+02 2.547002087640321406e+02 2.558186171897310714e+02
2.830020849282294648e+02 2.836783909095278204e+02 2.801100260959040611e+02 2.835160129800519258e+02
2.498329369718437079e+02 2.500523639136116572e+02 2.484027860736773050e+02 2.507646921202318140e+02
2.551517188254022699e+02 2.553621298366140024e+02 2.539579580734140052e+02 2.556331521489182421e+02
2.534436035103214522e+02 2.540276746294242685e+02 2.524874502306713850e+02 2.550188620709989777e+02
2.554871659419446530e+02 2.562254879324382841e+02 2.544574758946937436e+02 2.564635482792886023e+02
2.583581246282786879e+02 2.582561162517728803e+02 2.571716622012373250e+02 2.589441153931914528e+02
2.520882457755806740e+02 2.518246597358201484e+02 2.510997894533677197e+02 2.525402497648324527e+02
