2.697043715997889990e+02 2.697901212754345011e+02 2.680967094936735293e+02 2.704668935266512335e+02
2.771605840974527837e+02 2.764520125061218891e+02 2.746082703021091902e+02 2.762834956189182094e+02
2.642730603260720272e+02 2.651921079644980068e+02 2.639708383102431526e+02 2.650501185331507941e+02
2.725033613096437080e+02 2.736173179168062575e+02 2.713256698198075583e+02 2.729507315315921687e+02
2.629397191998909307e+02 2.635207365294796773e+02 2.623130681306860197e+02 2.641059726736432367e+02
2.627619109926063174e+02 2.631447463686506012e+02 2.618745665638481910e+02 2.629575006048984278e+02
2.589215457834823155e+02 2.592400129609748660e+02 2.579325819201572472e+02 2.594810325307485641e+02
2.726988830899017557e+02 2.737204490502521139e+02 2.702373212910595726e+02 2.729432093753011372e+02
2.695201613484966856e+02 2.698868851631174834e+02 2.682774762677634044e+02 2.696477662538401887e+02
2.924036667169813768e+02 2.918899819527823070e+02 2.904138014795053664e+02 2.926654539803363946e+02
2.671843526466462890e+02 2.682604814334853813e+02 2.659143275076687019e+02 2.681606204456692240e+02
2.550124047874355142e+02 2.552950576769487157e+02 2.549211970791468502e+02 2.554084407268600216e+02
2.541187859453679607e+02 2.548701483773366760e+02 2.532550457512917887e+02 2.547237024244076906e+02
3.034263555083788901e+02 3.040633918002954488e+02 3.025819192870762890e+02 3.031452622774390306e+02
2.638773203658726629e+02 2.646649079598607841e+02 2.628545808324509494e+02 2.645212065025762627e+02
2.700858192885652329e+02 2.709131599105583064e+02 2.688111148315852574e+02 2.703725224504736389e+02
2.578025240808720469e+02 2.582008009143294771e+02 2.577707091149880512e+02 2.586631014866902660e+02
2.547020019412661895e+02 2.550315946920032957e+02 2.542763328885960163e+02 2.553305026979117258e+02
2.595687588196316824e+02 2.607757263327963528e+02 2.593303613001078816e+02 2.601674643926295971e+02
2.870528594414529380e+02 2.869412086376137268e+02 2.856050581191066726e+02 2.872776983386523284e+02
2.565615657470443125e+02 2.567756785634402945e+02 2.560890722283489822e+02 2.571826432202646515e+02
2.800981337194256753e+02 2.806720891561053008e+02 2.774016327211205066e+02 2.797214462981181669e+02
2.575466599062045248e+02 2.580654394760980495e+02 2.567292935938166920e+02 2.579708654617338652e+02
2.759285049418014069e+02 2.766678676552528486e+02 2.748281531890986571e+02 2.768622335628479618e+02
2.593784822902300107e+02 2.590659476923040074e+02 2.588010060656067708e+02 2.591047027382128363e+02
2.565614564570332732e+02 2.570740376308587543e+02 2.570767746737603261e+02 2.574766867769531586e+02
2.686010990929538593e+02 2.691087578936109139e+02 2.662618145553475415e+02 2.690874825542576332e+02
2.594189607405436391e+02 2.594478002552069142e+02 2.585732949956677658e+02 2.591711743607270932e+02
2.593954181830244465e+02 2.591085460638377640e+02 2.593120021536155377e+02 2.597062265558383842e+02
2.691673786495368859e+02 2.694758916992831814e+02 2.682552161647423645e+02 2.695007174058310397e+02
2.561964998629258048e+02 2.562061542101791929e+02 2.549059816040465023e+02 2.572478286974276216e+02
2.786820485944976440e+02 2.787827224801654893e+02 2.771181236476435288e+02 2.784206162601182655e+02
2.577989539364679104e+02 2.582206553332999874e+02 2.570418066422048469e+02 2.583806216659286861e+02
2.599947757696343160e+02 2.597488567380656264e+02 2.589147880709018636e+02 2.602804007807927178e+02
2.810979581162061436e+02 2.807875949295018927e+02 2.790523685543441843e+02 2.816405456151374551e+02
2.681318273449127219e+02 2.680703718943285025e+02 2.667579899559947876e+02 2.687514769684229918e+02
2.548636172542649945e+02 2.549965627100864651e+02 2.542021353358093165e+02 2.553084747483217996e+02
2.643050889221078137e+02 2.648931448756183045e+02 2.642584068274950937e+02 2.650832240150166399e+02
2.537829662149475212e+02 2.540851618227856648e+02 2.528702956365534646e+02 2.536899592866830631e+02
2.847536845793663360e+02 2.856658770613875049e+02 2.829216330605972871e+02 2.859124271883558777e+02
2.614469593921318165e+02 2.620725309953204487e+02 2.609257950362441534e+02 2.623914416058619281e+02
2.724334320099255251e+02 2.732972518958769115e+02 2.712849565133690248e+02 2.734491022569198435e+02
2.833072709883513198e+02 2.839968492708301824e+02 2.812860930922907983e+02 2.843230780662838697e+02
2.548124965398282882e+02 2.549682328018260193e+02 2.545763515351483193e+02 2.548560530245111693e+02
2.811497275720562357e+02 2.819086355171456830e+02 2.794836489208954049e+02 2.817149317791768794e+02
2.744638071097779175e+02 2.752295453006932462e+02 2.717560856034124299e+02 2.756194412027984413e+02
2.612787211327907926e+02 2.614617177027020603e+02 2.615168622153071851e+02 2.618571745177426351e+02
2.670570765302167047e+02 2.681931855840763319e+02 2.658558508442025072e+02 2.687729895554041377e+02
2.773238880717714210e+02 2.786145483019914195e+02 2.756133154333005564e+02 2.788640704161641111e+02
2.601178176257816403e+02 2.604778033112822300e+02 2.598718678521136098e+02 2.601012821880318029e+02
2.586818482774194763e+02 2.590832842641547700e+02 2.578092410669481183e+02 2.593707860783537740e+02
2.554921649783708517e+02 2.563018014526554680e+02 2.554152708364167950e+02 2.560842401817569680e+02
2.619784664857469920e+02 2.619067430464775157e+02 2.616613446693860396e+02 2.623531697917632641e+02
2.569445664610013864e+02 2.575288830040063317e+02 2.563972762861329215e+02 2.576052312845765186e+02
2.606262307518368857e+02 2.608453477446621491e+02 2.595090020872193577e+02 2.613344026372632243e+02
2.572525083168740707e+02 2.574814116134961637e+02 2.558331147750593004e+02 2.576606615599669681e+02
3.012205162618439545e+02 3.020525150694444392e+02 3.007284475774079056e+02 3.014464734579616447e+02
2.558448468247728442e+02 2.568761426573832978e+02 2.547192509508460603e+02 2.567501127740214883e+02
2.595113431832121478e+02 2.595316370112181517e+02 2.587401488422493685e+02 2.600217555079264571e+02
2.565215745312054878e+02 2.562116082493269005e+02 2.558348874361110461e+02 2.562975694439175527e+02
2.569620508869364812e+02 2.567431303682004113e+02 2.555450614755996810e+02 2.571999248316083140e+02
2.585910353610418042e+02 2.582623038488689531e+02 2.575103498405241567e+02 2.590801027879690537e+02
2.583181618641352770e+02 2.584777117926237224e+02 2.570214186910058629e+02 2.587556242225683150e+02
2.738042895061569766e+02 2.755501426109607905e+02 2.720955298542388050e+02 2.746514245275580492e+02
2.564347687483991081e+02 2.570505942401263155e+02 2.561707074651781113e+02 2.573241049299543306e+02
2.556845088086850240e+02 2.558307882286668189e+02 2.547921740429949864e+02 2.565009943495023208e+02
2.751976389686790299e+02 2.771150163168794620e+02 2.727859955749857477e+02 2.754529476697772452e+02
2.567716632656018874e+02 2.568284921729895132e+02 2.561749306101914385e+02 2.569894668111453484e+02
2.584634953443676864e+02 2.586881852645783511e+02 2.577780871074389779e+02 2.585268895631476767e+02
2.540211822493754994e+02 2.539267944947253852e+02 2.532254956751688439e+02 2.544464420091880186e+02
2.593631663641270393e+02 2.589725797756093471e+02 2.588563540778221750e+02 2.599539381522050689e+02
2.658174219204950077e+02 2.661459413559202858e+02 2.643237276319759985e+02 2.665088764390715141e+02
2.565382843089911944e+02 2.569263954806045831e+02 2.561801702544568116e+02 2.571149014297856752e+02
2.853821424183702220e+02 2.866547569327513543e+02 2.827966066989229716e+02 2.847405731755519582e+02
2.568026879236898594e+02 2.563462513597100383e+02 2.557843155006339089e+02 2.568260012203034535e+02
2.648968274749439615e+02 2.648767919276905332e+02 2.632979598931606233e+02 2.649623476940441265e+02
2.845715473779497415e+02 2.841925374736364915e+02 2.822080644194676893e+02 2.841472197267843853e+02
2.735260002841691289e+02 2.739104955688264909e+02 2.715426382212124850e+02 2.736198553025852220e+02
2.601779408422499955e+02 2.612982788808465102e+02 2.602047478560708100e+02 2.610524720979929612e+02
2.557023554324034933e+02 2.552694716843661809e+02 2.547888250767450984e+02 2.559251250936526390e+02
2.594938898634720204e+02 2.604553083601512071e+02 2.588838059792910826e+02 2.600246278228141250e+02
2.601773194441047394e+02 2.607338613666030369e+02 2.598003685873866857e+02 2.613811288531866239e+02
2.716524292003381902e+02 2.724214260995906329e+02 2.710236646058029351e+02 2.729264177709821979e+02
2.583039460476040858e+02 2.587043196459985097e+02 2.579384672214795273e+02 2.585756457821753429e+02
2.892322591939650351e+02 2.890121725819966514e+02 2.875188057903500294e+02 2.893373005667544930e+02
2.673888589991450431e+02 2.671654766732096959e+02 2.651750682016655674e+02 2.676209029255904852e+02
2.651907032495535077e+02 2.655250856230890122e+02 2.642573098569837384e+02 2.656583587765661036e+02
2.552861644797453948e+02 2.554242452295213184e+02 2.549437300209899036e+02 2.550380562139124550e+02
2.594866326401370884e+02 2.591533544413480286e+02 2.586677805229406886e+02 2.597644020212846954e+02
2.615904802189032239e+02 2.624725756265718246e+02 2.611418739953405748e+02 2.620929502953210886e+02
2.582957623337733253e+02 2.586286966605142652e+02 2.574734025995713864e+02 2.580755396527353014e+02
2.681547813973778602e+02 2.693993837995800504e+02 2.673200660485891262e+02 2.695412158129089448e+02
2.517841851637560353e+02 2.523144211927326239e+02 2.513758382852061573e+02 2.524995318360467138e+02
2.604153676243177529e+02 2.613314627086057840e+02 2.594696847857853186e+02 2.607490503914415285e+02
2.568361123067951439e+02 2.573687326436073022e+02 2.557920423850095517e+02 2.571702026264576944e+02
2.774377346987125748e+02 2.777436631579539039e+02 2.754709261753016563e+02 2.774060859135890382e+02
2.752270697858514836e+02 2.754126954738443374e+02 2.736243976787658312e+02 2.761444207681921057e+02
2.526436748775942078e+02 2.529966609603683594e+02 2.516294844342553176e+02 2.530065209935478947e+02
2.715139227455956643e+02 2.720472442412898886e+02 2.693224409099703962e+02 2.720205076158188717e+02
2.584492966822671747e+02 2.583752884114211383e+02 2.574580244805430311e+02 2.586229785404532890e+02
2.820829078015494247e+02 2.830516870209476110e+02 2.804643538483093153e+02 2.828704609680469844e+02
2.565372899798340427e+02 2.563501266885705263e+02 2.556489422719557183e+02 2.566466586396270486e+02
2.609649472458622199e+02 2.613190143914623036e+02 2.604005009772022277e+02 2.611509443470803831e+02
2.629096092944681118e+02 2.628667517087767465e+02 2.607313187742551008e+02 2.634439745442405751e+02
2.736798327630887684e+02 2.748087741211834327e+02 2.711139047622631324e+02 2.750194195658859826e+02
2.566502728606371875e+02 2.566442884421052781e+02 2.553865305087077786e+02 2.572555745971373540e+02
2.561216829556264543e+02 2.561370634220618285e+02 2.555943353344160016e+02 2.564788758241161872e+02
2.613312566136975192e+02 2.605225403449493342e+02 2.600656433697387797e+02 2.612525330817106237e+02
2.539224033635115063e+02 2.544984614938306322e+02 2.540158171311576609e+02 2.545587877310226190e+02
2.590905050278253725e+02 2.584680911384240289e+02 2.572263719038563750e+02 2.586542874517108430e+02
2.583382028352710904e+02 2.582814553452869859e+02 2.576052053954431926e+02 2.582176918622496942e+02
2.577731866981351914e+02 2.577536167499073940e+02 2.570131410582122271e+02 2.576595381315958662e+02
2.567066639982227798e+02 2.570416233100279442e+02 2.557729227967239183e+02 2.567118291357270436e+02
2.553849378676969195e+02 2.555262073624866161e+02 2.543308160407635228e+02 2.556959580590549876e+02
2.896922590208991437e+02 2.898316198013641269e+02 2.874006276244813307e+02 2.893562815457309512e+02
2.616077169057384708e+02 2.616992657588913289e+02 2.597106759397869951e+02 2.629608974828099122e+02
2.673581376811884525e+02 2.674431578467913937e+02 2.655819712895602152e+02 2.680485552248089789e+02
2.587867539713489577e+02 2.588547809472748895e+02 2.580671794666217806e+02 2.596848788768515988e+02
2.660186364023262513e+02 2.663596103893830787e+02 2.642303769257347312e+02 2.659399192737400881e+02
2.741181840483417886e+02 2.747113385890872337e+02 2.726902207736152945e+02 2.745977011990279948e+02
2.604331333231446024e+02 2.602864804869818727e+02 2.600305993834126070e+02 2.605307812178806444e+02
2.639163227157612823e+02 2.642541607968233848e+02 2.621562279935876063e+02 2.644012491334565311e+02
2.645991429529912580e+02 2.641430701125187852e+02 2.631765103906064382e+02 2.644915859213648446e+02
2.825701756637424182e+02 2.832607806706799352e+02 2.808635479691037062e+02 2.831921132408753579e+02
2.601967811552613625e+02 2.598380293779015346e+02 2.587146328905914743e+02 2.601668495718024019e+02
2.895738040196623615e+02 2.902031233597695632e+02 2.893635656108618264e+02 2.905999123516429563e+02
2.800183833273173377e+02 2.801210469494052973e+02 2.782191709271314721e+02 2.802432789300460172e+02
2.628983091784623412e+02 2.634288188929432977e+02 2.611478961646433845e+02 2.638008594035239867e+02
2.608251029237445096e+02 2.606623136337180995e+02 2.598220649365436543e+02 2.608971593127301389e+02
2.582571311146519974e+02 2.581692199297111188e+02 2.578596041574971878e+02 2.591320208420106042e+02
2.605216343469471099e+02 2.610438481987420687e+02 2.600888990635706932e+02 2.616443564882401915e+02
2.556080027870381173e+02 2.561901323244914579e+02 2.543732023302249843e+02 2.562037179970918714e+02
2.760207875488210902e+02 2.770098543219160661e+02 2.739772601708380080e+02 2.763733401686027946e+02
2.661473680066123393e+02 2.661046216157064350e+02 2.640222527541752697e+02 2.667444665607282559e+02
2.643857831769879567e+02 2.648233539850358511e+02 2.636086398611695358e+02 2.655684300543538257e+02
2.569698184509474004e+02 2.571293780333702443e+02 2.563208389506930303e+02 2.573928004893316484e+02
2.688321488262473054e+02 2.695120329386274420e+02 2.672223229433930669e+02 2.695842589511423739e+02
2.594991357389262134e+02 2.595125310409850954e+02 2.590814086928509141e+02 2.593083591355972430e+02
2.594352340073601795e+02 2.593491036212994914e+02 2.591782130422396335e+02 2.596030430773564603e+02
2.566187560710628759e+02 2.568428337882938877e+02 2.566613547395365913e+02 2.572136555919210537e+02
3.053607689332424115e+02 3.048223400356953903e+02 3.049097844071608847e+02 3.050760884929992471e+02
2.585877942039634831e+02 2.588430280900496996e+02 2.585091571548457523e+02 2.590115946750757985e+02
2.607469863190819979e+02 2.606921203913376530e+02 2.595172410175517257e+02 2.615073584186661719e+02
2.540799171214153489e+02 2.540728588374280719e+02 2.534927935055025046e+02 2.543152396697397251e+02
2.913646447888580155e+02 2.918515889006314410e+02 2.889852559184316192e+02 2.903514440837062125e+02
2.564621557206904754e+02 2.571912564719074794e+02 2.567138674134961320e+02 2.572023055505435991e+02
2.614930627668130683e+02 2.617265594250237655e+02 2.605825169080717956e+02 2.621226535164314555e+02
2.607088704954690002e+02 2.608996018635128280e+02 2.599956046770241755e+02 2.609085378213367790e+02
2.627758152070177289e+02 2.627177502034941199e+02 2.607858443780715447e+02 2.631608699454646398e+02
2.653260024069690530e+02 2.659173233765011446e+02 2.648199330465431558e+02 2.658665069996890793e+02
2.560267114344799779e+02 2.561382267042462217e+02 2.551226029050239958e+02 2.566524994868684644e+02
2.549392630796037906e+02 2.553305560117730124e+02 2.533729202441975872e+02 2.558223280378442155e+02
2.602985295502587064e+02 2.605925011442831760e+02 2.599459587103087870e+02 2.610063890860283209e+02
2.649337410082069937e+02 2.651469350065290200e+02 2.637894140386876529e+02 2.655592634212532062e+02
2.534238961731628592e+02 2.538607203458373363e+02 2.526718798284506136e+02 2.538065337154637007e+02
2.612497140276863092e+02 2.611831124674004059e+02 2.601686590801288048e+02 2.610715514304590670e+02
2.511846242167180208e+02 2.517097931723023976e+02 2.499624295920177701e+02 2.521786277904590463e+02
2.934911000382687689e+02 2.957135846152254999e+02 2.942141871940996225e+02 2.949757048300180600e+02
2.620915912364122846e+02 2.627857037860905507e+02 2.615355709390827315e+02 2.627461467737235239e+02
2.981240157966173570e+02 2.987783035174655311e+02 2.964182277197561461e+02 2.972395551633315449e+02
2.618744417564472542e+02 2.620128900008803612e+02 2.598656349266224765e+02 2.618894476175526620e+02
2.654952188985464545e+02 2.658640868518650109e+02 2.630154404427489112e+02 2.659658259804078853e+02
2.864402955831920963e+02 2.870730813944614965e+02 2.840957487402753827e+02 2.870355071339496362e+02
2.599208977863744963e+02 2.604358312299677323e+02 2.596480320182458286e+02 2.603209136182986754e+02
2.660701148888747980e+02 2.669744697827104005e+02 2.639327535584835687e+02 2.667989790305362021e+02
2.546416239615686834e+02 2.546289400164750134e+02 2.536177942696379262e+02 2.544719338341480466e+02
2.715677639523055973e+02 2.717006944580719505e+02 2.709174860284113038e+02 2.723352155153940544e+02
2.668906216687001347e+02 2.670609905287541892e+02 2.647735148960778133e+02 2.675731714975199225e+02
2.655532936767729097e+02 2.668295590173222536e+02 2.642384255848159000e+02 2.666325812941802269e+02
2.705603142812695978e+02 2.714841357882233410e+02 2.696750327114347101e+02 2.705712109847804072e+02
2.948965098342342799e+02 2.939443102823923937e+02 2.925897173003713760e+02 2.945414997684079594e+02
2.617641455150919683e+02 2.619119384609469989e+02 2.613933503204986550e+02 2.620714477805973388e+02
2.571740208843943378e+02 2.568860226201610431e+02 2.565107227717380738e+02 2.576642268228815738e+02
2.683336159730019403e+02 2.693206988630266778e+02 2.670779370946155495e+02 2.683699622434938306e+02
2.618071218023200117e+02 2.624485331473796919e+02 2.615130997202999765e+02 2.624797087166390384e+02
2.768663552656990987e+02 2.776994449730611336e+02 2.747434133598560493e+02 2.776774705722233421e+02
2.772118904958919643e+02 2.787364832557643126e+02 2.753785449664361522e+02 2.785621867472240751e+02
2.655343774015545364e+02 2.660601475388542099e+02 2.637533224724260208e+02 2.663403661166805705e+02
2.574709921184777386e+02 2.578889296784468570e+02 2.574813134015780065e+02 2.582567050910385547e+02
2.720913168163451132e+02 2.725297794917408964e+02 2.706822028995589449e+02 2.723888507859217043e+02
2.588355014798896718e+02 2.591995193503445876e+02 2.584784993896696506e+02 2.592445390726460914e+02
2.602874710281023454e+02 2.604123452530515692e+02 2.598815456525871355e+02 2.604270543305427168e+02
2.598713763843967968e+02 2.605124636212025280e+02 2.593296060713878433e+02 2.604503919749906231e+02
2.586451106655422905e+02 2.589670945844961238e+02 2.578431477590426084e+02 2.588985835259451278e+02
2.579241039326435612e+02 2.588575198010514100e+02 2.567535157987040861e+02 2.584813710438723433e+02
2.881976130665950677e+02 2.883416640545565883e+02 2.847825110756185154e+02 2.881785149699211956e+02
2.558024004229439186e+02 2.558823687740140826e+02 2.548985472926165698e+02 2.566779638651995583e+02
2.587206039700920428e+02 2.584953437947173143e+02 2.586756716533980693e+02 2.586806401797607009e+02
3.057777372630346235e+02 3.046605081289568489e+02 3.047697295814966765e+02 3.045940131698857840e+02
3.050188104632387649e+02 3.043309673452474158e+02 3.047994712922351255e+02 3.048820275869838383e+02
2.728474649252642621e+02 2.728151095054412281e+02 2.700075817093847377e+02 2.725872169361952615e+02
2.776150288650387097e+02 2.781908603357444463e+02 2.768270699964187429e+02 2.784658185676843232e+02
2.591218878146865450e+02 2.599006453019204059e+02 2.593781814884681580e+02 2.597632888057313494e+02
2.581542347776877477e+02 2.574665454498434087e+02 2.560993175124207824e+02 2.577838487546346187e+02
2.570409653875498179e+02 2.573794750441523433e+02 2.569229076152900575e+02 2.579871411362314575e+02
2.598607866264448489e+02 2.595942043345328898e+02 2.595629354652737106e+02 2.598123026066345460e+02
2.617251434133572729e+02 2.624510927198804779e+02 2.609374267566883532e+02 2.623160728583590071e+02
2.663073311131620926e+02 2.659336050138115866e+02 2.645088065789887537e+02 2.668353717446066753e+02
2.858869400885861296e+02 2.852990453729429987e+02 2.830250823001404683e+02 2.858616787220954620e+02
2.605006944756119083e+02 2.601506864377287798e+02 2.604295210645789211e+02 2.607767445603716396e+02
2.691861861366952553e+02 2.695615899738835992e+02 2.672158547472500913e+02 2.694999235604931869e+02
2.765147067691913776e+02 2.771116578446341236e+02 2.738824056311109416e+02 2.766282071811332912e+02
2.719515034893665302e+02 2.723388334811577920e+02 2.698311493834125372e+02 2.726300170042707123e+02
2.689240051604533619e+02 2.690290615883739633e+02 2.677091466978721996e+02 2.694252804900323213e+02
2.951399718442336848e+02 2.940943311601472487e+02 2.927215153429709176e+02 2.938560635940870043e+02
2.545871482073320635e+02 2.551169666644304357e+02 2.543099546517396163e+02 2.556904507371948228e+02
2.642227448650858719e+02 2.644230578043886339e+02 2.629746886963536099e+02 2.646975071735320739e+02
2.823764795131954202e+02 2.824456934776087564e+02 2.802104922226385497e+02 2.827784870576522280e+02
2.631399239224217013e+02 2.637009469073946661e+02 2.626830810257578719e+02 2.635077431063205040e+02
2.617502042710274850e+02 2.618961791934863754e+02 2.606345809431676344e+02 2.621887964139739893e+02
2.595651689841175767e+02 2.596696137125486530e+02 2.596564873758676413e+02 2.597357698830437016e+02
2.669936646845268342e+02 2.667947296675339999e+02 2.660989594624624601e+02 2.669451423286193403e+02
2.541241302404739884e+02 2.543458781754606832e+02 2.534709036590810172e+02 2.547701721882048673e+02
2.620673811382814620e+02 2.619333564130913032e+02 2.610502536783567962e+02 2.622383380223947142e+02
2.628834986967941063e+02 2.634940798352524780e+02 2.622247601557222652e+02 2.632450099960857415e+02
2.666700846947093169e+02 2.668595931299796007e+02 2.648060665126120625e+02 2.667872065387129510e+02
2.587296620770691788e+02 2.594469345590488842e+02 2.576030118500522690e+02 2.593947539227280004e+02
2.642128497013484321e+02 2.649100351210560120e+02 2.636413445339543955e+02 2.648910952643791461e+02
2.645899864771372449e+02 2.643969908543488714e+02 2.639589829458814734e+02 2.642874691943787866e+02
2.661424107653254509e+02 2.660121912096416850e+02 2.645677663376451392e+02 2.662839134027899490e+02
2.645044202812045455e+02 2.641213475036219052e+02 2.634485142502709891e+02 2.644988212980435947e+02
3.067446527998293959e+02 3.066393110634373329e+02 3.058001759921755252e+02 3.053877633741106479e+02
2.639753267559707979e+02 2.642710054544655804e+02 2.635113924720071736e+02 2.643722235017665412e+02
2.660184081857052547e+02 2.664517042980977521e+02 2.640514141386346409e+02 2.659052870607032446e+02
2.571328711959842508e+02 2.572995525485818007e+02 2.568949551528983193e+02 2.571404464316408394e+02
2.595674070615085611e+02 2.601867994637992751e+02 2.577956381622336721e+02 2.606183277619031173e+02
2.617339511519346615e+02 2.620869001382881152e+02 2.606894006295084409e+02 2.626166956636468512e+02
2.600916150697179319e+02 2.599487395468124191e+02 2.595180805195224707e+02 2.601705383845471147e+02
2.616833440402949691e+02 2.614984625855855143e+02 2.611957812468547218e+02 2.617435850531819597e+02
2.941425612857011629e+02 2.940082443389983951e+02 2.932291751166884524e+02 2.936337597170011691e+02
2.595384359257935216e+02 2.594450258065160710e+02 2.594754833625376591e+02 2.593121104424205896e+02
2.596775455937186621e+02 2.596834954437495071e+02 2.594959848431521436e+02 2.606980724210475842e+02
2.567385317576411694e+02 2.568265673534482971e+02 2.556822300261200382e+02 2.568843601311132261e+02
2.615512455855048302e+02 2.615007850267899130e+02 2.599484992367866312e+02 2.616318416587376419e+02
2.666142933122067120e+02 2.679640968809420656e+02 2.653142469333056965e+02 2.671185398801997053e+02
2.692837842896598772e+02 2.700876219517280106e+02 2.683840449692642665e+02 2.701232331867245762e+02
2.603092758252739713e+02 2.609867598117718899e+02 2.588851275848977025e+02 2.604851488248627902e+02
2.557951061345582389e+02 2.561165895387202340e+02 2.554279594045024169e+02 2.563866618447827932e+02
2.586523537576470062e+02 2.588283629836749355e+02 2.567165373408007554e+02 2.589727982286634074e+02
2.608872726592609865e+02 2.621210207984411227e+02 2.604246011181794529e+02 2.612299651719121698e+02
2.680702023460686405e+02 2.685572480948032990e+02 2.672865854411267605e+02 2.687077756236275832e+02
2.597742479356462582e+02 2.597806661289725412e+02 2.591076315596932886e+02 2.596793760777274542e+02
2.634990056662784923e+02 2.650635774435257872e+02 2.623525386513632043e+02 2.652817058694032539e+02
2.643288983660911526e+02 2.649460076247104894e+02 2.626318035070893302e+02 2.648037094782677627e+02
2.619931972293818490e+02 2.623536653571074453e+02 2.615591428819446946e+02 2.624557071553537639e+02
2.573088528116511498e+02 2.573941707880204035e+02 2.562266617049573938e+02 2.573821649361505024e+02
2.579491304194020813e+02 2.581914277198045511e+02 2.576786927648180381e+02 2.584585397763256651e+02
2.848350030514525315e+02 2.859848550028814316e+02 2.820672498711481921e+02 2.843794786714289557e+02
2.589886381034384613e+02 2.593385698146915388e+02 2.575272792132208224e+02 2.592766778399296754e+02
2.576753970818251673e+02 2.579312538340226411e+02 2.570364563850788500e+02 2.585427618567979380e+02
2.785494631323592785e+02 2.787295240011363262e+02 2.762161108719394065e+02 2.784931518736989915e+02
3.023130316539379692e+02 3.023737981032881521e+02 3.006466592115996832e+02 3.007863653362290393e+02
2.693327939269652234e+02 2.696217642225536224e+02 2.677012643123010776e+02 2.695454246491165691e+02
2.706114581958776171e+02 2.714233189318805444e+02 2.692236261050074972e+02 2.716034836198437006e+02
2.719159954782086857e+02 2.715118527623300224e+02 2.693236459682270834e+02 2.726958419761025425e+02
2.712340557516777722e+02 2.709292097363786525e+02 2.684241432719304612e+02 2.704547715749110353e+02
2.629303286765642156e+02 2.627212803337417313e+02 2.623092987563007910e+02 2.636653337960693193e+02
2.540200646873952621e+02 2.545437639390192430e+02 2.533059777836619730e+02 2.547238914969570089e+02
2.563866281125529554e+02 2.557835110403311774e+02 2.554367167607074123e+02 2.565245111697372522e+02
2.631349051139861217e+02 2.636098038921690545e+02 2.630177443602689777e+02 2.631420880255180919e+02
2.811435224657873846e+02 2.810984848999237329e+02 2.783594857343239823e+02 2.803231614012582895e+02
2.675751266908480375e+02 2.671437967516766889e+02 2.654596527750304631e+02 2.675535916165479193e+02
2.595230217003086182e+02 2.601957771979723475e+02 2.584441789736292208e+02 2.601334692505178623e+02
2.697574607944312106e+02 2.686785053131489462e+02 2.673123995576204948e+02 2.694276852990500402e+02
2.643532928409821352e+02 2.638625330410503125e+02 2.623857509415495883e+02 2.641658164866209404e+02
2.593755895040360429e+02 2.596578911673395282e+02 2.585678403055648005e+02 2.596432189719971575e+02
2.531654323372018780e+02 2.529315295057528772e+02 2.524762291453297962e+02 2.535924654632843556e+02
2.670057482163545046e+02 2.669806303793116058e+02 2.653368426584220856e+02 2.674643248579009764e+02
2.879316793092796161e+02 2.880026461972940410e+02 2.862891943790977507e+02 2.889498707473011336e+02
2.623338702865286791e+02 2.628867260609403615e+02 2.617114129802681646e+02 2.625551042968946831e+02
2.549823365935569370e+02 2.549957585995791192e+02 2.544650868908667292e+02 2.554659213295084612e+02
2.604339979809866463e+02 2.615701836094328314e+02 2.599176573684792402e+02 2.616353145120104955e+02
2.659827186716579490e+02 2.659260976962537484e+02 2.643863390496899797e+02 2.665919799967566064e+02
2.605135477122516932e+02 2.610883113130739730e+02 2.596304128637333406e+02 2.614662891272548109e+02
2.610323918972173942e+02 2.606917419777779514e+02 2.599843607873000906e+02 2.607600847978001184e+02
2.613014319187092838e+02 2.616200363109528553e+02 2.608487509090096523e+02 2.618956711414808183e+02
2.650935017403818392e+02 2.653339967050878272e+02 2.630528952640411262e+02 2.663849415645092904e+02
2.578118803773943455e+02 2.579853793634245562e+02 2.571934682058195563e+02 2.579210971053321373e+02
2.671592284164413513e+02 2.677954153205285479e+02 2.662545094119014948e+02 2.673717112293563787e+02
2.640819957220039669e+02 2.642523495045991240e+02 2.622092518747954841e+02 2.639958783046329813e+02
2.699639268742391778e+02 2.710514734905984255e+02 2.686006737775024931e+02 2.712647424738914310e+02
2.626407361710793680e+02 2.631864622874991824e+02 2.613133582273766820e+02 2.641713562918881735e+02
2.598303303501033952e+02 2.598542085246104989e+02 2.593278617799592780e+02 2.596016217679130591e+02
2.929234198251946282e+02 2.935812277620353257e+02 2.922819813092621075e+02 2.957768830847676327e+02
2.572661241119140527e+02 2.574217087859942126e+02 2.571645693018812153e+02 2.577043732430810223e+02
2.613664098397058524e+02 2.620077345763054382e+02 2.596495204848524168e+02 2.621896750797279196e+02
2.703214541309331480e+02 2.706839063072237650e+02 2.684667193131477347e+02 2.706862795591079021e+02
2.633862687104488032e+02 2.626255215719808120e+02 2.617851747084172302e+02 2.635402310359549460e+02
2.518211897751410220e+02 2.520331998050984055e+02 2.509470678408308970e+02 2.526336721239539429e+02
2.594578401791063129e+02 2.594764474843961466e+02 2.588989411253081130e+02 2.595128533665757686e+02
2.852788153057194904e+02 2.861600845658022081e+02 2.825731268427743430e+02 2.858666970003511096e+02
2.837381129304545198e+02 2.847049095883593282e+02 2.823934764425820276e+02 2.842278144263725039e+02
2.546595969401801085e+02 2.548148071475978327e+02 2.541078420761073460e+02 2.549584447415316504e+02
2.653070053103404007e+02 2.652803044341043801e+02 2.630157653915815672e+02 2.653715015705217866e+02
2.904310449793303519e+02 2.896367216881922673e+02 2.885767644897588298e+02 2.902081517723698312e+02
2.697981605107215159e+02 2.697240041418458532e+02 2.674562706420898053e+02 2.700152857939907562e+02
2.907610934110867902e+02 2.917754617277464035e+02 2.878238938667866478e+02 2.893651312354622860e+02
2.643181966902690192e+02 2.651652896163798232e+02 2.624742056952080702e+02 2.653845811295411750e+02
2.704431413323046058e+02 2.709050659218471537e+02 2.682654783110195353e+02 2.707820208316450135e+02
2.597189673870080924e+02 2.597436335139439052e+02 2.580747805156491381e+02 2.603833010787491844e+02
2.749206116756141682e+02 2.747942047598109525e+02 2.738332280885375098e+02 2.755464690980605269e+02
2.551023358769083984e+02 2.552086137452354251e+02 2.537943718203825938e+02 2.555040424589857082e+02
2.546045426919114902e+02 2.548497828784539365e+02 2.542334108222844691e+02 2.554498877336911278e+02
2.579861083846886345e+02 2.576936551286648296e+02 2.574262904206949543e+02 2.580639918755010171e+02
2.900152724755298550e+02 2.904977231913470632e+02 2.881415129501793331e+02 2.895354853201504852e+02
2.634984163516992339e+02 2.648731048863736532e+02 2.618709090939775592e+02 2.642296857023896450e+02
2.554699488930675670e+02 2.556702948163146232e+02 2.550194570747561897e+02 2.560979924641774801e+02
2.843092090534669296e+02 2.841583067086335745e+02 2.813915699252493141e+02 2.841561596044469979e+02
2.699603160469239924e+02 2.704438032365646905e+02 2.685295898360863021e+02 2.708260782764734813e+02
2.679282777147084289e+02 2.681368045994512386e+02 2.656256325813951662e+02 2.675573508911611498e+02
2.630995337648535610e+02 2.631017677297778619e+02 2.624857615994108642e+02 2.629966480376075992e+02
2.609926807794284969e+02 2.615582563670758987e+02 2.603352896008556741e+02 2.613055068390067390e+02
2.562921517389007704e+02 2.561244931056604059e+02 2.550584890075204214e+02 2.562511164007998445e+02
2.577566413559359262e+02 2.579802628840566285e+02 2.563041173564502628e+02 2.583943981267109962e+02
2.750303590365390392e+02 2.750856260464497041e+02 2.728787065203172801e+02 2.746516628574096330e+02
2.633280247485280370e+02 2.631836986701425189e+02 2.620656543470795441e+02 2.635749110102929649e+02
2.602244021474389797e+02 2.605795630580942657e+02 2.593990030768181896e+02 2.599903803658337438e+02
2.734159496268350722e+02 2.746538746745445110e+02 2.710771377148986403e+02 2.741058935652012565e+02
2.715348775516343949e+02 2.727216546884443460e+02 2.701890074833723361e+02 2.733100457287209224e+02
2.570359566518571341e+02 2.575486996506261903e+02 2.566654538549551603e+02 2.578034354610409764e+02
2.558582392070254627e+02 2.563959866977739921e+02 2.554570411662580796e+02 2.570554516118338029e+02
2.574302082248825059e+02 2.575799089889463858e+02 2.567386947954572065e+02 2.579699890268702234e+02
2.944273521109300873e+02 2.949548468627896227e+02 2.941754584380303754e+02 2.950580631396838385e+02
2.670081037801193133e+02 2.667889496322343916e+02 2.670388693842114662e+02 2.668747831908839885e+02
2.588799925659977248e+02 2.591694215029533552e+02 2.584945205468568474e+02 2.591652234781744824e+02
2.615090658234535681e+02 2.616253812243623997e+02 2.612668725772274456e+02 2.615120126904213294e+02
2.546094548853125445e+02 2.551887980611475086e+02 2.541959918016041797e+02 2.552823156346236715e+02
2.590935547182878054e+02 2.586927931601039745e+02 2.583363763797829051e+02 2.588387593335007750e+02
2.908700889695147680e+02 2.910811079441727429e+02 2.884404558495211290e+02 2.910516308202202822e+02
2.609451102820221990e+02 2.608540576713585892e+02 2.606895721211673731e+02 2.610047732934634723e+02
2.587266339657903700e+02 2.586798675971325565e+02 2.572166041705261819e+02 2.595363554665896686e+02
2.973871593381443859e+02 2.960553678644541833e+02 2.943878326413388891e+02 2.956637150803219356e+02
2.599058729697190984e+02 2.606274810385156684e+02 2.594825591365759010e+02 2.600179999862899649e+02
2.758676430117413361e+02 2.764137162017878495e+02 2.739205264857529869e+02 2.760451496408587104e+02
2.552368657839140269e+02 2.555625544444942534e+02 2.536300233820788037e+02 2.559048472709529563e+02
2.601527378996917719e+02 2.596464649043340955e+02 2.592373095309274618e+02 2.597273650825151776e+02
2.606595043047759646e+02 2.612923632062579031e+02 2.591944616698376080e+02 2.618538188805058553e+02
2.613406967896399351e+02 2.620900016022744126e+02 2.599422659711099186e+02 2.619441357188152892e+02
2.525550463899234330e+02 2.529564342123946972e+02 2.519875022433991205e+02 2.533488570715029482e+02
2.646403179565415371e+02 2.644010536204868345e+02 2.629784545480732731e+02 2.639915382809089124e+02
2.601236147605101223e+02 2.605545404500522295e+02 2.590703860125180995e+02 2.603926596117874510e+02
2.608310503826008357e+02 2.606199881838468286e+02 2.603836878744361911e+02 2.605633698073896767e+02
2.585655273535945753e+02 2.596245658386055766e+02 2.572413107154754925e+02 2.590259597208062701e+02
3.041227910254060589e+02 3.026553133191936240e+02 3.020393529377258801e+02 3.018483946724415432e+02
2.735497830516662248e+02 2.726983313528638746e+02 2.701775568091322839e+02 2.731059602579984471e+02
2.740205439535195637e+02 2.739113377750694553e+02 2.715345267740059398e+02 2.746976434918049108e+02
2.584530197286279645e+02 2.579831181613444073e+02 2.580235495615605146e+02 2.584796400896579485e+02
2.572924052762762699e+02 2.574084299776677653e+02 2.568435427961932191e+02 2.573195803571674674e+02
2.707301597937319002e+02 2.705611940503282540e+02 2.686747394015019381e+02 2.704176475213528761e+02
2.785490517484133193e+02 2.793243642691384139e+02 2.755679292815218560e+02 2.787999053042512969e+02
2.610661660764413341e+02 2.609859883454074065e+02 2.602633990673162998e+02 2.610774681155410235e+02
2.869385101866645300e+02 2.885072160384004292e+02 2.851690091383670733e+02 2.869748544891946267e+02
2.572199384663840647e+02 2.568033726534433185e+02 2.562855636451911323e+02 2.569882958654962977e+02
2.576307310965321449e+02 2.575746084542368521e+02 2.565883919199858383e+02 2.578901564122247692e+02
2.563540484736759026e+02 2.561290365872794723e+02 2.555428953667047267e+02 2.557210485898511649e+02
2.588588806678558853e+02 2.592402229356756038e+02 2.575099636650506341e+02 2.594741857022149816e+02
2.626480210221068319e+02 2.624000960023984703e+02 2.608338876759038385e+02 2.629968484002375817e+02
2.590782496440519935e+02 2.590530958641987240e+02 2.583318235605831887e+02 2.590799656464049576e+02
2.700950486283658734e+02 2.713143586703227470e+02 2.684217450734349768e+02 2.703037224781762689e+02
2.582055500623871467e+02 2.582290850896119991e+02 2.575673296803102517e+02 2.579473264520653402e+02
2.692335764041440029e+02 2.697268615382828330e+02 2.674194582644548177e+02 2.695102793234277101e+02
2.644254729312752943e+02 2.650808311946617550e+02 2.630345971155190341e+02 2.650546655837976004e+02
2.706428626926552283e+02 2.703493331397011730e+02 2.687883429019318555e+02 2.713470532219999427e+02
2.543885643482644525e+02 2.540677039702890170e+02 2.538454958839452331e+02 2.546746523057976788e+02
2.579271984302574197e+02 2.575738051913514823e+02 2.565888683406629980e+02 2.585836706944538719e+02
2.581396363244804775e+02 2.580687645796564880e+02 2.573537179753549253e+02 2.579935521040074491e+02
2.569385794031806540e+02 2.571889769502479908e+02 2.567023655349789237e+02 2.575784620007879653e+02
2.973354887112221263e+02 2.962088272805034421e+02 2.966776165853707425e+02 2.964034741019176522e+02
2.672493755258073520e+02 2.680610772114886231e+02 2.667292345999583745e+02 2.683523768201774260e+02
2.592843871831368006e+02 2.594655400000420400e+02 2.582804354751654046e+02 2.597591437494482989e+02
2.620986101272014821e+02 2.620532576574417476e+02 2.621280772686022829e+02 2.625044028146548385e+02
2.698727866864089719e+02 2.710095691872356838e+02 2.679791888835034683e+02 2.713304080240402527e+02
2.583018257039062746e+02 2.585422041512243823e+02 2.585032699129480989e+02 2.583000814938606027e+02
2.625287930705976009e+02 2.631030899342412681e+02 2.613254720074219222e+02 2.629775372033746521e+02
2.688318202404565227e+02 2.691906231811336738e+02 2.678883984349292859e+02 2.693317312040292677e+02
2.565747414014697370e+02 2.569910858216168776e+02 2.559720552111128029e+02 2.569483034952956473e+02
3.054623532290894445e+02 3.056046751088714473e+02 3.052783630109537967e+02 3.052039652878160041e+02
2.612612961057522512e+02 2.613577497689707911e+02 2.609729394411177168e+02 2.625340004657089708e+02
2.661254823413487998e+02 2.665742534438771827e+02 2.646644332372861754e+02 2.666456351223858405e+02
2.616185411694773393e+02 2.615191381423462076e+02 2.601968512836323839e+02 2.615815438673075164e+02
2.622196061707832087e+02 2.621828280003127816e+02 2.609656916045759658e+02 2.622132984786058501e+02
2.758848914326182467e+02 2.766671422968583443e+02 2.748348168069927624e+02 2.771629495563701653e+02
2.580983793134780626e+02 2.588530942713497325e+02 2.569741558771918903e+02 2.589560758253956578e+02
2.608102959273934403e+02 2.617753054477001342e+02 2.598644691814459406e+02 2.617266621616865336e+02
2.669049068239635290e+02 2.679998053477147550e+02 2.665619482619847531e+02 2.679050313482867978e+02
2.578596806682317606e+02 2.580398546606350578e+02 2.575543245852111340e+02 2.580226251234652750e+02
2.638415469499018968e+02 2.638869334120252574e+02 2.624403508719572642e+02 2.645606634449447370e+02
2.611964234140344843e+02 2.615923443084973314e+02 2.597106383657148854e+02 2.614582654987962655e+02
2.559003897715534208e+02 2.558748148363123676e+02 2.555408530380399270e+02 2.565968342775037172e+02
2.782077924600840220e+02 2.790852527604454849e+02 2.767719319682317973e+02 2.792481648669296419e+02
2.936394554165841555e+02 2.934884254095023266e+02 2.928557873288552855e+02 2.939860660358855853e+02
2.772896449268523043e+02 2.772522484289918339e+02 2.750064776966900695e+02 2.776587328088912727e+02
3.023815123488766403e+02 3.022561880703345878e+02 3.019435855353152078e+02 3.022943098344711643e+02
2.615861870360350281e+02 2.623723772631417432e+02 2.610815723311764032e+02 2.620352415552275147e+02
2.663841544703505519e+02 2.664518624247044727e+02 2.655084349276592661e+02 2.667433019460941637e+02
2.613282215002669773e+02 2.621832972656754350e+02 2.606934944764201418e+02 2.619833657054130640e+02
2.690360620265520879e+02 2.698347027656208184e+02 2.674798255223076922e+02 2.695824066500040885e+02
2.543765296577247170e+02 2.539665065072372556e+02 2.534672972896635486e+02 2.546518676567201567e+02
2.599812975325674529e+02 2.605513652282009502e+02 2.585425095044498107e+02 2.608208545389446158e+02
2.517036885551661669e+02 2.518344545967351849e+02 2.504843900695692298e+02 2.521547136730264356e+02
2.576691815687407825e+02 2.586108851816601373e+02 2.568488110192840850e+02 2.587702435294251018e+02
2.577366012104550919e+02 2.581052896858142844e+02 2.569540604271437587e+02 2.578110625513156720e+02
2.634807990744101289e+02 2.637163274653954090e+02 2.626669545378420594e+02 2.632680945379968307e+02
2.636962457272894653e+02 2.656794102138791231e+02 2.624780253081473802e+02 2.656838452049722719e+02
2.569971040787002607e+02 2.572265020658192043e+02 2.569568435080536233e+02 2.576636157743079139e+02
2.924868897183127388e+02 2.930746692438038394e+02 2.892228030077740755e+02 2.909270339623939776e+02
2.753199598924841212e+02 2.762718242645663054e+02 2.730144572657036974e+02 2.747663133637608439e+02
2.591822276226500890e+02 2.587967015768676333e+02 2.586389547929414334e+02 2.592251130569536599e+02
2.620958792273746667e+02 2.612930943796430938e+02 2.611318384272875619e+02 2.618955796601944144e+02
2.662774398626671655e+02 2.668152713935145925e+02 2.653613054805996398e+02 2.677790970946820153e+02
2.630537529921865598e+02 2.627441358621067593e+02 2.617062325257600151e+02 2.629074233415807953e+02
2.853058617017824758e+02 2.855267461720737288e+02 2.822592998256890269e+02 2.849043199499076309e+02
2.744591212747122313e+02 2.758081502583341944e+02 2.734390944954070051e+02 2.756030169244233434e+02
2.706749626131294804e+02 2.720296100922512323e+02 2.697262703316840202e+02 2.718031846148647332e+02
2.594440074372523668e+02 2.596687708681907338e+02 2.582975264707487781e+02 2.596239696308868474e+02
2.934209686427976180e+02 2.940728525260105357e+02 2.911629413731738509e+02 2.931838181763345688e+02
2.596655068336124828e+02 2.597285427749894211e+02 2.592103145902746064e+02 2.606746780534311938e+02
2.741126396575756985e+02 2.737894179383226287e+02 2.722521088544062309e+02 2.740367311919520716e+02
2.558412156362380756e+02 2.555027454240315592e+02 2.552120095579511769e+02 2.558776631237179231e+02
2.565597998299760434e+02 2.563707524887341265e+02 2.557228792491359002e+02 2.566761445948370124e+02
2.934270455439638567e+02 2.938935973510596114e+02 2.911698756503628260e+02 2.926432115830597809e+02
2.683422407026426981e+02 2.680975212897125175e+02 2.671707551521441246e+02 2.682093379523199133e+02
2.564638858886540334e+02 2.570194667251577698e+02 2.563410505950863012e+02 2.569994670448671172e+02
2.547682628655324493e+02 2.545159078412706606e+02 2.540009643919163977e+02 2.549035853453102050e+02
2.854007050508474777e+02 2.853182177384458669e+02 2.830385541429759542e+02 2.850721458057358291e+02
2.560000513014098260e+02 2.560869278038134667e+02 2.558281830494663325e+02 2.564209573892230765e+02
2.528341969726597540e+02 2.527264850481095664e+02 2.522162330491514979e+02 2.529830136879680538e+02
2.606736834159535761e+02 2.610544260083451036e+02 2.596896232624583831e+02 2.605696256539559386e+02
3.023244425834482740e+02 3.028635541466307473e+02 3.002942639094575270e+02 3.010200736501914207e+02
2.815453152477628009e+02 2.827893896486602330e+02 2.792908223287110445e+02 2.819776065952374893e+02
2.801408928946307810e+02 2.806223952694111290e+02 2.783713590675279761e+02 2.806676235001867781e+02
2.576513996505876207e+02 2.583951121592784261e+02 2.571900263686216590e+02 2.581798581190629989e+02
2.848531485866924982e+02 2.857766282622337144e+02 2.828046061420026831e+02 2.843640148136667563e+02
2.556557824487766766e+02 2.555363946811616529e+02 2.548969832284810479e+02 2.557787052610739238e+02
2.613545443218089304e+02 2.614867641248795849e+02 2.605077828262272419e+02 2.614130156316868465e+02
2.639685925482734206e+02 2.641496555494978793e+02 2.627833929054846180e+02 2.646445261795707893e+02
2.642007324032500151e+02 2.650929535666751917e+02 2.620976615061126722e+02 2.659076225966088600e+02
2.577014098304211416e+02 2.578660548136505213e+02 2.562538599185463113e+02 2.582913977682030122e+02
2.561741557783917642e+02 2.566873490254793069e+02 2.549301259889803362e+02 2.572665304626369789e+02
2.592569028875979598e+02 2.592995277631627005e+02 2.575392312189550239e+02 2.593653674262399704e+02
2.675942346449900242e+02 2.667622031961228117e+02 2.660546573570850342e+02 2.676226869376959030e+02
2.649466083662988467e+02 2.650529140527142999e+02 2.632326637903310029e+02 2.646300707123317011e+02
2.796317231269893568e+02 2.803336221997928988e+02 2.787560448847067391e+02 2.808035160995236765e+02
2.611766503421080756e+02 2.616002060233934685e+02 2.607527856634242198e+02 2.616026938471034100e+02
2.539833617743835816e+02 2.540807659012766351e+02 2.533633705561551039e+02 2.540340386415018656e+02
2.601479661423860534e+02 2.597758067724948319e+02 2.595469951513247224e+02 2.602341295864041513e+02
2.700601235292325555e+02 2.697674881065269119e+02 2.685446382733121027e+02 2.711744929434447045e+02
2.711371020609553852e+02 2.722435450911256680e+02 2.690391041146166913e+02 2.716675065310309947e+02
2.567164232784753608e+02 2.572134533400434862e+02 2.564714954351355800e+02 2.572754345426303644e+02
2.797550372008477666e+02 2.798913490080315114e+02 2.770579341418389276e+02 2.799573597826454261e+02
2.628269469588791480e+02 2.625202407251068735e+02 2.622533256583887464e+02 2.635553291561177502e+02
2.784842410052507944e+02 2.800235957963816418e+02 2.776568842301163613e+02 2.797369982092189389e+02
2.564598561329192989e+02 2.568850737282084538e+02 2.555821187442809048e+02 2.568843193831647795e+02
2.550355861879739621e+02 2.549337145359569945e+02 2.540101237909814529e+02 2.551866347750797388e+02
2.606572392996044982e+02 2.601320883633100607e+02 2.591954866968766851e+02 2.601069114755989062e+02
3.016100889075314058e+02 3.009560071031303323e+02 3.016958599756098920e+02 3.023790838606153102e+02
2.601718831473277191e+02 2.605108293970816362e+02 2.601884082534437539e+02 2.604238666359646572e+02
2.567379189461180431e+02 2.564807971184932853e+02 2.553764188858536670e+02 2.567996358360268232e+02
2.632013439561064274e+02 2.631184760870413584e+02 2.633033586870941463e+02 2.630680763515723584e+02
2.597909091512971145e+02 2.598867777388929881e+02 2.593943900585666142e+02 2.609860294448765785e+02
2.591127499947865545e+02 2.581697695969627944e+02 2.579896946965177449e+02 2.587653639545584383e+02
2.572254609173526205e+02 2.571821641639098743e+02 2.563548321051626999e+02 2.574714461781875912e+02
2.617939303174929933e+02 2.618954478507286012e+02 2.617806219840106223e+02 2.622251315853740152e+02
2.714756269558488952e+02 2.717049122949449611e+02 2.693701850264512814e+02 2.717668617411868013e+02
2.629557629856272456e+02 2.633941370956777064e+02 2.611381745315948706e+02 2.638532231515517310e+02
2.977349994982992598e+02 2.980443665095361894e+02 2.960385349379726563e+02 2.965525630374394268e+02
2.735172575454752746e+02 2.727895743348085489e+02 2.708904870861437644e+02 2.731478667422352373e+02
2.597652480581902523e+02 2.601360369744969603e+02 2.596195374163438032e+02 2.604611861185647967e+02
2.807155516262511128e+02 2.804839351109293943e+02 2.784102744204120654e+02 2.803039928346181568e+02
2.587515561560942388e+02 2.592741726813072205e+02 2.587346276945588670e+02 2.596378751170093437e+02
2.580154799106206269e+02 2.589205073878636654e+02 2.572322309531941755e+02 2.594261983503925535e+02
2.954972321966600930e+02 2.939994040173988878e+02 2.918116426800748400e+02 2.935802869059433533e+02
2.612360998839695299e+02 2.612333448776252567e+02 2.588545248806435097e+02 2.625452311319156706e+02
2.938252452065539728e+02 2.944449061052388856e+02 2.932516974210178660e+02 2.945203969093192313e+02
2.531942301950269041e+02 2.532229061722359233e+02 2.525624843686185841e+02 2.537383180113425283e+02
2.558871218138952770e+02 2.558565789136889919e+02 2.553533772220275182e+02 2.567924044114757862e+02
2.976540433543163431e+02 2.968822644422544386e+02 2.955761913694734631e+02 2.971363367665490500e+02
2.610963838545419549e+02 2.615037183859706715e+02 2.608456020402157378e+02 2.619599960025934706e+02
2.838488693883114706e+02 2.831807961476627042e+02 2.807272248641147598e+02 2.845540585838139123e+02
2.644889863057206867e+02 2.643425812895784475e+02 2.626169987961710035e+02 2.642401729797353482e+02
2.595203943136564249e+02 2.599830856123896865e+02 2.591061032425114945e+02 2.603694103437339891e+02
2.968784126701281139e+02 2.978929688780930860e+02 2.957567087590999790e+02 2.953120739056297452e+02
2.604635450018997176e+02 2.602166560785545926e+02 2.595178614980735574e+02 2.603205545739429567e+02
2.582608791617028032e+02 2.592131182809450252e+02 2.579154371409060218e+02 2.592609770456771798e+02
2.830068635631623692e+02 2.817355747193969933e+02 2.793523940408265958e+02 2.812722856171637886e+02
2.571145245047036951e+02 2.568487655988187726e+02 2.563509922260432177e+02 2.567253312356874630e+02
2.583032449880174113e+02 2.591505408794727146e+02 2.584520936787978940e+02 2.589351837393697338e+02
2.680476276996053571e+02 2.678719243453808758e+02 2.664060985890196207e+02 2.673559960112009435e+02
2.582923338665995630e+02 2.588921491459661866e+02 2.580915707283768370e+02 2.589549043094950775e+02
2.597907964948392987e+02 2.604400195459371048e+02 2.585321477340431784e+02 2.602756832002262399e+02
2.761480564081148259e+02 2.756253051372934806e+02 2.730962017601094658e+02 2.763058308310669418e+02
2.597920822831778764e+02 2.593033280511733096e+02 2.590231805116169426e+02 2.598708317462174477e+02
2.602646678156839357e+02 2.596430999023689878e+02 2.585903615443523904e+02 2.595972891951861925e+02
2.553234904792824125e+02 2.555477393996621345e+02 2.546526106811062391e+02 2.558594678945258920e+02
2.694833387529728839e+02 2.701185333405020970e+02 2.673218723180450525e+02 2.697863648963362948e+02
2.658819784572391995e+02 2.664316591458540415e+02 2.648747510744822762e+02 2.665572455307008113e+02
2.678112438742486461e+02 2.689908268478883429e+02 2.662867872354345877e+02 2.687261489215307506e+02
2.723225162506168431e+02 2.725031152293578316e+02 2.701528434698673777e+02 2.731312223706277109e+02
2.630375082481839968e+02 2.638894634972192534e+02 2.631078007027212493e+02 2.636236452485248947e+02
2.747049654972671533e+02 2.741247841021757949e+02 2.728095780400558965e+02 2.747021977536431336e+02
