2.531169273126178041e+02 2.531097644515233185e+02 2.527799386477904022e+02 2.534456279156605660e+02
2.527656992775669096e+02 2.547664884886145842e+02 2.510724169269186348e+02 2.539244823815800487e+02
2.569520006399503131e+02 2.574149645381665437e+02 2.561643739877684993e+02 2.576961882812323097e+02
2.847333732862017541e+02 2.851614972962397587e+02 2.817624527742180476e+02 2.851381090362551163e+02
2.585165670318889397e+02 2.581849366138744131e+02 2.573974203130042042e+02 2.592735356156362059e+02
2.507824716601574551e+02 2.512040985511639519e+02 2.495955239577597524e+02 2.509152918528748160e+02
2.531267697650015691e+02 2.533035401903007084e+02 2.529904490533123749e+02 2.538142997094191742e+02
2.515411932553432734e+02 2.522867781323409417e+02 2.516482519139939882e+02 2.524810262480359881e+02
2.530981960965174267e+02 2.531826028303404996e+02 2.526339582274075326e+02 2.537966301639492315e+02
2.634299585394830387e+02 2.649804432580497746e+02 2.619843752966454531e+02 2.642432816596351017e+02
2.532688147746785887e+02 2.530266582334355689e+02 2.517390861273399025e+02 2.531336858199629489e+02
2.520258205343903057e+02 2.523865742750727463e+02 2.512973573631822433e+02 2.527800283398335353e+02
2.586437532954911944e+02 2.588792189383988784e+02 2.574027075360641561e+02 2.599847867867173363e+02
2.572374635228450188e+02 2.579750258101094005e+02 2.557494186942596457e+02 2.577801465287270162e+02
2.680435942127400608e+02 2.690946760656383958e+02 2.662884080734751819e+02 2.683820407844478950e+02
2.686616859606340881e+02 2.687701109539623872e+02 2.670430946615150560e+02 2.691456966515368094e+02
2.971450173428292487e+02 2.971719244994707765e+02 2.950330016527735211e+02 2.970788779038939538e+02
2.841164679280087171e+02 2.838279104411138860e+02 2.819826179769868872e+02 2.847630231188326206e+02
2.526796636506532536e+02 2.525128722788318498e+02 2.517594004876359008e+02 2.530991117101598888e+02
2.585802446568017672e+02 2.592576186917203813e+02 2.572285190636268339e+02 2.598843914655028016e+02
2.519162547918125483e+02 2.533353026476781906e+02 2.515613097253175852e+02 2.534942937885957974e+02
2.531626088422065379e+02 2.527331869752336502e+02 2.518727434127576998e+02 2.532866119028977892e+02
2.576989216392444746e+02 2.574575251813810155e+02 2.565312345171674338e+02 2.583190395847092304e+02
2.498844646677242451e+02 2.503509898118216199e+02 2.494214018120804610e+02 2.508132113843276727e+02
2.508710703795079837e+02 2.517809653008720829e+02 2.498330667826104730e+02 2.514932502178378684e+02
2.641500004373793900e+02 2.645250316622986588e+02 2.625597110221852972e+02 2.645282691230855221e+02
2.501065673700998104e+02 2.500406008438599201e+02 2.490408712565547091e+02 2.505020747831656536e+02
2.614081441989835639e+02 2.624833691343173427e+02 2.598788513033061918e+02 2.621331873732735289e+02
2.525474442402355066e+02 2.524444891529988695e+02 2.511442457906194363e+02 2.530166081824319804e+02
2.777584749365163361e+02 2.778917126902805990e+02 2.749534074759337159e+02 2.772384288041643572e+02
2.889982756103590873e+02 2.898622411691484331e+02 2.875318179357917074e+02 2.893469262812833449e+02
2.612988786448507312e+02 2.613040427523091012e+02 2.596405182506309757e+02 2.616503013407466369e+02
2.532541397403776386e+02 2.530009357710889901e+02 2.524188008122548581e+02 2.533320514256714091e+02
2.570417696137625398e+02 2.567833070788968826e+02 2.557562520185137771e+02 2.570527247420928916e+02
2.572388559948215061e+02 2.571376378684623205e+02 2.554580365148481178e+02 2.571373359514912522e+02
2.577954298988197479e+02 2.587659296274431995e+02 2.560897452575014199e+02 2.582085961764796025e+02
2.532867914530600046e+02 2.534698258796408368e+02 2.524393103781491732e+02 2.536170138467326751e+02
2.556621262845821434e+02 2.558220059063374947e+02 2.545333880064265486e+02 2.562270462557457904e+02
2.542785055357566364e+02 2.542886462182997889e+02 2.539960890419048098e+02 2.546411075495790328e+02
2.582843902866443955e+02 2.576917728292176548e+02 2.571028799079525129e+02 2.583475882020854897e+02
2.775084567440889600e+02 2.782543849724622760e+02 2.758570684535851569e+02 2.781788991598262442e+02
2.715753764422340737e+02 2.725591498811268707e+02 2.686358297959754964e+02 2.711928334847322617e+02
2.555408718950748153e+02 2.559236123357304677e+02 2.540578689561983197e+02 2.555399879903331453e+02
2.512590553176893877e+02 2.515013664526085222e+02 2.500238049340886732e+02 2.523535468149547114e+02
2.781643518890965652e+02 2.796732094108472779e+02 2.749851144959209819e+02 2.794184617730660420e+02
2.583932151917375108e+02 2.591124653851068160e+02 2.575196045167741659e+02 2.591281580456853817e+02
2.645024193123194891e+02 2.644408187726579058e+02 2.641123372977045278e+02 2.648302586952558499e+02
2.638619596461845731e+02 2.639721989807106297e+02 2.613308594396856961e+02 2.634172910905150502e+02
2.508143117895939440e+02 2.509334576291989833e+02 2.497059270592568510e+02 2.514214169062554731e+02
2.637342368069655549e+02 2.644600910615331486e+02 2.622477886266651694e+02 2.644800123737904300e+02
2.603927366341263792e+02 2.603855030053217092e+02 2.598781870557332354e+02 2.615051079804035226e+02
2.590874532591259367e+02 2.591401272707192334e+02 2.567854207654699508e+02 2.599257932316550637e+02
2.545526803520482133e+02 2.539036054596278689e+02 2.527776345631738764e+02 2.540972624785847813e+02
2.900841307284000550e+02 2.904498220151551777e+02 2.882119693158102223e+02 2.908622079842634207e+02
2.875334031028226036e+02 2.876303736792979748e+02 2.850361112574194067e+02 2.851808814605881253e+02
2.878872124185123766e+02 2.889474479653821390e+02 2.855255891044932923e+02 2.888524252393101506e+02
2.506048460817984562e+02 2.506588258006964907e+02 2.498977015942447224e+02 2.512604520318210177e+02
2.573833981994488340e+02 2.577106799779113544e+02 2.547555558180930007e+02 2.573611706346692358e+02
2.888186289964594948e+02 2.892311329383845191e+02 2.865231618089329686e+02 2.887669265778392287e+02
2.501478018519273689e+02 2.504808223928805830e+02 2.491140139644742248e+02 2.508373470961650185e+02
2.503427843192808098e+02 2.513059059937453981e+02 2.496711791794519968e+02 2.510960926139963192e+02
2.603868759546762703e+02 2.604888531832542071e+02 2.585078312811621117e+02 2.607553627323092655e+02
2.507519233806776811e+02 2.507218849228132740e+02 2.504493468990170300e+02 2.515073253702897773e+02
2.546226285780920477e+02 2.548445549691124086e+02 2.535373503875361791e+02 2.545448813526096217e+02
2.573286532525474968e+02 2.573979859840625863e+02 2.558092109151994862e+02 2.569327360083282770e+02
2.956240663978504699e+02 2.957314785130612904e+02 2.923674760936506232e+02 2.947681960466463806e+02
2.521758199325360295e+02 2.525918745672680927e+02 2.515739974263208296e+02 2.530500650044417910e+02
2.811119552101867498e+02 2.808777371248049803e+02 2.782166389423132387e+02 2.800853274421372703e+02
2.621055907373950618e+02 2.628589503139543808e+02 2.601207772183335578e+02 2.625098266490693391e+02
2.641040573860636300e+02 2.653881344586430941e+02 2.625336244186739805e+02 2.647127450761277032e+02
2.531635703148398306e+02 2.534623795252512082e+02 2.522215054892458852e+02 2.540641337036330185e+02
2.773147808734436239e+02 2.790596322650080197e+02 2.768583911512707800e+02 2.784149966806257908e+02
2.951717773608646098e+02 2.952408541260894594e+02 2.941136929863087630e+02 2.946839883901681674e+02
2.709607007348402021e+02 2.707832139574258008e+02 2.680907688629176278e+02 2.716548484837069282e+02
2.936325476696918599e+02 2.937117986357446284e+02 2.917734300539883066e+02 2.938936477138538521e+02
2.523048751954133877e+02 2.516851859557027353e+02 2.520584397029325032e+02 2.516506244664187193e+02
2.529503644414932069e+02 2.534754726893729924e+02 2.524639067686417491e+02 2.538103235305310363e+02
2.550980145282797196e+02 2.553394151923847915e+02 2.531867302206603654e+02 2.550799941819138894e+02
2.529428805054115514e+02 2.533652384638759258e+02 2.517877027657217752e+02 2.542040112926966060e+02
2.515401964324125856e+02 2.513722652164774445e+02 2.502598532954814630e+02 2.519192249646637833e+02
2.525232123762729941e+02 2.524050415424714231e+02 2.518225516335996588e+02 2.528246152210388686e+02
2.620497834151800589e+02 2.621861240689602823e+02 2.598053299134531358e+02 2.630808906701671503e+02
2.572728886553067014e+02 2.578031063726218122e+02 2.560738068413529618e+02 2.580330849109050178e+02
2.625765279062497939e+02 2.624153884950763427e+02 2.609921182851097683e+02 2.629530549598406992e+02
2.532170997051713925e+02 2.539229376281575981e+02 2.521336429848788043e+02 2.533579110145788036e+02
2.521016953594951246e+02 2.534674370564560775e+02 2.511833539428118058e+02 2.535184014411562430e+02
2.537991474921092561e+02 2.545462286352883154e+02 2.525540055765620764e+02 2.547175946649861658e+02
2.917390725900306734e+02 2.921484618656077714e+02 2.909884340081673599e+02 2.925389222081571461e+02
2.832064336985650357e+02 2.839338354510528006e+02 2.807892733278461606e+02 2.825951629393395592e+02
2.541316523090972623e+02 2.544532985096747666e+02 2.532462007195901208e+02 2.544532138784482527e+02
2.577758691120181993e+02 2.586473660089964710e+02 2.573844885053013627e+02 2.582566989570992746e+02
2.632729752450944716e+02 2.640156812040598879e+02 2.608859382762946098e+02 2.642601600694374611e+02
2.523782620728430288e+02 2.525062066257360414e+02 2.519219502816858949e+02 2.529124667457609235e+02
2.667501778739126053e+02 2.676306204154206512e+02 2.656042275710948388e+02 2.681439130014256307e+02
2.541880644086221537e+02 2.546729592407805001e+02 2.524183288651083217e+02 2.547170310480559863e+02
2.786415073299117466e+02 2.808912613835888124e+02 2.771853189910885362e+02 2.798874401121074129e+02
2.479686517878663778e+02 2.487198097346747261e+02 2.476365934965057818e+02 2.486454484161994856e+02
2.601538732599881882e+02 2.607118075717098122e+02 2.589161988957471863e+02 2.604961174848234577e+02
2.550562903389427447e+02 2.555405493438911151e+02 2.545855832133580918e+02 2.560272207229161836e+02
2.638254333565095067e+02 2.637706774390928786e+02 2.626024783008855366e+02 2.645247614176561797e+02
2.496296470765327342e+02 2.495263723027473759e+02 2.483172488995186313e+02 2.501011165366520572e+02
2.537027083114479069e+02 2.540075482497675807e+02 2.524544090138102774e+02 2.538756512818166300e+02
2.984269560211392331e+02 2.982411095069654152e+02 2.970688056700593620e+02 2.975043435975478587e+02
2.513313993401672235e+02 2.512744520769971643e+02 2.501969507400190764e+02 2.521822749785765438e+02
2.726112646774641348e+02 2.733266782317818411e+02 2.690693576397812876e+02 2.728738717679014485e+02
2.733399360601009676e+02 2.741992892019180204e+02 2.716711191024015193e+02 2.758436752883802683e+02
2.577680559536048577e+02 2.580922828253982289e+02 2.567278664196048226e+02 2.584786905573385525e+02
2.596242167521867259e+02 2.608148415614819555e+02 2.580103624265134385e+02 2.603699878455564658e+02
2.542836378362551955e+02 2.549332628999553378e+02 2.526491218917218760e+02 2.552540848124315858e+02
2.636652667281639424e+02 2.639713206319743222e+02 2.609528722343011964e+02 2.640114287550938457e+02
2.627952377653566032e+02 2.629663838567987000e+02 2.612724019205257378e+02 2.635551870549787168e+02
2.601037191008419427e+02 2.607001393689610609e+02 2.596773192632061864e+02 2.608115776785794537e+02
2.554263820171867394e+02 2.556528694788407279e+02 2.539748876995026023e+02 2.564925890110339992e+02
2.557863054864421883e+02 2.565092324436046738e+02 2.550185485604513929e+02 2.564649395461486847e+02
2.510796724347661382e+02 2.512346064480151142e+02 2.489967330490898405e+02 2.511439393314506390e+02
2.495527409127589067e+02 2.495409459178017926e+02 2.483649682403212182e+02 2.500088681949152374e+02
2.515596054990793391e+02 2.520010926134766578e+02 2.509057975681148491e+02 2.517791041346275165e+02
2.515902159188344172e+02 2.527671157675816289e+02 2.508113646247088582e+02 2.523106516729629902e+02
2.602269113385536912e+02 2.603551031611622761e+02 2.583797708988212207e+02 2.602202333043414342e+02
2.519161062718247308e+02 2.519034230650176482e+02 2.510547057033216731e+02 2.530871420519506216e+02
2.551249666475223989e+02 2.551929324194278479e+02 2.544302862995176042e+02 2.557953968888949703e+02
2.516095815982330919e+02 2.513908672041966668e+02 2.501524181061281809e+02 2.523582858649716059e+02
2.504483134118417524e+02 2.511249952554660467e+02 2.504253554975206839e+02 2.511755335668260045e+02
2.722779651291871232e+02 2.731036451035380992e+02 2.698604992859079630e+02 2.733084668705683953e+02
2.709544030691615717e+02 2.707675460660120734e+02 2.683953197774202977e+02 2.719502300998605051e+02
2.624568297241778509e+02 2.636444739448199925e+02 2.615897120478216493e+02 2.639040109439970934e+02
2.537344938384962347e+02 2.541121332192034572e+02 2.532590170150722884e+02 2.538806867452273934e+02
2.619845523085696186e+02 2.626975378778581103e+02 2.598269118668782198e+02 2.626260622826279700e+02
2.582230851937114835e+02 2.587972411841518579e+02 2.569113260034566224e+02 2.595252315434113370e+02
2.589587280883801554e+02 2.597126578372101449e+02 2.565496183288072984e+02 2.603593522656033770e+02
2.668184380923220260e+02 2.673952305991597882e+02 2.651389553187449906e+02 2.689112077846274929e+02
2.639975241922528539e+02 2.646695301364804891e+02 2.627062845239629496e+02 2.653787380599890753e+02
2.698028052051638497e+02 2.709653715557963096e+02 2.682502622615977543e+02 2.711798106758762401e+02
2.725514760700680768e+02 2.741936921051242848e+02 2.703848082725986046e+02 2.729567606918764113e+02
2.656050996730402858e+02 2.656949430975784594e+02 2.633443901560771678e+02 2.661948165918382188e+02
2.559877308463738075e+02 2.562572774984033117e+02 2.551167331206618769e+02 2.568949254142320342e+02
2.628180803629020375e+02 2.646426952402057395e+02 2.615867886206036133e+02 2.636760625617906157e+02
2.602017812142577782e+02 2.604301318049840575e+02 2.583893601866341214e+02 2.615471613232394361e+02
2.574089722897206798e+02 2.579081910424852708e+02 2.566966061946671402e+02 2.577785874625943734e+02
2.520870837805594817e+02 2.525423394081074662e+02 2.508828505113943379e+02 2.523698103105598420e+02
2.603271353317187504e+02 2.602081222248513086e+02 2.603785135515312277e+02 2.604287903569478431e+02
2.557383634922188662e+02 2.557974475596043362e+02 2.544518260119523063e+02 2.558989770181497647e+02
2.493692376156009232e+02 2.497037091082604547e+02 2.481912496536033075e+02 2.503194236353245685e+02
2.602552778802838134e+02 2.607361417165794819e+02 2.584764607208911684e+02 2.610872785496191568e+02
2.488359851253961494e+02 2.488061317203469116e+02 2.475217569521875305e+02 2.490540852229800635e+02
2.538231735553760586e+02 2.546963106379485566e+02 2.523214328935345918e+02 2.550185678549222246e+02
2.643664122100411191e+02 2.646111926727612058e+02 2.619171710265532056e+02 2.643274018616829153e+02
2.668414898260372183e+02 2.668838686867928800e+02 2.642787883168679741e+02 2.674945407032653861e+02
2.689417054270342646e+02 2.702374744327885878e+02 2.676554892156039500e+02 2.698631198718114206e+02
2.570526348551472893e+02 2.567014947819969279e+02 2.566310718983027073e+02 2.563950091777433613e+02
2.783487837748273819e+02 2.787097126937122198e+02 2.757639557458654167e+02 2.796436600204999650e+02
2.667434425980667356e+02 2.684469479133844629e+02 2.652188533591452710e+02 2.671750738060262051e+02
2.752744032708701525e+02 2.748241430868241650e+02 2.725060595378672019e+02 2.746954281902015396e+02
2.551869164934210801e+02 2.549271248535622760e+02 2.542987704230195902e+02 2.549066957654553391e+02
2.587275875485148617e+02 2.594960525189459872e+02 2.576792201129500199e+02 2.593182249750925052e+02
2.533556713336737118e+02 2.536613630926776466e+02 2.526093433967017177e+02 2.541446699849376785e+02
2.512780898328165051e+02 2.515937135289123603e+02 2.506657855328813298e+02 2.517535535603797996e+02
2.579590771867057128e+02 2.578457489673969576e+02 2.560807341658923519e+02 2.590476648357579279e+02
2.527625842784731276e+02 2.528845000887429535e+02 2.519499446629651231e+02 2.528789163438918877e+02
2.576657317470346129e+02 2.581212081210902625e+02 2.567639798347192368e+02 2.580272654161754531e+02
2.616787961605785426e+02 2.626501711712554084e+02 2.605130825849703342e+02 2.636620205476658043e+02
2.536668668415347554e+02 2.539264511179636088e+02 2.522131179569942390e+02 2.542305951734922189e+02
2.612023516607848137e+02 2.617925771365424339e+02 2.593387377354176238e+02 2.615561537059567172e+02
2.568321337004150564e+02 2.562357429450975701e+02 2.556271290506437595e+02 2.563817922273050272e+02
2.495546323051717650e+02 2.497350905413411795e+02 2.486861561360510393e+02 2.499055758245068830e+02
2.504680742350975606e+02 2.510511783607232985e+02 2.493678623024232763e+02 2.505577100064207912e+02
2.496969166227924291e+02 2.492463043187620428e+02 2.486501127801334405e+02 2.502467816732452661e+02
2.544992986425378092e+02 2.549486610741787160e+02 2.533787639085212220e+02 2.550538362278930435e+02
2.787426943682808087e+02 2.795884395604422252e+02 2.758652859769030670e+02 2.790125035657582089e+02
2.630766516476489869e+02 2.633061571938844736e+02 2.626395288349681891e+02 2.632151994841581200e+02
2.803472318628853941e+02 2.809567140116734549e+02 2.775824976761341532e+02 2.793709604474015009e+02
2.953674120434861265e+02 2.969424033761659416e+02 2.944229251855458642e+02 2.951957050321933025e+02
2.521755977902660391e+02 2.527495691697910161e+02 2.508199562219114398e+02 2.533722585529336868e+02
2.746543085865618536e+02 2.756329836265520612e+02 2.719006354955334928e+02 2.757036453349036265e+02
2.482282664766158291e+02 2.488785539669255513e+02 2.475233555709333189e+02 2.492933931912000958e+02
2.762031035339647929e+02 2.768957158556210061e+02 2.738130284263787075e+02 2.768494254445329830e+02
2.575248166917161257e+02 2.583402481603238243e+02 2.566379652452100117e+02 2.576574998617614369e+02
2.807726988298553010e+02 2.811973697886094783e+02 2.771014690216293275e+02 2.805087056488390544e+02
2.538736043509158549e+02 2.544385900098585296e+02 2.523440502160675862e+02 2.544241015515988806e+02
2.776265988652401688e+02 2.785735122046672814e+02 2.753572670127854849e+02 2.785876049001503247e+02
2.512505001998777630e+02 2.513046334419260290e+02 2.503802371539045453e+02 2.518239582245499264e+02
2.593217941086440419e+02 2.597372571864170254e+02 2.580718297382429682e+02 2.596584505411144050e+02
2.887984683282331844e+02 2.897743476090097374e+02 2.877311357808926005e+02 2.896468202305008504e+02
2.521470746172430211e+02 2.525752542757884385e+02 2.517311303456255018e+02 2.527339059957130587e+02
2.491231748342536036e+02 2.497747957131158500e+02 2.484627046525778269e+02 2.503543064552993087e+02
2.486902571994912137e+02 2.490380934885055808e+02 2.479769711221995010e+02 2.489329306951960916e+02
2.563580177519777976e+02 2.565706681961865456e+02 2.557768872903480997e+02 2.566613010963796455e+02
2.609837941012993383e+02 2.615185923268068677e+02 2.587417979114904938e+02 2.616915721854594494e+02
2.642158130487861740e+02 2.644290428204814702e+02 2.625347050591777815e+02 2.643021522080356362e+02
2.507053677896995794e+02 2.512402099752728475e+02 2.499821252324217085e+02 2.517892479979754228e+02
2.523200827921845644e+02 2.526058186373773822e+02 2.516773709702143265e+02 2.531152550416664155e+02
2.581079463341490623e+02 2.584892419766651415e+02 2.573684998258449923e+02 2.589997489761739757e+02
2.562305854053644794e+02 2.559371370659690967e+02 2.547063447813552841e+02 2.567471553016835628e+02
2.507042219052673033e+02 2.510220128264767538e+02 2.498232242596379251e+02 2.510554632286718686e+02
2.969276785782570300e+02 2.972735689922697588e+02 2.965484455959147567e+02 2.963321169093969729e+02
2.694806727226875864e+02 2.694261891839567511e+02 2.669765217038587934e+02 2.704230543714214718e+02
2.571320543715286249e+02 2.568042516054173348e+02 2.559498622849448566e+02 2.574600254559331916e+02
2.710285726833069475e+02 2.723265732530830974e+02 2.687958768556444511e+02 2.712378391262062109e+02
2.544016068976355314e+02 2.541944910938451017e+02 2.529376602678350423e+02 2.549307927913963567e+02
2.556652774980682352e+02 2.561703058539893618e+02 2.550908454257282472e+02 2.554711965201333896e+02
2.599364958695382484e+02 2.600004908101444130e+02 2.592005117003079135e+02 2.602840590022369156e+02
2.614115559160365478e+02 2.621717631883192894e+02 2.594088436148905430e+02 2.627431593412331381e+02
2.554046821904280478e+02 2.555531615130392709e+02 2.549310453666513183e+02 2.557532269198701158e+02
2.829278550585569292e+02 2.832014070718494168e+02 2.804555664665450081e+02 2.828108092659421118e+02
2.659236617586830675e+02 2.663962932584503847e+02 2.642882531510338708e+02 2.668270549749599354e+02
2.561313664389688256e+02 2.565755601155027534e+02 2.547354426446632658e+02 2.569660450438829002e+02
2.849273939821115391e+02 2.846971450056215076e+02 2.823714852863326428e+02 2.846130681638380224e+02
2.548497047317667352e+02 2.551076464243669193e+02 2.543518357262828147e+02 2.562463122005285641e+02
2.536351528567602145e+02 2.539796931270513198e+02 2.515564112811718189e+02 2.542234348603331568e+02
2.513762910911607094e+02 2.514551535897807923e+02 2.504279415928424442e+02 2.521349615380270848e+02
2.652193495690833629e+02 2.661735091453309110e+02 2.634428983676912139e+02 2.662683026506099964e+02
2.570729719070287160e+02 2.582911277748247016e+02 2.569412541228456917e+02 2.582145973885420744e+02
2.645492989967646054e+02 2.651357696738477898e+02 2.618766872086206376e+02 2.640922888723642927e+02
2.587034113031156153e+02 2.585894421974232387e+02 2.577814454874420562e+02 2.582712646306923716e+02
2.523954596669247223e+02 2.528935917134178908e+02 2.521990289843974153e+02 2.526797366479432014e+02
2.661078745289962058e+02 2.667903655036444661e+02 2.637946307108464339e+02 2.666062451054789335e+02
2.529467028919235361e+02 2.530428472186372062e+02 2.514386317017311967e+02 2.528790059788728399e+02
2.714841729962030286e+02 2.718905454937746526e+02 2.681455526830779945e+02 2.716273273518192468e+02
2.600970624904733199e+02 2.613927612372952467e+02 2.594792783023129346e+02 2.619197592589766828e+02
2.645045097259991849e+02 2.656223039116552513e+02 2.636339967089677430e+02 2.661457759025925043e+02
2.552548453771094614e+02 2.552356167866566068e+02 2.529616695510834745e+02 2.557626915936881460e+02
2.519575138136890757e+02 2.518051562032983384e+02 2.511156675610984621e+02 2.521671006980079142e+02
2.617880035353243215e+02 2.623664478002064584e+02 2.606982673546955311e+02 2.625744352891035192e+02
2.546127995767311063e+02 2.548091546208216585e+02 2.535915994575777859e+02 2.552056503260286604e+02
2.739091632338341356e+02 2.755686924309717938e+02 2.725454309774103194e+02 2.750057213158664808e+02
2.644866011322370696e+02 2.653962513061994173e+02 2.623003628825467217e+02 2.656359908670190748e+02
2.507093299195260556e+02 2.507438851227048531e+02 2.504993930847954573e+02 2.514037238510271663e+02
2.653888277128428399e+02 2.657067817555501392e+02 2.633412411948010003e+02 2.658358993238089738e+02
2.546787190314800853e+02 2.546558112151122657e+02 2.540466538568896055e+02 2.547530381376316768e+02
2.548639025408799341e+02 2.553791583600033732e+02 2.535021383029818196e+02 2.553802232889077857e+02
2.517131904418111503e+02 2.511668669491002106e+02 2.506827708404864268e+02 2.520269944613874316e+02
2.473034068426035788e+02 2.485155785553026533e+02 2.468535127533099853e+02 2.482776419487967701e+02
2.536805429156681555e+02 2.535581366424098633e+02 2.527555915470183265e+02 2.543004657143385145e+02
2.522321852688672834e+02 2.527200988982806678e+02 2.504246675474404924e+02 2.534985459138968054e+02
2.589040512326311614e+02 2.595289356995526191e+02 2.583088352158815724e+02 2.600752908550672373e+02
2.549217910077648526e+02 2.553742221080207457e+02 2.533809095745766911e+02 2.553067051142893433e+02
2.562807271934539131e+02 2.561669229491798774e+02 2.542785553160624943e+02 2.567695991563896882e+02
2.877294371961918387e+02 2.895198980833994256e+02 2.858819002648605192e+02 2.876403220421009337e+02
2.536319314039393475e+02 2.539075901445638408e+02 2.533786424610597692e+02 2.541827563730313670e+02
2.607412775309700237e+02 2.608994167206986958e+02 2.589884950667352541e+02 2.616018707401757979e+02
2.740661859274813992e+02 2.739047405009233671e+02 2.706078123148221266e+02 2.740721178557607800e+02
2.537072562534667668e+02 2.542636462582648562e+02 2.529760128001502721e+02 2.542593024332809080e+02
2.531075473659003023e+02 2.532748910978032200e+02 2.525059895019743976e+02 2.537993307625323780e+02
2.665205735581614590e+02 2.669409650372329565e+02 2.648630109714167133e+02 2.666256794623204200e+02
2.542835330752465097e+02 2.546890155712357853e+02 2.541250848123401624e+02 2.539833062606972192e+02
2.581629241528065108e+02 2.582599302034461743e+02 2.552968882612270818e+02 2.578558860716835284e+02
2.508803674618604589e+02 2.518823483974716453e+02 2.494899017776028245e+02 2.512268692283604423e+02
2.551069452102091475e+02 2.554069275835701376e+02 2.546059200142619545e+02 2.555412823492923451e+02
2.590563623104527551e+02 2.588926755926336796e+02 2.574608404599229630e+02 2.593727873649906996e+02
2.678766277225316799e+02 2.673929196814845000e+02 2.651758687820786236e+02 2.684365087995375916e+02
2.698460526699287243e+02 2.711921747347121823e+02 2.672179098648915101e+02 2.715903226405879423e+02
2.947775040307063819e+02 2.952212828143419188e+02 2.940322092319065632e+02 2.951471211749941972e+02
2.524994979057170781e+02 2.528450511184493621e+02 2.510244622000679726e+02 2.532281089107850391e+02
2.812284272667772029e+02 2.816609002431833915e+02 2.801453438843187200e+02 2.821502384070787457e+02
2.635317696144697379e+02 2.645151593660502272e+02 2.628129636834812004e+02 2.643020865438374472e+02
2.580520460075743472e+02 2.581322141930992871e+02 2.568308995340438514e+02 2.583639334315278120e+02
2.622896476595546460e+02 2.633068362913626288e+02 2.602422385722700255e+02 2.628331777371688531e+02
2.532019204797548184e+02 2.533691378884470566e+02 2.525112317920989824e+02 2.531325927839950793e+02
2.526567931044158684e+02 2.528845870229775983e+02 2.515564075764547169e+02 2.527484477553470299e+02
2.661945943247364426e+02 2.669089087806972884e+02 2.636840850516998103e+02 2.671966495972897633e+02
2.832042881068248903e+02 2.850043000719400652e+02 2.814114320054836753e+02 2.829950841702377602e+02
3.004534700043529938e+02 3.003117020534855328e+02 2.992322915733232662e+02 2.986555966645124158e+02
2.718867250875422883e+02 2.724165041353558081e+02 2.696247471073882025e+02 2.721903373337558492e+02
2.495784521780568355e+02 2.498403114972497008e+02 2.485594515214114040e+02 2.506924891212762816e+02
2.558980227385162891e+02 2.557288780242267308e+02 2.542214212714464452e+02 2.556114995043352280e+02
2.514943971049490585e+02 2.511509289764051687e+02 2.502562346035581129e+02 2.517015909755339464e+02
2.566032588188248269e+02 2.569741600920355040e+02 2.555406828598410698e+02 2.563515290198116077e+02
2.518307539262297325e+02 2.525539258345380063e+02 2.512762817868980108e+02 2.533555402650826807e+02
2.809344456467044324e+02 2.809998032613922874e+02 2.783463434264131706e+02 2.815985402849769912e+02
2.680101759393028260e+02 2.693121224179691353e+02 2.659576968817227112e+02 2.695096240462993933e+02
2.613514834402957945e+02 2.615550064219116848e+02 2.601709388663351206e+02 2.614909459557760556e+02
2.623010776883151038e+02 2.626833529527128803e+02 2.602121781051017706e+02 2.630205445399163864e+02
2.497291139809269396e+02 2.507813618107738023e+02 2.495955756070479481e+02 2.505102336012155604e+02
2.631706412787908675e+02 2.627049137405862780e+02 2.608911389806721672e+02 2.642253449736150515e+02
2.606826868530903312e+02 2.608441463968433709e+02 2.595856644707995429e+02 2.608896541085225635e+02
2.632949325983717017e+02 2.643149153246904461e+02 2.621480562623380024e+02 2.648139049288815841e+02
2.557427970797946557e+02 2.575532956708257188e+02 2.547165457980053418e+02 2.567092964643708228e+02
2.606498885768315290e+02 2.609882529370566431e+02 2.595126456340195773e+02 2.615889251021100108e+02
2.644213550597933136e+02 2.644451482844392558e+02 2.612485499419399275e+02 2.650134805535437295e+02
2.556496065826116819e+02 2.557417756951180365e+02 2.550631020826794213e+02 2.561674801709085614e+02
2.540971730917648870e+02 2.547394285632841218e+02 2.533006679303602766e+02 2.555597150324348945e+02
2.856116879776361088e+02 2.849629153267344464e+02 2.826923417744154676e+02 2.864563199393135733e+02
2.691898919962325181e+02 2.698368428693617034e+02 2.667130051963242181e+02 2.706069098958164432e+02
2.600160055450804180e+02 2.606316113309291040e+02 2.587713778163651455e+02 2.607721516232783188e+02
2.545957435023332209e+02 2.540497425464126877e+02 2.535558874444537878e+02 2.542190540858261443e+02
2.597098039760774668e+02 2.595354893514744958e+02 2.586732566845731753e+02 2.597196163228162504e+02
2.579759110060169860e+02 2.587759805100747599e+02 2.562857855898970456e+02 2.591959664893326476e+02
2.610022649638216308e+02 2.609886148662439496e+02 2.587841153649669650e+02 2.612597999987549997e+02
2.845022109122728580e+02 2.843218085746464681e+02 2.822430524972326111e+02 2.837226607278864776e+02
2.579412254103953046e+02 2.580102641899485434e+02 2.564004319469440247e+02 2.575232213744955061e+02
2.512381478981052396e+02 2.516221718484545420e+02 2.506977820239874575e+02 2.512308247505812631e+02
2.936031614446636127e+02 2.934949220368380907e+02 2.919758306212697221e+02 2.928754464136146680e+02
2.494330403528071258e+02 2.499478702099268617e+02 2.489808182830692829e+02 2.510428330668118519e+02
2.630185631717773731e+02 2.635739260295555937e+02 2.603940135332155705e+02 2.626137939440378659e+02
2.557983323902059283e+02 2.559104938294980798e+02 2.542077686349798569e+02 2.565079155996526197e+02
2.538809746656293953e+02 2.534338524361548082e+02 2.528663454092103393e+02 2.542323237160547933e+02
2.558786795147511839e+02 2.562121678859105600e+02 2.547774059916447129e+02 2.565798940351151032e+02
2.507208193077434544e+02 2.511882187614687325e+02 2.508368683541671089e+02 2.514619005091640531e+02
2.560722862532603585e+02 2.567409278304576219e+02 2.553119263978605318e+02 2.566064085566591189e+02
2.941481080563437445e+02 2.957105510784639364e+02 2.930885080604458039e+02 2.941561614253423045e+02
2.648109696343297514e+02 2.651410864585501486e+02 2.643063145210874154e+02 2.656014782569177441e+02
2.876468750522246296e+02 2.883714879783368588e+02 2.861084626266247142e+02 2.886281912466806716e+02
2.564668996065020679e+02 2.564631731867802387e+02 2.552787903720255258e+02 2.569746401143872845e+02
2.912602648880538823e+02 2.914947917566162232e+02 2.906833495874435584e+02 2.904318827689060640e+02
2.872020641687730063e+02 2.868124811967160781e+02 2.850250651133457609e+02 2.871876034468713215e+02
2.539857312000610250e+02 2.544191056332648770e+02 2.524306770814006313e+02 2.547000399847408119e+02
2.584430541643222909e+02 2.587371490590894041e+02 2.581530539202327077e+02 2.589603448464239364e+02
2.603763833976293540e+02 2.608153760593613129e+02 2.590578100516346467e+02 2.615209404240267190e+02
2.528903710786419765e+02 2.528295596899307895e+02 2.520727458200886701e+02 2.528424505188746139e+02
2.523749132814800191e+02 2.528193515678146639e+02 2.511933540387885273e+02 2.524669512162264482e+02
2.542460455501540935e+02 2.539863454334812047e+02 2.524936542231302212e+02 2.547237768811050103e+02
2.664585919371234013e+02 2.677607530025529741e+02 2.649417115170812167e+02 2.678982688123631419e+02
2.612059845639540754e+02 2.607661410553523069e+02 2.590468004015403380e+02 2.615365377283701491e+02
2.511027419851483842e+02 2.516010894482727451e+02 2.507085295700058793e+02 2.521216430567231157e+02
2.525845053223264927e+02 2.531005356145456062e+02 2.516888941792414869e+02 2.533450586651059098e+02
2.580124568613628639e+02 2.574892159070309958e+02 2.562187129204365306e+02 2.576832748048137773e+02
2.522582284225987053e+02 2.525416438255618914e+02 2.515978548735395748e+02 2.527078548440116208e+02
2.680211361637656182e+02 2.682944239882846773e+02 2.663905291164123810e+02 2.688327055271761878e+02
2.579174159240699851e+02 2.584529370934973826e+02 2.574802224259220225e+02 2.590705863685597024e+02
2.576260227107067635e+02 2.580545433092513576e+02 2.569592620906913112e+02 2.580658939671282610e+02
2.612442412624424719e+02 2.617453585369504481e+02 2.601060330451930440e+02 2.615089981930954082e+02
2.573722432588832021e+02 2.582598978918907733e+02 2.559367164090100175e+02 2.579440900330744171e+02
2.506402709668694797e+02 2.514879056584883870e+02 2.496923803166962159e+02 2.511448207703385833e+02
2.605472989360752649e+02 2.609898589591393829e+02 2.591858071558000347e+02 2.604398194259733827e+02
2.531064665085154672e+02 2.537035751242175934e+02 2.516363663624001674e+02 2.538575368500905256e+02
2.544666356434366605e+02 2.546214698688438887e+02 2.533085083893842295e+02 2.552824002024278514e+02
2.762115252214129555e+02 2.761609472439224646e+02 2.738573434696977529e+02 2.766312790219755016e+02
2.706992048853267647e+02 2.732122600679637117e+02 2.692746826801963493e+02 2.717056091123412784e+02
2.548394762267719784e+02 2.557652913271558646e+02 2.533248683260896428e+02 2.564461865864485617e+02
2.542251996981888453e+02 2.550876618941356071e+02 2.515545861486621391e+02 2.555142247501949839e+02
2.530422789103874948e+02 2.530690995457536303e+02 2.521643689787912592e+02 2.537901279899635938e+02
2.612042872172124817e+02 2.610238599935202046e+02 2.596729205546785693e+02 2.621004751311033374e+02
2.566662558311479074e+02 2.574405860633882526e+02 2.556460016337324248e+02 2.576625886138857595e+02
2.585655980140126644e+02 2.588611162572056514e+02 2.577983786224027085e+02 2.592792386003508796e+02
2.553060708142729425e+02 2.557492129039198403e+02 2.540445680244875746e+02 2.555180505504130508e+02
2.584439782365112706e+02 2.580951390283103137e+02 2.566094310767373372e+02 2.589899018000884325e+02
2.879135413383477271e+02 2.876134970661719876e+02 2.864326214971238755e+02 2.876709524915690395e+02
2.543148478227701048e+02 2.548798632297042843e+02 2.529622794267874895e+02 2.552714694830977180e+02
2.588095491447532481e+02 2.588373400782628551e+02 2.578153086230439044e+02 2.593051987779900855e+02
2.541983048761082102e+02 2.545982857753353983e+02 2.539887634992024914e+02 2.546389035203128799e+02
2.757449623565971137e+02 2.757216644290537033e+02 2.728489129297107070e+02 2.761852599233603200e+02
2.750301972220294715e+02 2.741421833747576784e+02 2.717462834175029798e+02 2.745808896055941659e+02
2.579575706716696573e+02 2.575414233038439988e+02 2.563902374461839031e+02 2.578681628303425555e+02
2.569529769244388717e+02 2.580087394983461309e+02 2.570434406561326455e+02 2.583072066469749188e+02
2.667021380526197163e+02 2.668576498656217950e+02 2.636764734845201019e+02 2.666170917028165377e+02
2.717120458112432289e+02 2.718408363310285836e+02 2.699493947474446713e+02 2.718998782168068828e+02
2.812504078245868868e+02 2.812278779933305373e+02 2.790995002025314307e+02 2.819383814951386285e+02
2.590848994595847898e+02 2.597481431469838640e+02 2.561829160079839767e+02 2.602980264792327603e+02
2.551652891196360997e+02 2.550145273023836978e+02 2.546602227932138192e+02 2.554344883047592987e+02
2.635024254110104494e+02 2.646441021490878143e+02 2.610258732465011349e+02 2.637259425352379481e+02
2.706405330667629983e+02 2.711805146381897202e+02 2.686564907158664255e+02 2.708151068552040215e+02
2.548405326240254567e+02 2.545648640360072648e+02 2.534429045394393825e+02 2.549862818792796588e+02
2.843101097867172484e+02 2.845678300216346770e+02 2.819356267521725385e+02 2.845299137479961473e+02
2.585692259768746908e+02 2.591878807158698237e+02 2.579807636055980424e+02 2.595256009316004224e+02
2.640358049946339065e+02 2.644050966958789672e+02 2.612756301060994133e+02 2.641099900959412139e+02
2.508211191918828149e+02 2.513814477574397017e+02 2.499257099722177600e+02 2.516181483305541065e+02
2.856022490418534971e+02 2.863916658774828647e+02 2.830770596505460048e+02 2.863401117558681221e+02
2.662369864975544829e+02 2.664147954829637115e+02 2.649847685099417731e+02 2.663947550940296765e+02
2.553874030581235672e+02 2.544732743708064504e+02 2.548146027893604071e+02 2.542796375383256873e+02
2.602562029432584154e+02 2.612182534189357170e+02 2.588807563152382727e+02 2.613874412206112652e+02
2.553583889763674790e+02 2.556627998424352484e+02 2.544906847305485087e+02 2.561174856741775443e+02
2.559036811666997551e+02 2.565048848137560640e+02 2.551954973101292410e+02 2.566753564949706288e+02
2.469825740737992987e+02 2.467198349505548265e+02 2.456557147226430402e+02 2.472454169654019438e+02
2.708322912318608360e+02 2.713004449464826280e+02 2.697219924183384592e+02 2.714984907262621618e+02
2.844867114778264181e+02 2.852461934221997808e+02 2.817905968957317668e+02 2.854109473667664361e+02
2.897372784154600822e+02 2.887887329254035080e+02 2.861293207543839117e+02 2.888759731150735774e+02
2.770417174477635740e+02 2.779130733677898775e+02 2.753891392196919696e+02 2.773151547064933879e+02
2.634956270895513626e+02 2.637507850980767898e+02 2.620678478893873375e+02 2.641588618722139472e+02
2.549471401189196058e+02 2.552523818621862688e+02 2.540382426367734183e+02 2.557130653820903774e+02
2.522427421967947794e+02 2.521525484342186303e+02 2.510905599718781787e+02 2.532493709849026402e+02
2.755827044221352935e+02 2.766693579699314682e+02 2.741708113280649854e+02 2.774787993148903524e+02
2.698071895142563221e+02 2.707716653273462271e+02 2.682713470156394351e+02 2.711436689995456959e+02
2.619734629085611459e+02 2.630320792260144458e+02 2.599954782040913983e+02 2.624055032401174117e+02
2.498958371868781683e+02 2.502883858624912818e+02 2.493919714289599483e+02 2.505078795458147454e+02
2.662323050253589827e+02 2.679633559692258018e+02 2.640461231016209354e+02 2.670411526924407895e+02
2.564642092268553597e+02 2.572895481615386188e+02 2.551929258031818506e+02 2.567071913334286251e+02
2.620100490801567048e+02 2.619728482810776313e+02 2.602234169896406115e+02 2.622673057671514130e+02
2.561061968494117878e+02 2.560241639503983038e+02 2.553933659987955593e+02 2.564718767613240971e+02
2.549433911007524500e+02 2.552366907212683032e+02 2.535016730128420193e+02 2.554770975750420803e+02
2.470256299465254131e+02 2.470295600063706729e+02 2.456408067200347602e+02 2.475969819106571208e+02
2.698349326776138355e+02 2.704314499756714554e+02 2.675129946830439280e+02 2.701527537197826518e+02
2.763465076777468425e+02 2.760996780332173444e+02 2.736646721190685412e+02 2.758118218998744169e+02
2.592538498366400859e+02 2.597843884422421183e+02 2.575282947667112126e+02 2.600897042850311323e+02
2.581323473998743339e+02 2.581442663916402580e+02 2.559010857275196713e+02 2.586993810074411613e+02
2.609911932977239530e+02 2.614433127324708721e+02 2.597092916136243161e+02 2.609817515579294991e+02
2.561795625939882370e+02 2.570308353318656600e+02 2.549145765097167669e+02 2.572355913421891387e+02
2.787695191165427104e+02 2.784812723728944661e+02 2.752558679793123702e+02 2.789740550185324537e+02
2.691775919596815356e+02 2.696237812066742094e+02 2.661161877066616057e+02 2.699425417621045540e+02
2.558696595002797949e+02 2.553966982270605968e+02 2.546826656299591320e+02 2.561111506982413175e+02
2.544504440359679620e+02 2.542288479282235869e+02 2.542275239438806125e+02 2.546222892704365961e+02
2.622491014598536481e+02 2.621223237872975460e+02 2.603655658712210652e+02 2.622808286672358236e+02
2.740465876787832258e+02 2.744074033330322209e+02 2.720761571677674056e+02 2.753604143312323913e+02
2.551180377022644166e+02 2.559291420686105880e+02 2.545915876169148930e+02 2.554762444161848407e+02
2.621431330468699912e+02 2.619864182919189375e+02 2.598739335926710510e+02 2.626246024101952230e+02
2.565245634669846027e+02 2.563582232505285106e+02 2.544492298023588717e+02 2.572576170959581532e+02
2.741274943304532030e+02 2.745496819444755943e+02 2.710189194874706686e+02 2.742013659104313774e+02
2.509507608928779803e+02 2.516168937577719475e+02 2.508743204799606019e+02 2.514913589699191903e+02
2.594732911698238240e+02 2.600036376488840801e+02 2.582200515092636692e+02 2.602889448327010200e+02
2.566552308241913352e+02 2.571472581944635749e+02 2.559054292885843438e+02 2.575650184848898903e+02
2.607382779792142173e+02 2.598242895182810912e+02 2.581499071209658496e+02 2.606327346396181497e+02
2.565142542576553524e+02 2.568513845520310497e+02 2.556021121447768394e+02 2.580002058096863493e+02
2.579302930536848635e+02 2.584424588757769925e+02 2.563233856619401649e+02 2.586244665820621549e+02
2.548961743727703322e+02 2.550695550074250377e+02 2.525027222832782741e+02 2.552020449060031808e+02
2.749177549466709820e+02 2.762769717045491120e+02 2.728379889004780239e+02 2.757912124203662074e+02
2.904265711869111328e+02 2.904611196076614306e+02 2.885590631971742255e+02 2.911617044752799188e+02
2.541346186556891382e+02 2.543441338673961809e+02 2.536826781408103670e+02 2.548178893853074385e+02
2.640911418823831127e+02 2.635133376962425586e+02 2.623860068887210559e+02 2.643325658353333552e+02
2.521994116861805253e+02 2.527224687015630025e+02 2.518868014704927134e+02 2.536982708037462544e+02
2.723637639709808695e+02 2.711511635359154866e+02 2.687878833128068550e+02 2.730109300666530316e+02
2.597432779520524377e+02 2.606685275195354166e+02 2.572546791738521392e+02 2.609324002018832402e+02
2.519471464368191675e+02 2.524905709326835108e+02 2.515941571810294022e+02 2.528811764200643211e+02
2.902234425738268442e+02 2.895510791226487868e+02 2.871644507269220981e+02 2.897901119314424250e+02
2.773093327690410206e+02 2.770165424656774462e+02 2.743469154723365477e+02 2.776807713247909533e+02
2.682754894944304169e+02 2.692113126179604592e+02 2.654698306572149704e+02 2.687291251684925442e+02
2.556446931713184085e+02 2.556951105884725450e+02 2.550735403517016380e+02 2.556797805553321723e+02
2.838591353966667157e+02 2.852127618219289502e+02 2.828063485439491842e+02 2.847053138057713682e+02
2.566015669262002348e+02 2.575276194771064411e+02 2.555718468238845276e+02 2.571707025189301135e+02
2.686630699238047555e+02 2.690012525704182735e+02 2.662435550357388934e+02 2.690239406927258301e+02
2.597037069761076395e+02 2.604501945148367099e+02 2.590789932418948638e+02 2.603993167016698180e+02
2.590016311941700451e+02 2.595403393966004160e+02 2.580343958618660167e+02 2.595936850157401068e+02
2.504749959458616502e+02 2.507315960931495624e+02 2.489020523576775759e+02 2.507008355834226450e+02
2.655470844683570704e+02 2.648836068912543737e+02 2.630743802901553750e+02 2.648740016395533985e+02
2.594694110116900561e+02 2.597354409116430816e+02 2.578954887842264156e+02 2.592639665457986098e+02
2.571363484800854735e+02 2.585034430820689408e+02 2.574962361756089422e+02 2.577797394643287703e+02
2.555262838634266700e+02 2.554155704805125140e+02 2.538618777373524722e+02 2.557420304363216701e+02
2.574861650166839695e+02 2.577925231629486120e+02 2.561901170367958684e+02 2.585110048201279369e+02
2.570392401030940164e+02 2.569175915188941985e+02 2.557427130597213534e+02 2.572368964742561843e+02
2.578068190348732855e+02 2.577072164798303788e+02 2.566283816740197494e+02 2.586483206254820288e+02
2.574829850835995444e+02 2.578524871102090970e+02 2.558550672288029375e+02 2.577751732353676744e+02
2.594284762665403719e+02 2.594434259759785846e+02 2.572510496526446104e+02 2.595499199594160586e+02
2.608233584254235780e+02 2.619623122703923173e+02 2.588209338350985718e+02 2.613110321634250113e+02
2.532872813006254944e+02 2.533984026296685670e+02 2.522322241051745664e+02 2.535840600307907096e+02
2.531410554172900049e+02 2.536638584374168488e+02 2.513345189873431593e+02 2.545831857647840764e+02
2.682952736188614722e+02 2.689998119749063790e+02 2.665884473366160705e+02 2.693793875245652316e+02
2.499388453746192340e+02 2.501392267662180871e+02 2.487710597554781202e+02 2.502170067374391067e+02
2.535794389114257399e+02 2.540931466359099886e+02 2.524048189088226763e+02 2.546193364534971977e+02
2.532450093517446135e+02 2.532920974193816335e+02 2.524411404667599470e+02 2.539954298276258839e+02
2.568393010470609852e+02 2.573104944965069762e+02 2.557725083732167946e+02 2.570422934211034658e+02
2.594592491417228644e+02 2.599559571852798854e+02 2.568805248823986176e+02 2.596778337173673776e+02
2.558330270898705976e+02 2.555993833612461117e+02 2.542845711746794848e+02 2.564289587571284983e+02
2.660260366357912289e+02 2.662965257790163491e+02 2.648016983857318678e+02 2.664374801196453859e+02
2.508093859547967099e+02 2.517319515145963749e+02 2.513599465509804531e+02 2.523964604979831279e+02
2.491532772108946858e+02 2.494237447561525585e+02 2.488501876680024338e+02 2.496802913561519119e+02
2.500928433680958847e+02 2.497015725340792471e+02 2.490399385893673809e+02 2.509293732045344143e+02
2.583617043202318087e+02 2.592558996169479997e+02 2.575038834884907715e+02 2.592442928852328237e+02
2.715016696993865821e+02 2.720100561579127998e+02 2.685866312532924667e+02 2.719810473295826796e+02
2.795654688864840978e+02 2.808418798576102517e+02 2.768646218036688538e+02 2.799444504520487271e+02
2.522268658297528532e+02 2.523510543999398408e+02 2.517470194780405279e+02 2.530763864717455078e+02
2.669392841697504650e+02 2.664425774664679238e+02 2.641363168644882080e+02 2.667000413849497704e+02
2.684544420060327639e+02 2.690248722365524827e+02 2.663437150346057365e+02 2.686980879691486734e+02
2.527460890368334958e+02 2.532969977704876783e+02 2.524154702767189349e+02 2.537405353450079133e+02
2.534231746956693883e+02 2.536381828207317142e+02 2.531651380800523441e+02 2.543199168592524302e+02
2.911245160363900482e+02 2.915999512313260880e+02 2.905631552245520766e+02 2.921228188693647780e+02
2.534046832472765516e+02 2.543552685456043889e+02 2.525021755759638040e+02 2.538161290902517351e+02
2.535660641497692325e+02 2.536214028693169666e+02 2.522944887918827988e+02 2.538404424171416451e+02
2.900993127790294466e+02 2.905201038624305170e+02 2.896823681661779801e+02 2.902592460239151251e+02
2.960739575112327202e+02 2.968043635680727448e+02 2.947377022675753437e+02 2.959782995833416521e+02
2.567408340078073365e+02 2.568945087717133902e+02 2.553557583016670947e+02 2.571314995467040490e+02
2.631217355926032724e+02 2.634231851957827644e+02 2.616227546445322787e+02 2.632854325658803987e+02
2.516559933910506004e+02 2.520516205708568123e+02 2.507254709787949594e+02 2.527928023396812307e+02
2.505352772048250358e+02 2.516014006599517359e+02 2.498287356259914702e+02 2.516895227755214250e+02
2.553094327383391828e+02 2.560229751968970504e+02 2.542938348369939945e+02 2.560761560427218910e+02
2.537910551061993374e+02 2.542839075688673347e+02 2.534023516988093547e+02 2.543155592525426982e+02
2.604615119879696294e+02 2.609393452136835663e+02 2.600565575778032894e+02 2.610100859160309028e+02
2.484602140499206655e+02 2.490812532742215524e+02 2.476989151321826341e+02 2.493865469855792867e+02
2.476226373877087781e+02 2.480230549639441904e+02 2.466116696288827939e+02 2.481723415161952175e+02
2.573620341184056315e+02 2.580545594398519142e+02 2.559143796049936554e+02 2.578079430440811279e+02
2.834977132119887528e+02 2.847529607674645717e+02 2.816404838573293432e+02 2.837345070896607240e+02
2.685904412391048481e+02 2.686240685680690490e+02 2.672546813238230925e+02 2.701902568979582497e+02
2.523414758777415727e+02 2.520648896335298446e+02 2.515922690886981172e+02 2.527431006122102417e+02
2.550437546927419987e+02 2.553409878903395906e+02 2.531794126118640804e+02 2.554640014828533197e+02
2.626695010820736229e+02 2.628377278055959891e+02 2.607473373002226822e+02 2.643009057937511557e+02
2.780519889296763267e+02 2.776120824815793640e+02 2.759714133068499109e+02 2.783981166309798141e+02
2.543191810127029555e+02 2.543675531032366735e+02 2.534795618859759259e+02 2.538432675768398497e+02
2.500827524005954388e+02 2.498057431791061447e+02 2.488855160295349265e+02 2.507373492113634086e+02
2.578360259384659230e+02 2.573628675225173765e+02 2.564251389965820067e+02 2.572775447459714542e+02
3.014370759664603270e+02 3.012620660564940067e+02 3.013084596841154621e+02 3.006378279533756768e+02
2.609571697590782833e+02 2.615547748432367143e+02 2.597542376747481399e+02 2.620184786356297195e+02
2.594504267280833574e+02 2.589103237435983829e+02 2.572076500119513867e+02 2.603248141222741197e+02
2.602179190106782016e+02 2.604597308205394484e+02 2.588518737501934197e+02 2.604583954977777012e+02
2.494795765502712186e+02 2.504722583924671540e+02 2.486559863481963077e+02 2.503265146264645864e+02
2.546264132544041559e+02 2.548718390747939395e+02 2.538273885618687018e+02 2.552138753227929158e+02
2.528676794071620293e+02 2.532022436394460101e+02 2.522968058788965777e+02 2.537155117443302288e+02
2.823017009131698387e+02 2.822632713075735751e+02 2.795664039277538109e+02 2.825008051266863163e+02
2.646536845846247843e+02 2.657351707940159713e+02 2.632606422064743583e+02 2.654964585064406037e+02
2.668479249561066808e+02 2.683409405473061611e+02 2.649620877957873404e+02 2.683212896176756885e+02
2.593222870122386894e+02 2.589056493410830058e+02 2.571040628582565546e+02 2.596874494250513976e+02
2.868724623338230231e+02 2.862513243617716512e+02 2.838257073221627707e+02 2.856887417805128280e+02
2.592549722293388186e+02 2.591186606870300579e+02 2.579849344973677034e+02 2.596900652130806293e+02
2.505607423623947057e+02 2.504195079032997171e+02 2.489397293959386559e+02 2.506057153795565000e+02
2.608577205316782397e+02 2.611377319355194686e+02 2.587327625485253861e+02 2.615791513684280858e+02
2.568505810168508674e+02 2.571535974766828190e+02 2.555121608051613009e+02 2.570430181682440320e+02
2.495233395183730636e+02 2.500232107773714176e+02 2.488021837580033093e+02 2.503511261159353012e+02
2.694227624880459189e+02 2.699598223290059309e+02 2.679197230645293644e+02 2.702988137559943880e+02
2.610183419354699481e+02 2.610923700586844234e+02 2.599537967623506347e+02 2.619241714861178707e+02
2.545646472027621883e+02 2.557138643136539429e+02 2.541279990194975937e+02 2.554195394141449071e+02
2.697652067684095414e+02 2.714396209272979945e+02 2.675855125090515685e+02 2.701790092081485000e+02
2.495334475199284157e+02 2.498467985295348228e+02 2.485017893352411704e+02 2.511859559489134597e+02
2.555790645917468566e+02 2.559153260117805075e+02 2.547120572615363301e+02 2.562348479634882210e+02
2.535410392259566379e+02 2.537217256880818468e+02 2.528734495923594920e+02 2.538003398143402194e+02
