2.637870194714287209e+02 2.637501219267289230e+02 2.617369933371402340e+02 2.636928308887543722e+02
2.514103227000009042e+02 2.513609163944765328e+02 2.516185937686031480e+02 2.518913322253527554e+02
2.547578462930555929e+02 2.547056332264051264e+02 2.538341500827631307e+02 2.553956251653436880e+02
2.502319458789401381e+02 2.500785081661965421e+02 2.496873725771560544e+02 2.503365477081554218e+02
2.618346110273520821e+02 2.625036159988532063e+02 2.604184385152981918e+02 2.627650334473304952e+02
2.600089466649849328e+02 2.598402278037246447e+02 2.582540245731407822e+02 2.609674288161948539e+02
2.498728183837610004e+02 2.500021623965010065e+02 2.494832607420181319e+02 2.502226656370735327e+02
2.484712289335523110e+02 2.483308642600286191e+02 2.483080179500127258e+02 2.490185039594416310e+02
2.542433456769286693e+02 2.544484854347136036e+02 2.535817697369809594e+02 2.549305874611091838e+02
2.499881426872275654e+02 2.505083864365435886e+02 2.505506525701687792e+02 2.507459837037378065e+02
2.521750990746814409e+02 2.521653007376020810e+02 2.518695048282482389e+02 2.526263048833122582e+02
2.558442757231052838e+02 2.559566943527167098e+02 2.549674354450939404e+02 2.560001396639307245e+02
2.522771946130192475e+02 2.524784930584379197e+02 2.519414759980503220e+02 2.531432424839057376e+02
2.519897205733035435e+02 2.521023469856114616e+02 2.516187991870863812e+02 2.527525650909406920e+02
2.933199110093969466e+02 2.930601390352401836e+02 2.915061661293520956e+02 2.926100816697081655e+02
2.486221154570754948e+02 2.486293027301026370e+02 2.479623472602821437e+02 2.490804691625487237e+02
2.794228436222983873e+02 2.789275715534996607e+02 2.764071195201735804e+02 2.783217179023859558e+02
2.580338551343248241e+02 2.583126894425114415e+02 2.571194289252268277e+02 2.587905343416331903e+02
2.887224478576731030e+02 2.900205564101177629e+02 2.887874672143877888e+02 2.894293717997352928e+02
2.653581413648783496e+02 2.655854737748260277e+02 2.628707191817101148e+02 2.654185370046477601e+02
2.814600077587701890e+02 2.823753965410166984e+02 2.781988760220248764e+02 2.822667710704022852e+02
2.485862283563177471e+02 2.491523366078104686e+02 2.485732050393400527e+02 2.492164204723624437e+02
2.569751345296817249e+02 2.572840450066906897e+02 2.556467703509634077e+02 2.577749696001652069e+02
2.787841363461759556e+02 2.793011696202080998e+02 2.769095451989791172e+02 2.792384346533157213e+02
2.494949621961811488e+02 2.501810724155470780e+02 2.493875176375755700e+02 2.503656091027013701e+02
2.879118001181657291e+02 2.888582220060657164e+02 2.869542593942786652e+02 2.876811960784503412e+02
2.531045303016442460e+02 2.532680502474530044e+02 2.524622774302225707e+02 2.538567959875757651e+02
2.573422518499810963e+02 2.581178837562734429e+02 2.561441632285390710e+02 2.586431412909716983e+02
2.922531464593715782e+02 2.929190859628959629e+02 2.913493063022532965e+02 2.923917967726828238e+02
2.876274091404476394e+02 2.875312612476275262e+02 2.855198562976178778e+02 2.859426627722797889e+02
2.513282911160191873e+02 2.518422384097386271e+02 2.505335342228087541e+02 2.523991342415944814e+02
2.545292452392567384e+02 2.549725669421227963e+02 2.537287965608576599e+02 2.552021962041555696e+02
2.565216608427900837e+02 2.568096297664360463e+02 2.547082326329477553e+02 2.563094337139188497e+02
2.501385482722386371e+02 2.497599425767772061e+02 2.494434723654724451e+02 2.503460112179280088e+02
2.524610094907185385e+02 2.525482286983667564e+02 2.523582452523637585e+02 2.526883730955076999e+02
2.500179055774597998e+02 2.509298316335614913e+02 2.494187032935313653e+02 2.509927259426265493e+02
2.524561296818478979e+02 2.522664834958380879e+02 2.522967487163927274e+02 2.526030587355396051e+02
2.639253035841057908e+02 2.641067212654673426e+02 2.623177818770026306e+02 2.644392430876794151e+02
2.540140869265410970e+02 2.542864288846158729e+02 2.535931900614407368e+02 2.543419222727454496e+02
2.910020286807162506e+02 2.907497093632002247e+02 2.883479471529042826e+02 2.906396812155589373e+02
2.792115964441982783e+02 2.794408504548748624e+02 2.769915198224772439e+02 2.801803283800161353e+02
2.550875826271623055e+02 2.554187866221905665e+02 2.537110523789146441e+02 2.556721183905918338e+02
2.532226470027927974e+02 2.541791558362327237e+02 2.533942174216007004e+02 2.546423785171881491e+02
2.502922820882509143e+02 2.498837810721032895e+02 2.487400764133930693e+02 2.506600920209745880e+02
2.536151905251729772e+02 2.536910396592313361e+02 2.530145395819403973e+02 2.543255196777277831e+02
2.543484872525545484e+02 2.545134449718007943e+02 2.539873470142354677e+02 2.547348487142786553e+02
2.665946774122884335e+02 2.667816323536045502e+02 2.645001628782170542e+02 2.668644334837568408e+02
2.525506432248674855e+02 2.524170806397151807e+02 2.521934074760240208e+02 2.527573109549187507e+02
2.840757096707414462e+02 2.844390065532163021e+02 2.818238753676139368e+02 2.838632490952618355e+02
2.538563250509719751e+02 2.538562013320265009e+02 2.519757810863756049e+02 2.538805329448268537e+02
2.832041583485567458e+02 2.830588070597373189e+02 2.799968379336649491e+02 2.828513147354951229e+02
2.515807732347477383e+02 2.515207629765790500e+02 2.509953785803041910e+02 2.520373509732336572e+02
2.645747368548139775e+02 2.653131061342501198e+02 2.630104736989653702e+02 2.654374540013740784e+02
2.506354732067783857e+02 2.510362228950390318e+02 2.503153069662154735e+02 2.511785697624986540e+02
2.565243106013251122e+02 2.568510623160851196e+02 2.555314225011312033e+02 2.569668147685686108e+02
2.551303921978588676e+02 2.556768241132114667e+02 2.542990873304456159e+02 2.553262819500909586e+02
2.676232846839897661e+02 2.679012170834618587e+02 2.661440236752516171e+02 2.679370050283116029e+02
2.557512754233225110e+02 2.564524770254282657e+02 2.549374466409319666e+02 2.561568807627575666e+02
2.504379759472825526e+02 2.503183421643964266e+02 2.502306858443882618e+02 2.505620445472532367e+02
2.515233748305900576e+02 2.523746954609354987e+02 2.512381316552686030e+02 2.524640307587880841e+02
2.766075367149402950e+02 2.766942527197026038e+02 2.745958544625566446e+02 2.773828869221277955e+02
2.682481791192981859e+02 2.685270581781652481e+02 2.655216474752601812e+02 2.683708460236287578e+02
2.710869509982280761e+02 2.707141714373041168e+02 2.681605957175906951e+02 2.707454869342213328e+02
2.491829374898046012e+02 2.500215217575025690e+02 2.499477514694662261e+02 2.505752522716247199e+02
2.567109561632260579e+02 2.567851460883819641e+02 2.556891093719778496e+02 2.575208082964634286e+02
2.537546031602476546e+02 2.537290883220335047e+02 2.528199982070122189e+02 2.543048240712907955e+02
2.632477066550807763e+02 2.638405439077606047e+02 2.613118683689149293e+02 2.641180229956918311e+02
2.490493555637783629e+02 2.493767801108275819e+02 2.489540426053525835e+02 2.495573424173610704e+02
2.507578904674437865e+02 2.505534968816888295e+02 2.508100419828969052e+02 2.510535065923978095e+02
2.719903209240765705e+02 2.721585104312522390e+02 2.700247258556721022e+02 2.720975947701049904e+02
2.562927834338826756e+02 2.563176720669393376e+02 2.549487416341306414e+02 2.564798263918722796e+02
2.488051322974468746e+02 2.493630904459363933e+02 2.486446676973267529e+02 2.492570884577091590e+02
2.475422081907669565e+02 2.471931053256061546e+02 2.463709351527698743e+02 2.473434395658311189e+02
2.526904745170525928e+02 2.526153374344435179e+02 2.513286602553210400e+02 2.527722666702406968e+02
2.686143283440466121e+02 2.690204695524162730e+02 2.667418739052139927e+02 2.694522337493336863e+02
2.964210130856500314e+02 2.956082553567729292e+02 2.934113861839132937e+02 2.949095681561487936e+02
2.593908186717445687e+02 2.594673104638542327e+02 2.581250154067457743e+02 2.602130731020425856e+02
2.873156798056659795e+02 2.871039469297334676e+02 2.867543329229634423e+02 2.873728256368981420e+02
2.478610074937862748e+02 2.480247445575388952e+02 2.467497359800626668e+02 2.483228241052948704e+02
2.482576414507167328e+02 2.489264489633519304e+02 2.481767143835350851e+02 2.490071515606746857e+02
2.548625655518576423e+02 2.553481304242560554e+02 2.543103287535266759e+02 2.558335498566243871e+02
2.541274154795590903e+02 2.546878664989171739e+02 2.535710377714920867e+02 2.550593661063193167e+02
2.582136501538574294e+02 2.583401182771218032e+02 2.567132417636389050e+02 2.585048954359371578e+02
2.604504672061680139e+02 2.610793191002014737e+02 2.587870832284585845e+02 2.619680826726341820e+02
2.549161462510869569e+02 2.555386982307244352e+02 2.538312697266225086e+02 2.556475879088599754e+02
2.525930194947358984e+02 2.525458315383476986e+02 2.518551061220237273e+02 2.532782077771668696e+02
2.492963139438796532e+02 2.491540873770379392e+02 2.484164254053756054e+02 2.496279455983050752e+02
2.497032954859609788e+02 2.491718597006838820e+02 2.487396734339605189e+02 2.494151041341494306e+02
2.639601729043378100e+02 2.639206922246611953e+02 2.619986182355973483e+02 2.644937951105825960e+02
2.742177772804175788e+02 2.748706451312970103e+02 2.723862715203547964e+02 2.746104359090123808e+02
2.632762043121334159e+02 2.642647882255674290e+02 2.616061979305542309e+02 2.638985506441327402e+02
2.699779010259648544e+02 2.700371885949846273e+02 2.667700999119784910e+02 2.693861877437034309e+02
2.592297943847137844e+02 2.591331293865416683e+02 2.570604504164190871e+02 2.597088242739108637e+02
2.509285237926233947e+02 2.511655157931820668e+02 2.505915314728596286e+02 2.511852559239781328e+02
2.876098832278304371e+02 2.877509184071794266e+02 2.842118771284085028e+02 2.865711522030605920e+02
2.567325080806417077e+02 2.566039882576595801e+02 2.550922676943192755e+02 2.574258544177723707e+02
2.573342375045330073e+02 2.573883249859604803e+02 2.563106095782338230e+02 2.573877865004659498e+02
2.578795819140342473e+02 2.581905923054604273e+02 2.571401354008401086e+02 2.588801473377228604e+02
2.515731733009519075e+02 2.516537731951365515e+02 2.510358362613884253e+02 2.519173287099559673e+02
2.486478210036648306e+02 2.490219856280174326e+02 2.481300924397803840e+02 2.497078543369448198e+02
2.592533117666421845e+02 2.596398159986043197e+02 2.574299153133268305e+02 2.593066458155535656e+02
2.599277509457562587e+02 2.606068093812514235e+02 2.588139484447673340e+02 2.614296927848189398e+02
2.778682262066527073e+02 2.783225504067138445e+02 2.751452996282888535e+02 2.789337196194443891e+02
2.539075785898039328e+02 2.545114579789176048e+02 2.539730097091093057e+02 2.548098989085891901e+02
2.625970025892270883e+02 2.632869790344813623e+02 2.621177545262533499e+02 2.635177575243171759e+02
2.565105252302100212e+02 2.564621876299630685e+02 2.562267458085316321e+02 2.566356263724549649e+02
2.609947404860296274e+02 2.613290049086921272e+02 2.596084719691274927e+02 2.616529702257886356e+02
2.540040502093150394e+02 2.540358011014635053e+02 2.533098086651225458e+02 2.543219003211424649e+02
2.569773121033954340e+02 2.574032751124385641e+02 2.553598284710395490e+02 2.573007537804621165e+02
2.853998069561735633e+02 2.853869396037289334e+02 2.830082645458045363e+02 2.849646628983711025e+02
2.529484839022088067e+02 2.533191924775505015e+02 2.525315454872651060e+02 2.533279648745669306e+02
2.506780247373009445e+02 2.512035844028573592e+02 2.504686619650182990e+02 2.514657462634887963e+02
2.487645411436315328e+02 2.489922148782426632e+02 2.485216481463045852e+02 2.493849713445119107e+02
2.608741220097417681e+02 2.611400812721329316e+02 2.592147483077109200e+02 2.611276041489233535e+02
2.504308546938848110e+02 2.503073003100730318e+02 2.500376050761427678e+02 2.506009033646660669e+02
2.541097262536601988e+02 2.545015593846110562e+02 2.527928537763017687e+02 2.547135565491212503e+02
2.522342017845302848e+02 2.522964942607952707e+02 2.507580393986649199e+02 2.526132909178703585e+02
2.820262173235133787e+02 2.817345454333168391e+02 2.788684104467150178e+02 2.827118313544534658e+02
2.509279387476162810e+02 2.507857401021210819e+02 2.505650078903918825e+02 2.510509708318400612e+02
2.521293385798691133e+02 2.522821529874463522e+02 2.522636389852294485e+02 2.523911114448823696e+02
2.664556204753254747e+02 2.672150222821385910e+02 2.643749371509157982e+02 2.678382002378692732e+02
2.720153627111411083e+02 2.717264380988763719e+02 2.692450594589471393e+02 2.728913500196754285e+02
2.590650730208267305e+02 2.594615899344991590e+02 2.574598979449491480e+02 2.602459418422859017e+02
2.536420327048342358e+02 2.540522000702829359e+02 2.530476924521721855e+02 2.542851446188717546e+02
2.496424899849434382e+02 2.495583197062244665e+02 2.489069488674567481e+02 2.495017684814391714e+02
2.574952877664159132e+02 2.578881811451970520e+02 2.560904631662846214e+02 2.590356236039064584e+02
2.579691348426362083e+02 2.580888606016180802e+02 2.566372330033539129e+02 2.589909770497790760e+02
2.514553077346365910e+02 2.510772766735089192e+02 2.507524431195264469e+02 2.512678732528829642e+02
2.655009786311730409e+02 2.656625565856352864e+02 2.635819776124330929e+02 2.661185706422083967e+02
2.614269867698903340e+02 2.612224861649664831e+02 2.595910540922993732e+02 2.617623645812298605e+02
2.493062356088674960e+02 2.493996560949368870e+02 2.494714881660187018e+02 2.498047450001542131e+02
2.727224750200755921e+02 2.734031741693760864e+02 2.711807760706921044e+02 2.734240784791178385e+02
2.495059424900647116e+02 2.497561902071824989e+02 2.491035909531787809e+02 2.498903177295565570e+02
2.674494612542713980e+02 2.684161489880509635e+02 2.649254482504146040e+02 2.683438935070569755e+02
2.821938636971610208e+02 2.811672267172545503e+02 2.794180659125073021e+02 2.817321950280904730e+02
2.553970427870165167e+02 2.556834847908844779e+02 2.544115525494680412e+02 2.566784120531963254e+02
2.670724597000110521e+02 2.674982273891209843e+02 2.656639524273878692e+02 2.674818026764812089e+02
2.600196990596746218e+02 2.600109745999671418e+02 2.582233744815370642e+02 2.602457299174545255e+02
2.511536715780736984e+02 2.509230789781391024e+02 2.495533874347224241e+02 2.520451566301278774e+02
2.933351307762088140e+02 2.938178497206758948e+02 2.926431332099524525e+02 2.934059622667313079e+02
2.508312751755459260e+02 2.511515706899458849e+02 2.505858732492429510e+02 2.517297459429198057e+02
2.526018838070960442e+02 2.528365321187599193e+02 2.514091704849578548e+02 2.523391901819271368e+02
2.572784922735327768e+02 2.586643879477487644e+02 2.561565581358744339e+02 2.594144087170091666e+02
2.585244093244975829e+02 2.591253154463149144e+02 2.576719221532129609e+02 2.587944161538140406e+02
2.498433691035373840e+02 2.497524496209600215e+02 2.491060429660441571e+02 2.497446630730952961e+02
2.558792831102081777e+02 2.561256186300366835e+02 2.543773822768227433e+02 2.567464761199247505e+02
2.494902802180162098e+02 2.502794124099119131e+02 2.490462932985584814e+02 2.506650993873292350e+02
2.573633926301681072e+02 2.577959951931650266e+02 2.566695622997320925e+02 2.577987745803872031e+02
2.507614512504653135e+02 2.508885902454220513e+02 2.503963635299997463e+02 2.510730660686831186e+02
2.485069099459532254e+02 2.488854406994888393e+02 2.485771826508625395e+02 2.488388309470613251e+02
2.713401029562321014e+02 2.708845904423431534e+02 2.698652864980883237e+02 2.716754447121503517e+02
2.520731755248611421e+02 2.516889747604067509e+02 2.511995228353824814e+02 2.519357283251523540e+02
2.552805081343610709e+02 2.552430311682296633e+02 2.546320800807609146e+02 2.561852504005309470e+02
2.550888164323540366e+02 2.553179828880174966e+02 2.542223658687539398e+02 2.555711395712615968e+02
2.513837155915269364e+02 2.513169522461522263e+02 2.503620393812215355e+02 2.519333924184315379e+02
2.538629712026952348e+02 2.544406952879653545e+02 2.541530122380431180e+02 2.538372232841235814e+02
2.493918127728993852e+02 2.496447772471766484e+02 2.489928152521151219e+02 2.497661876159333758e+02
2.551833897145166929e+02 2.554990516369101670e+02 2.536616264747824516e+02 2.556747466838145328e+02
2.512051045424453264e+02 2.515793875770574743e+02 2.507872639503059418e+02 2.515465081690328759e+02
2.886499807137030302e+02 2.889472827581010961e+02 2.860347425113465079e+02 2.890461083884708273e+02
2.502340015076889586e+02 2.503887620358538015e+02 2.497635582513681811e+02 2.509749286012684308e+02
2.679196292633043868e+02 2.687640552039480895e+02 2.660920764663640625e+02 2.688748773554141849e+02
2.756066836439902659e+02 2.755957562900300104e+02 2.728949529539012246e+02 2.763742056419450819e+02
2.509557161218269812e+02 2.508847667363871210e+02 2.504138469226641917e+02 2.513822809311754725e+02
2.922435932384050261e+02 2.927472716459725461e+02 2.904589679192336007e+02 2.931633685476892310e+02
2.544963985708232883e+02 2.546274489649786972e+02 2.539949754252809271e+02 2.554770569285573742e+02
2.497978082600955929e+02 2.496818537579881934e+02 2.492195654049910445e+02 2.503250142112918581e+02
2.515296138609833747e+02 2.515572489912560172e+02 2.513314172753683522e+02 2.519365784266918240e+02
2.835552785244397569e+02 2.844482033218679931e+02 2.810427586754557296e+02 2.839496400688426547e+02
2.900567063694535364e+02 2.896687675397571979e+02 2.889078777860990499e+02 2.886731526077396097e+02
2.483747876693665830e+02 2.481388944903747813e+02 2.477240138728079728e+02 2.488459859794811280e+02
2.517574003996256806e+02 2.519825322779551016e+02 2.511435199035112760e+02 2.523705611394124162e+02
2.504722371667214986e+02 2.508905158046068209e+02 2.502447353177553282e+02 2.509172057904810629e+02
2.505511575769533295e+02 2.510510639357509319e+02 2.500737038102604686e+02 2.509176572373656029e+02
2.490945653053153137e+02 2.491939258159073916e+02 2.485884225518427684e+02 2.496698799728339395e+02
2.492275551020489104e+02 2.491423353200530357e+02 2.485958424610705322e+02 2.494999516993323141e+02
2.602430353538610461e+02 2.602165827929507032e+02 2.590242589245281124e+02 2.605807600945177001e+02
2.753956056126152134e+02 2.765205403960394506e+02 2.737397659381867925e+02 2.765843540408062609e+02
2.515573223610423383e+02 2.513617677597081013e+02 2.511716115297373335e+02 2.516323195908098000e+02
2.836752659699075139e+02 2.837706946053613137e+02 2.807267838026188542e+02 2.836728099756534789e+02
2.520443673020790811e+02 2.526278935919916080e+02 2.511322243157685818e+02 2.527561693091300299e+02
2.588047863044571386e+02 2.586951151385968615e+02 2.572823415198178054e+02 2.589047438650899267e+02
2.604154174617341369e+02 2.605273125604269921e+02 2.594195363340250537e+02 2.614981949502757743e+02
2.475260430156316147e+02 2.474470217614453986e+02 2.473276809478404630e+02 2.477951170185873764e+02
2.559079872224296537e+02 2.561560524209070309e+02 2.546611819030369759e+02 2.565641772722447627e+02
2.477606566226920108e+02 2.477332850554793708e+02 2.472196080077472402e+02 2.479280103637285322e+02
2.517484499620625229e+02 2.514143672104469260e+02 2.509733212643918705e+02 2.517176784081736400e+02
2.780719556749367598e+02 2.784988572117537160e+02 2.762246229489578013e+02 2.782550530395488977e+02
2.609002026742174962e+02 2.602378059722873900e+02 2.587539491998204539e+02 2.610101755183896444e+02
2.590392068300247956e+02 2.585900244791187674e+02 2.564983404593581895e+02 2.589386143806870564e+02
2.509205309445718513e+02 2.506718552767445658e+02 2.501069913049318245e+02 2.511222679455249249e+02
2.549161116240040599e+02 2.547569869868931676e+02 2.539252353721477959e+02 2.555886569310395942e+02
2.539404658522592513e+02 2.538944655595850861e+02 2.534430812551236727e+02 2.542135622193841584e+02
2.755872446165934662e+02 2.759020217635226686e+02 2.741281722061372648e+02 2.753111483083264375e+02
2.700606866930456249e+02 2.707923673678129717e+02 2.676597199681934853e+02 2.709017617547474401e+02
2.710292726863098665e+02 2.709594251063530805e+02 2.685007142945295300e+02 2.714601013111704901e+02
2.525530951690501524e+02 2.522752584026104046e+02 2.521925888490031866e+02 2.526392386744836358e+02
2.827120307956025727e+02 2.828571234650950146e+02 2.808620261546018355e+02 2.834737123658366613e+02
2.748907272906851631e+02 2.756375150199633595e+02 2.727105248713000947e+02 2.761009354122945751e+02
2.621499261996789869e+02 2.622047542630539851e+02 2.600505621816648727e+02 2.625357925917198259e+02
2.552034222499926841e+02 2.551331866273205833e+02 2.539939568598883000e+02 2.552968138669262146e+02
2.523770365517239043e+02 2.521922287825161959e+02 2.515027035283622183e+02 2.528457682426680719e+02
2.507222317708540515e+02 2.510610784138522718e+02 2.507497607244679045e+02 2.512200275951923345e+02
2.684389566488982268e+02 2.687547715033586542e+02 2.657412088775403731e+02 2.684604671292214562e+02
2.533357126015170309e+02 2.532033736490051297e+02 2.527801708590757812e+02 2.535471549933616018e+02
2.524095531762516771e+02 2.522965313758782031e+02 2.516256569531738592e+02 2.522713212690500200e+02
2.510156404124338962e+02 2.510528734734838281e+02 2.503846980417453096e+02 2.512883349954782659e+02
2.724170221651668271e+02 2.732327655851241843e+02 2.706378898431457856e+02 2.737542617986637765e+02
2.719065646205480675e+02 2.718699585457488865e+02 2.688523646967499872e+02 2.729118574810868836e+02
2.911428480949261939e+02 2.916959332656487618e+02 2.903799616170960007e+02 2.912512825683165829e+02
2.587689898725099624e+02 2.585249532180891379e+02 2.578396633036550725e+02 2.588276512859730474e+02
2.528990951238429830e+02 2.534491364288063266e+02 2.528854101217374364e+02 2.531564911251297474e+02
2.498458137479445895e+02 2.502087895479274380e+02 2.497843693226188293e+02 2.501428256372192322e+02
2.543689187025478304e+02 2.548605403969053782e+02 2.537965914707931745e+02 2.551583176059867526e+02
2.488988913734999358e+02 2.488849298083790416e+02 2.487104134289598392e+02 2.493954203092680757e+02
2.594306745989229626e+02 2.598672721830712931e+02 2.579136756598227294e+02 2.601468422812266112e+02
2.560930958682657774e+02 2.567992616670985626e+02 2.548778543893104711e+02 2.565419971541190876e+02
2.547557535345043505e+02 2.552981994041706173e+02 2.537201748977230977e+02 2.553045820542504032e+02
2.515812758253599952e+02 2.515434740660704449e+02 2.514296305763253372e+02 2.517956468111904371e+02
2.570818565490944252e+02 2.577557999602245786e+02 2.560813448037826561e+02 2.577996158633420691e+02
2.539969689129333688e+02 2.536963480323733506e+02 2.532637798425436131e+02 2.538712137620867395e+02
2.562282155779382720e+02 2.564024922271181026e+02 2.556821109203184790e+02 2.565991391238887331e+02
2.524516693700770986e+02 2.524855843780234181e+02 2.520019574935823528e+02 2.524111531301221873e+02
2.631866656631721639e+02 2.637241388937366082e+02 2.611732883751413965e+02 2.643921704438925531e+02
2.604687446900778127e+02 2.608676168470834114e+02 2.595202817434083045e+02 2.609219044175402473e+02
2.479589527612634754e+02 2.478817642497551788e+02 2.477678364219859759e+02 2.487080163079739066e+02
2.782795879944819717e+02 2.794137394125016840e+02 2.764717122012265804e+02 2.781676464348663558e+02
2.890770133348030981e+02 2.889843268856176906e+02 2.895519249858555781e+02 2.893730847791269412e+02
2.790191780138235345e+02 2.787948005902450177e+02 2.766035492654100381e+02 2.791916933984675211e+02
2.958393871160666890e+02 2.962758850562660200e+02 2.957723347312010560e+02 2.944289437108930088e+02
2.493210656031518511e+02 2.494679669569729583e+02 2.486661979849851321e+02 2.495631073186607694e+02
2.571376726214846258e+02 2.579248120959559287e+02 2.566916843378699014e+02 2.579375583567795616e+02
2.539435747269108958e+02 2.542441287169530710e+02 2.528689051066241120e+02 2.544163960952087109e+02
2.500983260665300918e+02 2.500789864073891522e+02 2.494677129574521928e+02 2.505520213086626313e+02
2.514465724605984178e+02 2.515905662537623186e+02 2.509115268158495553e+02 2.516432660480767254e+02
2.939844893990249943e+02 2.935867531621984199e+02 2.919270904768916921e+02 2.931412810449046447e+02
2.558351480602977972e+02 2.559999939630712618e+02 2.542889154517771431e+02 2.561702654157663233e+02
2.569524056022122522e+02 2.573985953275665111e+02 2.559626161528960893e+02 2.581542805678864738e+02
2.864136883445851254e+02 2.874301942520271496e+02 2.860305959065604497e+02 2.878567639074398130e+02
2.546639965242928838e+02 2.550366993737112011e+02 2.527310997121391551e+02 2.544649748437552716e+02
2.513381344602857155e+02 2.513508834757041939e+02 2.501060170325297634e+02 2.513874672769228482e+02
2.647205948635004233e+02 2.644162052702467349e+02 2.633183822385469739e+02 2.651385801064971588e+02
2.593961067197178068e+02 2.597928710005041921e+02 2.583514001981949946e+02 2.601581303003069934e+02
2.506100431918885363e+02 2.505272626568693397e+02 2.502566526827878306e+02 2.509440783147599063e+02
2.544448962663975067e+02 2.548857626184851313e+02 2.534310295902995733e+02 2.554727420262129272e+02
2.507514959521062110e+02 2.511174486997349788e+02 2.501312404213481102e+02 2.516031130286599762e+02
2.502839982070908604e+02 2.505868999602508893e+02 2.503717936781071955e+02 2.511018301103276258e+02
2.531254855538319646e+02 2.532584139830844379e+02 2.526600516930828064e+02 2.535784340766834077e+02
2.660921715073197902e+02 2.660580260703503654e+02 2.650744943999237648e+02 2.674040541195320202e+02
2.509926319553837857e+02 2.512574728090243354e+02 2.505428826063678400e+02 2.513948184560908601e+02
2.508320091408405403e+02 2.516632364369659456e+02 2.505175837908085441e+02 2.517191076991944101e+02
2.575786789668271126e+02 2.576202807873931988e+02 2.570194948354684925e+02 2.584896274936967302e+02
2.714174058428782814e+02 2.707655154595749423e+02 2.678113409113607872e+02 2.714100436358554589e+02
2.599558392278272549e+02 2.607561237364446924e+02 2.594692566297654253e+02 2.603899811473071964e+02
2.704604815898737797e+02 2.707430347477135228e+02 2.683061627802688918e+02 2.706189609375697387e+02
2.534270593362360557e+02 2.532994064657874276e+02 2.524631641413953105e+02 2.536572870731388605e+02
2.504694602796404865e+02 2.505454217157223411e+02 2.501660685051188580e+02 2.506921358623716571e+02
2.494400982646081673e+02 2.498971796081261800e+02 2.488090264693036886e+02 2.500427577355448250e+02
2.518247932138601186e+02 2.516532207859290509e+02 2.515248740302777719e+02 2.519427301345495493e+02
2.522825572015968021e+02 2.521543331856246652e+02 2.511037704182530774e+02 2.524347267555718872e+02
2.502809655140042651e+02 2.506076849378294469e+02 2.504535434627223367e+02 2.511991118883553327e+02
2.527833102160491876e+02 2.531685950435664836e+02 2.520475468036221400e+02 2.529151061445614630e+02
2.525391011306144549e+02 2.531234318032228714e+02 2.523623964479631923e+02 2.533728696429522529e+02
2.587303930584217824e+02 2.586691457852045914e+02 2.572880018213621156e+02 2.590212009513901421e+02
2.662408976402788880e+02 2.666130407485651972e+02 2.638557166819765030e+02 2.659877466770493015e+02
2.552673959016142646e+02 2.553038026977963568e+02 2.544122826811805567e+02 2.553317259691041272e+02
2.557027739272557767e+02 2.562297216172696608e+02 2.544390654516095651e+02 2.572926596831358097e+02
2.564482589152664787e+02 2.575039713349040653e+02 2.565232507954221433e+02 2.578968145584932472e+02
2.754275020547074178e+02 2.762722976886938682e+02 2.736847255517643589e+02 2.773161267155306291e+02
2.528034999099468791e+02 2.534416268271300510e+02 2.524625609590480053e+02 2.534322447408908374e+02
2.496726199872106235e+02 2.497559925577203614e+02 2.496518540435110083e+02 2.501350668925402374e+02
2.542764567351324558e+02 2.544377220013176952e+02 2.535705890958982707e+02 2.554997357520992693e+02
2.596897400984154274e+02 2.597722374758037631e+02 2.577038386721061443e+02 2.606537531710017106e+02
2.531166099742872007e+02 2.533117609684089473e+02 2.525715601879862504e+02 2.533854559011227252e+02
2.665744908044270005e+02 2.670754336832319495e+02 2.647382862568831001e+02 2.677787601647774522e+02
2.794416388351904743e+02 2.798578401008703622e+02 2.766029060446269341e+02 2.793224899214789616e+02
2.544584251861130610e+02 2.542325117959528029e+02 2.536658029399900158e+02 2.549333574984794097e+02
2.533482096039226690e+02 2.534309977448805000e+02 2.526333143771923915e+02 2.535708698257867297e+02
2.501881109325646833e+02 2.505939077707499791e+02 2.497624070096586024e+02 2.503474361520641764e+02
2.552430046532720098e+02 2.555761764358914547e+02 2.541996816891704896e+02 2.557609797559285312e+02
2.507460684870154353e+02 2.514414607786155216e+02 2.504817187553294104e+02 2.514137551452675154e+02
2.517148342034110442e+02 2.517946826326284793e+02 2.512348731417214651e+02 2.519605235545091659e+02
2.729490897660403448e+02 2.741364243089262800e+02 2.708091978909126851e+02 2.746355830015261859e+02
2.795731680424295291e+02 2.799082123397015494e+02 2.777273145324749635e+02 2.795091413394320625e+02
2.527351306356190719e+02 2.526143957970977567e+02 2.523456015371398564e+02 2.530181983668129249e+02
2.620072991718503204e+02 2.621700550502566216e+02 2.604356568145479969e+02 2.623323489012328196e+02
2.525704888207383476e+02 2.529270206764258262e+02 2.519952680977188493e+02 2.532683071856453694e+02
2.889751404482736348e+02 2.895704401967900026e+02 2.871759581364254359e+02 2.892324490118355129e+02
2.774815675087039608e+02 2.771639024445007067e+02 2.741179954545288524e+02 2.776565540610148446e+02
2.654607143264129263e+02 2.651339713994854606e+02 2.636660151563668251e+02 2.657033014102048583e+02
2.554302663487493987e+02 2.551838092843472054e+02 2.542701052259705250e+02 2.564089113099114456e+02
2.632309773212163009e+02 2.639764039664087250e+02 2.624270804970250310e+02 2.640070875964279935e+02
2.620613722504674570e+02 2.628156766969468663e+02 2.608515972759303168e+02 2.632271653426440139e+02
2.583971435885272285e+02 2.583069149557220499e+02 2.564670078760793217e+02 2.595821239625254293e+02
2.548909877060202689e+02 2.548767555340697584e+02 2.541227237218758148e+02 2.555870080888562370e+02
2.543316696541947692e+02 2.548524653091303094e+02 2.538381427609130867e+02 2.550484724223746582e+02
2.523988733351947360e+02 2.526841174599471742e+02 2.519254202522151616e+02 2.528880228356966882e+02
2.556202399631065134e+02 2.556975505436874982e+02 2.540778425359830521e+02 2.563432414243334279e+02
2.587392944744228203e+02 2.594767929530754600e+02 2.571194079069991290e+02 2.593933071463201259e+02
2.524103000014959548e+02 2.525272541870592420e+02 2.519702374104881812e+02 2.528769159811247960e+02
2.814549824070786030e+02 2.819744164098742658e+02 2.789418459070575977e+02 2.828112864867770782e+02
2.604649207094705048e+02 2.607107857012849195e+02 2.591462974157627741e+02 2.607057045165994396e+02
2.558774789189597811e+02 2.562107477729002767e+02 2.549764978965475279e+02 2.561806243091257329e+02
2.548190607430187526e+02 2.547663281057328106e+02 2.538010578203411853e+02 2.550641896088927183e+02
2.682792119306774339e+02 2.685101118035699415e+02 2.656761993576394616e+02 2.687768730952748797e+02
2.843295926906811815e+02 2.857371163939811822e+02 2.816496335083452323e+02 2.852711387982513997e+02
2.531904387715891858e+02 2.537860793308821599e+02 2.525429382978237811e+02 2.534187064875226270e+02
2.507469414384601123e+02 2.508682299197098189e+02 2.503004167113261644e+02 2.511063756487294256e+02
2.528002571053584404e+02 2.526982614643180227e+02 2.521005515434222843e+02 2.529231270175785085e+02
2.577203654941531568e+02 2.582441742953761263e+02 2.554005163853481406e+02 2.584851750015092193e+02
2.497734279689079813e+02 2.498752495040508563e+02 2.494782780082638851e+02 2.501113456874207657e+02
2.598648657879244865e+02 2.600221426713349047e+02 2.585723884839039215e+02 2.602659705059481894e+02
2.505830464618773874e+02 2.514568732923845857e+02 2.502625329476090315e+02 2.513780418746772796e+02
2.482941990635220577e+02 2.482464605639919739e+02 2.483436036100079036e+02 2.490652310626260260e+02
2.585072324106890846e+02 2.590666736760793469e+02 2.564134988805595299e+02 2.596389322291473718e+02
2.572602712525697370e+02 2.587594200791501180e+02 2.563217508489300371e+02 2.585211648604102948e+02
2.493876425090306270e+02 2.495268451687156812e+02 2.489074013190186179e+02 2.498646336170545510e+02
2.596992578949510744e+02 2.599447353577352828e+02 2.591033099333307632e+02 2.607016099549460932e+02
2.783894744728110595e+02 2.784961089676806978e+02 2.750699860787374860e+02 2.783765656317347066e+02
2.552105500954211266e+02 2.547067575658400358e+02 2.540703078056129129e+02 2.548708770471980642e+02
2.527037196644105848e+02 2.528679060989059906e+02 2.525032674640611106e+02 2.529382099738345175e+02
2.575798003053474758e+02 2.574256814039878236e+02 2.561861107822797976e+02 2.576570184274909820e+02
2.656703755937505775e+02 2.660477992974669519e+02 2.632364785731155052e+02 2.665336829663312415e+02
2.551024873125592194e+02 2.548385354516427981e+02 2.533414674178842176e+02 2.556391301478541038e+02
2.564114791376621270e+02 2.563566408803653189e+02 2.544434460124100781e+02 2.568897923293367285e+02
2.582172916145819386e+02 2.581845146926303869e+02 2.562420214037313144e+02 2.581828243419017213e+02
2.556849734836276014e+02 2.558506879171569892e+02 2.547031470032954417e+02 2.561730587163781934e+02
2.566968814722987986e+02 2.566106030119257184e+02 2.557341583278143844e+02 2.576997329857829868e+02
2.570933275813214323e+02 2.568254541930695609e+02 2.556290542984113756e+02 2.570620730016023572e+02
2.529043616412298263e+02 2.523442343389694713e+02 2.521580856551921954e+02 2.529765420411648620e+02
2.518875385276357974e+02 2.520198405776201014e+02 2.511041816761099312e+02 2.522634273728088772e+02
2.514188756122650261e+02 2.514382132181183351e+02 2.511197817980013838e+02 2.519399279207187590e+02
2.535073569600421308e+02 2.546826058141152203e+02 2.526906672558181413e+02 2.545063479644743154e+02
2.528701183025607122e+02 2.531023059950605045e+02 2.524743728542966039e+02 2.530583602169893425e+02
2.643663933197445317e+02 2.650488127671831649e+02 2.629829893283554725e+02 2.653707722235286610e+02
2.532714816804086411e+02 2.535350398467195134e+02 2.528955938349943438e+02 2.540696281290837533e+02
2.763214645624325954e+02 2.779270654404402876e+02 2.738787845492911970e+02 2.771899351252720862e+02
2.532727150015259099e+02 2.528842760658662598e+02 2.521975548848883193e+02 2.540448006641060488e+02
2.626826852692790908e+02 2.621278808651491090e+02 2.609339708486947984e+02 2.630911765558502680e+02
2.655176414920272805e+02 2.653047305180215858e+02 2.632212633614452670e+02 2.670650541232397472e+02
2.649513919214204520e+02 2.650971395884336061e+02 2.635080236395533007e+02 2.649331177460171602e+02
2.506111460548179366e+02 2.506864813566489261e+02 2.504190796412120790e+02 2.506081624813560893e+02
2.613404794697345892e+02 2.624329075880056052e+02 2.591938760048220729e+02 2.623632666084778293e+02
2.522154247899488837e+02 2.523011910073055901e+02 2.512071540290422718e+02 2.522039729830592307e+02
2.522722627949664513e+02 2.528616024659029620e+02 2.517940480581963527e+02 2.529094844518790524e+02
2.514632815635999350e+02 2.517687310664147731e+02 2.509449353944486347e+02 2.516197663152653092e+02
2.961228833322078344e+02 2.966405297676240593e+02 2.956086851036003509e+02 2.960921530966452337e+02
2.521596119640270217e+02 2.523125989513529248e+02 2.519980764306643550e+02 2.520676125972808279e+02
2.498444856684767217e+02 2.504283883972418039e+02 2.493102110135910436e+02 2.500973871430388158e+02
2.913675610239695288e+02 2.910667500578643967e+02 2.900822099300941090e+02 2.912044546330653816e+02
2.497948370093550068e+02 2.497581743040068432e+02 2.493047769007229419e+02 2.500561685264788707e+02
2.684724390247070573e+02 2.696021078888556985e+02 2.661963686839459342e+02 2.689943530608326796e+02
2.672840809781567941e+02 2.683669090563931263e+02 2.655259246193492118e+02 2.687323110817616794e+02
2.603889221198818404e+02 2.606235203240050282e+02 2.591326603002862612e+02 2.606579552952725294e+02
2.507583197535208512e+02 2.510107590837882583e+02 2.503425509462887533e+02 2.515380299557925241e+02
2.778712626476533387e+02 2.777572659448696868e+02 2.750580788454074650e+02 2.775360983949284446e+02
2.676236285067726044e+02 2.677541685186424729e+02 2.660786191566830325e+02 2.682871473699365197e+02
2.606083807070045850e+02 2.615429806847631653e+02 2.588175904102870959e+02 2.616759648466912154e+02
2.858593110146443337e+02 2.871394968441368292e+02 2.838279327219286756e+02 2.870818337034630190e+02
2.802033413577330521e+02 2.790792420744563742e+02 2.762989656871761781e+02 2.802636282910331715e+02
2.585296298724792905e+02 2.584135053769020374e+02 2.568850679091203801e+02 2.589920044617720691e+02
2.556475334667275376e+02 2.555007315820112694e+02 2.543379047653282896e+02 2.563566955802415919e+02
2.713214817399112917e+02 2.721916319829859390e+02 2.702921477500991614e+02 2.724004615364142410e+02
2.502153271268738308e+02 2.503187808030620829e+02 2.497039920713797017e+02 2.504487967178235692e+02
2.531496391263761723e+02 2.528306666968288141e+02 2.526456040103372231e+02 2.534722896946645392e+02
2.508192887861438294e+02 2.512248155460395083e+02 2.504300794433985402e+02 2.513477396717453303e+02
2.575552321507024658e+02 2.578218471913839380e+02 2.563556245035545089e+02 2.583873030576527299e+02
2.565193609727094213e+02 2.562273778220517784e+02 2.556608395240102993e+02 2.572686486154474892e+02
2.516804751547086880e+02 2.517705398948313871e+02 2.515511179976215601e+02 2.517683969257408592e+02
2.490893797436283705e+02 2.492013327388176833e+02 2.491815637706491771e+02 2.497115929908041494e+02
2.535745783050055593e+02 2.539806388512635920e+02 2.521534479261179911e+02 2.537710649117944968e+02
2.577505150194186854e+02 2.579085186383371706e+02 2.563933222974498563e+02 2.583927771967186118e+02
2.606114229519914716e+02 2.613289833678268224e+02 2.596543956673015145e+02 2.612181546894359485e+02
2.820212573100906752e+02 2.838027921504146889e+02 2.802675882331976140e+02 2.824473172798631708e+02
2.679701443586132541e+02 2.674703781744195226e+02 2.651649398840689855e+02 2.679554010357192624e+02
2.637377441698166649e+02 2.640270960919416439e+02 2.615443944994078151e+02 2.638134425774529177e+02
2.496370183803275893e+02 2.492928442659570578e+02 2.493617328760386158e+02 2.498270659937294056e+02
2.654307293755257433e+02 2.653647301796147531e+02 2.636015612233821344e+02 2.661276356428812733e+02
2.510790758438650698e+02 2.510089349518913480e+02 2.506334479019324704e+02 2.513355970155150771e+02
2.690542431243970896e+02 2.691721942355205783e+02 2.661696570592640114e+02 2.692192404133973582e+02
2.699210735441323550e+02 2.694960561820369662e+02 2.666860423426170428e+02 2.708976687811464217e+02
2.497582936476466386e+02 2.505030371535470977e+02 2.496177154356057883e+02 2.503215241590621361e+02
2.509991352615100197e+02 2.512163758460287681e+02 2.504010653699552051e+02 2.517148646355519759e+02
2.758456464614441757e+02 2.772561895031998915e+02 2.734023026482008163e+02 2.758648701127200411e+02
2.504776682578478813e+02 2.505715908367388636e+02 2.498922097505913769e+02 2.510758239824761517e+02
2.517039263810284524e+02 2.517413252082877761e+02 2.511868148686018003e+02 2.520061626852338463e+02
2.536755502548062111e+02 2.539981136132736879e+02 2.532231159732740196e+02 2.546070225117061625e+02
2.576902867951099552e+02 2.577160421844630491e+02 2.577252423072441161e+02 2.581518713162603262e+02
2.575023517366990404e+02 2.580447452051009236e+02 2.564307175483446599e+02 2.581819568557415323e+02
2.747446970673105398e+02 2.750786681064499817e+02 2.725045562331828819e+02 2.756792972766411367e+02
2.517785437608459915e+02 2.517887709210456819e+02 2.510810679540982733e+02 2.518040724495122333e+02
2.493387217227592600e+02 2.493376078381849936e+02 2.494460614402727856e+02 2.500798032305157506e+02
2.487745490261358157e+02 2.489741068307546925e+02 2.492415982928994538e+02 2.496271095461402467e+02
2.495307470903557032e+02 2.497324584563128269e+02 2.488402683193644691e+02 2.498926711694064693e+02
2.608332561126738369e+02 2.602253809348982259e+02 2.592522785731440536e+02 2.606567375121371128e+02
2.502287262587578027e+02 2.506361864585621504e+02 2.500674195450817194e+02 2.508848101156177393e+02
2.565064548448347068e+02 2.563940365731830298e+02 2.556212535095212104e+02 2.568415751185060572e+02
2.885081982557031210e+02 2.885026863124003285e+02 2.857441955773434756e+02 2.881264728615425383e+02
2.580069655604845593e+02 2.584536251123082593e+02 2.561820097013933832e+02 2.585881995609904038e+02
2.517557774434099258e+02 2.520833824909061605e+02 2.514051798703323470e+02 2.523994745539619942e+02
2.529499686518892361e+02 2.532843468966868272e+02 2.524696187834456111e+02 2.537697694789821412e+02
2.494574444863006590e+02 2.496468084837632091e+02 2.488435792500033017e+02 2.499559617290656206e+02
2.508173651036066190e+02 2.509685536616755712e+02 2.501344343331184064e+02 2.510115717925843342e+02
2.532016440586944839e+02 2.533009239084757667e+02 2.524367015901841285e+02 2.538923686762435921e+02
2.618047436774117500e+02 2.619316550688498069e+02 2.600432432870443904e+02 2.624972845462687019e+02
2.758749231782641687e+02 2.765244898727876262e+02 2.724755558793072510e+02 2.763697543500599636e+02
2.551385480781399338e+02 2.555776284455007783e+02 2.541512464390616799e+02 2.554210101401614850e+02
2.530086923840516988e+02 2.532349037130259717e+02 2.529590577453359970e+02 2.530143244445043536e+02
2.529285581896637041e+02 2.533648324727759302e+02 2.528088924122308185e+02 2.533642731981384486e+02
2.888510810577720918e+02 2.874929562759792816e+02 2.864404914491400405e+02 2.882473521935903022e+02
2.605204495437898800e+02 2.612082313962555418e+02 2.597739376979055237e+02 2.612543251134262619e+02
2.521322963752943735e+02 2.522027661571304122e+02 2.517022484671703069e+02 2.529039205012605578e+02
2.553188629026525405e+02 2.557498394806857789e+02 2.538389219709070801e+02 2.552494049037244679e+02
2.544915609737965383e+02 2.548019533846448326e+02 2.533245148282793195e+02 2.554918611995067295e+02
2.533809397075800689e+02 2.536409295999918356e+02 2.526545457771616157e+02 2.536071626014928597e+02
2.500209558247256041e+02 2.498903097413606247e+02 2.494539553153293809e+02 2.503764695112582785e+02
2.654097233467516617e+02 2.663423996570198256e+02 2.648445782522087484e+02 2.663043487581495583e+02
2.530513288691279570e+02 2.530314256348922584e+02 2.523657816748984715e+02 2.533992177163445376e+02
2.494570256669329069e+02 2.497374822235406384e+02 2.484571808357102896e+02 2.503165124136616555e+02
2.514477664007195301e+02 2.517995291673906024e+02 2.515828836411319571e+02 2.519537054225110637e+02
2.683824969073681359e+02 2.684432544977038901e+02 2.659726824530435465e+02 2.687489228584823309e+02
2.699432620287287250e+02 2.700314502960496839e+02 2.675038001652520165e+02 2.701939738379070945e+02
2.477845618060779600e+02 2.481709276007303231e+02 2.474184929965767310e+02 2.481133143622845125e+02
2.555750427515496312e+02 2.556659994562923544e+02 2.547752828431579246e+02 2.558371241062555441e+02
2.528572406902935654e+02 2.530445203652317900e+02 2.522682401559751497e+02 2.531456229207773845e+02
2.653173451433438572e+02 2.655750265469227998e+02 2.629556738642769460e+02 2.659834761902582727e+02
2.543866407785939714e+02 2.545989493545186235e+02 2.540394322914380041e+02 2.550449163216612476e+02
2.515176708713987068e+02 2.511088168757549681e+02 2.510362458846263678e+02 2.514325569104047133e+02
2.756334615278927345e+02 2.750152089163136679e+02 2.731131567096120421e+02 2.757454423918703128e+02
2.502610574670793824e+02 2.504027463253986525e+02 2.503422894512270886e+02 2.510703278784074826e+02
2.501136601550896614e+02 2.505378144898044468e+02 2.492878336459236834e+02 2.512422707181035548e+02
2.565403040670297514e+02 2.563321252072713037e+02 2.552299179212415083e+02 2.567314407673310370e+02
2.512502636000436098e+02 2.512864625384511612e+02 2.503179558915292091e+02 2.520212801742796671e+02
2.717866740310184355e+02 2.726910264940897832e+02 2.695884433504662070e+02 2.728041024419702012e+02
2.491861571482713202e+02 2.492229240883658008e+02 2.481429524780593283e+02 2.496257337613260745e+02
2.605110896944207752e+02 2.604987741981360045e+02 2.590868444229265037e+02 2.609818413260117040e+02
2.834169194021821454e+02 2.832332537184648231e+02 2.804741431317998490e+02 2.830429875145461551e+02
2.515182104697476859e+02 2.511592611197847589e+02 2.506398628048145270e+02 2.515735668151494338e+02
2.714288923474095441e+02 2.722006433711161435e+02 2.691910785653165590e+02 2.728940884241613958e+02
2.557836899417231393e+02 2.554817535954178993e+02 2.545668674224921801e+02 2.560744315346669282e+02
2.524307175006790658e+02 2.532569146234688731e+02 2.522057833682469266e+02 2.535309085170938204e+02
2.766246556294765355e+02 2.757834867742996607e+02 2.736554389976927268e+02 2.767972463861617030e+02
2.664600661061001574e+02 2.664950977974665420e+02 2.646686802657690691e+02 2.668852868965656739e+02
2.712796617007305144e+02 2.724979774279181584e+02 2.698474938793693241e+02 2.713080360685255528e+02
2.504091535270977715e+02 2.507716479139989190e+02 2.501487575043550748e+02 2.509012445354962324e+02
2.730264161132432719e+02 2.728930247775304565e+02 2.704425473376642231e+02 2.733544370748717256e+02
2.760080171454428069e+02 2.768611704533908551e+02 2.734266058672058648e+02 2.766625680349400227e+02
2.506470362502701335e+02 2.507745071414072129e+02 2.503032157080521358e+02 2.510383674387441886e+02
2.550978564619837243e+02 2.553438264500427977e+02 2.539444271713061312e+02 2.555122570329546363e+02
2.501773090046692971e+02 2.505315349399669458e+02 2.500029005956104129e+02 2.505052134847257150e+02
2.500130576224818810e+02 2.497473635033557571e+02 2.498426181917006943e+02 2.503917349159179651e+02
2.494471258750704123e+02 2.498342154861009590e+02 2.487358632578324489e+02 2.504205547223667168e+02
2.698403512941559370e+02 2.710211381022611477e+02 2.692305798677049324e+02 2.711228124604510299e+02
2.648020013705032625e+02 2.651131686354617045e+02 2.621919790415714715e+02 2.667387909499348666e+02
2.647223540458935531e+02 2.641477481462304127e+02 2.622972242432485928e+02 2.645055327395450604e+02
2.976336760582056513e+02 2.965210279503943980e+02 2.958147687183220000e+02 2.968489309533382539e+02
2.532217539675142746e+02 2.531837517539003102e+02 2.528587397609069569e+02 2.532426384335363423e+02
2.686573088500502990e+02 2.694711665620541794e+02 2.668205232998628844e+02 2.694272456078290929e+02
2.586130557392925198e+02 2.590612759275180679e+02 2.576308187894546791e+02 2.593196307443392357e+02
2.624667534667940458e+02 2.626990061485085448e+02 2.601164020051054422e+02 2.626521624458155770e+02
2.523399796923437179e+02 2.528069645726844215e+02 2.522227444023905321e+02 2.526036715983940155e+02
2.496289914543717430e+02 2.502059766360160893e+02 2.498722453445787153e+02 2.503177881440560100e+02
2.829341076945615328e+02 2.835177409274496085e+02 2.795524650398289168e+02 2.839740303917271831e+02
2.469313992393676074e+02 2.474427015101952065e+02 2.464075523083279222e+02 2.475139084423724114e+02
2.535794574999501947e+02 2.537492384635937412e+02 2.532847978561353841e+02 2.536151345041730281e+02
2.863443400919150008e+02 2.874155625687816951e+02 2.851778780240435367e+02 2.863930105446236212e+02
2.568523028383440874e+02 2.573646148998653302e+02 2.549962929610900062e+02 2.575940058333941920e+02
2.486072634351121451e+02 2.487003787564064226e+02 2.481122439585374480e+02 2.490765740859900745e+02
2.555410604147636775e+02 2.555466024566941314e+02 2.548201307947545331e+02 2.559886248293773292e+02
2.501146380945401404e+02 2.500365879175371617e+02 2.499571827664398711e+02 2.505537746472674598e+02
2.526709925732832005e+02 2.523111561630292670e+02 2.525215842727020004e+02 2.532104254383922353e+02
2.615467959124815707e+02 2.625345371233131004e+02 2.603894426606127581e+02 2.624252334953259833e+02
2.518260756293269935e+02 2.519951731770947845e+02 2.505691375789483004e+02 2.518356252855718935e+02
2.732533406989460332e+02 2.752924138729676429e+02 2.702873999220507244e+02 2.746065029607011638e+02
2.512192405178110448e+02 2.512486552110553362e+02 2.506757367771219549e+02 2.513003007607631503e+02
2.717536846163077939e+02 2.731871187815743269e+02 2.703025568628512474e+02 2.728530632290854214e+02
2.502451671476072192e+02 2.502725901676566878e+02 2.499603230775734914e+02 2.500827853318720599e+02
2.516044985588173688e+02 2.517056592594964286e+02 2.513238400461192725e+02 2.520914751514266925e+02
2.568808565171890450e+02 2.577385957092980107e+02 2.555718788406342412e+02 2.579605184800337838e+02
2.576575673055393736e+02 2.579302107721768493e+02 2.567166171435962383e+02 2.583083233827940148e+02
2.518999098424290253e+02 2.520410600720391017e+02 2.516314855073414378e+02 2.519266709302565914e+02
2.512231676667151987e+02 2.514103226804532767e+02 2.505974982515861313e+02 2.517576900656178509e+02
2.501080982212372987e+02 2.507042871907416668e+02 2.493158468700881940e+02 2.511326357768524815e+02
2.617371041583569991e+02 2.618092520809662460e+02 2.594930330975813604e+02 2.629234918244826531e+02
2.631846282526978484e+02 2.641334806070530590e+02 2.610185894654604795e+02 2.642896226437104019e+02
2.540766604600110270e+02 2.543639124097460922e+02 2.534880125231779857e+02 2.543661595647891716e+02
2.709909464383497948e+02 2.705822300609040667e+02 2.682588276242326515e+02 2.712723200642680581e+02
2.490980039839362234e+02 2.489043689592855060e+02 2.481771790430923375e+02 2.497745167056099831e+02
2.553251310323437906e+02 2.561893062387394480e+02 2.541338452973019741e+02 2.561031323752991398e+02
2.667456448171159309e+02 2.668084453639157232e+02 2.644872708217539525e+02 2.673935147263449608e+02
2.524218841628431846e+02 2.525352672566792194e+02 2.521057269359048973e+02 2.528609740972415523e+02
2.499972001318800210e+02 2.502603450545095143e+02 2.497510834473549437e+02 2.505258879295705867e+02
2.541043735308647626e+02 2.541399014278347863e+02 2.544110418953136445e+02 2.543415859348684478e+02
2.762578592459871061e+02 2.767063216168252779e+02 2.744407983390993309e+02 2.759517069435377152e+02
2.525794877090598334e+02 2.526149351705010986e+02 2.525994997567265443e+02 2.530172490042214974e+02
2.509222830099669181e+02 2.505652625303090701e+02 2.502575447511957805e+02 2.514155956184690410e+02
2.595406903445052649e+02 2.595183964707813971e+02 2.582450122947496425e+02 2.597141992170150502e+02
2.510869833013737207e+02 2.520008054937256077e+02 2.505696760544127528e+02 2.520801745900372168e+02
2.958056386506485183e+02 2.946316359878855451e+02 2.935734106454909238e+02 2.944157459770887044e+02
2.684221027325985460e+02 2.696262026539268959e+02 2.666304622251732894e+02 2.700511251229975755e+02
