2.519765708602761265e+02 2.527801971584329124e+02 2.500867706721234072e+02 2.537061203916877616e+02
2.679695638591662146e+02 2.693892064110283968e+02 2.659802744880258274e+02 2.691606039236279457e+02
2.438564362731080735e+02 2.439974990565749522e+02 2.426412259961262805e+02 2.446756497623946700e+02
2.464052512474372918e+02 2.462819781322015444e+02 2.454072417093915703e+02 2.467416288208769402e+02
2.611825690301787404e+02 2.615415802149407227e+02 2.573020410455492311e+02 2.613359365495569477e+02
2.550160050455462226e+02 2.557661976763415623e+02 2.544988666207356403e+02 2.561852956977851932e+02
2.818919635329643825e+02 2.826107903922259084e+02 2.791708586988786465e+02 2.819525067773307683e+02
2.757661432634018297e+02 2.762266175839711195e+02 2.739189829394778712e+02 2.760381896356284415e+02
2.733609749688155830e+02 2.742698404441947559e+02 2.701251791415020875e+02 2.733448908614415132e+02
2.675062875754918537e+02 2.690562275166756763e+02 2.656619137208774646e+02 2.681451851726376390e+02
2.459474738124903581e+02 2.458695000587470645e+02 2.455583327369825781e+02 2.465290171808757123e+02
2.673180847983142598e+02 2.682250165748841368e+02 2.650516410391933846e+02 2.684108873945714322e+02
2.590235923212969738e+02 2.596710948694930039e+02 2.576055527390949464e+02 2.598331474991049959e+02
2.490584115010709638e+02 2.493354555607068050e+02 2.485975306604767923e+02 2.492745888413960813e+02
2.501905703003956489e+02 2.503292502182686405e+02 2.495369726551911072e+02 2.511619627503326342e+02
2.474571335599616475e+02 2.475956427621158014e+02 2.471082865411374030e+02 2.477686295206579530e+02
2.618334717970552106e+02 2.613999172227375425e+02 2.585435203872277725e+02 2.623007620501664974e+02
2.762869960083703518e+02 2.767555489769747510e+02 2.725721533386679880e+02 2.759185510217594128e+02
2.895273800958162838e+02 2.902043510171725984e+02 2.875424879319176057e+02 2.889679388681677779e+02
2.614765467976076820e+02 2.622259790657020631e+02 2.592172415838010693e+02 2.628348789817469537e+02
2.510222691977340617e+02 2.513394840514258988e+02 2.501344908076337958e+02 2.515691262363787928e+02
2.553206441375167230e+02 2.546331249256082003e+02 2.531995693459042513e+02 2.559667586335046678e+02
2.702232256123580214e+02 2.718657125538487662e+02 2.678681628728596706e+02 2.714529498704166031e+02
2.562544125655022640e+02 2.569709953503626707e+02 2.545846852324138183e+02 2.565389259244528262e+02
2.801609260229088250e+02 2.803297663972510350e+02 2.764748596068189954e+02 2.813384522324708996e+02
2.560768261834577970e+02 2.570738712082043094e+02 2.545599848516682187e+02 2.573981558395773277e+02
2.456396689034822316e+02 2.461413801987350496e+02 2.452495568682564056e+02 2.462179363555179634e+02
2.506115022313526026e+02 2.509586078145504473e+02 2.492310582946642228e+02 2.514421413851498528e+02
2.526492575544674253e+02 2.536196377787517235e+02 2.515120544372414599e+02 2.535953002063107817e+02
2.839254098629228906e+02 2.843352409954409836e+02 2.808179728392807419e+02 2.838417544117744455e+02
2.823979713358846766e+02 2.819518135662238478e+02 2.805801737125202067e+02 2.839871919401858804e+02
2.844709950845094113e+02 2.847424717411391271e+02 2.817791347028394853e+02 2.850536574815754420e+02
2.484856858290155230e+02 2.487673840457260894e+02 2.483256096025504007e+02 2.490293263133745825e+02
2.620652634380587642e+02 2.619463567959029433e+02 2.588648529441705932e+02 2.620480430357117712e+02
2.520306293438471528e+02 2.523080584056905593e+02 2.512679860525648792e+02 2.533279877333744139e+02
2.500758347569730233e+02 2.505140379383458935e+02 2.487656881834780620e+02 2.508071288750600729e+02
2.502314580575459786e+02 2.508555590067843184e+02 2.492893288492804800e+02 2.513832472045316422e+02
2.557094836377300453e+02 2.553959027758641014e+02 2.535510752222607209e+02 2.560880784073739846e+02
2.492149776010750202e+02 2.498328033204068390e+02 2.485815576642585825e+02 2.504892799876781737e+02
2.737828904807042250e+02 2.728248736964159207e+02 2.706849679497152010e+02 2.738265096876175448e+02
2.510709146917988903e+02 2.513500669271830361e+02 2.504557427898907349e+02 2.515675526030617277e+02
2.499333064108054430e+02 2.504006461758148987e+02 2.500340093717774153e+02 2.512375040107220627e+02
2.462038957388475069e+02 2.461262632930499876e+02 2.451452367831528818e+02 2.466004715212020244e+02
2.464961981213469073e+02 2.470434443108818243e+02 2.460065072522149876e+02 2.475003973505928911e+02
2.510200767285708139e+02 2.515212915957979476e+02 2.504922103328572689e+02 2.517876043018809753e+02
2.525280553211484005e+02 2.528931704286916897e+02 2.509412900153444923e+02 2.530235365449114511e+02
2.888236954230634410e+02 2.886284574570640302e+02 2.859226811836360866e+02 2.889447941152203612e+02
2.507414986036813218e+02 2.509106514695460532e+02 2.494079007479396353e+02 2.517269250547960553e+02
2.493457266575377105e+02 2.494721352263625818e+02 2.486924537382292613e+02 2.499712709800990069e+02
2.599956405419637235e+02 2.611235298146611967e+02 2.586798598466747308e+02 2.621761262472421663e+02
2.546677498587331456e+02 2.546832136112597595e+02 2.529548744082416079e+02 2.554277873530443514e+02
2.878964341971974363e+02 2.884988419779756441e+02 2.863211978502183115e+02 2.876744937636872805e+02
2.484140514998759386e+02 2.490371713886584359e+02 2.479514164277198063e+02 2.498957615903245255e+02
2.465738463140992565e+02 2.470716207712905259e+02 2.454875098674477840e+02 2.471645957463271657e+02
2.583241540030288093e+02 2.589063140128749865e+02 2.563738946707499053e+02 2.588858323490100588e+02
2.454825888869676760e+02 2.455694285252843372e+02 2.449042915675277357e+02 2.463978293666946513e+02
2.456287252430786623e+02 2.465996429415302771e+02 2.456044101900965870e+02 2.464025098376645246e+02
2.482523366482434426e+02 2.481716066836047219e+02 2.474414894070631874e+02 2.484862624892678866e+02
2.482791613773983386e+02 2.485682356733464360e+02 2.468154448835337291e+02 2.486062962564255940e+02
2.482140727713576211e+02 2.486143869183697745e+02 2.482232272930346824e+02 2.491260890346305246e+02
2.525173603147698600e+02 2.528603597473801301e+02 2.520074601804567180e+02 2.531978198016340968e+02
2.542182144266561465e+02 2.542819447159584456e+02 2.521180769510818322e+02 2.546251183234056441e+02
2.662938708655356663e+02 2.672750704766365857e+02 2.635088371592223666e+02 2.681101488227197933e+02
2.471388722965994873e+02 2.471179362777822632e+02 2.456627707469659470e+02 2.474614399637301858e+02
2.581048111768264448e+02 2.591554997024258000e+02 2.567342705674596459e+02 2.596553799735903567e+02
2.509803109480255046e+02 2.509806760318804209e+02 2.490502324301767487e+02 2.518532639159411701e+02
2.553575325525858659e+02 2.563118321602835863e+02 2.544623489581247213e+02 2.564739326190005499e+02
2.465143790236212737e+02 2.462755700705223205e+02 2.461752848660801192e+02 2.468127141788968117e+02
2.483226923274096976e+02 2.474631957140931320e+02 2.476658969181003727e+02 2.483346938958635235e+02
2.564743162805729071e+02 2.566829685218732493e+02 2.554088418989404374e+02 2.575144108446712607e+02
2.567629202074421642e+02 2.562953221674426345e+02 2.548492359922309731e+02 2.569033620934243913e+02
2.468363151640731985e+02 2.467694821965497169e+02 2.462680636959675553e+02 2.473671973100559569e+02
2.474043879454320347e+02 2.475251867343743584e+02 2.465092845078384585e+02 2.480251098516343120e+02
2.647148918851481199e+02 2.665852670977244543e+02 2.622801537007178467e+02 2.665587119885236120e+02
2.654446225650726205e+02 2.656808985627723700e+02 2.636275923792458116e+02 2.678711796145519202e+02
2.684250467675858545e+02 2.689095840991981845e+02 2.651413968882806103e+02 2.688019789100675325e+02
2.506067653038650462e+02 2.503617190705994631e+02 2.501380243887490167e+02 2.509956924778902021e+02
2.510489600276367810e+02 2.516645465204589698e+02 2.504676567614578744e+02 2.512277653172108387e+02
2.483983308525049836e+02 2.486240958277568041e+02 2.476630179792502133e+02 2.490973213331900808e+02
2.690711492185741349e+02 2.697908888230319917e+02 2.654418504118279998e+02 2.696953224946673231e+02
2.480492268558693922e+02 2.484693809167393965e+02 2.477043343587063475e+02 2.487462130427322222e+02
2.471255486750432624e+02 2.470288638646226218e+02 2.462209627145271611e+02 2.481694688248586829e+02
2.452520637986687575e+02 2.454466043666045323e+02 2.449227485000826334e+02 2.458201785272378856e+02
2.489532727980320033e+02 2.488057693315243455e+02 2.482874260631555501e+02 2.493995730703200309e+02
2.492403809498067915e+02 2.491827015368843661e+02 2.484439939998490559e+02 2.495419503567624133e+02
2.800944587030060688e+02 2.795460225930258389e+02 2.783510875974721444e+02 2.811244200157005935e+02
2.546365099053535630e+02 2.544250525089424002e+02 2.530955272689795947e+02 2.547696623230977480e+02
2.522697188805025235e+02 2.531550548074013705e+02 2.514191046106853946e+02 2.535459490929214326e+02
2.697731839914591205e+02 2.695759217984597171e+02 2.665370374398787590e+02 2.701426022129980993e+02
2.490045682482442544e+02 2.490613859823689893e+02 2.483019444659705073e+02 2.495117101945723732e+02
2.453159812074247839e+02 2.454990164784893523e+02 2.446965553446726460e+02 2.459729550379387319e+02
2.468445452670333964e+02 2.469022270859117612e+02 2.459168546690948176e+02 2.473756540942520417e+02
2.489333342055470553e+02 2.491910958094069883e+02 2.480120428157660797e+02 2.491068187652150812e+02
2.476657356169274351e+02 2.474335827169096831e+02 2.466970315054770424e+02 2.479460559400556861e+02
2.834581772605297374e+02 2.841417370258195092e+02 2.812699088546247594e+02 2.836667377563214245e+02
2.499714663650282773e+02 2.496725987793898014e+02 2.496719727333912715e+02 2.502481254103774972e+02
2.469076872919688981e+02 2.471950807505490957e+02 2.464130362661454114e+02 2.474264953013039872e+02
2.536423656637603870e+02 2.535508151571020221e+02 2.522848995405424546e+02 2.546688744154995163e+02
2.490788651405462701e+02 2.489331508839266860e+02 2.482673966730517066e+02 2.493684056827696622e+02
2.538864720671979285e+02 2.540193630170520009e+02 2.519366147749493905e+02 2.541348749307716730e+02
2.573584065738002664e+02 2.587022405085852483e+02 2.559205314042069119e+02 2.580841405999735798e+02
2.512855650490603523e+02 2.513122557219193141e+02 2.508154698914481173e+02 2.521817353575372067e+02
2.485091339930303889e+02 2.481574903455151571e+02 2.474622915199596775e+02 2.497178704176378687e+02
2.611105195922262965e+02 2.617226386776409868e+02 2.576994168616332672e+02 2.613035217240486645e+02
2.582666704992832933e+02 2.580465336224559110e+02 2.557695447590333515e+02 2.588768764429224234e+02
2.679044201664265188e+02 2.688661426003531574e+02 2.660166052755227497e+02 2.690164116055228192e+02
2.585823640156683609e+02 2.589597664016652629e+02 2.564952242503850357e+02 2.594641836209087273e+02
2.457456170099001156e+02 2.463897857178312449e+02 2.457578335477715541e+02 2.468215513548018407e+02
2.496867014737446198e+02 2.498938121926221072e+02 2.496928295490975529e+02 2.500100850526356453e+02
2.495506258629048375e+02 2.497736028696346011e+02 2.479704488083312413e+02 2.495164929770976983e+02
2.472517497084994318e+02 2.474559603769276634e+02 2.469429558860574616e+02 2.478592096190158429e+02
2.489786679354118064e+02 2.488937061583726518e+02 2.478846015647054344e+02 2.491186075668789499e+02
2.559541943479549104e+02 2.564142142467505892e+02 2.545326571207658617e+02 2.573172290682757648e+02
2.919289933102003829e+02 2.926116128702881269e+02 2.914251093167238196e+02 2.936550917019848725e+02
2.587437217215502301e+02 2.598345975287603551e+02 2.570974806864142010e+02 2.599590396245073407e+02
2.473110797801898570e+02 2.471434726168956502e+02 2.465387105037547428e+02 2.478938816847874023e+02
2.564327180575480725e+02 2.567360562380612237e+02 2.544700055711728339e+02 2.576731556664495315e+02
2.491315607128109946e+02 2.494231030646941463e+02 2.485975695475395071e+02 2.497201198347298430e+02
2.812588567438995710e+02 2.820296734839625969e+02 2.791884753888593309e+02 2.825816196523226154e+02
2.625505876969186829e+02 2.630686247289927451e+02 2.604163064054458800e+02 2.642727872422161113e+02
2.504452804462965219e+02 2.498738360071831153e+02 2.477699785222144726e+02 2.512045385469502889e+02
2.509264888754836420e+02 2.513914911721338115e+02 2.495454989260842069e+02 2.514935242040628225e+02
2.466262717640654216e+02 2.470203984859276432e+02 2.463175357504551357e+02 2.478025409790423623e+02
2.430879425750002270e+02 2.435782089913898858e+02 2.425297235528140050e+02 2.439711797783567988e+02
2.552239136305186094e+02 2.551398773173429504e+02 2.535675240850366094e+02 2.561357561004824674e+02
2.534647111146539942e+02 2.533850327120447332e+02 2.518510663608711582e+02 2.543051049886652777e+02
2.903341475681185102e+02 2.886208648647015025e+02 2.867884182400566146e+02 2.903653603401286887e+02
2.494348857662490673e+02 2.499412643942547732e+02 2.486407554706572114e+02 2.500043575384406154e+02
2.575278810389064574e+02 2.574257032729731804e+02 2.556230050586484595e+02 2.585688788419076900e+02
2.579630448741984878e+02 2.586412372827281843e+02 2.561774619317325801e+02 2.589530314039227505e+02
2.836304893324432896e+02 2.822496816715815271e+02 2.796754956355251238e+02 2.834393620539254357e+02
2.538713738214559328e+02 2.544726514179110666e+02 2.522727728424780196e+02 2.548936203771705493e+02
2.625843302902848109e+02 2.631456729149031730e+02 2.601876062134664380e+02 2.630638716182398298e+02
2.560172117731515300e+02 2.564858168982560755e+02 2.541129943065994041e+02 2.569950002289045301e+02
2.479084142944922178e+02 2.479104447936813926e+02 2.468078211312961230e+02 2.489628319881690857e+02
2.874583580810280523e+02 2.884282869068765081e+02 2.864704988724841428e+02 2.892559220690943675e+02
2.470310422933702910e+02 2.475461981428290983e+02 2.463777446973367091e+02 2.482586632042730344e+02
2.502358956562093795e+02 2.506677517355584257e+02 2.493605436872144878e+02 2.509316565106666701e+02
2.471311067649208724e+02 2.474503035013469514e+02 2.468109927037149589e+02 2.476058218480914093e+02
2.521475330026358108e+02 2.525522449484117544e+02 2.512219091262975610e+02 2.532901874470997257e+02
2.530096082680878453e+02 2.532993041014248661e+02 2.517903090876430667e+02 2.539063699574051327e+02
2.646104194585856249e+02 2.653526105455300694e+02 2.621802120706479400e+02 2.650027621680550283e+02
2.482598576583571344e+02 2.483299669315508709e+02 2.476217017825544247e+02 2.484816422918638636e+02
2.474915559523137460e+02 2.475230501320506562e+02 2.468759003087259600e+02 2.478468660054259658e+02
2.616025423747443028e+02 2.625723875247649630e+02 2.595969997273692229e+02 2.625929236045254243e+02
2.517067660387490662e+02 2.520786510631435533e+02 2.513903693946465410e+02 2.517892658329176356e+02
2.581101372351693612e+02 2.586518160586891781e+02 2.567770180658841355e+02 2.602154837702365739e+02
2.467775302318408706e+02 2.470084035467325236e+02 2.463206843137345174e+02 2.478933950454978969e+02
2.443801456680384376e+02 2.449840446393509978e+02 2.433291266340798416e+02 2.460296080878318321e+02
2.571387113310032646e+02 2.573839778536173526e+02 2.554426738477546053e+02 2.579788054888514921e+02
2.523995471491936087e+02 2.521962110703315716e+02 2.514674458203246559e+02 2.528699648680383802e+02
2.507522747883379850e+02 2.509667781909745372e+02 2.510580433162466250e+02 2.512065638896237658e+02
2.940193863538668211e+02 2.945532707750813302e+02 2.919540220817452223e+02 2.927059284762254379e+02
2.667680355933863439e+02 2.670192658869129332e+02 2.643638228129945560e+02 2.683512090315276168e+02
2.505193330407891779e+02 2.505680731687918126e+02 2.494084296632216819e+02 2.509267509394266824e+02
2.481697389519939350e+02 2.485194031882548700e+02 2.476491579454441876e+02 2.495897605105597847e+02
2.464386822486603990e+02 2.461887516183829518e+02 2.451300816767323170e+02 2.467881322204069647e+02
2.775075691852020441e+02 2.787162911554700031e+02 2.746046839109335451e+02 2.780428337347822776e+02
2.464980535296643041e+02 2.466935305607669022e+02 2.457419447954267753e+02 2.469698803111855057e+02
2.888426681752314948e+02 2.883338059519913372e+02 2.867793352146715051e+02 2.883127576931225349e+02
2.464937136381401217e+02 2.467419483067178021e+02 2.461725556324161630e+02 2.472824818281121395e+02
2.536947661927131037e+02 2.540410190987595058e+02 2.526010167859392084e+02 2.550262742721639881e+02
2.636080823646594808e+02 2.634461512421658540e+02 2.611576921004048586e+02 2.644857460767449311e+02
2.448172432896877240e+02 2.446160229349070221e+02 2.442541226199205937e+02 2.453049030281601404e+02
2.891822780786031899e+02 2.890267193289637362e+02 2.848705215910275683e+02 2.878883528292959113e+02
2.807405983996938517e+02 2.802432154483172440e+02 2.770812989258080847e+02 2.805869921193738605e+02
2.591715421933710104e+02 2.597288307272210091e+02 2.570242319970771518e+02 2.594271688594879492e+02
2.562402529885653735e+02 2.563934057676410134e+02 2.551064657501187014e+02 2.561922180600469119e+02
2.484592025539433564e+02 2.484237164378658633e+02 2.475285203117792321e+02 2.491589901900528048e+02
2.463782094210792195e+02 2.460783449691976728e+02 2.455253309046443349e+02 2.465743018563025259e+02
2.601692141121773147e+02 2.591367567836804255e+02 2.579338798053956339e+02 2.607557584065873471e+02
2.593836575744545030e+02 2.596206573640880038e+02 2.577463608142918474e+02 2.604074882318871573e+02
2.462136620843813830e+02 2.464690580976923684e+02 2.451523692843830986e+02 2.475093808318277127e+02
2.559885978472204329e+02 2.558498443743727080e+02 2.534937688038512817e+02 2.571689815657425129e+02
2.491238925466371938e+02 2.500318814137662287e+02 2.483046458440585980e+02 2.505301952822213707e+02
2.462809479394633740e+02 2.470391921137420184e+02 2.455702948455111425e+02 2.471176956092689068e+02
2.462033423420695044e+02 2.464279443019185010e+02 2.455030470570759746e+02 2.474835528085878025e+02
2.892833385273524982e+02 2.897391326054963088e+02 2.865816842447254089e+02 2.899728240357501363e+02
2.890603497623905014e+02 2.900943828903591566e+02 2.871507166774854340e+02 2.909515377905744913e+02
2.474966342102763122e+02 2.471142386289506874e+02 2.469321565290629792e+02 2.476391572200852522e+02
2.477948252470483794e+02 2.477899065153102640e+02 2.470387068957885219e+02 2.482291779491912962e+02
2.778738262126086056e+02 2.786237298136157960e+02 2.759947847506896892e+02 2.794271743822707776e+02
2.623242898726637691e+02 2.639920441273966389e+02 2.604816756288409465e+02 2.628605898583924159e+02
2.510601696718941014e+02 2.514373162115572597e+02 2.506484311758165120e+02 2.513805442932165306e+02
2.630473708101499710e+02 2.632092356767059869e+02 2.606377698606913782e+02 2.634850688070856677e+02
2.651597192080055265e+02 2.663172202814431557e+02 2.631348174922381418e+02 2.668124333050404289e+02
2.638076307860989687e+02 2.645688762877634304e+02 2.610735698293424321e+02 2.645525092898801631e+02
2.636244875496626037e+02 2.647541092493559631e+02 2.625611201029580570e+02 2.656204416002348694e+02
2.867502459385780753e+02 2.868035087502510692e+02 2.831063845913076307e+02 2.869706544548757279e+02
2.445182801628685070e+02 2.447824982878309470e+02 2.434181820081094827e+02 2.453120033184967212e+02
2.494750969583330118e+02 2.499443953027488874e+02 2.490380085766072114e+02 2.502573283016368464e+02
2.482169612620621137e+02 2.481008857697843837e+02 2.474653033194852014e+02 2.486085317556472774e+02
2.513083855113330003e+02 2.514325801791856350e+02 2.499605847967179955e+02 2.516938817890692235e+02
2.496831651329071349e+02 2.501378868339926385e+02 2.481655278830159261e+02 2.508892458752932839e+02
2.611215606744218576e+02 2.611606927273381302e+02 2.596957916420251991e+02 2.625331582772494698e+02
2.571879560049372344e+02 2.578489129032798814e+02 2.561868363393928121e+02 2.582012881202433618e+02
2.713159177460316869e+02 2.714348545746233867e+02 2.690561284374455795e+02 2.709377860692629270e+02
2.502322000086841740e+02 2.504017018004176407e+02 2.496292840145771663e+02 2.508745249706085190e+02
2.542962684350423217e+02 2.540646617007947157e+02 2.529835926324376487e+02 2.549256747981287674e+02
2.623408394469036580e+02 2.630034415657970612e+02 2.605589111169236389e+02 2.641282701811749121e+02
2.482873485451318913e+02 2.487196938191528943e+02 2.476017160398538692e+02 2.497430703800505682e+02
2.503186460292579056e+02 2.498315432456186898e+02 2.495579018088072303e+02 2.502446533769972916e+02
2.461900140681902087e+02 2.461936230806834089e+02 2.460044977319513748e+02 2.473460617206385166e+02
2.488462026412748571e+02 2.491172523431202990e+02 2.480851106519581037e+02 2.494107960703206572e+02
2.524125991819822730e+02 2.523631096567322913e+02 2.511834768172874419e+02 2.532427996619071280e+02
2.770635946614607406e+02 2.764394795754855068e+02 2.728680504902773123e+02 2.774555809200036265e+02
2.474529875745483594e+02 2.477614793705200782e+02 2.465819345177972366e+02 2.474189826870997706e+02
2.493915747090672710e+02 2.493355578340529348e+02 2.480702813477028030e+02 2.498279512319778064e+02
2.495944658726070031e+02 2.500109672513624446e+02 2.490764973369997222e+02 2.500689698668153085e+02
2.497271839133635751e+02 2.501548615793595616e+02 2.484853111215647061e+02 2.509299151188000963e+02
2.853999540507770689e+02 2.850044702385441724e+02 2.834424899149648240e+02 2.840121042294560993e+02
2.717113176904708780e+02 2.734164397160551516e+02 2.699599436531868832e+02 2.729674048098834191e+02
2.568155572858449318e+02 2.576315208797337846e+02 2.550775227453189018e+02 2.579039698044847455e+02
2.645804315189061526e+02 2.657556014344290816e+02 2.629509186783756718e+02 2.669630628882730434e+02
2.688720850470875803e+02 2.701527933676741782e+02 2.669600592863517363e+02 2.704497107056653249e+02
2.504843908869131894e+02 2.508601194607731486e+02 2.497447813691995293e+02 2.509878655762058202e+02
2.465975257390894342e+02 2.464052596238017259e+02 2.463206788985561104e+02 2.470426380282566186e+02
2.497724477266626195e+02 2.499441128795468785e+02 2.487324276276919477e+02 2.504324192770159527e+02
2.471167304799986368e+02 2.468266604792872272e+02 2.465924576150653991e+02 2.473694131292483291e+02
2.631679063054564267e+02 2.640592518319394912e+02 2.606337119561114832e+02 2.646984861403779519e+02
2.499246598995962643e+02 2.501061775218710466e+02 2.493057101223544407e+02 2.504965484173207813e+02
2.502409145943436783e+02 2.503275687440471131e+02 2.496779622466705746e+02 2.506918172723753457e+02
2.622156138569592940e+02 2.628900992875188081e+02 2.601999924660419765e+02 2.634753889280758017e+02
2.453541401542232734e+02 2.454485274580507621e+02 2.443783114170182387e+02 2.459247574023856657e+02
2.826964075689123774e+02 2.851609496876995991e+02 2.814078318452248482e+02 2.838200858099378365e+02
2.451003101635160135e+02 2.464969668922301196e+02 2.453093752851261229e+02 2.463609613535379879e+02
2.613650583900914626e+02 2.625023643592647318e+02 2.585573022224876922e+02 2.623549414365722896e+02
2.485740017840288090e+02 2.487215437272380427e+02 2.470755969849919609e+02 2.501505774408578588e+02
2.716930638141739678e+02 2.727902966787520427e+02 2.699881224426684412e+02 2.734804900838214508e+02
2.629135378721708776e+02 2.634236584108238617e+02 2.609374035299553043e+02 2.640047958246732378e+02
2.593116385152118823e+02 2.605290076661787566e+02 2.573495641988887428e+02 2.602923006893817046e+02
2.503139829977439206e+02 2.502662625403010850e+02 2.491765715983294456e+02 2.510184371565214292e+02
2.559959638012956589e+02 2.562050950441221175e+02 2.545210715478193890e+02 2.568305387924837646e+02
2.490696211793271857e+02 2.490328104075684905e+02 2.478896268540785570e+02 2.494946640783941803e+02
2.468624856586851308e+02 2.468881908271908685e+02 2.462675359917874687e+02 2.475083316090186827e+02
2.730666741936580024e+02 2.725757391100214591e+02 2.696845239267656780e+02 2.723591052235889833e+02
2.532209351816706828e+02 2.532979247940888285e+02 2.520907686340355838e+02 2.541469313567128552e+02
2.620750221328406724e+02 2.628148766694560550e+02 2.602643824674379971e+02 2.635390822754968667e+02
2.479837183955505964e+02 2.484416842927992093e+02 2.468315205331477955e+02 2.487254729042627446e+02
2.484907231057036370e+02 2.495381531227846210e+02 2.475208559778224071e+02 2.502108838305560710e+02
2.554334604442311729e+02 2.559951382021603479e+02 2.532896374658865852e+02 2.563256730178251814e+02
2.496932576325327773e+02 2.495947009002285313e+02 2.496051716072003899e+02 2.501824793929011435e+02
2.509022208536417509e+02 2.509192078134452117e+02 2.500806819223855371e+02 2.515305532670610091e+02
2.784147272057854252e+02 2.796625820483518510e+02 2.766930044964358331e+02 2.799117725788208872e+02
2.829978252672653412e+02 2.830659822525341838e+02 2.813211876801751146e+02 2.845306250851751884e+02
2.544313301480957250e+02 2.545340942523469607e+02 2.533119947088643471e+02 2.549406943652431607e+02
2.527717755703986597e+02 2.534813090231112369e+02 2.510631618109372596e+02 2.536842332253341397e+02
2.512898414319641915e+02 2.518539812845653785e+02 2.503800341322598513e+02 2.522306165238201174e+02
2.464609985451720036e+02 2.464916081725573633e+02 2.456008317864001356e+02 2.465724324592460164e+02
2.481016039506501158e+02 2.480698722909973810e+02 2.473815936388543832e+02 2.483669248615599372e+02
2.507945734973590959e+02 2.508538251272456705e+02 2.508335188385882759e+02 2.516269749912454188e+02
2.591430622632429390e+02 2.590336954449875861e+02 2.567207735768118368e+02 2.591252633391688391e+02
2.529057310831690586e+02 2.535618009336113232e+02 2.517213580553557222e+02 2.543670875584865314e+02
2.558972135963587675e+02 2.560164916646934898e+02 2.541048179889002654e+02 2.563184308535428499e+02
2.463540186531099323e+02 2.464846603307346982e+02 2.460076519640458628e+02 2.468571026264521038e+02
2.593884461392097478e+02 2.593475643080078612e+02 2.570936605683727407e+02 2.593426825891484100e+02
2.478546095884176452e+02 2.484479993726675673e+02 2.470675534985859940e+02 2.486280799789253138e+02
2.695760653562334141e+02 2.701909952410236997e+02 2.658793395668029120e+02 2.708884828265998408e+02
2.649633752671440448e+02 2.659110501327803604e+02 2.635379302321002797e+02 2.666007312230510138e+02
2.455277765824347682e+02 2.460639194378960042e+02 2.455550765926822976e+02 2.466247279098118099e+02
2.626004155774631954e+02 2.638276214700763944e+02 2.613592311548808880e+02 2.637445073875782668e+02
2.646193257595388673e+02 2.647420465370066722e+02 2.624330022551778256e+02 2.651058819203261692e+02
2.513308494894006060e+02 2.518868800709117011e+02 2.508046519800615783e+02 2.521122416747571719e+02
2.462804622099342566e+02 2.466188554505460502e+02 2.452072283012154230e+02 2.473251155201309075e+02
2.746054714037454119e+02 2.747634796912523143e+02 2.720037769416793481e+02 2.753869073235829887e+02
2.733864337123921473e+02 2.738969123162050323e+02 2.700284896737501867e+02 2.735375252891267337e+02
2.450358560926086113e+02 2.451796151584445056e+02 2.444166584379051415e+02 2.457597414749799327e+02
2.921463441707887227e+02 2.927104933035747649e+02 2.900888725579682728e+02 2.936027533593338603e+02
2.850212719335155498e+02 2.852157694309678391e+02 2.819639670926878807e+02 2.863135633479527087e+02
2.492733156831843075e+02 2.493600252475790455e+02 2.480244546134067036e+02 2.500603946022503408e+02
2.496432042560749380e+02 2.496897889595869060e+02 2.488586109059898206e+02 2.502723579639503555e+02
2.482308550209367581e+02 2.488397944792530154e+02 2.482250751251266649e+02 2.484050928098986049e+02
2.530967808315394336e+02 2.529351729414974557e+02 2.523945667951896041e+02 2.532470994837718479e+02
2.485169720342073845e+02 2.489901496035978994e+02 2.478382832218740361e+02 2.499228517510498477e+02
2.479578729164723541e+02 2.483599620190660175e+02 2.477208730675988875e+02 2.485815622072825306e+02
2.525158259218439412e+02 2.532684870957479006e+02 2.515964930987877608e+02 2.547304538524669795e+02
2.477031682017264700e+02 2.479056116799718836e+02 2.464969845849725232e+02 2.486521054400948287e+02
2.575796485410153309e+02 2.595697919824285691e+02 2.550146268017972773e+02 2.594777597462920653e+02
2.647535589081566059e+02 2.648373379792672608e+02 2.629620783909168154e+02 2.664638645097650169e+02
2.531446475497930919e+02 2.529761204939142658e+02 2.515134433104792606e+02 2.543697381090310330e+02
2.591865314825985251e+02 2.598728822901590547e+02 2.576722844577990941e+02 2.601549031123705049e+02
2.478138197250006556e+02 2.477956510502852439e+02 2.469273136973939700e+02 2.484380305370748090e+02
2.464576609153624247e+02 2.465906230572923903e+02 2.459848252579521102e+02 2.466758003765054923e+02
2.473593193059286079e+02 2.469512012903636560e+02 2.465833218308918617e+02 2.478691311511718425e+02
2.537730657116353257e+02 2.543550030134046551e+02 2.523470060364137737e+02 2.543673774836655070e+02
2.504007479552691677e+02 2.509046329270147453e+02 2.493012846811877239e+02 2.522518820232739927e+02
2.580627073377924603e+02 2.577005151701266641e+02 2.562691731976580058e+02 2.584609384270342503e+02
2.518176977881111043e+02 2.516274710157477728e+02 2.497296490389600478e+02 2.525587249542265909e+02
2.493038518070129328e+02 2.492576017998022735e+02 2.478065403061893903e+02 2.505342764069761756e+02
2.925265673822318604e+02 2.915636766966942446e+02 2.923870761884926992e+02 2.929671419798776242e+02
2.464542965523964710e+02 2.467011030526781212e+02 2.453412639065574865e+02 2.469696915949564584e+02
2.502001010283595406e+02 2.510715427626147402e+02 2.485041285253747105e+02 2.513722562761831796e+02
2.765051663402277313e+02 2.781493373008328831e+02 2.726638101329605774e+02 2.782282875975728871e+02
2.846450028549854210e+02 2.847407443527242208e+02 2.807579517893762500e+02 2.829016583630930199e+02
2.527485527847789228e+02 2.526503129962864023e+02 2.518344467635064916e+02 2.533738046691195507e+02
2.586472803718001501e+02 2.582348664538631056e+02 2.569435980021393675e+02 2.598637878240593295e+02
2.505636715332051949e+02 2.507095988228452654e+02 2.495738027791198306e+02 2.510941610186479522e+02
2.506621715383031983e+02 2.508686243953019357e+02 2.502834679228042489e+02 2.510733014345713627e+02
2.912149981598569752e+02 2.908286439853833372e+02 2.891554322349401787e+02 2.906026336814972524e+02
2.487597282167616015e+02 2.490803443963737607e+02 2.471887200231382167e+02 2.491191714356466775e+02
2.669546709783354572e+02 2.672435133115968142e+02 2.635289835399178742e+02 2.673855251462380807e+02
2.966196041573853677e+02 2.945543856419435542e+02 2.936341325869902334e+02 2.942720312179955044e+02
2.513721746927732852e+02 2.511869903925770302e+02 2.503042698844048459e+02 2.516389459306212473e+02
2.923209884822098843e+02 2.929676355893361119e+02 2.891250147423766066e+02 2.911335619657674556e+02
2.483530765114304302e+02 2.483036234044842843e+02 2.474364243548886861e+02 2.488629442667574949e+02
2.537838707428372516e+02 2.533060486829957654e+02 2.519497294988670433e+02 2.542271514359781861e+02
2.499058362544892873e+02 2.499147786592211844e+02 2.492002584917403567e+02 2.499692766657508969e+02
2.577318945218048043e+02 2.583847878923186272e+02 2.565297200795026811e+02 2.586229304861842024e+02
2.468672883629252226e+02 2.469560948842969310e+02 2.465580947928779381e+02 2.474985746816684298e+02
2.484819746667433549e+02 2.486031267274434811e+02 2.476825755173549055e+02 2.493285581522321195e+02
2.535304780989785058e+02 2.541906033646428682e+02 2.519817357392185215e+02 2.544991790029721415e+02
2.544356448493324194e+02 2.548523270788043362e+02 2.532475000501354145e+02 2.558454227044765616e+02
2.499670017618430791e+02 2.506236387122866063e+02 2.492900170908768587e+02 2.512411598945214166e+02
2.471407452212500573e+02 2.471863039312505634e+02 2.462673600545575709e+02 2.477320761911302327e+02
2.600159885600033363e+02 2.616239899734623009e+02 2.580303606304601658e+02 2.614359883846576622e+02
2.479647004108185229e+02 2.481359055036199095e+02 2.474466563271129189e+02 2.483244314956583310e+02
2.452355895075977230e+02 2.453429715089188505e+02 2.443196796205035923e+02 2.455756918227807262e+02
2.550098722064972208e+02 2.551920982151475243e+02 2.537144569634076561e+02 2.555516160533080949e+02
2.622235785539390918e+02 2.616251652262493508e+02 2.601629821549258850e+02 2.629444451062053076e+02
2.501593839323421662e+02 2.505228603784363486e+02 2.491238109843860684e+02 2.506537949983439546e+02
2.487931423687952872e+02 2.492148567601783782e+02 2.475106213690775974e+02 2.500710650612878680e+02
2.455931938758961905e+02 2.457382972880697309e+02 2.447712557360818835e+02 2.458095533452348889e+02
2.727671651671380459e+02 2.738038516697867522e+02 2.708410372808159536e+02 2.734965970254037870e+02
2.502705736037371764e+02 2.503293448446892739e+02 2.498646957936754234e+02 2.508691745230829895e+02
2.681183021963877877e+02 2.671252384289511497e+02 2.641804984941802559e+02 2.681180586819820633e+02
2.488971334372180877e+02 2.490915606764159236e+02 2.477273093664781811e+02 2.495496367813354937e+02
2.709120173528526152e+02 2.709771914895226814e+02 2.669722954175178984e+02 2.715596681969512929e+02
2.554818964023299372e+02 2.552524909705439597e+02 2.535308932739486352e+02 2.561406983448795813e+02
2.450009158806585106e+02 2.452641789162312875e+02 2.447167954416647717e+02 2.456456995501737595e+02
2.611458786891476507e+02 2.611218502551296297e+02 2.577023045377443395e+02 2.615401517684687178e+02
2.541899882857708803e+02 2.548545135201540290e+02 2.524020302794181134e+02 2.559692025687698163e+02
2.870610823239934462e+02 2.863567245435301629e+02 2.829379386483772691e+02 2.865822943563242120e+02
2.465676735559482324e+02 2.462311586740328266e+02 2.465312174897292437e+02 2.471086719009082628e+02
2.474766532717716814e+02 2.479170268760418310e+02 2.464116802787759184e+02 2.476783908779698606e+02
2.559243180862806355e+02 2.554083743372319475e+02 2.543060593561224607e+02 2.566198897467314168e+02
2.511980899522484378e+02 2.517064644804985960e+02 2.504462725704003958e+02 2.527423458213630170e+02
2.505063569865183979e+02 2.510505655746900118e+02 2.497861327427729066e+02 2.511961926930361244e+02
2.662811470703924783e+02 2.664677996954775949e+02 2.637229273191226184e+02 2.657593231593965015e+02
2.496782942520771087e+02 2.498756202073066675e+02 2.487595451243234947e+02 2.502768743258818631e+02
2.758756563950927330e+02 2.758830193023879360e+02 2.741417772272089337e+02 2.765667317002320829e+02
2.513026694537877290e+02 2.516074995932930563e+02 2.506501338682849109e+02 2.518497645848465538e+02
2.669603455401235692e+02 2.670885099780621204e+02 2.638470165173039845e+02 2.672514778823641564e+02
2.717656451352416980e+02 2.725690758712994466e+02 2.688678672655839250e+02 2.722141648557795293e+02
2.489361726779063702e+02 2.496214521658132810e+02 2.488984986484658464e+02 2.498313515985115032e+02
2.513782918448777082e+02 2.525662985071609228e+02 2.505499070156129733e+02 2.523395753524774250e+02
2.497423294942609573e+02 2.499656903180749623e+02 2.491389547809705505e+02 2.504877528100130064e+02
2.746902612976310252e+02 2.743008480709821129e+02 2.722740391308417998e+02 2.757577537580966691e+02
2.627019549958560560e+02 2.636406491658064510e+02 2.605002534291795087e+02 2.638560211730357423e+02
2.823633295736542550e+02 2.834916779037750416e+02 2.814550050705783519e+02 2.827502021692546919e+02
2.459627758420830332e+02 2.465875681682217930e+02 2.461480265300699273e+02 2.469869632672861712e+02
2.564602750140472835e+02 2.566475182318262114e+02 2.543263723849320002e+02 2.572759642144474128e+02
2.520136288972049101e+02 2.520236925837198783e+02 2.511342963020557022e+02 2.524354617289089049e+02
2.595676453991860626e+02 2.598413490891722972e+02 2.568798083243038377e+02 2.603524297373348304e+02
2.842585051436363415e+02 2.845089088986055117e+02 2.811538874500990914e+02 2.840713816124098798e+02
2.665598981017596429e+02 2.672427124394878888e+02 2.647087365556361078e+02 2.679708845848335841e+02
2.671935755330079587e+02 2.669821932697834086e+02 2.627313945319812660e+02 2.678365404212968315e+02
2.468771256039572677e+02 2.465799468155807119e+02 2.460749429988527481e+02 2.473819587422343318e+02
2.480172206858137258e+02 2.482781112136374020e+02 2.472909723945487315e+02 2.488576880414071297e+02
2.599420040023321690e+02 2.611349012585271794e+02 2.583167876225365944e+02 2.624833353039950907e+02
2.519163282772969694e+02 2.517277466208348642e+02 2.507414053396469740e+02 2.527822933285765146e+02
2.498283320185390153e+02 2.498621831723452544e+02 2.493584091994011658e+02 2.505215869783674520e+02
2.464507173772039152e+02 2.466514679424930421e+02 2.455532054304270559e+02 2.472521978512573924e+02
2.702813258944566428e+02 2.687674527289626099e+02 2.659231474595876534e+02 2.691914755966758435e+02
2.486912875757577410e+02 2.486633954111423748e+02 2.481881441543884534e+02 2.486932011537307972e+02
2.488332464196434728e+02 2.490548585809335975e+02 2.479975768538668035e+02 2.494402606025253419e+02
2.854693747280317666e+02 2.868984953872036385e+02 2.834109208779496498e+02 2.866888810239449299e+02
2.732825288135656479e+02 2.733183164403614569e+02 2.704350414336275321e+02 2.744340358045237167e+02
2.521401027327439692e+02 2.518826364005839480e+02 2.508988108472618421e+02 2.523442648350961690e+02
2.786125157344525292e+02 2.792562793070850375e+02 2.763223304695756042e+02 2.800090302589323983e+02
2.504561801665137182e+02 2.510773861184263751e+02 2.491682951555440866e+02 2.511210771710787242e+02
2.475106048356951192e+02 2.480185988207425964e+02 2.469878158557941958e+02 2.490724826418323801e+02
2.659454545196630875e+02 2.652020423949392125e+02 2.632144712481686497e+02 2.672728791539200301e+02
2.638378120191341054e+02 2.637048240502990666e+02 2.620910235608735093e+02 2.637255272396656096e+02
2.507447879057425837e+02 2.514367519098290984e+02 2.497882506272134719e+02 2.517699326438298328e+02
2.486915128008892566e+02 2.492843629381836195e+02 2.487558221500806610e+02 2.493310781423053015e+02
2.611030885935109040e+02 2.620392161267793654e+02 2.589870678713093071e+02 2.629610767081401832e+02
2.475997409653068928e+02 2.475973723366211345e+02 2.468272504034528936e+02 2.484806246819642297e+02
2.504587213055573329e+02 2.510683763482029178e+02 2.494448506348158219e+02 2.520353237595238909e+02
2.478803613553430978e+02 2.480421854033849627e+02 2.472544847274092490e+02 2.482684845244237977e+02
2.642623871049977424e+02 2.639591737413737746e+02 2.607822405278791962e+02 2.647494209189635512e+02
2.548323918588954768e+02 2.550033936175678093e+02 2.532368583107704865e+02 2.558511814000004563e+02
2.473198493891081853e+02 2.477206093956453401e+02 2.467821570884065636e+02 2.478227722481532851e+02
2.537304103397424910e+02 2.536229740559436436e+02 2.523138391549370567e+02 2.534990588842293278e+02
2.499345293381700515e+02 2.504866896717042550e+02 2.479500169530879532e+02 2.509801556448873043e+02
2.607962377327638137e+02 2.616162733695384190e+02 2.578803252299850897e+02 2.618577172084622475e+02
2.508483813999604308e+02 2.504023407256727296e+02 2.497629636878285453e+02 2.514589528886217806e+02
2.591872408154532081e+02 2.590091212497126776e+02 2.567913909698555130e+02 2.597109535434613576e+02
2.740962401270851387e+02 2.744426291115084382e+02 2.718155229855365747e+02 2.753256266264515375e+02
2.472799365418672721e+02 2.472262524202036502e+02 2.470221974065847519e+02 2.481688769645948298e+02
2.691604451299326115e+02 2.702238008417004949e+02 2.658190387064880724e+02 2.701864807380756588e+02
2.877999460354074586e+02 2.881839002445929623e+02 2.868346550063655513e+02 2.895834329825537452e+02
2.764942042112558056e+02 2.749716170380696667e+02 2.726634014812290161e+02 2.757970075120233560e+02
2.619111331790895179e+02 2.622947475159307373e+02 2.604347772150695164e+02 2.633756012972074245e+02
2.494083592984433722e+02 2.493169412485439693e+02 2.492156407146360380e+02 2.502966948397142914e+02
2.922056232430184082e+02 2.923998406869374094e+02 2.907438172051442393e+02 2.914899133998903835e+02
2.579615560153004594e+02 2.581136196388926578e+02 2.556396113399697754e+02 2.588438858321188150e+02
2.531852809773840534e+02 2.529559367290532066e+02 2.513417060943928618e+02 2.531943131687322648e+02
2.782852669435832809e+02 2.793411773576826249e+02 2.772254994365013090e+02 2.799745208535121606e+02
2.499389337743377268e+02 2.495481624313270288e+02 2.483357519443432011e+02 2.505246043176695707e+02
2.558340187365755298e+02 2.560647363394759850e+02 2.543618787376640000e+02 2.561107564385749811e+02
2.636449970265812226e+02 2.634834011511632639e+02 2.614655013442479685e+02 2.645755469934794633e+02
2.465456263503521370e+02 2.468550200706681892e+02 2.456684450934876622e+02 2.479165227480681608e+02
2.535881421079368181e+02 2.541145900886341167e+02 2.513502970629544961e+02 2.534274283682597115e+02
2.478062672564172999e+02 2.480198700628206154e+02 2.472900724252482973e+02 2.482181548604392844e+02
2.461859502382211247e+02 2.465479952698435682e+02 2.458732448287690886e+02 2.470193061445032470e+02
2.660235947639323513e+02 2.678447127857870100e+02 2.635081155685592762e+02 2.670204770759691542e+02
2.482340830369093965e+02 2.482871474672755312e+02 2.475404224296779034e+02 2.491203232253835154e+02
2.464214990128649845e+02 2.464858270370698392e+02 2.460403279126578298e+02 2.463686945563327413e+02
2.563029786775790058e+02 2.568663786751367866e+02 2.540265192602773539e+02 2.569991432934601221e+02
2.518226784170560109e+02 2.520564243550657864e+02 2.503542566937904610e+02 2.522470637741434984e+02
2.659559268539495633e+02 2.667369068000355128e+02 2.641000587524937941e+02 2.676697552816957568e+02
2.567761175642904163e+02 2.575014232273363177e+02 2.558285045730861498e+02 2.589145589795144247e+02
2.479638663246085173e+02 2.480261889741327366e+02 2.467869554712649460e+02 2.487544985596740332e+02
2.773776283753336998e+02 2.775010232477106342e+02 2.731750200421810746e+02 2.769356287718288172e+02
2.451911157552176235e+02 2.458490226516406665e+02 2.447566414642028008e+02 2.467222062882725595e+02
2.506210373537481360e+02 2.511960929700734653e+02 2.501029955452592048e+02 2.513749164074244220e+02
2.525154203303591487e+02 2.523909685055569128e+02 2.520907868738951549e+02 2.524106207841498701e+02
2.527997397063336109e+02 2.533004828631191003e+02 2.526058197214443055e+02 2.542919263939270422e+02
2.504553938568055571e+02 2.501680464281226364e+02 2.492504419692414501e+02 2.510301789078009449e+02
2.526197186754709492e+02 2.529922076147539372e+02 2.513329058613880420e+02 2.540780318322542257e+02
2.519313816802344945e+02 2.518618985895631113e+02 2.509733413579964747e+02 2.529879722052149873e+02
2.666483096472207990e+02 2.678394365120221323e+02 2.641502876595848193e+02 2.683733513288074164e+02
2.473802773893902440e+02 2.477300630934967387e+02 2.474352931525795043e+02 2.477398284876455534e+02
2.554882361646081108e+02 2.560107883060131257e+02 2.538113895573564491e+02 2.559825365399545660e+02
2.498790422862485912e+02 2.500951015036975207e+02 2.498411751701520984e+02 2.501532825852667656e+02
2.564369974812746591e+02 2.568804910604548581e+02 2.545136822936830754e+02 2.576719338582809087e+02
2.467748547188705572e+02 2.463431967782895526e+02 2.451407975692428636e+02 2.470581081361654014e+02
2.607766876290377240e+02 2.610194732160092030e+02 2.580900221021997254e+02 2.618546240783905432e+02
2.509379826285119464e+02 2.511056284450139913e+02 2.490162218081934213e+02 2.515475404662644792e+02
2.664121116925878709e+02 2.662231539211241511e+02 2.633176894612570322e+02 2.665829522951389663e+02
2.488621362451463312e+02 2.487404102255289331e+02 2.484764655911041018e+02 2.490301258558978645e+02
2.805985294016726925e+02 2.807918050490613950e+02 2.771405476399787631e+02 2.819000898150142689e+02
2.921008885217778470e+02 2.919990332875357808e+02 2.895934538864343040e+02 2.915923216903585740e+02
2.708345586487370724e+02 2.708664769349908852e+02 2.682949852359984106e+02 2.720382599219598774e+02
2.530477534576547782e+02 2.526875830361210546e+02 2.515486293652119798e+02 2.538738541981251728e+02
2.472428636266990623e+02 2.476596647845262567e+02 2.468074037780492631e+02 2.480621998874353551e+02
2.790587229555118824e+02 2.796014655737327530e+02 2.760336447905920068e+02 2.794667056494935196e+02
2.842813846766455299e+02 2.837453746859449666e+02 2.810511201386771631e+02 2.842230483776056644e+02
2.441322562281434614e+02 2.442235515698480128e+02 2.434874026947549055e+02 2.445114683327250020e+02
2.557384783239997148e+02 2.562981169057673014e+02 2.542241403625563407e+02 2.572489445594507060e+02
2.505342481634115472e+02 2.505333286752188258e+02 2.501273604209319217e+02 2.505136861490445028e+02
2.452392136040163280e+02 2.456154953984825511e+02 2.446757100536009375e+02 2.459230676760823542e+02
2.507200114910931177e+02 2.505656592950916490e+02 2.497311205956006006e+02 2.510339797249538663e+02
2.517031826696374708e+02 2.518407774769145533e+02 2.506630108947447582e+02 2.520597232501073677e+02
2.526507566825675610e+02 2.525347166612868079e+02 2.513807201255926600e+02 2.531493448116655145e+02
2.475598470636285242e+02 2.478951245470407230e+02 2.470284108087193147e+02 2.482399680730024727e+02
2.497746841478155204e+02 2.496413796863423613e+02 2.485306750420662922e+02 2.508362958095196689e+02
2.505969094288397514e+02 2.507184323768175602e+02 2.496031698543798427e+02 2.511460826225663823e+02
2.448713025983292937e+02 2.451008946683199383e+02 2.442354663354068691e+02 2.456512294702861539e+02
2.495546503562064800e+02 2.495222383143812408e+02 2.479823614945931070e+02 2.507715656384114027e+02
2.478814899871489672e+02 2.479557976548276770e+02 2.472794407111949795e+02 2.486247748762958452e+02
2.586727419427602968e+02 2.578784255769127185e+02 2.557927595710347930e+02 2.590271876508660966e+02
2.474068578794547761e+02 2.471582096052060820e+02 2.468061009134252402e+02 2.476596407498302028e+02
2.578790233634798028e+02 2.583763362851177021e+02 2.563889486517335854e+02 2.588709609908831339e+02
2.532202666730978819e+02 2.531415503054246585e+02 2.511907726194728241e+02 2.542365246764628068e+02
2.543962958032562653e+02 2.545425358495986927e+02 2.528033388360964864e+02 2.550440359604963021e+02
2.789553421732182414e+02 2.807284334425288534e+02 2.771601480013537753e+02 2.798805387681746311e+02
2.487709096854046891e+02 2.489992842225141771e+02 2.472356393736655207e+02 2.494426016515756430e+02
2.471711978295712697e+02 2.472823065923636250e+02 2.469060652180150157e+02 2.479046771370237536e+02
2.465369978423443342e+02 2.462946967514281766e+02 2.456902068994161255e+02 2.473958865315169362e+02
2.590934306050349392e+02 2.603027266797039943e+02 2.577982831302061300e+02 2.614773727242914561e+02
2.506039001040790595e+02 2.504931513573962150e+02 2.490815158180492972e+02 2.502428541440795584e+02
2.485457550690012738e+02 2.493226635306160119e+02 2.470660083399082225e+02 2.496451906367684330e+02
2.610344060687052092e+02 2.616788400445969955e+02 2.581390189599922564e+02 2.622581686994109305e+02
2.463814906367053084e+02 2.468771148103274413e+02 2.461251594973246029e+02 2.471490504648309638e+02
2.517201208952625962e+02 2.522980340479676897e+02 2.510615782843069894e+02 2.526018595355432126e+02
2.750346716633991946e+02 2.764635890694681279e+02 2.713231707788735321e+02 2.760951532764345870e+02
2.685651813186912591e+02 2.696980005539981562e+02 2.664519061997455083e+02 2.691812481322014605e+02
2.517663172455742995e+02 2.527866713042509730e+02 2.505052482027534779e+02 2.533316276264967541e+02
2.891076119432004248e+02 2.887874958041052764e+02 2.868475027332424929e+02 2.896916621555556617e+02
2.521053876225912802e+02 2.520120343016751292e+02 2.501909077647113406e+02 2.523496236314989289e+02
2.507227969360242525e+02 2.503568639607773036e+02 2.501727146891597329e+02 2.516322980256246069e+02
2.532009646675202532e+02 2.532650194841697839e+02 2.522709906645201272e+02 2.539536229701391790e+02
2.471503207069544601e+02 2.478040560552707063e+02 2.465078999083074223e+02 2.478208742911691047e+02
2.486511856726752114e+02 2.486629744863970473e+02 2.479676992118302508e+02 2.489409401344792059e+02
2.581705640335954968e+02 2.586200051313301742e+02 2.553917079738539258e+02 2.589635172201573710e+02
2.449988227927093192e+02 2.453592561821591573e+02 2.437023746403163500e+02 2.457595005697656916e+02
2.624558792545890924e+02 2.630602396126329268e+02 2.593107080539930394e+02 2.627396214172883901e+02
2.736421655890298439e+02 2.729163161657066325e+02 2.702590675660484862e+02 2.740694882910416936e+02
2.854406854265485549e+02 2.852747362364216883e+02 2.827869316434138227e+02 2.864915979038148635e+02
2.570602259951796782e+02 2.575092819373622319e+02 2.552929195358473180e+02 2.579526337784220686e+02
2.478921233566100284e+02 2.476657420376103005e+02 2.473778569567334102e+02 2.484638071804104698e+02
2.483069081259197048e+02 2.486948316587115073e+02 2.475624539203490997e+02 2.488891396734030934e+02
2.487175518749848777e+02 2.488146911380667348e+02 2.484265481608611879e+02 2.492032645927975523e+02
2.615319121705728094e+02 2.612804924673739606e+02 2.585611613319574076e+02 2.625191172560360542e+02
2.678694521654750247e+02 2.673317910237807382e+02 2.631645431506940440e+02 2.690714658771185555e+02
2.927808261196985313e+02 2.939342147760593775e+02 2.923676433678762123e+02 2.938113435689661515e+02
2.606429462123796839e+02 2.609580120452386609e+02 2.582843794878129984e+02 2.619198337101807397e+02
2.495516264649714913e+02 2.499120992726875841e+02 2.487948753886338977e+02 2.502720132178403958e+02
2.604373684260444861e+02 2.613290076222889411e+02 2.592711459797475868e+02 2.618525940869927240e+02
2.457989013977682475e+02 2.466238086665989897e+02 2.457838909803820115e+02 2.469411994194686315e+02
2.696639405016208002e+02 2.713408571661153132e+02 2.678370982635661903e+02 2.723113876279902570e+02
2.495632439376275897e+02 2.496621096565163498e+02 2.485996828908517102e+02 2.502269237116065881e+02
2.712080904214098496e+02 2.717602515653509272e+02 2.689452650434180896e+02 2.713251836526086436e+02
2.606135104047967843e+02 2.610915905023003347e+02 2.584905259723290101e+02 2.624168272790704464e+02
2.596058417479749210e+02 2.589353144705675618e+02 2.570604871591922347e+02 2.601567137975005153e+02
2.505832129056773283e+02 2.507367899921185312e+02 2.503144627905438142e+02 2.514184952025948974e+02
2.569089547076134750e+02 2.573731043859032184e+02 2.554269815473282961e+02 2.574867167359811333e+02
2.506511537318307319e+02 2.508794511994892105e+02 2.500737621946096283e+02 2.513560057978769748e+02
2.555482707869340686e+02 2.556865529212344939e+02 2.542300036611487144e+02 2.558019336880853984e+02
