2.543028898005823919e+02 2.545529386206756328e+02 2.534185107486233619e+02 2.550247301254284480e+02
2.648031940080828690e+02 2.651243929235457699e+02 2.625233381636638796e+02 2.654791916278268786e+02
2.907494123105873314e+02 2.914096512838839885e+02 2.867350557815682350e+02 2.905866814015024033e+02
2.545044373005278260e+02 2.546830620298571262e+02 2.533687294154122469e+02 2.545059465622569803e+02
2.530568400504681108e+02 2.533136005744938473e+02 2.519694941581467162e+02 2.538478241859075979e+02
2.511168973109406011e+02 2.511528726196448247e+02 2.501936127265405219e+02 2.518433194216336517e+02
2.601515273559222692e+02 2.604496633730539656e+02 2.588382736088718730e+02 2.609171832644746587e+02
2.657086464328395436e+02 2.669627043550807457e+02 2.634027731117199096e+02 2.661427101126582215e+02
2.572825013947021375e+02 2.578336148686061620e+02 2.558174514605320837e+02 2.582678157094425160e+02
2.484460185294479118e+02 2.488906990747089765e+02 2.475645862421033598e+02 2.491068892490092708e+02
2.485569549171650863e+02 2.488346673921439844e+02 2.482944641661681260e+02 2.495655489002342620e+02
2.540410724822897919e+02 2.545435691348146179e+02 2.528880869727265690e+02 2.549094579879342461e+02
2.734549875188112651e+02 2.747256650869716736e+02 2.715719005744404058e+02 2.744463475529505558e+02
2.590187316121038634e+02 2.600898180869604630e+02 2.573690911286096252e+02 2.594817272761044364e+02
2.599291920018721385e+02 2.594758161469194988e+02 2.580464070129201559e+02 2.607139610893954682e+02
2.678453514832690985e+02 2.679615166462642719e+02 2.646067126117271187e+02 2.681678706576601598e+02
2.499659751193843817e+02 2.498865613993171166e+02 2.489638817250580871e+02 2.503276554130655711e+02
2.577713107734323330e+02 2.589168605139372517e+02 2.559447314527946560e+02 2.589740107832768672e+02
2.669018692224123015e+02 2.679393751370324708e+02 2.642377894947675259e+02 2.684825458027969489e+02
2.475426343034830552e+02 2.478857818147961325e+02 2.473521672464450205e+02 2.486171784132142477e+02
2.866969748459350740e+02 2.869736763940166497e+02 2.854120065936046444e+02 2.864898177405281672e+02
2.505837443902076416e+02 2.503390804625030910e+02 2.495893844065813312e+02 2.511285677627201096e+02
2.527035917360498729e+02 2.524996930377939179e+02 2.518665889105046176e+02 2.528842692624588437e+02
2.583967237901512704e+02 2.599232738169362733e+02 2.569739470999336959e+02 2.593713795792116343e+02
2.512180613635200359e+02 2.510385608923497500e+02 2.502433886842204345e+02 2.514551301056460773e+02
2.596703863080492170e+02 2.604913498982350006e+02 2.581704268901746104e+02 2.613731840613859276e+02
2.947580615299002602e+02 2.960513003409594148e+02 2.945873259865273894e+02 2.937081151022766221e+02
2.524133483415267563e+02 2.528368173544178319e+02 2.512480327519197942e+02 2.529218826470396664e+02
2.519749136045175817e+02 2.521908606937071511e+02 2.506054583221431074e+02 2.524257290216383467e+02
2.517915144580865388e+02 2.517529068173449787e+02 2.512913814508706594e+02 2.520257598757434039e+02
2.478523251727217769e+02 2.482127948313518004e+02 2.471601500051210678e+02 2.480560615885887614e+02
2.487369036673498215e+02 2.493254587921208554e+02 2.485763941491647415e+02 2.493782483748362608e+02
2.532915489048843654e+02 2.537364829350027264e+02 2.520508726431871480e+02 2.547493933862710378e+02
2.533393919743403728e+02 2.536139769738902885e+02 2.528894977599397293e+02 2.535931895612020526e+02
2.521731487831539766e+02 2.521367485357640703e+02 2.508184271736975859e+02 2.529609900751400744e+02
2.596895942889512980e+02 2.600607447753857855e+02 2.573700969029960675e+02 2.604759281084469649e+02
2.620358679201349332e+02 2.614581472199050722e+02 2.592881396753087415e+02 2.629143742814280245e+02
2.637942179260266471e+02 2.641661015860283328e+02 2.610593898779426354e+02 2.654357191382873680e+02
2.491854568393400768e+02 2.490934683600187043e+02 2.487941554725851176e+02 2.498024296806100040e+02
2.559847147536191585e+02 2.564524770753902772e+02 2.555798101685552979e+02 2.571855711684907533e+02
2.638596122665416601e+02 2.640926050526452968e+02 2.611528191648234838e+02 2.647863256141837383e+02
2.556781578012526097e+02 2.558333061467133120e+02 2.538789620789662251e+02 2.562734037862699665e+02
2.532075849779870396e+02 2.535238378810728079e+02 2.516663913653898987e+02 2.545327142302480183e+02
2.552060962967440503e+02 2.551410290189980685e+02 2.543300913401407399e+02 2.564642283076487388e+02
2.517768612158840540e+02 2.515546075342224412e+02 2.509097911066951099e+02 2.520542862433596270e+02
2.589160053636246630e+02 2.593379102724029508e+02 2.576084757082419401e+02 2.600913031650241578e+02
2.497815300045770357e+02 2.499884191109295273e+02 2.499680619803305888e+02 2.505996212013151876e+02
2.461952898100553000e+02 2.462752326598377124e+02 2.459012027568111023e+02 2.468190034119089091e+02
2.567035778235664338e+02 2.572951932245110811e+02 2.547280300432709623e+02 2.581998260179883573e+02
2.514171196239828419e+02 2.513192560383056673e+02 2.501791439139201714e+02 2.515937115643060054e+02
2.505262306133110428e+02 2.508840947868112607e+02 2.500215434060343114e+02 2.514725009741960093e+02
2.786463489146747747e+02 2.776179973370741436e+02 2.747181375578851430e+02 2.778600237556990464e+02
2.549582683598294466e+02 2.545722082755064264e+02 2.531048746541548269e+02 2.554001961105952034e+02
2.518709741465609682e+02 2.520749143808853319e+02 2.513483104572285640e+02 2.522736440699935940e+02
2.629967552242183615e+02 2.635251411359400890e+02 2.611177566953094242e+02 2.634798982646944978e+02
2.607743553919474948e+02 2.619194786774738759e+02 2.582568771420607732e+02 2.624138444567234387e+02
2.556081252760316147e+02 2.557710237046078987e+02 2.539260083058238422e+02 2.558725696727047136e+02
2.701452405085142345e+02 2.684397883259988475e+02 2.654980239585252662e+02 2.685802684059728449e+02
2.544554353451676718e+02 2.541517108940474543e+02 2.540032686485766078e+02 2.547586947938518733e+02
2.483690749140409650e+02 2.487759419911552641e+02 2.472355096755929935e+02 2.491618119513782119e+02
2.518557833982603711e+02 2.516038179133325912e+02 2.505991468932456030e+02 2.523560341897568833e+02
2.547496868971395827e+02 2.555175409161428774e+02 2.526416540793891556e+02 2.552338498991787219e+02
2.516519722116787534e+02 2.517802648337243454e+02 2.504532843153137947e+02 2.522179302377638805e+02
2.457429887322596755e+02 2.460879000769069762e+02 2.451705957062498271e+02 2.463195000410672435e+02
2.593810650662953776e+02 2.609153506181928037e+02 2.573982675251156138e+02 2.602899964569114672e+02
2.561385798110891869e+02 2.571307012268183030e+02 2.543833471763819887e+02 2.569979048553014422e+02
2.491490655780426096e+02 2.498741894696071597e+02 2.485793407997252871e+02 2.498850778629090428e+02
2.480292848793736198e+02 2.478153876640680835e+02 2.472000028971088454e+02 2.485188481632374646e+02
2.597300021042876779e+02 2.612102499663452591e+02 2.585402197646768059e+02 2.609568923722674185e+02
2.754179602899496331e+02 2.791612651132667224e+02 2.737148057709693489e+02 2.777137607455487682e+02
2.472413948283872855e+02 2.474017882044148280e+02 2.464346401809529823e+02 2.483203670446886520e+02
2.457128103607293497e+02 2.458699082021334732e+02 2.449931365638422278e+02 2.463806999319743340e+02
2.539655665088067735e+02 2.551920409223831143e+02 2.527359840842683809e+02 2.551425339559739029e+02
2.527157236794301411e+02 2.522649958163496535e+02 2.511602129834187451e+02 2.529584568772951343e+02
2.549624313695225908e+02 2.553142944868683912e+02 2.537289364563178538e+02 2.559317217916697302e+02
2.712137932432312368e+02 2.721764417455690364e+02 2.675073556368929530e+02 2.724057294344407865e+02
2.576827969488086865e+02 2.579680521241621705e+02 2.557732148322799048e+02 2.583690569943530591e+02
2.561217473872628148e+02 2.577607115563506568e+02 2.548940257455598442e+02 2.573149986470868953e+02
2.911696853020072240e+02 2.914143298453859643e+02 2.887708919553928695e+02 2.909061035735840051e+02
2.486486759739850925e+02 2.485315939503063873e+02 2.471729503507700656e+02 2.491221966471760538e+02
2.506242285747916867e+02 2.506001713830775657e+02 2.501401188030628191e+02 2.507567393689603534e+02
2.551097280722148355e+02 2.550593666545365181e+02 2.537876828820475339e+02 2.558768348075354027e+02
2.548833973104866004e+02 2.551580519542076217e+02 2.535888028581348976e+02 2.555522264105316594e+02
2.526968323414464805e+02 2.527307128814129840e+02 2.523178052115407013e+02 2.531178460209418688e+02
2.500054102038391761e+02 2.503017883282204252e+02 2.486342048503682634e+02 2.507408904670433856e+02
2.466458609667427027e+02 2.465582487469409898e+02 2.461057023206446388e+02 2.468964076162695278e+02
2.490483589097602533e+02 2.496767694888245330e+02 2.487061927044817651e+02 2.499443229481910294e+02
2.596774964276597188e+02 2.588746933273885702e+02 2.566492133705377228e+02 2.610304101088998436e+02
2.673318781722658741e+02 2.672915458949221374e+02 2.652245715393268597e+02 2.668150877706939923e+02
2.563834717929198632e+02 2.565279632308247528e+02 2.543405570898894723e+02 2.574672566791724648e+02
2.533223695748677642e+02 2.540807407633623711e+02 2.515367742002663931e+02 2.538417790222604822e+02
2.482743543021542791e+02 2.481218173043691877e+02 2.474335763963400439e+02 2.482971750259851547e+02
2.621019991004482677e+02 2.626523066097373658e+02 2.608155137569974045e+02 2.631192709439611690e+02
2.491206465509382042e+02 2.505174276408448293e+02 2.482729103675850126e+02 2.499657316328191143e+02
2.568131443553472195e+02 2.564789545199686813e+02 2.551508831543428926e+02 2.576364074267718820e+02
2.472214977789795682e+02 2.472839114103108500e+02 2.460499820007703420e+02 2.478757149365001169e+02
2.642840909288697731e+02 2.651679380470167757e+02 2.615215998043158265e+02 2.653722429564484742e+02
2.675458645343620674e+02 2.686546845254703157e+02 2.652896046634842833e+02 2.681146092553100857e+02
2.736482332184169763e+02 2.737515872663118444e+02 2.716654888362866132e+02 2.738763513367124460e+02
2.466395440121289369e+02 2.463803099332340878e+02 2.455672304081765276e+02 2.465573980954266915e+02
2.486807156077954630e+02 2.484312297534920901e+02 2.474348518624854307e+02 2.486804294422800865e+02
2.515347027767066947e+02 2.519847798127041472e+02 2.504028491381516233e+02 2.515536729914256568e+02
2.556545136254894999e+02 2.557711540164411588e+02 2.538973741193612454e+02 2.562618325988453876e+02
2.463583784459358412e+02 2.460427041670639596e+02 2.452492483883538910e+02 2.473057627777099015e+02
2.517914928277698721e+02 2.516767375367566899e+02 2.505448106538253228e+02 2.528456574444327316e+02
2.529387282502937069e+02 2.527000994027171714e+02 2.511120179678516138e+02 2.532270940768951846e+02
2.512001905323799349e+02 2.511312242177130543e+02 2.502008525608251261e+02 2.521776291515290609e+02
2.839037640507833089e+02 2.856523076413178046e+02 2.823712242735293216e+02 2.837026391969040446e+02
2.498362756341107911e+02 2.492778196648500852e+02 2.483248938153000154e+02 2.507045843512940735e+02
2.546348555718394380e+02 2.550067618139936485e+02 2.534517575576862214e+02 2.557269152591597674e+02
2.497598272016959413e+02 2.498048885371295569e+02 2.489441248372800146e+02 2.503076989995173278e+02
2.504284275309881309e+02 2.508999392433730407e+02 2.496773681217224237e+02 2.508154161499633688e+02
2.508822824225562726e+02 2.515410535974598361e+02 2.498612284539721315e+02 2.523967791074712466e+02
2.499476493916259017e+02 2.500411273451269096e+02 2.486725301742910119e+02 2.508329200625820761e+02
2.695569144204127952e+02 2.694358037503063770e+02 2.671591463303052478e+02 2.699363475714735046e+02
2.517267983320051599e+02 2.521944658102399330e+02 2.505852524988357573e+02 2.524471737602997621e+02
2.548284548974332040e+02 2.551182989823483354e+02 2.531038228628928550e+02 2.555286800798413651e+02
2.485329273053527004e+02 2.487826269932028538e+02 2.485061602797425451e+02 2.490521010598903899e+02
2.483844216865806800e+02 2.493298796456074911e+02 2.477154087933813855e+02 2.491004254695188536e+02
2.673072310024994067e+02 2.672554461467854594e+02 2.653642652937089679e+02 2.671968894292914456e+02
2.536639002115653341e+02 2.539846917948461282e+02 2.527380171203623149e+02 2.543065241275596122e+02
2.521493456350755480e+02 2.524048204097260850e+02 2.507549948236059265e+02 2.528187157567163865e+02
2.499216965550365614e+02 2.498999052439591537e+02 2.492151574028657706e+02 2.503691668195149305e+02
2.521693156357972043e+02 2.528780520271073726e+02 2.509199550702018371e+02 2.534875528842512438e+02
2.731927689976179749e+02 2.738880949808084893e+02 2.710210478163266430e+02 2.742412453727039292e+02
2.651673782203284304e+02 2.666485788018674725e+02 2.636101216368916198e+02 2.670310402553365634e+02
2.490307720740122477e+02 2.492174805336738643e+02 2.486618861946111565e+02 2.497644485249621198e+02
2.733384175872774904e+02 2.751142931863939793e+02 2.703132927219628527e+02 2.738554888018811084e+02
2.490684941194130033e+02 2.493241353929369950e+02 2.483295575824278671e+02 2.496495347973969672e+02
2.461850955713189819e+02 2.464411324413698026e+02 2.455072214561025135e+02 2.467113699061279704e+02
2.495470369821566976e+02 2.494441200234539906e+02 2.485743634979528167e+02 2.497060921060793817e+02
2.690790393585651827e+02 2.697542251895287677e+02 2.667024080756158924e+02 2.703608207234967722e+02
2.610509473831387481e+02 2.623151405143827333e+02 2.596821437849667404e+02 2.621392590532363442e+02
2.518050255360395795e+02 2.520836325415475869e+02 2.505657330754480085e+02 2.526853197680665915e+02
2.499914957828697482e+02 2.503495511004271918e+02 2.493822935970532626e+02 2.504301077442914618e+02
2.588424857041222253e+02 2.584182429590042602e+02 2.565280624531550302e+02 2.589280756156883854e+02
2.606205089900627172e+02 2.614677880712201841e+02 2.599811242004782343e+02 2.620609619107837602e+02
2.580691978783266336e+02 2.589263355876395281e+02 2.561029628094893269e+02 2.601623304106396404e+02
2.482285660008162438e+02 2.484057667549314772e+02 2.473488919708514402e+02 2.487845273352866968e+02
2.503125899544074855e+02 2.504104078699979539e+02 2.499474316903169608e+02 2.503375901274358455e+02
2.830803815869240339e+02 2.830185917352900447e+02 2.790145842689931897e+02 2.836478998509215899e+02
2.571643120849200841e+02 2.572631959634233567e+02 2.558105473633071654e+02 2.577750042384184326e+02
2.670085556780259708e+02 2.670270013325517766e+02 2.648961782013752781e+02 2.672022630764316204e+02
2.750577575158818036e+02 2.767686591501131375e+02 2.728788383037511380e+02 2.763375176675259581e+02
2.483770752066605496e+02 2.492308634849055977e+02 2.478376584729444403e+02 2.501628179563323613e+02
2.608646209560145621e+02 2.609291417888226761e+02 2.586770054381046293e+02 2.604151728962969514e+02
2.663324757151291919e+02 2.667169461699101021e+02 2.630586981457077513e+02 2.678336524393542959e+02
2.697968737412176097e+02 2.716744085961623227e+02 2.674993534482059090e+02 2.712231995294274043e+02
2.521198177050210063e+02 2.535714097084967591e+02 2.505613087109171317e+02 2.529040043844572381e+02
2.680661019571997485e+02 2.683266487389994950e+02 2.659976269395224904e+02 2.683609156268360039e+02
2.486367800201026910e+02 2.491383430481659502e+02 2.479502296924935365e+02 2.489917222070050400e+02
2.480879153787982432e+02 2.473438728662525818e+02 2.471868336692736534e+02 2.484877999296825521e+02
2.493654581295494381e+02 2.496544541022711314e+02 2.489445411800008117e+02 2.500292830182829107e+02
2.607326591755024197e+02 2.608274668372432643e+02 2.594689052905227413e+02 2.611350033233758836e+02
2.559360669305347926e+02 2.562635571724586612e+02 2.537946791701279210e+02 2.567594740741712371e+02
2.542205517651383673e+02 2.553091497808065640e+02 2.535579293149359614e+02 2.559083942495523445e+02
2.656412683525867351e+02 2.662183855303695736e+02 2.634155643314078361e+02 2.657691450612796302e+02
2.632366825825732235e+02 2.632782685539779095e+02 2.607513275065654739e+02 2.636319050843228524e+02
2.479014166771380303e+02 2.486365561073841377e+02 2.472630332386673615e+02 2.487980442827764591e+02
2.510401083930238713e+02 2.508378524059124857e+02 2.498525722803741473e+02 2.512535430681055573e+02
2.536395923355832736e+02 2.534242175324698394e+02 2.520527135353989934e+02 2.543679571896275604e+02
2.468839003958656519e+02 2.471562169649029386e+02 2.459472812277065543e+02 2.478553688996466633e+02
2.511704061492898745e+02 2.512290751451711515e+02 2.497545647986697475e+02 2.517833336296191078e+02
2.503066770846975260e+02 2.504220246644024996e+02 2.483069474597699866e+02 2.509814111294934094e+02
2.579396528353004783e+02 2.594383210217249598e+02 2.561830388719951657e+02 2.589769461425531176e+02
2.678942622205703401e+02 2.672303909581667085e+02 2.640899114363386389e+02 2.681718427069750419e+02
2.570429428003949397e+02 2.575227509191932427e+02 2.552225584497589921e+02 2.578306976243261488e+02
2.583890796865534298e+02 2.579667605315005403e+02 2.558998668262012472e+02 2.589885237593796887e+02
2.503487727722866794e+02 2.504863076606666255e+02 2.487753396476694263e+02 2.511906412630403906e+02
2.503186466516900168e+02 2.507225178682024591e+02 2.498869315458279630e+02 2.511124573454719382e+02
2.612735719569900539e+02 2.614978025334337417e+02 2.575067103020476225e+02 2.614053808772110870e+02
2.558476057033321354e+02 2.558771845161750207e+02 2.544084829539039845e+02 2.561161784686433975e+02
2.480519602398948109e+02 2.487943902201694186e+02 2.476732399623055016e+02 2.488257752052054741e+02
2.546931158878068970e+02 2.549278060263548298e+02 2.533804576970729556e+02 2.550070968274924041e+02
2.519406920457062142e+02 2.518988777177894178e+02 2.509187377984997909e+02 2.521315742272591365e+02
2.499692007593093024e+02 2.500567740781571899e+02 2.492106618462997289e+02 2.500128684379519939e+02
2.777129249028857885e+02 2.781896726135070708e+02 2.752907827843781092e+02 2.783336977423925873e+02
2.624515407445928190e+02 2.618693674219692298e+02 2.605791249231614870e+02 2.622018969924444605e+02
2.677642380024924478e+02 2.683869318900370331e+02 2.653688241913790762e+02 2.686787451257969224e+02
2.483492377606956438e+02 2.490742521171052317e+02 2.477150946619654519e+02 2.491145584754264632e+02
2.506519102277999309e+02 2.510175759195556964e+02 2.496061458663983217e+02 2.511136343716127897e+02
2.515250863618956316e+02 2.519455353509930546e+02 2.501259842116619723e+02 2.519780035067630024e+02
2.494519773659457940e+02 2.498554826947156187e+02 2.485597974812779398e+02 2.495107310216532994e+02
2.502272599760570415e+02 2.503231385630722343e+02 2.496784955202516301e+02 2.507855692402573027e+02
2.617938105292770388e+02 2.625970908513730819e+02 2.599869205174264835e+02 2.630915484450465556e+02
2.479963318486167054e+02 2.477273745555453388e+02 2.472980452247696235e+02 2.481024217770821565e+02
2.492192399000652756e+02 2.498649703534132982e+02 2.482074237059585187e+02 2.503202452266177431e+02
2.499029930830787407e+02 2.501604455614018434e+02 2.487199105096645155e+02 2.507233699965927087e+02
2.513192994291588320e+02 2.514786713878368403e+02 2.506542409430450675e+02 2.517733172487037052e+02
2.528654034546955529e+02 2.526142839849844393e+02 2.506937084997448437e+02 2.530356111432799935e+02
2.502953464369844596e+02 2.513383160716201985e+02 2.498648444214513233e+02 2.519762508126937917e+02
2.516542496619234441e+02 2.517142593676339288e+02 2.501513460229543284e+02 2.531269878584436981e+02
2.471093561431065098e+02 2.473960055533046614e+02 2.459433235518895060e+02 2.480221272404859576e+02
2.759209179793149360e+02 2.751943839452900988e+02 2.725278183959209173e+02 2.749714428261272587e+02
2.570172800648409179e+02 2.571873903245980273e+02 2.550545752270935509e+02 2.577197407124937172e+02
2.671359660790678845e+02 2.679159257746081835e+02 2.647953334895183275e+02 2.683861070221657315e+02
2.741396689414603429e+02 2.735084758362866069e+02 2.711151247145165257e+02 2.737121158239978627e+02
2.566887131067930454e+02 2.577120726357108538e+02 2.553529527615110624e+02 2.578158226156062369e+02
2.505943807838252155e+02 2.503990470511491253e+02 2.493347635123385544e+02 2.508945725461007044e+02
2.672090712413539677e+02 2.682307768075098693e+02 2.655007803353138911e+02 2.685085018450495795e+02
2.455467552636559105e+02 2.457756768050616358e+02 2.444554619325696763e+02 2.458377178058486265e+02
2.650664226609806633e+02 2.648295240925219787e+02 2.618560546825663664e+02 2.653279960457292077e+02
2.476720800091068497e+02 2.481334298129743843e+02 2.468267871544460945e+02 2.486296824888212313e+02
2.504815114613581670e+02 2.504542485861319392e+02 2.502929458606632807e+02 2.509915685019453235e+02
2.474927991472425219e+02 2.481705247217538499e+02 2.466725533870483957e+02 2.484610980880126192e+02
2.630466307938548312e+02 2.641328407544266383e+02 2.617877343063190096e+02 2.645680030623681773e+02
2.559009107298627725e+02 2.557752432060950412e+02 2.542587627252358686e+02 2.560105776289761366e+02
2.728161091001087470e+02 2.727806048167174708e+02 2.703278692466888060e+02 2.746565331956881550e+02
2.554778642247688083e+02 2.558442323801525049e+02 2.539718268864817219e+02 2.567682806945255152e+02
2.508777761450684807e+02 2.506064091122534592e+02 2.497924384191045419e+02 2.510771818683699621e+02
2.532547096156320379e+02 2.535451521660602623e+02 2.514397431838673924e+02 2.539391918587243424e+02
2.558725923399201179e+02 2.562126533494673026e+02 2.546014197915379214e+02 2.566377566462081745e+02
2.522757965099156365e+02 2.526076113489003490e+02 2.514788421280972273e+02 2.528546246104621389e+02
2.502876948648930977e+02 2.504300552402664550e+02 2.498682758825925134e+02 2.504659700068980328e+02
2.730940957748419464e+02 2.741387127054791222e+02 2.704386812353226901e+02 2.740430762749779205e+02
2.789430629305037428e+02 2.797874043373549853e+02 2.754103967203672596e+02 2.798055533337899874e+02
2.518057555258436082e+02 2.520232170636557782e+02 2.516358620203984060e+02 2.519429942175156327e+02
2.589643565575472053e+02 2.599226521546449931e+02 2.577624815665182609e+02 2.595676928461724629e+02
2.612613726386445023e+02 2.612191499119257401e+02 2.593161854379741271e+02 2.617007031574576672e+02
2.559647865979573567e+02 2.566750018121877019e+02 2.543302393560072971e+02 2.571585081922610243e+02
2.511233848691404660e+02 2.508732412663985656e+02 2.495846386062636668e+02 2.513681038280954283e+02
2.852059554835647077e+02 2.859212874701698297e+02 2.814545717424377926e+02 2.852727990810991514e+02
2.809039180001157661e+02 2.810885114837767560e+02 2.784768512205855018e+02 2.810842327181221663e+02
2.473274771024329368e+02 2.476979423600452606e+02 2.466373619347455701e+02 2.478648579833926817e+02
2.575896980231963198e+02 2.577538758773928294e+02 2.557661821100928421e+02 2.576091557941131782e+02
2.490273866298456937e+02 2.490977863436820314e+02 2.483490923036916342e+02 2.492550869260325896e+02
2.490602255064595738e+02 2.488565448097622266e+02 2.483828830540226704e+02 2.494088109669172582e+02
2.628783147763362535e+02 2.632754980511696772e+02 2.606155607540997039e+02 2.634770137878415994e+02
2.697329794153515081e+02 2.687310055402647890e+02 2.664078680243148938e+02 2.704651273290603513e+02
2.655966406544076790e+02 2.642975839437066270e+02 2.605964734138760832e+02 2.658089541360137673e+02
2.529782657787323785e+02 2.534487917433711175e+02 2.521304374378444777e+02 2.543825520167304717e+02
2.507763214928114621e+02 2.508448627247554725e+02 2.498733554059651283e+02 2.514248217663895275e+02
2.504449874501699185e+02 2.505811711570414388e+02 2.491389711616644433e+02 2.513545468118148278e+02
2.706517128203369680e+02 2.718048818172014194e+02 2.677692065873884530e+02 2.723765091853246076e+02
2.583543015123101441e+02 2.582356961415385399e+02 2.555522710202145618e+02 2.585594701504671775e+02
2.510523651600993560e+02 2.514381449426223014e+02 2.502535006926446783e+02 2.513523169971144284e+02
2.503804195602794493e+02 2.506042961082874001e+02 2.488177498703625758e+02 2.510769079533052093e+02
2.748838874980866649e+02 2.748985023812013537e+02 2.718136555907452703e+02 2.752310994744079835e+02
2.688994445136925719e+02 2.696232217915861611e+02 2.670669053847992132e+02 2.698447991078171526e+02
2.645428565415998605e+02 2.642631734055308357e+02 2.619862878384201963e+02 2.654998428838692348e+02
2.498470948066070889e+02 2.500825096891295516e+02 2.491943378206965463e+02 2.506376161469735280e+02
2.594683893913169754e+02 2.599175416946892483e+02 2.579072166005758504e+02 2.601700862514528581e+02
2.689019262458363073e+02 2.700209001165011387e+02 2.666016464914340531e+02 2.689009585469805188e+02
2.556912055705607258e+02 2.564337483146155137e+02 2.545595792540319451e+02 2.559106913524255731e+02
2.521830561981521157e+02 2.523545005919864934e+02 2.520668099491376495e+02 2.526457199111411853e+02
2.499264634214161731e+02 2.506182558063178476e+02 2.488567487475014559e+02 2.511784170274752910e+02
2.572548955735307459e+02 2.584468670869654829e+02 2.563828010047461703e+02 2.598246039083795722e+02
2.480025962062737221e+02 2.480187688630479386e+02 2.469132795036804850e+02 2.482579516380846201e+02
2.540811856354013401e+02 2.547376880192039721e+02 2.533933626697150885e+02 2.542998157181490910e+02
2.488869294009580244e+02 2.499981644590361043e+02 2.483699246502380049e+02 2.503520716767096133e+02
2.539426953017505753e+02 2.540976464216444128e+02 2.530561454966165229e+02 2.550285148792828807e+02
2.523101894485351693e+02 2.528401417394665316e+02 2.513300502877394820e+02 2.530273249015792771e+02
2.703245423172531332e+02 2.704515046178734110e+02 2.670249517279082738e+02 2.716281835929922295e+02
2.604997734592893721e+02 2.606399842199736554e+02 2.592959156863252588e+02 2.612706795555336043e+02
2.561553219587431158e+02 2.569990435876284209e+02 2.554184200466139885e+02 2.574121331204378293e+02
2.879996798805952949e+02 2.887598629701375330e+02 2.861124848443172937e+02 2.877208939424613163e+02
2.657553373649525383e+02 2.668064663793963973e+02 2.643945218548383309e+02 2.674013712900659812e+02
2.536928207615891324e+02 2.540444473100893106e+02 2.521224468858919465e+02 2.536105145004553947e+02
2.500301375900019423e+02 2.503533776612502209e+02 2.493888764649458665e+02 2.509370329543872060e+02
2.700544196897299116e+02 2.700123536998072495e+02 2.674611145026021859e+02 2.709535018557231751e+02
2.521050140703438842e+02 2.518320338816761819e+02 2.512303445398763131e+02 2.520231628726915005e+02
2.533583161071289851e+02 2.542447340971457095e+02 2.529996520791477792e+02 2.546670947843857959e+02
2.482302637326258434e+02 2.486107976850263697e+02 2.478749274981052793e+02 2.488621807999920463e+02
2.534448611586764173e+02 2.535165389262301119e+02 2.528943476017200567e+02 2.533714289540569666e+02
2.775231428244428002e+02 2.798357021557687858e+02 2.751759089083066669e+02 2.782899737427665059e+02
2.896137271121168055e+02 2.897993314160480054e+02 2.865713721851397509e+02 2.889276861541398489e+02
2.776596922315633833e+02 2.777518593551805566e+02 2.750112495587935655e+02 2.786112730407199933e+02
2.654848282569655566e+02 2.674259593322461228e+02 2.637052518653342190e+02 2.661542314328560224e+02
2.486274952559057851e+02 2.486377040888911267e+02 2.472904097198140221e+02 2.490145979455668623e+02
2.521279122443763470e+02 2.521352414815476664e+02 2.516966763642034834e+02 2.527081262040375975e+02
2.540432904826961646e+02 2.539390156822310871e+02 2.528491278492136303e+02 2.545232837629005758e+02
2.669035328071362869e+02 2.676204512109345046e+02 2.650022002120671232e+02 2.682176843702195583e+02
2.501205110526721000e+02 2.508590069580848194e+02 2.500002061393969939e+02 2.508339412113093942e+02
2.446618414535131762e+02 2.449657893019503092e+02 2.439734115156390715e+02 2.455166579005344261e+02
2.584424406283350208e+02 2.580825923509787003e+02 2.565324687754446131e+02 2.597864061469662147e+02
2.513222287803835968e+02 2.515292828814607446e+02 2.500438888382900018e+02 2.515156593246450143e+02
2.749537311283070267e+02 2.747672188554744821e+02 2.722455812787479772e+02 2.749150110532012832e+02
2.493641125476752904e+02 2.496864506091778537e+02 2.482224334852354275e+02 2.500385187754032188e+02
2.619719170361217380e+02 2.613076091838995580e+02 2.586593466156504064e+02 2.621086244099413420e+02
2.796667281100263267e+02 2.809125956634104000e+02 2.773714221458706675e+02 2.807261259967742149e+02
2.921667678858760837e+02 2.919943218117251718e+02 2.907681420240388093e+02 2.910724045952627534e+02
2.470901340080156672e+02 2.478509275136241286e+02 2.465097644536276960e+02 2.477320339842888188e+02
2.480355446232370298e+02 2.481838580538000087e+02 2.475264284174114664e+02 2.489129987821894758e+02
2.652124351466547978e+02 2.660051081601590113e+02 2.625644069552168958e+02 2.672201343584615643e+02
2.581362819918479090e+02 2.582607606718731290e+02 2.562581683418449643e+02 2.588223850759047764e+02
2.872147766419219579e+02 2.885287676875474858e+02 2.858732421341389340e+02 2.870275616961081369e+02
2.791014469208918740e+02 2.800797040357107335e+02 2.754256948601745876e+02 2.803518110984992973e+02
2.584902089347222613e+02 2.593908967952625630e+02 2.567696995662161044e+02 2.586032582329939373e+02
2.646015828222779191e+02 2.650057575721957619e+02 2.618796721319794756e+02 2.658240263931834875e+02
2.573433504409057377e+02 2.569526116954981489e+02 2.555975642828884133e+02 2.587236741635524027e+02
2.518987961501028394e+02 2.518760593432093344e+02 2.512354503884769485e+02 2.520705710084995701e+02
2.502930079032810795e+02 2.505663224405072071e+02 2.490389926010352042e+02 2.507177464783804339e+02
2.577147633551092554e+02 2.577467709498855584e+02 2.560633814532172892e+02 2.581207195353168800e+02
2.546708126855334342e+02 2.545291954048500429e+02 2.525958833110229307e+02 2.553063697753717349e+02
2.502391870725317347e+02 2.504527061925385851e+02 2.495959116006059446e+02 2.507638207871875693e+02
2.586448584671052799e+02 2.595407280121906979e+02 2.567548857148250931e+02 2.587807682960824422e+02
2.499057461372253499e+02 2.507887661852369092e+02 2.485677583695720045e+02 2.507198553350021939e+02
2.677722278282379875e+02 2.690986148809052452e+02 2.652296185017677317e+02 2.682248846916745038e+02
2.514585372223884292e+02 2.518408547084926852e+02 2.510148568788140722e+02 2.518383849867041988e+02
2.565562820341025940e+02 2.564181511169545047e+02 2.548496158352726582e+02 2.565930974354892555e+02
2.519602750650462610e+02 2.517146354144162217e+02 2.509739304500618005e+02 2.522050285144987356e+02
2.477127355686494923e+02 2.479667493590966671e+02 2.469563636873048154e+02 2.484123658660204228e+02
2.705842070205333698e+02 2.708008170114688369e+02 2.683702333021064987e+02 2.724132337659971199e+02
2.494498675814336082e+02 2.490550935097957108e+02 2.486220166489439691e+02 2.495284851830244861e+02
2.796965898323645661e+02 2.802273896066064367e+02 2.772651165025285991e+02 2.796179020586966431e+02
2.448045546597302291e+02 2.444605848350413737e+02 2.436025058180559597e+02 2.451789963610649750e+02
2.516129860555451216e+02 2.515513484982400598e+02 2.509056433545495963e+02 2.519529886049349727e+02
2.824630907863472089e+02 2.819879966286904391e+02 2.789382191312715236e+02 2.817581313730349848e+02
2.649996105423420545e+02 2.662227142206089638e+02 2.633396420854011239e+02 2.667952061082712589e+02
2.501438259411340539e+02 2.507233071047265014e+02 2.491879132485425998e+02 2.505952816634356282e+02
2.634526462371533171e+02 2.639632473057162088e+02 2.622340604693408750e+02 2.656298444201693201e+02
2.710843771889305458e+02 2.696038054151265442e+02 2.670080785083975456e+02 2.695481099617662721e+02
2.768149137446833947e+02 2.791084488511445443e+02 2.754929668482849365e+02 2.783086640578859488e+02
2.514868793476520352e+02 2.513952100872427593e+02 2.511117929604338315e+02 2.518818872277364846e+02
2.638721992787961312e+02 2.643202067426395274e+02 2.616658089595381398e+02 2.651674893841255312e+02
2.830039922262910750e+02 2.821164621193394737e+02 2.803176112616822024e+02 2.821357774232589009e+02
2.762458425813771328e+02 2.771803889635428391e+02 2.749427816799731090e+02 2.772808925732829266e+02
2.580879039263685399e+02 2.586687809882021156e+02 2.575321242179726937e+02 2.589983763373887200e+02
2.500308097871694599e+02 2.502280800488172474e+02 2.489484306218593304e+02 2.505040590278475463e+02
2.548612689362669244e+02 2.557964089316187426e+02 2.547924979113073789e+02 2.558400730618411671e+02
2.507239535676811215e+02 2.511092229703892826e+02 2.498030044418681257e+02 2.513744008558767575e+02
2.503871297022932367e+02 2.509095487347221365e+02 2.500413737233192819e+02 2.512143020442035493e+02
2.524195954521574379e+02 2.530846219174560190e+02 2.512660524271005897e+02 2.529526673956213756e+02
2.505902933540465654e+02 2.508605913274334966e+02 2.495558868396592800e+02 2.510268453519277898e+02
2.503916501984529077e+02 2.505552948385422383e+02 2.501507510190930645e+02 2.505766479109105376e+02
2.547781051917397122e+02 2.557273217493057018e+02 2.532032090532013910e+02 2.558077913446119283e+02
2.572545683638133482e+02 2.583050199336346395e+02 2.564190609893651072e+02 2.583636328718967548e+02
2.487024428061400840e+02 2.494119496671200693e+02 2.476559267299574856e+02 2.497540115626285626e+02
2.526534929875441549e+02 2.531770594055243464e+02 2.518849414199689534e+02 2.531068423331942654e+02
2.908665316083420294e+02 2.900779892470790742e+02 2.895270832969906678e+02 2.904252359898039799e+02
2.506636611032437258e+02 2.518078298789580458e+02 2.495302006896619389e+02 2.522658808423026642e+02
2.621071789983344615e+02 2.619464769218113815e+02 2.593210045139588829e+02 2.625194431732927569e+02
2.861496238806197994e+02 2.849810401110910902e+02 2.832918348966816211e+02 2.857306824755449952e+02
2.825742496120269038e+02 2.841881504967381034e+02 2.797032014082901128e+02 2.829342354064855840e+02
2.501970545345719472e+02 2.502137682266591980e+02 2.489830719741513860e+02 2.507458570683181733e+02
2.521637774783452244e+02 2.522987198558256239e+02 2.503881209517477657e+02 2.524693376893390280e+02
2.924056603886518246e+02 2.935627593826971520e+02 2.916065651617835215e+02 2.927447395381516912e+02
2.816034172943114982e+02 2.823132459982961109e+02 2.790754940810020344e+02 2.838210075850421390e+02
2.643411243292297854e+02 2.645212517039906857e+02 2.614601933173383941e+02 2.663510344280063009e+02
2.641504602971928648e+02 2.648414782235444136e+02 2.620684569797946324e+02 2.649179124447271079e+02
2.574181331907132062e+02 2.568452359785625845e+02 2.563072618076120079e+02 2.570132463367753530e+02
2.487350999261964830e+02 2.491682720505442887e+02 2.483684986084277853e+02 2.495794987139372267e+02
2.630560688091517818e+02 2.634627128802950438e+02 2.608804897629196375e+02 2.630024138618081224e+02
2.671828617753776598e+02 2.672702725994651587e+02 2.651963175114579485e+02 2.675828920455089133e+02
2.489372716000546291e+02 2.496684445385122046e+02 2.486667840584576368e+02 2.500845257611572663e+02
2.506320657230005224e+02 2.508037690710387437e+02 2.500441304308962458e+02 2.513178938406137490e+02
2.493448305670139575e+02 2.499749907406308296e+02 2.486142279205788270e+02 2.502052695141905474e+02
2.491989103241361931e+02 2.493729344169375963e+02 2.480117399683898043e+02 2.498678633059443257e+02
2.597837548201098343e+02 2.596982425570531632e+02 2.569745104052062175e+02 2.606757257120148665e+02
2.532522463156168726e+02 2.536114318204235190e+02 2.519740858282757756e+02 2.542380135343888412e+02
2.594205430454005068e+02 2.600261590719877063e+02 2.570190540257757448e+02 2.601110679979317979e+02
2.545890153619455134e+02 2.544877529294994360e+02 2.531532290694499068e+02 2.553087609888447957e+02
2.540808465157206228e+02 2.545438039790450944e+02 2.528861783168896409e+02 2.547689126873357566e+02
2.927752236675580662e+02 2.945138929697595813e+02 2.929243086483266438e+02 2.940992365080612103e+02
2.751171715541333924e+02 2.742835376865028820e+02 2.732758111265929415e+02 2.760217694356115885e+02
2.494941412692825793e+02 2.497531801500584265e+02 2.487761451177850631e+02 2.500640165575655942e+02
2.531150639644182263e+02 2.530361397985722363e+02 2.514660073526529231e+02 2.537461144551784287e+02
2.829025796949775327e+02 2.838701039881121915e+02 2.813950623174192174e+02 2.832643312035446570e+02
2.519884095241786213e+02 2.530557396866823012e+02 2.506429540656481265e+02 2.532982367753149902e+02
2.526446942275334209e+02 2.530421410612099180e+02 2.518299321402119517e+02 2.533831644500698701e+02
2.581111595461386514e+02 2.584690162780512424e+02 2.556004334666799025e+02 2.593947507025194454e+02
2.511000182383395725e+02 2.515524186561281397e+02 2.506655048717650232e+02 2.521648034101901601e+02
2.513479048759368766e+02 2.514315061760979404e+02 2.507209281773995997e+02 2.517620171164352314e+02
2.528654283659172393e+02 2.533978641420625593e+02 2.515143289297594436e+02 2.543787853557590779e+02
2.496569639419288364e+02 2.500496923384516776e+02 2.481659282171195571e+02 2.499995533887578745e+02
2.525118251458426641e+02 2.529039964641646634e+02 2.514527742943524515e+02 2.533979047801942670e+02
2.445047770432207130e+02 2.450671407862503486e+02 2.438898378481990505e+02 2.452116660513339639e+02
2.868089728877214952e+02 2.873553113023841092e+02 2.851832675232304837e+02 2.862456315653117827e+02
2.477567808938076723e+02 2.476369652440343430e+02 2.459178917024034661e+02 2.483783993401958980e+02
2.482315613318517364e+02 2.483067410553844923e+02 2.477023970605455077e+02 2.488864946891782495e+02
2.907176754326490595e+02 2.905392959385422387e+02 2.878509499626932211e+02 2.905054560858865784e+02
2.501329485862689239e+02 2.504478868125727615e+02 2.492074086767649703e+02 2.506222068831119429e+02
2.844122270751689712e+02 2.858004421404920663e+02 2.829173288075133428e+02 2.842168253609426074e+02
2.566303468653755431e+02 2.569387065293457226e+02 2.554967756003163117e+02 2.569856809080825428e+02
2.732179891914033192e+02 2.743067081996766774e+02 2.709612188585721810e+02 2.754446977320054089e+02
2.501323584779976272e+02 2.502591896507202307e+02 2.493508700599730901e+02 2.506079730299295534e+02
2.564103246097037641e+02 2.560525361084710312e+02 2.545256978539695751e+02 2.565542972869051823e+02
2.661656084355259964e+02 2.671940253383262416e+02 2.635608445122191483e+02 2.674135565696967660e+02
2.540621046631047193e+02 2.540545795004213119e+02 2.525358841731237760e+02 2.542551831325064597e+02
2.501693883129386791e+02 2.504139915591770773e+02 2.498029505606335476e+02 2.504186173035535887e+02
2.492184411625891869e+02 2.491654314947302566e+02 2.485181734463237717e+02 2.493143978346399194e+02
2.577068502596357575e+02 2.581494317746323759e+02 2.557687141264667332e+02 2.578515347315321833e+02
2.554491024776224322e+02 2.557294036568186755e+02 2.534364063077644289e+02 2.566757268072259421e+02
2.757798319807099574e+02 2.749749709347643716e+02 2.724682313979906780e+02 2.761725221329585338e+02
2.518246352165050723e+02 2.518640271156701544e+02 2.506528740965084410e+02 2.527727571077818425e+02
2.487283582223413987e+02 2.488616405287392581e+02 2.481776171378450044e+02 2.491506029631003116e+02
2.602040642819826530e+02 2.596809724651608917e+02 2.574436866726836115e+02 2.599733319640292848e+02
2.753122123128661656e+02 2.756471403395755146e+02 2.720750840419610199e+02 2.761044448989019315e+02
2.463635187772743507e+02 2.467143339248154916e+02 2.458706377771854363e+02 2.471140835856909348e+02
2.681738375921833040e+02 2.680522240836439209e+02 2.656136888319145442e+02 2.682278060666756119e+02
2.508589671506088905e+02 2.511938511569350396e+02 2.501912958796980604e+02 2.516878884530638913e+02
2.509729980696109521e+02 2.507324055191362504e+02 2.496142237437659617e+02 2.516539594944528915e+02
2.496108407051864617e+02 2.501704194352836055e+02 2.489058554451404177e+02 2.505815598719080413e+02
2.698670155856046335e+02 2.694963411006348224e+02 2.664577770345593990e+02 2.719050182883137268e+02
2.522634942860056810e+02 2.525490770518018167e+02 2.510939700330162623e+02 2.528935754603238024e+02
2.476470399285125552e+02 2.477041849365119788e+02 2.472531458831819293e+02 2.483322584014403844e+02
2.756086740810201832e+02 2.754109420252352152e+02 2.716153532950478962e+02 2.759333214649891488e+02
2.572002932358451517e+02 2.579000319537420296e+02 2.551875797919678348e+02 2.587230861998969544e+02
2.602071691767873745e+02 2.608419342376043346e+02 2.581478112025250766e+02 2.611126414087726175e+02
2.622231707662236317e+02 2.622867227799850411e+02 2.602600645345380030e+02 2.620179102719799289e+02
2.754178910290316367e+02 2.750210642119622548e+02 2.720697534278556304e+02 2.749668089600146459e+02
2.493517500867764340e+02 2.494959386053097035e+02 2.490694795328530518e+02 2.499753607927170833e+02
2.541625569178193018e+02 2.547845548093320076e+02 2.521517523799665526e+02 2.552596044202152541e+02
2.554624520355717152e+02 2.564299430987945243e+02 2.537752885669270597e+02 2.574407538199560008e+02
2.503381295192743039e+02 2.507598125588887399e+02 2.499039984599384638e+02 2.512572398244334124e+02
2.489432314562575641e+02 2.494442141359199638e+02 2.483571178539891093e+02 2.495801147110664431e+02
2.698911110911604396e+02 2.713782812481577480e+02 2.686731273518491321e+02 2.711153577745770917e+02
2.527341248673045584e+02 2.522114282672231411e+02 2.513124395068935826e+02 2.529836116149363363e+02
2.633525526285427532e+02 2.635432915970733347e+02 2.613149410753679831e+02 2.645673577090356048e+02
2.551110059136569532e+02 2.562345992468867735e+02 2.537742653289413681e+02 2.560389564417475299e+02
2.561696902065040149e+02 2.572994839158171203e+02 2.543981779603724647e+02 2.576288768460509573e+02
2.988048228640565185e+02 2.971784418200613800e+02 2.963399874756822214e+02 2.981552653382010476e+02
2.488562598549790437e+02 2.485224697094724036e+02 2.476794238778605290e+02 2.490535664443936810e+02
2.650042928212879474e+02 2.644608966139018662e+02 2.627462793844787825e+02 2.653166771149579972e+02
2.645159093796543743e+02 2.650034550119535766e+02 2.628908131513647959e+02 2.649550050128518137e+02
2.536746637437144614e+02 2.537880831882810071e+02 2.528998093617133520e+02 2.540193583361173069e+02
2.537888132180247283e+02 2.539212584377704616e+02 2.520215723697876626e+02 2.543582630785399488e+02
2.469979390360267644e+02 2.475484487945725505e+02 2.460287204151211711e+02 2.477309230707903680e+02
2.488422886680968134e+02 2.490874234037380859e+02 2.484929385288925801e+02 2.493060102622740430e+02
2.491827965043807467e+02 2.499086926729028164e+02 2.485065742852758603e+02 2.502702260191925063e+02
2.652759739390525056e+02 2.665337102328105630e+02 2.627442381895971835e+02 2.660762435850350585e+02
2.563496561507033107e+02 2.562821676569409419e+02 2.554532114910402925e+02 2.567343788301133145e+02
2.486775625341803959e+02 2.485892832399280792e+02 2.477943236172164347e+02 2.489788808683712205e+02
2.904196375546240461e+02 2.906060536038939404e+02 2.876712395479884776e+02 2.890927785732324082e+02
2.599016958523679364e+02 2.608937261244245178e+02 2.582396303543489466e+02 2.616449515288949783e+02
2.716105024853210921e+02 2.720483289720682478e+02 2.687119018611780348e+02 2.735756547954371172e+02
2.754681973594139208e+02 2.758719956290772757e+02 2.735043802581430441e+02 2.766623839530262217e+02
2.521999626413381179e+02 2.522746949124467335e+02 2.504697133000748295e+02 2.519148411634937759e+02
2.492673195853916752e+02 2.502530348346892026e+02 2.483534016180626338e+02 2.508917540470364429e+02
2.628992562147624312e+02 2.632782761735795702e+02 2.602735826045452541e+02 2.632502463514022679e+02
2.756696350220127556e+02 2.765644845934466503e+02 2.755311841422677048e+02 2.768014025421273345e+02
2.501856338533993664e+02 2.508139300509275245e+02 2.491140461227483343e+02 2.509384524847680211e+02
2.658804342899108519e+02 2.655837172016156842e+02 2.623897902470473582e+02 2.650297124670769904e+02
2.529636008464583767e+02 2.534475606011179138e+02 2.516476463087913658e+02 2.535547264082647700e+02
2.763621342286660933e+02 2.774511936093217059e+02 2.743257561422367985e+02 2.773446887008283284e+02
2.891460796013527670e+02 2.895445157424511535e+02 2.860487805329310049e+02 2.890922748382387226e+02
2.545268683898449069e+02 2.541947868564543853e+02 2.533313720449830271e+02 2.546629989398913665e+02
2.474792846339002210e+02 2.473406532855377407e+02 2.465554068391584224e+02 2.478332396613012065e+02
2.502642642760924332e+02 2.501574383881952883e+02 2.500199687428793709e+02 2.508941937781349907e+02
2.498124492700226256e+02 2.496886033981909350e+02 2.490789200908847079e+02 2.502849958604707581e+02
2.915163643299110845e+02 2.933112680777399532e+02 2.903069555665611006e+02 2.918495988751620303e+02
2.546757989885271343e+02 2.553055379186729397e+02 2.535306424503048390e+02 2.558660857761308023e+02
2.512783870433618461e+02 2.515233184971553158e+02 2.505614732041188688e+02 2.519759249436502273e+02
2.491057247995674402e+02 2.494748983790888701e+02 2.477888730139259224e+02 2.494841123526805404e+02
2.541752648096611154e+02 2.540140505978208125e+02 2.530772777438482990e+02 2.544099785292364402e+02
2.507699580459824347e+02 2.510065906573691166e+02 2.503235987967577501e+02 2.512979238612311121e+02
2.518778406627677953e+02 2.523479967894970173e+02 2.511045128949878631e+02 2.525532452205989102e+02
2.527564348904089115e+02 2.536874984528997459e+02 2.513028940808056859e+02 2.536383465780711219e+02
2.491142550236534703e+02 2.492075344804233055e+02 2.484686456576854994e+02 2.498628794547784366e+02
2.504198305282811532e+02 2.506066807365905902e+02 2.493464577854974777e+02 2.515266730377647946e+02
2.552963728971828630e+02 2.563591464599272172e+02 2.543032975244536829e+02 2.566378957533986522e+02
2.606318423281512651e+02 2.615352987005295518e+02 2.585124951836089622e+02 2.629771228049665410e+02
2.510360283966181782e+02 2.510558079145743307e+02 2.491505119272625848e+02 2.513404519267865851e+02
2.588223509467273971e+02 2.588537655966036368e+02 2.573607309768185019e+02 2.590310739200393755e+02
2.880929160997830536e+02 2.884260923458534762e+02 2.851288247479163829e+02 2.884773396343783247e+02
2.744092947383463752e+02 2.772304336250600159e+02 2.733422927488678056e+02 2.761179544021264292e+02
2.661241466652923577e+02 2.672108246936268188e+02 2.642043898121422671e+02 2.676778729700406529e+02
2.717278225806941805e+02 2.740106612341469940e+02 2.696556888287599918e+02 2.728989791914570446e+02
2.484643953412592907e+02 2.490045379862992263e+02 2.481724832803373033e+02 2.488110092588458429e+02
2.506613302631776321e+02 2.503695549350215970e+02 2.489414325923521574e+02 2.506395912053333177e+02
2.658991133457801652e+02 2.654911407959262419e+02 2.634876696926032764e+02 2.668735828106030681e+02
2.626182249110023008e+02 2.634837691891234499e+02 2.596593481045325120e+02 2.642072371032022602e+02
2.547603929977974246e+02 2.550834962681975924e+02 2.540633897412538147e+02 2.554989120182168847e+02
2.837399099196097154e+02 2.845068488866957637e+02 2.814043910278407452e+02 2.859806142774110640e+02
2.526114667909378966e+02 2.530958546060395520e+02 2.521257451870587545e+02 2.534130045167296430e+02
2.930029381523955863e+02 2.945287422503906214e+02 2.904720926279732680e+02 2.925895275171196772e+02
2.612466217680973273e+02 2.619329914228257508e+02 2.582542503592181902e+02 2.620147839536959395e+02
2.531809360635043333e+02 2.535849223880901491e+02 2.520088908345780396e+02 2.538253975137746465e+02
2.468032439117368142e+02 2.471548995723628366e+02 2.466816902781869487e+02 2.474272291335364002e+02
2.496180396651566014e+02 2.499705735755920273e+02 2.491284987166269218e+02 2.497811548481847694e+02
2.526565170823375865e+02 2.524343126979230760e+02 2.516674723473738311e+02 2.534422815314531476e+02
2.610849465401269072e+02 2.616764763349112286e+02 2.585480591461857216e+02 2.616041968122495973e+02
2.509259367998398886e+02 2.515899589942212344e+02 2.502736070683147602e+02 2.517885006094080325e+02
2.476694545009454771e+02 2.479486755037369221e+02 2.464959188527419087e+02 2.482586611142409652e+02
2.486123205273994472e+02 2.489464622281837194e+02 2.482750033464420767e+02 2.492787831312930962e+02
2.957789020961149618e+02 2.965192784818142400e+02 2.931726355215456010e+02 2.961062109589386750e+02
2.758547869688736114e+02 2.778884980652737795e+02 2.739697357792896923e+02 2.771086223367685761e+02
2.467388098063091491e+02 2.469209740813826954e+02 2.459335074261899194e+02 2.470733177798840075e+02
2.491883297898784804e+02 2.493807497736277980e+02 2.480182572367513387e+02 2.491247219129924986e+02
2.484381342488341886e+02 2.487444918700634275e+02 2.477034687183079029e+02 2.493132675436839634e+02
2.508941964250336412e+02 2.511594564490710866e+02 2.503244245269521571e+02 2.514802885604039488e+02
2.659505645634698112e+02 2.674600873282801103e+02 2.643945988337657695e+02 2.679205272843859120e+02
2.962728769660519674e+02 2.940221394324505582e+02 2.932464467143162210e+02 2.940207536334077645e+02
2.505362703043830663e+02 2.509691351720665580e+02 2.502816339503233394e+02 2.512711171047895675e+02
2.525566421288947083e+02 2.529673288575364154e+02 2.514765003777650918e+02 2.531882115116649175e+02
2.648646382398099490e+02 2.655987911918518307e+02 2.628065409685261216e+02 2.655301025355241791e+02
2.459220940695336139e+02 2.459303652162392098e+02 2.453397235417196782e+02 2.462803718088011635e+02
2.567722170917765538e+02 2.575184433681927203e+02 2.557415407028827588e+02 2.580328405322555341e+02
2.639311949325624482e+02 2.652248773852462023e+02 2.627542929067378168e+02 2.650212666376227730e+02
2.658763514408027504e+02 2.659106580925464414e+02 2.626591933209600711e+02 2.670847090402994013e+02
2.589733114703497563e+02 2.590508889621158914e+02 2.569717910992938528e+02 2.596552532265694708e+02
2.536528266943973051e+02 2.534873707344063405e+02 2.524629311399240805e+02 2.541431648162617591e+02
2.554964967449100754e+02 2.558530834664946667e+02 2.544442864588968689e+02 2.560087190550217997e+02
2.529917363912962003e+02 2.537216133857227192e+02 2.518255949396902338e+02 2.539059830007753646e+02
2.492556351307029843e+02 2.494701714847032292e+02 2.481547056026031157e+02 2.501790253151633578e+02
2.508423128417830696e+02 2.514273703938292783e+02 2.502314355451125607e+02 2.511348730439907797e+02
2.534732285622276322e+02 2.537253038532801384e+02 2.527010252871056082e+02 2.541757347186243692e+02
2.732373085489801383e+02 2.733715467054859118e+02 2.711317462481866301e+02 2.742621608475364496e+02
2.558369580020323610e+02 2.564527575955368093e+02 2.537721613077902418e+02 2.569380117143759890e+02
2.872895648295790920e+02 2.875493027048863723e+02 2.853968211059469127e+02 2.873768230266063597e+02
