2.756285403018924285e+02 2.749885500639401243e+02 2.743892421665667030e+02 2.765835645574021555e+02
2.547728312991961843e+02 2.546758283224258435e+02 2.534780233164485139e+02 2.561884836759851396e+02
2.499146886348985106e+02 2.501169583080012728e+02 2.488539470735665589e+02 2.506382591975736318e+02
2.745351642914973809e+02 2.746579783550129719e+02 2.726202655294912915e+02 2.758581510901354932e+02
2.945657976551433421e+02 2.947450850259427853e+02 2.927199819557221190e+02 2.936156422706072249e+02
2.476742361812104605e+02 2.474814173014306959e+02 2.466510750502642395e+02 2.482104679806328136e+02
2.515627867963869448e+02 2.516985319658270726e+02 2.498441023432659449e+02 2.525450159849146416e+02
2.484701264156591947e+02 2.488653244992112832e+02 2.471286224616808056e+02 2.490772558494076634e+02
2.514815941019244292e+02 2.515887704952607180e+02 2.510308524319855508e+02 2.521987365313875671e+02
2.481215432907484910e+02 2.484901132028772111e+02 2.477732607550595674e+02 2.488935121126793888e+02
2.964724441504621382e+02 2.966232137049000812e+02 2.944863042647828593e+02 2.953406293374593474e+02
2.803512845616021991e+02 2.816972173089798730e+02 2.775072100830884096e+02 2.810895958921603892e+02
2.529882980334079434e+02 2.534165330327593892e+02 2.515629652786818156e+02 2.539869033285204694e+02
2.499147495554921363e+02 2.500558881251758976e+02 2.494129023713456093e+02 2.520424455331684328e+02
2.473291058945981433e+02 2.473835782666175760e+02 2.463519104252645207e+02 2.477088945609250175e+02
2.611704501093037720e+02 2.615351356862673811e+02 2.590265398995301780e+02 2.615417430824142002e+02
2.509866602459200351e+02 2.508678742109454163e+02 2.498279726466889770e+02 2.515959444910655520e+02
2.483546239673130458e+02 2.488674289652966252e+02 2.475839917378563939e+02 2.493898695565754053e+02
2.600757472436250168e+02 2.600003191677812424e+02 2.584085329247193954e+02 2.599845326628454814e+02
2.558087209651992566e+02 2.555077811887404664e+02 2.540262225043703666e+02 2.562082703469802141e+02
2.753558704233715275e+02 2.740732348083229795e+02 2.718289983473101756e+02 2.751305171634605813e+02
2.489410018395282691e+02 2.489465271126788650e+02 2.483321010080274220e+02 2.497150544726794124e+02
2.542186936513678290e+02 2.545882702186011102e+02 2.530709956786147927e+02 2.546231952060020092e+02
2.511388344679761815e+02 2.512349365974090176e+02 2.502764959194258836e+02 2.518021701464392663e+02
2.554223416977824002e+02 2.558616775097665652e+02 2.539549205525038076e+02 2.566805813872313706e+02
2.525190304909225745e+02 2.528288492324752497e+02 2.506847455415510524e+02 2.534851199305463751e+02
2.548174758198222492e+02 2.558744692235077025e+02 2.536771168604813909e+02 2.563054149424253865e+02
2.946020554694010798e+02 2.953954545702492851e+02 2.929964499355346561e+02 2.951670002926842926e+02
2.509051574096282309e+02 2.510085320245767662e+02 2.498779501528757692e+02 2.514273042726530889e+02
2.582872555729965711e+02 2.590927620289522224e+02 2.567765920953239061e+02 2.596927123906393717e+02
2.537879831286291790e+02 2.541958733365000285e+02 2.525920474279375014e+02 2.546894862770737120e+02
2.503843548250842161e+02 2.505086475950574538e+02 2.502128345312347335e+02 2.513771159163014488e+02
2.651103880011795013e+02 2.641498533913475057e+02 2.620897305881964030e+02 2.648709147087494102e+02
2.457764704290198381e+02 2.463786098822153008e+02 2.446320219611718585e+02 2.458495709597137022e+02
2.513026470161267127e+02 2.511292474464761710e+02 2.504867103825862387e+02 2.515353933683934429e+02
2.539469080795728928e+02 2.544655950500674919e+02 2.521937297592348841e+02 2.553328008216221860e+02
2.712880414315218331e+02 2.709462989785311038e+02 2.689171629490888336e+02 2.713908514322748715e+02
2.804211505596089182e+02 2.805450301220778329e+02 2.779593574794402002e+02 2.812130071120398043e+02
2.531293421737194080e+02 2.532404667935894054e+02 2.514372283271893593e+02 2.534763058130525906e+02
2.547507454278131718e+02 2.557541222099842457e+02 2.534223475428131849e+02 2.566489612934290108e+02
2.794156259554603707e+02 2.794033980465881086e+02 2.761832911537304653e+02 2.793596757462530604e+02
2.491712210547063364e+02 2.492016613171662414e+02 2.483552851900951168e+02 2.495661490439741215e+02
2.793514721758046448e+02 2.801880398395974225e+02 2.763978252642614279e+02 2.801723036417916433e+02
2.552675112315754689e+02 2.551924737772796732e+02 2.535913078302394013e+02 2.553256944835191007e+02
2.501849490236821794e+02 2.504118631186422306e+02 2.498001795232039797e+02 2.506575638809263182e+02
2.768504585458558722e+02 2.766957440804148405e+02 2.742439769758608463e+02 2.776296334460550952e+02
2.525932514550344195e+02 2.526386143286634365e+02 2.516624582082242512e+02 2.530525708515363021e+02
2.537886481741034288e+02 2.541310359709722775e+02 2.533293827832842453e+02 2.543315038127374521e+02
2.542721062160869963e+02 2.554073149465884853e+02 2.541320170197729453e+02 2.562025600128208112e+02
2.583147218897590278e+02 2.585902246464156633e+02 2.561174559948955789e+02 2.595011092077212425e+02
2.969831616067427262e+02 2.989992628487512434e+02 2.973446825758156820e+02 2.971937907076799661e+02
2.577161207423966971e+02 2.592144455428200445e+02 2.570218297669172216e+02 2.584714633552949294e+02
2.475668928162002089e+02 2.475649497010857090e+02 2.467489766714533630e+02 2.479526898014007941e+02
2.500253936416371801e+02 2.499994173305505285e+02 2.489082134890778093e+02 2.513150782681261717e+02
2.462177625800078999e+02 2.461439331059397944e+02 2.453873991244263095e+02 2.468286436830624382e+02
2.502186805679138786e+02 2.510535907001258238e+02 2.492956050849181224e+02 2.512566580762497210e+02
2.543870261030966731e+02 2.542951109229793190e+02 2.525446083107717641e+02 2.547182815072709161e+02
2.511052922984870008e+02 2.508837876879911164e+02 2.496352465831758423e+02 2.512510282652920353e+02
2.492153096859296397e+02 2.489220150641998259e+02 2.483920924973038495e+02 2.490596267428405497e+02
2.505494996859181640e+02 2.513590250892971767e+02 2.495961189929762156e+02 2.509883447973282955e+02
2.935256472676404087e+02 2.940402319373102955e+02 2.924766681353835338e+02 2.929615376085402545e+02
2.570854577693447141e+02 2.574410852481086067e+02 2.546639751758149544e+02 2.581455728305495541e+02
2.621397773665092927e+02 2.617247165702863754e+02 2.587458798907847495e+02 2.620020520460015518e+02
2.537172340166021343e+02 2.538403751025149120e+02 2.524076402806476551e+02 2.543456326115374395e+02
2.594141864434110971e+02 2.602261932191400433e+02 2.582849039163823477e+02 2.603515619083925117e+02
2.964506492091791756e+02 2.960867673255925752e+02 2.943801771913055063e+02 2.960379129645050398e+02
2.544054724830359078e+02 2.550147406540095290e+02 2.530499071317146047e+02 2.551802937094701917e+02
2.476608913172665609e+02 2.479834641692823709e+02 2.471123154203501997e+02 2.483404736565614996e+02
2.474133358108387597e+02 2.477154048104278274e+02 2.469769703930222704e+02 2.480140947783631304e+02
2.476887160030279347e+02 2.476817124284887370e+02 2.469119073619410187e+02 2.478613300790449046e+02
2.492539228665858104e+02 2.497210597037284288e+02 2.487940789974119582e+02 2.498379901998539481e+02
2.818443708913130763e+02 2.842837232921320947e+02 2.799156969029879178e+02 2.836321654320834682e+02
2.464714241076139558e+02 2.464673241631247151e+02 2.455998234508222140e+02 2.470963608445778732e+02
2.706324916018472777e+02 2.712887247876287802e+02 2.686814126365918582e+02 2.720606144962055168e+02
2.554494074947727142e+02 2.564239985950426899e+02 2.546676233610208442e+02 2.566281169096521353e+02
2.486901814312872432e+02 2.484582994875493114e+02 2.475931937466095576e+02 2.491478885927042768e+02
2.512376929310584330e+02 2.522554926586072384e+02 2.504797110030950762e+02 2.516213068047868546e+02
2.487340095859687779e+02 2.489632379600856495e+02 2.485234672914185410e+02 2.490801085704045477e+02
2.487067720936984472e+02 2.488848266082670477e+02 2.482134689663886888e+02 2.490276808118694021e+02
2.501545972631868437e+02 2.506421618549909738e+02 2.492707860204566259e+02 2.513562583242976416e+02
2.480928603472619329e+02 2.486264006502246389e+02 2.472626972576183846e+02 2.487115984033852101e+02
2.550232265236070077e+02 2.544669084568600965e+02 2.523981600246454207e+02 2.554224579315533390e+02
2.622873066142896619e+02 2.629425815270857356e+02 2.605657380307122253e+02 2.637161909291653501e+02
2.868820322093693562e+02 2.884725782753436079e+02 2.855221943089403567e+02 2.879917900608328978e+02
2.511611040983932526e+02 2.514390417954647319e+02 2.502649736312417872e+02 2.513095331551613185e+02
2.504608037438627548e+02 2.511204710501646957e+02 2.497456018244446341e+02 2.512878783454218024e+02
2.527940317272939978e+02 2.531234074301732733e+02 2.513214530525438306e+02 2.535635461218550120e+02
2.590375070312703087e+02 2.602240868965829463e+02 2.575775511835374800e+02 2.603227840608799397e+02
2.493173338162918924e+02 2.498546116541566278e+02 2.485797744011598809e+02 2.497886604624841880e+02
2.530336154304162903e+02 2.531787919794786887e+02 2.528372691910057029e+02 2.530819511122332131e+02
2.696327702278032348e+02 2.698319835068964494e+02 2.667524746651581609e+02 2.702916147664067807e+02
2.621658618867228938e+02 2.630377395296408167e+02 2.603526907638792522e+02 2.626599514351294715e+02
2.493502774044229966e+02 2.491297548917030156e+02 2.484376734324383449e+02 2.496637429338993854e+02
2.500754301310598748e+02 2.503232810985221022e+02 2.489384331716920826e+02 2.505685335621537320e+02
2.529002373741710130e+02 2.530902469433744670e+02 2.522899747500649710e+02 2.529050094868906911e+02
2.495911425141704569e+02 2.500004538224568478e+02 2.487871566871643267e+02 2.500508077015914239e+02
2.520661069620442447e+02 2.524073447166354924e+02 2.512905498264248934e+02 2.527610608162023880e+02
2.517465941321752609e+02 2.519931846886520077e+02 2.502510420379852576e+02 2.523249378432326466e+02
2.485384771282058693e+02 2.486488422334341806e+02 2.479152033428961772e+02 2.487315961856634772e+02
2.516606734132084853e+02 2.512985831805206658e+02 2.492990191535054976e+02 2.519862413884501109e+02
2.508215911233795339e+02 2.512942540935443674e+02 2.504047082777577202e+02 2.510529913994667481e+02
2.526091006582294938e+02 2.532412717722252467e+02 2.516819466608632752e+02 2.530410097762618022e+02
2.903205957357865259e+02 2.914025856927934797e+02 2.893774218263698685e+02 2.900776137376957990e+02
2.677618642958893815e+02 2.665622706005440818e+02 2.646018840199268425e+02 2.680698984149337321e+02
2.518896542303172623e+02 2.514867142535114510e+02 2.502827305707392611e+02 2.520627967085082446e+02
2.544016363653250608e+02 2.542953436372720546e+02 2.536261192910228317e+02 2.545314283464736036e+02
2.574946396151756289e+02 2.577424635157100852e+02 2.555889424985739709e+02 2.581914901635674937e+02
2.474461310503054392e+02 2.480020465772828118e+02 2.469337557712966600e+02 2.482659284190105780e+02
2.512777423183153758e+02 2.519121240008035727e+02 2.506750357745349049e+02 2.527088820044746456e+02
2.520085019585947066e+02 2.521476226321390470e+02 2.508285142433436192e+02 2.533077932041680924e+02
2.903454553933300417e+02 2.920580724922107834e+02 2.878041943725868919e+02 2.909407215867516356e+02
2.807421283109932801e+02 2.817747216103944083e+02 2.786776479781798912e+02 2.817684490943273659e+02
2.525246398300373301e+02 2.524231895004912474e+02 2.519359405558669494e+02 2.528290233258613853e+02
2.628625496343130976e+02 2.639818784034920895e+02 2.615213322966246778e+02 2.643658915231565061e+02
2.625929088258370143e+02 2.628939816207380318e+02 2.608539181851113540e+02 2.635028600585545178e+02
2.610264311401742816e+02 2.618182523344897277e+02 2.588948526659735876e+02 2.626863781632497989e+02
2.483426072215286808e+02 2.492877778840655765e+02 2.478191991355503490e+02 2.490425980293006489e+02
2.612886226101804255e+02 2.618464043968652959e+02 2.601832105424646784e+02 2.627903252157637439e+02
2.557168376056993111e+02 2.557384689850885877e+02 2.547981465337042835e+02 2.564445424431552851e+02
2.603011954984563658e+02 2.613851847827271513e+02 2.591943524226936688e+02 2.612766444565128836e+02
2.537553213374555412e+02 2.539882747029612062e+02 2.531025035269690591e+02 2.542513297226862790e+02
2.482155582459597269e+02 2.485145318935333592e+02 2.476307450974311166e+02 2.487035796292838938e+02
2.562313846796763528e+02 2.563964940076891139e+02 2.549004179457561179e+02 2.569180118164636042e+02
2.810482259238329448e+02 2.819588037933849023e+02 2.778505604432328937e+02 2.807998130607339249e+02
2.477724574666929698e+02 2.474453057541149121e+02 2.466124525732840311e+02 2.480566214213473302e+02
2.543319404174155238e+02 2.551027968914202404e+02 2.541386830788996178e+02 2.556778353959331014e+02
2.539093592513142710e+02 2.541001461677065265e+02 2.534009699267669191e+02 2.542127902783001900e+02
2.659473337964104189e+02 2.668413443725975753e+02 2.639353518322774903e+02 2.666631094207435240e+02
2.498647563088229333e+02 2.500453070497409271e+02 2.493547164578995421e+02 2.498400044430638900e+02
2.677136607879266990e+02 2.683071224230818075e+02 2.656651946406623210e+02 2.692714275272536497e+02
2.507831221180659327e+02 2.518105023493491217e+02 2.494206223262234516e+02 2.523446275433555002e+02
2.574525767534253760e+02 2.583621203636133714e+02 2.557289142959303945e+02 2.579816845731457988e+02
2.496454498727532894e+02 2.501555140296302682e+02 2.491961367644328789e+02 2.503426414602137129e+02
2.504706549735682017e+02 2.510196657726266380e+02 2.487856162539776790e+02 2.520782259290697311e+02
2.721172581738492795e+02 2.723146058247415908e+02 2.690511354195264744e+02 2.730645950613384798e+02
2.487228740308131023e+02 2.487063024425276581e+02 2.480512785935810030e+02 2.492772887349993027e+02
2.506044328481915500e+02 2.506497280465329709e+02 2.489494044125943333e+02 2.516942069614604236e+02
2.647315758269926391e+02 2.655139413168232068e+02 2.628430820920015663e+02 2.665035043885469577e+02
2.482085237924720218e+02 2.482462325608696005e+02 2.469912260006787506e+02 2.489898981997922078e+02
2.517830967349614468e+02 2.521245725127077719e+02 2.504977180015150395e+02 2.525532234435356997e+02
2.520569829437470730e+02 2.521924015679557272e+02 2.520588262904867349e+02 2.530584971400128040e+02
2.526788350140128330e+02 2.527124210115419203e+02 2.515455366196759428e+02 2.537543242759573445e+02
2.585577598048067784e+02 2.590102970508536373e+02 2.566895431216566976e+02 2.592369570677741990e+02
2.871264761620545869e+02 2.877531017884016364e+02 2.865687361342599502e+02 2.878742579417677803e+02
2.545667337641225743e+02 2.550887685048600133e+02 2.534055610534268794e+02 2.552547439436234242e+02
2.469747147177840247e+02 2.469228411993671273e+02 2.463520942134470033e+02 2.473795854485096868e+02
2.479563972343681542e+02 2.482267818766512164e+02 2.476836017276920643e+02 2.481607301288685221e+02
2.610668970040748036e+02 2.612199756081635655e+02 2.585566508883918573e+02 2.629696819065337650e+02
2.494955392953879425e+02 2.495983085267456829e+02 2.491230180245046313e+02 2.498372733935147778e+02
2.795089959795793675e+02 2.794023217530186685e+02 2.759750885330447545e+02 2.782498843955214625e+02
2.494243332991866851e+02 2.503359498871900541e+02 2.490523929722486116e+02 2.501236919035559367e+02
2.587558961858285898e+02 2.585787121308983956e+02 2.571112995700773922e+02 2.588418374514902212e+02
2.471028043737754274e+02 2.471450088095069475e+02 2.466726329109152687e+02 2.477688160618951088e+02
2.532577577433643796e+02 2.535156114397291276e+02 2.521271851092649001e+02 2.540852929331271071e+02
2.509597533286936368e+02 2.510309550138294128e+02 2.506743684597057324e+02 2.513316123497895376e+02
2.535479345156045952e+02 2.538470508489979238e+02 2.526230280662892369e+02 2.540621704181092753e+02
2.663643493671854117e+02 2.673165278414749082e+02 2.649071314040492666e+02 2.685680700194135397e+02
2.631836313119290480e+02 2.644081820775592178e+02 2.614252823974522926e+02 2.656610188439282751e+02
2.563728748253920458e+02 2.566838197400127797e+02 2.535173404152704677e+02 2.567444848981098175e+02
2.546879025972118882e+02 2.555027459005936521e+02 2.531985774554749753e+02 2.554316549709542983e+02
2.720978595714796597e+02 2.733930746189461729e+02 2.690398191472260692e+02 2.728975016340893376e+02
2.507188096677368208e+02 2.507773873798223292e+02 2.502248820372156501e+02 2.511138530391330050e+02
2.466872407060107548e+02 2.470252735516203870e+02 2.456764712532116732e+02 2.474068439146141429e+02
2.504415069192467058e+02 2.508574902403439069e+02 2.498792665656150405e+02 2.508605267695149337e+02
2.588247342103165352e+02 2.608872640661938362e+02 2.576116878826933316e+02 2.615037929341155518e+02
2.658209570001427551e+02 2.658017239800373659e+02 2.624383624614812334e+02 2.656688340622480382e+02
2.495371423113770959e+02 2.501282666196469506e+02 2.483823617512772444e+02 2.503769321202070728e+02
2.527629215467958375e+02 2.533579372267536769e+02 2.517737503901250022e+02 2.537207129514870587e+02
2.730574756898275268e+02 2.720523561146088696e+02 2.698518019016253220e+02 2.723396348464765993e+02
2.795162522636217659e+02 2.796757740801339764e+02 2.758794295625716586e+02 2.797403707408274727e+02
2.904736365064288179e+02 2.916916137474093489e+02 2.882898764216791392e+02 2.890465365350930256e+02
2.626977337308179585e+02 2.629430130267364234e+02 2.606854731891733081e+02 2.635693385693541018e+02
2.466091575584093505e+02 2.469366375990319682e+02 2.462407758542314866e+02 2.470525974903546285e+02
2.490494157864004876e+02 2.490959088332861313e+02 2.486189303016038536e+02 2.496208361456760940e+02
2.743249342940350743e+02 2.752533789062847518e+02 2.710274636307984224e+02 2.749860352501966076e+02
2.676319153161720124e+02 2.670748663439263737e+02 2.643168612500907670e+02 2.684697289141323608e+02
2.657288367818756001e+02 2.674646888933892228e+02 2.638815625554395297e+02 2.665498982818682521e+02
2.524718299427384238e+02 2.522890579129087598e+02 2.515368899490582351e+02 2.528085239089098764e+02
2.680578899987427235e+02 2.693435564474206672e+02 2.667632988172107389e+02 2.694974602749038581e+02
2.479987266942609097e+02 2.486146898098594704e+02 2.477476708629007476e+02 2.484896533001162311e+02
2.507706272095191480e+02 2.508912467370741695e+02 2.503983390256198334e+02 2.509665319423334608e+02
2.500427284840959885e+02 2.507977524940938849e+02 2.493999596671156667e+02 2.505753562517405726e+02
2.454333840232493458e+02 2.461569149338560862e+02 2.450343960728579304e+02 2.468173931870959734e+02
2.561534740975702107e+02 2.566218412607034907e+02 2.546882274890239444e+02 2.579703965561526502e+02
2.548596057246053306e+02 2.550398991889005345e+02 2.537630439066288375e+02 2.552565638175097718e+02
2.555080537842029571e+02 2.558102668619978601e+02 2.539632476783011157e+02 2.571904978727641833e+02
2.491826854414990464e+02 2.493598408026420543e+02 2.480143199601413357e+02 2.491672713913653467e+02
2.530599886037077226e+02 2.533559301418093241e+02 2.516505168648828317e+02 2.534584516533713554e+02
2.560020412621653350e+02 2.565985388888328202e+02 2.540070742723953856e+02 2.569511476779484838e+02
2.655064799908628856e+02 2.659060871555511767e+02 2.632658467150091042e+02 2.663755079878179686e+02
2.496527670846314777e+02 2.506889474822203567e+02 2.490391039641464772e+02 2.504929294267730029e+02
2.566058773017539920e+02 2.569156540202242809e+02 2.548620512674391989e+02 2.578786958117528343e+02
2.560121991714404999e+02 2.563052310719987759e+02 2.545156729303364500e+02 2.564435743602003868e+02
2.840368590240797744e+02 2.843951960032146644e+02 2.804447447845225838e+02 2.841498935506014050e+02
2.540406187084339251e+02 2.544865605855019339e+02 2.528593446097732169e+02 2.554908989373259658e+02
2.628477672531918188e+02 2.640468431652225831e+02 2.604318886890717408e+02 2.627540336551855376e+02
2.524216961893586699e+02 2.519043329958692539e+02 2.511369497676352296e+02 2.531351662047587183e+02
2.515690429689730934e+02 2.518347951279486381e+02 2.511284471551481943e+02 2.517338278754089913e+02
2.576111129581752834e+02 2.579301198405763671e+02 2.563814899683242743e+02 2.584274570455789899e+02
2.480199654211737084e+02 2.479938833787222734e+02 2.470267073756839977e+02 2.481849860285044826e+02
2.730551084641014654e+02 2.724247486735382608e+02 2.706946134287821906e+02 2.736328417028875606e+02
2.715457139580528860e+02 2.729102529687422702e+02 2.691783679005865793e+02 2.730804565483774127e+02
2.551940470758548258e+02 2.563345054698409626e+02 2.541070476883888887e+02 2.562437984448584984e+02
3.002774611620431529e+02 2.996045803173951185e+02 2.985318044554217067e+02 2.972943865838065562e+02
2.661434571093036539e+02 2.660578046034570434e+02 2.635759726146150683e+02 2.673987666864803145e+02
2.473169845581441280e+02 2.476930159507981841e+02 2.462369392195351452e+02 2.478429028946967208e+02
2.823227334211714492e+02 2.838248330024247821e+02 2.804337806098511692e+02 2.822594304546523745e+02
2.478511643558911146e+02 2.483691747744332474e+02 2.473482881464805985e+02 2.486785182277602075e+02
2.486277892341167330e+02 2.491269881308005552e+02 2.482495433130872868e+02 2.493436294128762540e+02
2.510874079805588224e+02 2.510206531027737356e+02 2.500035412998025777e+02 2.516554480795399513e+02
2.519110173157219776e+02 2.525566577639266654e+02 2.513198997622016009e+02 2.527855548734373770e+02
2.930610495556342130e+02 2.932441050833359668e+02 2.907963818123047872e+02 2.925631764728489657e+02
2.506393376537408244e+02 2.504965126243264137e+02 2.496005012820340880e+02 2.513542723413245596e+02
2.989048785003929538e+02 2.973634964118236326e+02 2.971769062081801280e+02 2.972921582652915617e+02
2.558896203307082544e+02 2.569199849912883451e+02 2.543184637290176511e+02 2.562153558993106799e+02
2.609842883273317966e+02 2.622239234230924012e+02 2.590102236294037539e+02 2.624541920077351165e+02
2.500687649532573857e+02 2.504628855015326394e+02 2.494949937242832902e+02 2.505863044176957715e+02
2.759397744889780597e+02 2.776813660986421155e+02 2.740110514234135053e+02 2.772412239264422169e+02
2.512401771013812208e+02 2.513988827047880648e+02 2.511167136957316757e+02 2.515291643936027413e+02
2.769701870362463296e+02 2.764419412026852001e+02 2.740514766136142271e+02 2.766731031923259820e+02
2.559266524568913610e+02 2.561395866344257684e+02 2.552553493141885497e+02 2.567348576989085700e+02
2.503742995225834420e+02 2.504436509590745743e+02 2.492765948155633851e+02 2.506384612720931671e+02
2.744666684411478741e+02 2.759435710587045492e+02 2.713117043089598610e+02 2.735098069223791981e+02
2.516454145039530204e+02 2.518714765790543879e+02 2.502467793928024378e+02 2.528550244560601357e+02
2.465749076531373589e+02 2.466841686233254904e+02 2.461562108791345338e+02 2.471669514718672360e+02
2.515104340248781796e+02 2.523977379817697795e+02 2.507882078783699171e+02 2.530248426758262781e+02
2.490400079773065158e+02 2.490718849890358513e+02 2.478205001888088646e+02 2.493768637635758409e+02
2.498909073776131322e+02 2.498645911403285709e+02 2.495402039986205409e+02 2.499974688655703403e+02
2.554424228819637790e+02 2.560723201900628965e+02 2.543173671069047259e+02 2.554441101268520242e+02
2.484094335850955702e+02 2.486748729031484118e+02 2.473425736223285867e+02 2.490571399886801771e+02
2.539899985905917390e+02 2.545731809819419027e+02 2.524853891392849903e+02 2.546093820242071786e+02
2.537626585432932131e+02 2.538698797723218377e+02 2.528279206180115750e+02 2.547255029424059671e+02
2.611786132705613568e+02 2.621722806397359591e+02 2.578609883160203822e+02 2.620477164092368412e+02
2.502204520339026601e+02 2.507274001456273140e+02 2.489897314258244307e+02 2.517406822790334218e+02
2.534370273188747262e+02 2.529925957744165430e+02 2.523067205879671349e+02 2.539241305187194087e+02
2.640113428432003388e+02 2.651063398711528407e+02 2.617905323273494105e+02 2.643894762866216297e+02
2.502545865733875701e+02 2.499677042059578866e+02 2.496657633542533290e+02 2.498587888160449495e+02
2.680652227326978050e+02 2.694025574847551070e+02 2.664105023469470552e+02 2.692479876104534355e+02
2.563423806792877713e+02 2.566481434591969446e+02 2.553091802905112502e+02 2.572658451133535209e+02
2.901041213365346039e+02 2.906001228184782121e+02 2.882624151408600142e+02 2.905425863626973069e+02
2.475043738658817176e+02 2.475085656385483617e+02 2.463373211087026959e+02 2.478387201073164192e+02
2.470075936860470733e+02 2.471309667182872261e+02 2.461291166580810739e+02 2.474956873160802502e+02
2.472619586050263933e+02 2.470752475558932701e+02 2.461442518569876370e+02 2.471343352672042784e+02
2.478468609002582639e+02 2.480226299337773241e+02 2.468502328257844169e+02 2.479568691828718272e+02
2.506282983591688094e+02 2.507885252653571229e+02 2.490885015447546493e+02 2.515055584917383271e+02
2.551519330132331049e+02 2.549970958647319321e+02 2.538067463997768130e+02 2.550265682219887253e+02
2.700211042930521899e+02 2.700215201728956913e+02 2.674571818023080709e+02 2.699558379373813750e+02
2.509406649022126885e+02 2.518917197177279093e+02 2.500395130163870476e+02 2.521286495018536300e+02
2.481905218889446303e+02 2.486612671592728248e+02 2.480379220775309079e+02 2.490101951654322647e+02
2.488943215533069520e+02 2.488111158553682571e+02 2.481848168569705706e+02 2.489656487967048974e+02
2.483761614856759934e+02 2.488843990987352868e+02 2.467437254779402451e+02 2.486703988587274239e+02
2.499053943277300789e+02 2.498497089390202461e+02 2.494922270166442502e+02 2.500756029551021697e+02
2.614477312510790057e+02 2.620636576307483097e+02 2.586145731147291826e+02 2.620576129956232876e+02
2.626867796545897136e+02 2.639480511746953653e+02 2.596336978572436465e+02 2.632763235950596936e+02
2.472018790994685276e+02 2.474026036788148133e+02 2.458431552938716322e+02 2.472463010222390096e+02
2.501300806688250020e+02 2.499563761642683914e+02 2.493441440628622274e+02 2.504053038357734806e+02
2.551990465109081754e+02 2.558987801214197191e+02 2.543244901522679129e+02 2.569564889456407286e+02
2.615639754486347783e+02 2.626176308104287500e+02 2.594323701874585026e+02 2.617618959087923827e+02
2.524977679141553608e+02 2.530934274411192462e+02 2.515383392493446308e+02 2.534729523457778271e+02
2.535790169224919168e+02 2.541527000742588882e+02 2.524828419900781284e+02 2.548701268550633472e+02
2.489237032463952914e+02 2.488986190746902594e+02 2.483202184735717708e+02 2.496167887180599507e+02
2.538721640358228342e+02 2.556600776870856180e+02 2.533462090030977265e+02 2.547324787649592963e+02
2.471118269773790530e+02 2.472227197963723313e+02 2.463907970300234069e+02 2.476956743813010178e+02
2.537160582410031111e+02 2.541732819354258197e+02 2.530223060463470119e+02 2.543014606384271588e+02
2.597457399909791889e+02 2.600255098476316107e+02 2.580234499353971955e+02 2.600244967086574093e+02
2.664711535590481617e+02 2.671422618280354300e+02 2.630875788856630493e+02 2.663237092896886793e+02
2.622820682124375935e+02 2.626354852231216341e+02 2.600397619165205469e+02 2.627778852936476710e+02
2.624009683989366977e+02 2.637418593070403858e+02 2.606911717145488296e+02 2.636988176917686815e+02
2.525014222986016534e+02 2.525079186727878948e+02 2.512493225242037624e+02 2.528674945163325560e+02
2.870954698994246428e+02 2.871372572303245647e+02 2.846290515913556760e+02 2.855128327229939487e+02
2.540079135184327583e+02 2.537678437461901240e+02 2.527920785113905140e+02 2.546843217973812159e+02
2.899370318954879622e+02 2.905343688800311952e+02 2.875175496862588602e+02 2.897994886886356198e+02
2.631148884172307021e+02 2.636946208466985127e+02 2.604190616111999930e+02 2.640110491314845262e+02
2.542475237354200033e+02 2.545498060264625337e+02 2.521916470317778192e+02 2.548962163358950477e+02
2.461005323181881579e+02 2.461752863955161104e+02 2.453951425633073029e+02 2.465357428126582988e+02
2.886533381547642421e+02 2.881048423349654968e+02 2.867066152934705201e+02 2.900162291992579071e+02
2.452716806739412334e+02 2.455693616679519380e+02 2.446469665566522167e+02 2.461691249169971343e+02
2.501465510970939192e+02 2.507843959616279221e+02 2.497993939824221172e+02 2.504668931531998055e+02
2.537159505509997928e+02 2.542033337229298411e+02 2.528955988267754265e+02 2.546455755704488411e+02
2.451719034156504620e+02 2.452851007105003873e+02 2.440938951559475072e+02 2.452110246020446596e+02
2.806049853688692224e+02 2.814728431010896657e+02 2.787303689623549303e+02 2.813576184188362959e+02
2.488078863823634208e+02 2.494025517941717283e+02 2.480046387241994239e+02 2.496661538641378684e+02
2.502572210022542833e+02 2.500366736561459788e+02 2.494820729934228325e+02 2.505844300814059977e+02
2.528661539499864546e+02 2.536544074377189304e+02 2.517143921256416661e+02 2.536287692685249908e+02
2.472897684457860521e+02 2.477453892314205177e+02 2.460198012081721970e+02 2.469951667335691354e+02
2.778430461289158870e+02 2.783876229763690162e+02 2.742715007813465604e+02 2.791194225133217515e+02
2.483435506211777408e+02 2.487846293122552765e+02 2.475281884882184897e+02 2.483698768537304602e+02
2.552716913556407405e+02 2.555614623956861067e+02 2.526665075304344441e+02 2.554435325150441543e+02
2.637476206003929065e+02 2.655461130034925645e+02 2.612355285220573933e+02 2.656724581959537659e+02
2.524588296584975922e+02 2.533762294834118904e+02 2.511116046483300863e+02 2.535206007256775251e+02
2.463873667578017432e+02 2.465263391151656549e+02 2.456870458875652048e+02 2.469150991728900522e+02
2.622669798551403346e+02 2.632906798352875057e+02 2.598546094950323209e+02 2.632825857073953557e+02
2.472027201501920786e+02 2.472339941378875778e+02 2.458247376830941278e+02 2.474985380139158053e+02
2.500051181455494316e+02 2.496394888305772781e+02 2.498974486611961936e+02 2.501068918744020380e+02
2.496574927685440741e+02 2.497148800330484733e+02 2.486879841046325339e+02 2.503844414122851560e+02
2.621785477629664456e+02 2.619807294937097595e+02 2.595997907467609593e+02 2.626131891674860981e+02
2.628370277931164196e+02 2.633678948068208570e+02 2.592264285080808577e+02 2.632019389045652815e+02
2.525244908161161561e+02 2.525340657910095388e+02 2.522280513875270742e+02 2.526717965713762339e+02
2.499163866100369944e+02 2.509155403851542303e+02 2.487527901854544439e+02 2.508929146299350634e+02
2.494517410030809685e+02 2.492937032333715592e+02 2.484840523237429579e+02 2.497038755707635858e+02
2.818754277569810256e+02 2.824210122568858878e+02 2.793008097115955479e+02 2.827671702537896294e+02
2.537952457747603603e+02 2.546122315495192368e+02 2.531082062004522868e+02 2.548791741269697582e+02
2.531038066758172533e+02 2.532829992372795687e+02 2.516865225107555375e+02 2.531092073241445917e+02
2.580122615576289604e+02 2.581777189225638267e+02 2.555758626325369676e+02 2.581498876975367693e+02
2.571482964090652104e+02 2.572397597903696465e+02 2.561286425422736670e+02 2.580135361707093580e+02
2.493257331102078354e+02 2.492376585958494104e+02 2.487166961556754075e+02 2.496974903672742983e+02
2.465705251325809684e+02 2.464582389902744808e+02 2.454023442473182683e+02 2.472422330167954669e+02
2.504980147768896188e+02 2.511730462428247392e+02 2.488551423111476595e+02 2.508105882423988646e+02
2.771043967825423238e+02 2.779168706789716339e+02 2.750075422317469247e+02 2.771689769959692171e+02
2.511837342513148883e+02 2.513965708896048739e+02 2.506990863749404070e+02 2.516259792512157389e+02
2.509739858675944220e+02 2.514937711982416033e+02 2.497347236253823155e+02 2.518731299320737378e+02
2.520625799552295234e+02 2.522203051617965741e+02 2.511733766380436350e+02 2.524124975399397499e+02
2.464907328016498127e+02 2.466850929073395946e+02 2.451612014166568372e+02 2.474145585586400671e+02
2.760408688496457330e+02 2.768255472008934817e+02 2.730803098021700066e+02 2.766830904341633186e+02
2.510885655121770696e+02 2.508651481558445084e+02 2.496900257008847746e+02 2.513260586115630417e+02
2.529075406397645338e+02 2.527349993216343478e+02 2.528293566083394808e+02 2.535682783943589413e+02
2.657177519394996921e+02 2.670759916589410068e+02 2.630934590798282215e+02 2.669574246211905688e+02
2.485155448330236538e+02 2.487704521975097691e+02 2.476292175284959569e+02 2.488154745765084783e+02
2.485495591416460002e+02 2.480145554862880886e+02 2.477869002160265950e+02 2.487475814534134031e+02
2.493196918959653487e+02 2.496398656279928332e+02 2.479976979336332477e+02 2.498956092891395144e+02
2.519047310927377339e+02 2.521354601065741576e+02 2.511665653929793223e+02 2.525918636844311322e+02
2.872478015285662423e+02 2.866752065079389808e+02 2.857081305213378073e+02 2.878572079798993286e+02
2.518570170201596170e+02 2.519124636371809345e+02 2.515498809924346517e+02 2.521231156636301023e+02
2.557854831342352497e+02 2.565572270046671974e+02 2.537736218719428223e+02 2.565838591485965594e+02
2.503574360873759588e+02 2.502574518375236892e+02 2.496127829877190720e+02 2.505337913228606794e+02
2.712193580250773266e+02 2.721768135743982953e+02 2.689835451747122761e+02 2.715002354170166541e+02
2.587600626430372586e+02 2.588874205311755645e+02 2.566043907665199981e+02 2.592909809987758649e+02
2.499955877645055295e+02 2.503784582580667859e+02 2.492676595986150971e+02 2.506975630438710425e+02
2.584490008188103047e+02 2.593247672927248573e+02 2.557902423467889719e+02 2.591539424773295082e+02
2.561957380367544488e+02 2.559320626597027228e+02 2.533939833640448853e+02 2.572108859435246018e+02
2.514160993907799195e+02 2.514942439386593094e+02 2.505720273544077656e+02 2.521751222821710314e+02
2.503231101939838368e+02 2.501714608462185083e+02 2.497362007157475148e+02 2.499822390611635115e+02
2.737242911384191189e+02 2.749312382362902554e+02 2.719089561748145911e+02 2.752281640595056729e+02
2.471400047052719344e+02 2.472280796851953539e+02 2.460411273573707263e+02 2.473122095834916365e+02
2.637754766257219217e+02 2.644328601676092489e+02 2.619016234316507052e+02 2.642614134236372365e+02
2.626337908046133975e+02 2.631903367224681460e+02 2.591086824560519517e+02 2.623595002791728348e+02
2.491969580762224155e+02 2.494959318261709029e+02 2.482556337895615002e+02 2.498694177737829705e+02
2.574724879498038490e+02 2.567008041201809192e+02 2.553836351790828303e+02 2.581831016130089438e+02
2.517906778964898535e+02 2.517103639930995200e+02 2.503247431462562531e+02 2.525660065897509980e+02
2.586028431867828772e+02 2.599666571125528662e+02 2.567119830828955287e+02 2.603920612321752515e+02
2.528710749864352749e+02 2.530406602099847646e+02 2.515071217131796288e+02 2.537967271998693093e+02
2.660367366821650990e+02 2.665398944797409513e+02 2.647893346212467804e+02 2.677906589922949934e+02
2.698928553565189077e+02 2.699090343274381780e+02 2.665900460917565624e+02 2.692963254972694926e+02
2.607825470599228197e+02 2.607277248990259864e+02 2.590984312650732022e+02 2.611224078415847885e+02
2.656121644825639123e+02 2.662718949622730520e+02 2.624550485634050574e+02 2.661984586551359939e+02
2.557971228426621053e+02 2.569253091882281979e+02 2.544747725916260208e+02 2.571086818370525293e+02
2.563138917604169364e+02 2.565377651032706012e+02 2.545299758498523488e+02 2.566184076856451952e+02
2.487311318382004401e+02 2.487998612292928726e+02 2.481401782782268128e+02 2.493485092859240524e+02
2.619539646039360719e+02 2.619197058982522890e+02 2.589730310625963057e+02 2.626510400782337342e+02
2.514850001356811617e+02 2.516679093848357240e+02 2.512882290801600504e+02 2.517778158449484351e+02
2.508875829171631722e+02 2.505671673015366139e+02 2.500214837365099640e+02 2.509360521921371969e+02
2.485627428226214874e+02 2.490411886079351405e+02 2.482386643282686975e+02 2.494705338163683166e+02
2.517850593154679473e+02 2.520161194713333543e+02 2.499825203546514558e+02 2.527382518371209130e+02
2.627879721261336385e+02 2.637034447215306727e+02 2.611473753878448179e+02 2.639582002551506434e+02
2.688884315963417748e+02 2.691273131254324653e+02 2.668065532913720972e+02 2.696239691513623598e+02
2.470690679448455853e+02 2.471434108853116527e+02 2.457019335031588412e+02 2.472434430739925801e+02
2.497819654794989788e+02 2.499157149331647076e+02 2.491516603981523872e+02 2.502580764454588973e+02
2.595727905343293287e+02 2.598884016549519060e+02 2.575342590925473019e+02 2.601201961806574445e+02
2.585267437013791891e+02 2.592459288007208897e+02 2.575453179116247497e+02 2.591405985890469879e+02
2.951494767922964115e+02 2.964002452445836298e+02 2.926100076708642064e+02 2.952917658407840236e+02
2.531050410552915935e+02 2.534590547722362430e+02 2.525041390685395584e+02 2.534930093606280366e+02
2.491600225800125656e+02 2.492294862129470516e+02 2.486361973132475782e+02 2.501056987424337592e+02
2.514986912305043063e+02 2.516936444236504258e+02 2.502227366688421739e+02 2.519158808014948363e+02
2.515667298548564759e+02 2.517714716376794399e+02 2.508881367626024144e+02 2.524801764602495950e+02
2.499440593369909323e+02 2.503648036092178870e+02 2.493753351934425950e+02 2.504890960224370531e+02
2.499384394681410697e+02 2.498553341405486492e+02 2.493903072781764365e+02 2.505796966203498073e+02
2.486158735928189003e+02 2.485802305227826423e+02 2.476694992321172606e+02 2.488908618502451873e+02
2.680236585090914900e+02 2.668989105183992478e+02 2.648835507937681655e+02 2.673836006984416258e+02
2.478895847357265438e+02 2.478313606539187219e+02 2.472909387076720691e+02 2.484180085677288616e+02
2.726842815136374725e+02 2.729128029531244692e+02 2.695520863052104801e+02 2.731130375262588359e+02
2.603826285985447271e+02 2.605204193557637495e+02 2.590448301695555529e+02 2.609424487701585917e+02
2.550037623976849375e+02 2.559819871501337900e+02 2.532229468276228488e+02 2.567648159597670201e+02
2.511578590735303180e+02 2.510532528518562572e+02 2.499703997982965404e+02 2.522121443692316518e+02
2.480220983740235852e+02 2.480756695800677960e+02 2.472082443700947181e+02 2.487744007560993396e+02
2.565669164564847620e+02 2.566521947086483237e+02 2.550117989231968068e+02 2.572006918559999917e+02
2.554831732965493813e+02 2.553786572932539798e+02 2.541892710092930940e+02 2.560833027846596792e+02
2.503883667811807356e+02 2.506239072153050813e+02 2.497738418964883067e+02 2.510303661096066037e+02
2.757529372498689781e+02 2.763130650998532474e+02 2.736628644015746659e+02 2.765577802055258303e+02
2.922453250817175672e+02 2.917190715134357788e+02 2.909836445620655354e+02 2.920014994156105104e+02
2.853121226305758569e+02 2.849779696043024728e+02 2.841465469595353852e+02 2.856508669090876538e+02
2.504948366340654502e+02 2.505236887411358282e+02 2.501606429325046292e+02 2.514172169839932849e+02
2.641859345210855281e+02 2.639475004979610162e+02 2.622697909679944246e+02 2.646955130480610023e+02
2.496088766476248111e+02 2.501065541007136801e+02 2.485507920694452650e+02 2.500198245692231467e+02
2.511026176793752711e+02 2.517280624488124374e+02 2.497381724729202119e+02 2.513403064282302353e+02
2.598991255072924105e+02 2.618973655333476813e+02 2.589389730308436128e+02 2.620659018564191456e+02
2.706230515896846782e+02 2.706944541262989787e+02 2.673959477914463605e+02 2.707525210396281636e+02
2.544154202619246519e+02 2.549200066884670548e+02 2.541713905694757614e+02 2.553732124752076231e+02
2.595039920033440808e+02 2.594029250430725710e+02 2.577483034474485635e+02 2.597353414048363334e+02
2.742733148793403188e+02 2.747543262239187811e+02 2.713274718718577674e+02 2.755634551406264450e+02
2.480866500862814803e+02 2.485605592290116874e+02 2.475638751036066481e+02 2.486664331033722135e+02
2.675510015655578968e+02 2.679316587619343295e+02 2.640550674303360665e+02 2.684730163528114417e+02
2.492567311659236111e+02 2.493971653906791346e+02 2.485016746307756250e+02 2.497655895808973412e+02
2.499456978151426654e+02 2.498326969284291010e+02 2.483624962227775086e+02 2.503822529298496136e+02
2.723526409077834955e+02 2.724076392934394448e+02 2.708056231108599263e+02 2.730617805339072106e+02
2.585681202347800536e+02 2.590475891209716224e+02 2.563196930418536112e+02 2.599020109914537784e+02
2.699217752616095822e+02 2.714724568756502663e+02 2.684478176617446366e+02 2.722705539461451849e+02
2.478285722620385059e+02 2.483703192235961410e+02 2.474309431703275379e+02 2.489299418039708200e+02
2.505988591122317644e+02 2.508636269096641911e+02 2.500348694305673689e+02 2.509516625802684757e+02
2.644537838417944613e+02 2.646413738025308362e+02 2.625533104387402545e+02 2.646442345305680988e+02
2.512976257702989926e+02 2.514578249123093485e+02 2.500833386136708043e+02 2.518358277784589063e+02
2.588969221077929888e+02 2.596896196667387358e+02 2.575086287884826106e+02 2.598109835772314682e+02
2.501694726027912452e+02 2.505931641259680873e+02 2.492819081969991544e+02 2.508521107109461923e+02
2.488122593768509887e+02 2.490889412790036204e+02 2.484432929296894770e+02 2.495196492895376821e+02
2.813699041211756935e+02 2.815986668112433335e+02 2.793419505168014894e+02 2.824040697843176417e+02
2.472551297417777221e+02 2.477760191334679121e+02 2.468784450451336738e+02 2.482643277717936030e+02
2.478740442732347447e+02 2.480935724306492602e+02 2.469233023320892642e+02 2.481131845208918776e+02
2.673303589121885580e+02 2.683924578472501707e+02 2.647805914701335723e+02 2.683964427156007559e+02
2.516286399560279676e+02 2.520044439332639854e+02 2.500396834178090728e+02 2.526468356554260311e+02
2.495591205981964151e+02 2.498054063535749378e+02 2.490039489018135725e+02 2.505806842451632974e+02
2.502964734005063860e+02 2.506955769993135732e+02 2.499052683581153360e+02 2.510520453075401974e+02
2.478309702700325374e+02 2.482439027821007187e+02 2.470890872689085995e+02 2.484728395272148589e+02
2.609055170876983425e+02 2.614180548728171516e+02 2.590989945129110197e+02 2.612153240398188245e+02
2.546404125701263297e+02 2.549116899898776580e+02 2.539299691519213411e+02 2.552415285799756361e+02
2.580129370649947873e+02 2.577077876850451617e+02 2.561252417172835862e+02 2.591209354111638845e+02
2.497818982443832283e+02 2.498036988945132180e+02 2.491823266315964815e+02 2.503951027523418702e+02
2.534033755635151977e+02 2.535603835624840485e+02 2.523949556270987102e+02 2.542189659191800217e+02
2.509002713705710619e+02 2.508479792089209184e+02 2.496780320291961459e+02 2.514224624574231655e+02
2.496443999945067276e+02 2.499843286199161128e+02 2.495279262296724312e+02 2.502959419546415347e+02
2.483696225062391250e+02 2.484176879949930310e+02 2.476728884701007303e+02 2.487305170493820299e+02
2.535685016147177464e+02 2.536772157284732998e+02 2.516176697045222284e+02 2.539318476473861494e+02
2.663403248203828184e+02 2.674615868727327666e+02 2.647955079410526764e+02 2.682924195598790789e+02
2.482929508155077940e+02 2.480748317060440797e+02 2.478253696824264125e+02 2.486046765109882983e+02
2.495203900125259509e+02 2.495047209383679956e+02 2.484149011903137136e+02 2.500951088858784885e+02
2.479945681478631911e+02 2.482499942932180375e+02 2.475355207422923627e+02 2.485154487111903165e+02
2.664249381796111606e+02 2.674360894265707884e+02 2.645193348875223478e+02 2.673911186882053812e+02
2.484308089449363877e+02 2.485072710238245293e+02 2.478156131021101771e+02 2.493087679167346380e+02
2.663689316389837245e+02 2.661732802563095106e+02 2.632432465762220772e+02 2.675639956424626007e+02
2.446284828892254950e+02 2.450401102523322834e+02 2.439780440320488708e+02 2.454872413739738022e+02
2.491504110340741818e+02 2.493108754803315605e+02 2.489695152294852392e+02 2.496898506660052988e+02
2.480760921806952695e+02 2.480766305771833800e+02 2.472940629963134427e+02 2.482989657643832402e+02
2.544071923780226996e+02 2.543088143203502227e+02 2.535232556478930519e+02 2.545420637667092763e+02
2.484827783511070720e+02 2.488088771259292571e+02 2.480211896208826943e+02 2.492902704254759101e+02
2.501498263159910209e+02 2.501897777402710688e+02 2.491812710556187085e+02 2.503477060619876511e+02
2.473546019082967575e+02 2.475370424966141627e+02 2.469289900123322354e+02 2.480114909854767120e+02
2.547858674754413926e+02 2.544061047905056228e+02 2.532777905941725578e+02 2.552607766336156772e+02
2.488245860267805654e+02 2.486863473047093009e+02 2.478000011456541927e+02 2.493602003519564789e+02
2.602053143408587061e+02 2.604830657530842473e+02 2.583637423898119323e+02 2.605978454906197612e+02
2.451790423761635793e+02 2.452392241685837746e+02 2.442341745807222537e+02 2.464011859092443331e+02
2.822816119014113951e+02 2.821622327985368770e+02 2.804538422932577078e+02 2.817057221210591251e+02
2.570659288911727458e+02 2.575594809793484501e+02 2.551042585218372096e+02 2.577054799454289764e+02
2.548744262044449158e+02 2.546078962342983232e+02 2.532001551510465731e+02 2.551927620421693916e+02
2.502500552372356424e+02 2.506548329785782130e+02 2.494413376815718664e+02 2.505046627586509658e+02
2.496560043238276876e+02 2.495569218529159912e+02 2.488989079549815813e+02 2.501859498932567192e+02
2.498360053141651349e+02 2.499777413739932399e+02 2.487731143440176709e+02 2.504216585194193954e+02
2.501909711429125593e+02 2.503862300586345953e+02 2.489148826428488519e+02 2.504312207875083232e+02
2.514414659076051350e+02 2.520838514282347660e+02 2.511612602445493678e+02 2.523382118308014697e+02
2.882539243945239491e+02 2.891719174731392741e+02 2.872202756871622000e+02 2.885021496699757222e+02
2.508508311202750463e+02 2.505305743164483374e+02 2.497043265751155161e+02 2.509758757454059719e+02
2.552040698406792103e+02 2.554663101941092123e+02 2.536670339622770882e+02 2.560760113969407712e+02
2.815579537291636143e+02 2.828080882683421464e+02 2.806844497355051544e+02 2.817328998104728726e+02
2.481480929284184356e+02 2.482099978946772580e+02 2.473298554959172861e+02 2.484457970692742492e+02
2.496184324402006780e+02 2.500912131423950484e+02 2.480320706838932665e+02 2.500202635137027016e+02
2.612483582243699516e+02 2.615571535817135214e+02 2.596753360614097801e+02 2.616637922837607562e+02
2.537477649643202824e+02 2.543813210609843338e+02 2.531925904910922611e+02 2.541434339702504133e+02
2.537313063070845942e+02 2.535362623621687135e+02 2.520036129452004730e+02 2.548339935797694125e+02
2.558417449486016721e+02 2.556873880728227562e+02 2.536660916356379118e+02 2.564608240339844087e+02
2.636308232010574102e+02 2.643508949196927915e+02 2.602507298671396825e+02 2.637533432988810773e+02
2.519083096738272332e+02 2.521790479642254468e+02 2.505390526170717180e+02 2.533288200143447000e+02
2.489203963960845840e+02 2.488808013724465980e+02 2.483446787702314396e+02 2.491739371787716095e+02
2.537469958210148206e+02 2.552130098751185017e+02 2.531140999230344164e+02 2.551667013859936048e+02
2.661963528612960772e+02 2.679724810775092578e+02 2.640862532252177743e+02 2.673505297174991142e+02
2.525040165671212549e+02 2.524206840942448480e+02 2.519617606721990057e+02 2.533565238313979648e+02
2.529371626176275925e+02 2.526808722185037652e+02 2.513324312939460583e+02 2.533048170847352196e+02
2.521073228142203959e+02 2.527150858621303087e+02 2.511085086498009389e+02 2.528058951584264378e+02
2.483449464398293003e+02 2.482469497621700327e+02 2.474582001101456683e+02 2.485566434494248540e+02
2.484356632677018126e+02 2.484228816493936165e+02 2.474427268601386629e+02 2.486729715207819993e+02
2.518947643037901116e+02 2.518956518090646455e+02 2.502065064268387289e+02 2.521006211948688644e+02
2.604971795083359893e+02 2.613925757314351586e+02 2.594623906521892991e+02 2.617078741831668367e+02
2.539183838476066626e+02 2.539119935243732016e+02 2.528656983761398465e+02 2.542674946378344032e+02
2.852275369157535465e+02 2.860486454893405153e+02 2.821909616975700033e+02 2.844919136361725123e+02
2.523377895103400306e+02 2.521906357179846907e+02 2.510369625069079689e+02 2.527881628418508910e+02
2.534147342546256141e+02 2.546398919175600781e+02 2.522305675157323037e+02 2.541280715219625961e+02
2.490497438932111436e+02 2.492051242144641208e+02 2.481540424932630913e+02 2.492790784706210161e+02
2.546584571211006107e+02 2.542825436564205006e+02 2.522981641971943532e+02 2.546345531861502991e+02
2.488312707625783275e+02 2.491827925239650199e+02 2.477771127921156165e+02 2.498058768746091118e+02
2.484224201552133877e+02 2.484845143102383531e+02 2.476097239016875449e+02 2.484772554593427571e+02
2.706201477884384303e+02 2.728357654205379390e+02 2.683324764069532193e+02 2.719064471135802705e+02
2.534369941820669112e+02 2.548126531125954841e+02 2.525605756193045011e+02 2.556187695691820636e+02
2.629613729054556188e+02 2.629848795781709327e+02 2.606006029814746512e+02 2.645884755051083630e+02
2.506812722620504985e+02 2.503602569134218641e+02 2.494265321220848932e+02 2.513484274745605944e+02
2.732597583951244360e+02 2.740085859977110090e+02 2.707411485947663436e+02 2.746433403693845889e+02
2.625584987875387242e+02 2.619833789322628377e+02 2.595327431550927031e+02 2.626007854384766347e+02
2.510223995362289884e+02 2.509109758573284523e+02 2.502203204021450063e+02 2.516236506859810333e+02
2.508654415480881426e+02 2.510044610254685438e+02 2.501770019100495972e+02 2.514856636928747946e+02
2.868245405557639742e+02 2.877646206649911846e+02 2.843173065544522160e+02 2.878853047055039838e+02
2.478433281034624258e+02 2.484876651189551353e+02 2.470869509723424642e+02 2.481010416008988670e+02
2.487459130139809815e+02 2.492725066457139746e+02 2.481408243565333578e+02 2.491928270598511403e+02
2.515388662972913210e+02 2.514848700386480402e+02 2.510045367613071505e+02 2.515163156921906307e+02
2.486096520250929700e+02 2.483470737913696382e+02 2.474572872790071756e+02 2.489814171078639902e+02
2.578432412717067450e+02 2.587288171857937300e+02 2.565852428960789666e+02 2.593427563452053164e+02
2.499195082610247312e+02 2.502000189618864283e+02 2.488819027089566021e+02 2.509298068570075770e+02
2.515330801647339740e+02 2.515809839692970229e+02 2.503946326806692468e+02 2.514786961491061277e+02
2.556561862284166864e+02 2.552310187282758136e+02 2.539146519813687632e+02 2.555154901828243226e+02
2.620523402634739227e+02 2.630332421548874322e+02 2.599493533067959561e+02 2.627338797894956315e+02
2.564699694111989743e+02 2.573319171141623087e+02 2.547426905354440976e+02 2.582940066367995655e+02
2.783233352971511749e+02 2.777625859340647025e+02 2.764618511488606032e+02 2.793851229889165211e+02
2.502490929960775929e+02 2.511946722311226665e+02 2.481932491373846403e+02 2.518585508075446455e+02
2.480258490678132546e+02 2.486257220564067154e+02 2.474592642120204857e+02 2.489022462426085269e+02
2.484876844710315140e+02 2.489252134909054064e+02 2.482037760554756289e+02 2.489231634796002481e+02
2.620436108045899459e+02 2.634873365405697996e+02 2.609451030582568478e+02 2.632181453053152040e+02
