2.776730827315945476e+02 2.778593471056570365e+02 2.740518682604339915e+02 2.771665351880957360e+02
2.848771971714928668e+02 2.847428474128691391e+02 2.822370686608917367e+02 2.841092195616515141e+02
2.457851325072515749e+02 2.457214362320127918e+02 2.451091884349478391e+02 2.464576925693762064e+02
2.484959943147765671e+02 2.490115255892050925e+02 2.477398628456756455e+02 2.490395241275204228e+02
2.840119704989070897e+02 2.844649494901159983e+02 2.823767254658004049e+02 2.841769793590218569e+02
2.607931391156061522e+02 2.608616391462741717e+02 2.581896027321510019e+02 2.610339293809523724e+02
2.481445732485285589e+02 2.476986674789668541e+02 2.473618206875069632e+02 2.485627873152151324e+02
2.545180916831630498e+02 2.550285463335009126e+02 2.528056103374200632e+02 2.559110921719065743e+02
2.467856858239968574e+02 2.474575902980938338e+02 2.458028635000017630e+02 2.472438740096946788e+02
2.467948638941834645e+02 2.470425806488724731e+02 2.454926183474408674e+02 2.478754760632112664e+02
2.500790555082817548e+02 2.509170412144695490e+02 2.488136471095544948e+02 2.505933387307362636e+02
2.583108640144645278e+02 2.620805298748308587e+02 2.571479395767064489e+02 2.610518035299235180e+02
2.438740805294154086e+02 2.446566301334504203e+02 2.430662833330423780e+02 2.448228566856857640e+02
2.533622885335385320e+02 2.538357891200386405e+02 2.514697144891414098e+02 2.541193866281213332e+02
2.666092318573491298e+02 2.670415839257761945e+02 2.655050694405402396e+02 2.675935535091923612e+02
2.432234615188788212e+02 2.435498825046787488e+02 2.426100738726905490e+02 2.440313078014859229e+02
2.765640877571557326e+02 2.760112754667797503e+02 2.723914262889713314e+02 2.763158817371478335e+02
2.474037135982321729e+02 2.479788554733520414e+02 2.465761071318256370e+02 2.475628310690524927e+02
2.481541914669026312e+02 2.480714760964730203e+02 2.474372298241696626e+02 2.485647616679059126e+02
2.494426794895141200e+02 2.500873375677165029e+02 2.479870995593954319e+02 2.503334474521409447e+02
2.497546050973350589e+02 2.499683214939876734e+02 2.490919005485631317e+02 2.502046534879592912e+02
2.652906503573151440e+02 2.657517935809413530e+02 2.633341457847051288e+02 2.665627616023446649e+02
2.517792262380608577e+02 2.521248706363292058e+02 2.509401199150074717e+02 2.528055502614185741e+02
2.440797661927951481e+02 2.440731711502326107e+02 2.431369121552638148e+02 2.446735246451860064e+02
2.465746469057958450e+02 2.466092239914878235e+02 2.459146229538772843e+02 2.469997122672010050e+02
2.691439807694199544e+02 2.685666962025889006e+02 2.665980311165790226e+02 2.700050255410577620e+02
2.635724944283449531e+02 2.636006353131286346e+02 2.615941727767603879e+02 2.636015673633627898e+02
2.598850842042445493e+02 2.618310516598643858e+02 2.580772185959232274e+02 2.622373347579393794e+02
2.497743010271202024e+02 2.498857853317370541e+02 2.486759462976886823e+02 2.502753205559226046e+02
2.763333704292332982e+02 2.778091657853357788e+02 2.754760398330653857e+02 2.774113528974891665e+02
2.536188732136655517e+02 2.532346970118742604e+02 2.522550781378827196e+02 2.539432839601356307e+02
2.484607759388956367e+02 2.485665236976504957e+02 2.482453895675379840e+02 2.491816846786633164e+02
2.505562024876245744e+02 2.510155890852657308e+02 2.494648564406821549e+02 2.514605821316496304e+02
2.428236059515161003e+02 2.428427495804038188e+02 2.413852808139793069e+02 2.434952055121895285e+02
2.532025212008755943e+02 2.538241635869843265e+02 2.518605853917561319e+02 2.540070835706087564e+02
2.654005165910283495e+02 2.648535774756160777e+02 2.629283660286446320e+02 2.679581909673603377e+02
2.495953608026507595e+02 2.492047429476232878e+02 2.484150490503976698e+02 2.499996114630764907e+02
2.499664132612934679e+02 2.502133540465592318e+02 2.490055811003711028e+02 2.510528623362038729e+02
2.431364719045742220e+02 2.431728561032410312e+02 2.420057414209600495e+02 2.437926338188478326e+02
2.522174560734314923e+02 2.533846520008669643e+02 2.506252409798949259e+02 2.535048217631640455e+02
2.458715591282464175e+02 2.465621786756914275e+02 2.451651905364924744e+02 2.463664306671745123e+02
2.741404477727082281e+02 2.744401503997348755e+02 2.721111309213112008e+02 2.744245473019007591e+02
2.523376043342828154e+02 2.524297681675921297e+02 2.504318882793026546e+02 2.533213070365338240e+02
2.494588098372094862e+02 2.496549448066079719e+02 2.485602569719704604e+02 2.493417527660122630e+02
2.722722371637271408e+02 2.727893313290351216e+02 2.697309455658024149e+02 2.724145561970028666e+02
2.537192159535745191e+02 2.549174795217768690e+02 2.515402467396613133e+02 2.556239218455268372e+02
2.686765714599474109e+02 2.695312368145731057e+02 2.667769582974534046e+02 2.697408547492445337e+02
2.774578275639931917e+02 2.786478484059896914e+02 2.764357151440248686e+02 2.796824723153565060e+02
2.481970850322748561e+02 2.480366408957659701e+02 2.470484231969352891e+02 2.489217157426609788e+02
2.505323920406951288e+02 2.505049896670293208e+02 2.490135409349653060e+02 2.511736722111519100e+02
2.562408129393587046e+02 2.570980875314451168e+02 2.538745974397557461e+02 2.561401396589274100e+02
2.495638919319044646e+02 2.496090460447957469e+02 2.481990335681107069e+02 2.501020018729644221e+02
2.488917110821097651e+02 2.493496994062575993e+02 2.471694495574121788e+02 2.504404638120986419e+02
2.479328678074302843e+02 2.484727563365711944e+02 2.468842444875542412e+02 2.483341470003584277e+02
2.486027084083763441e+02 2.491133788671394598e+02 2.477688522686932799e+02 2.490691562924745597e+02
2.522584337515866366e+02 2.529198969505648051e+02 2.509922296454506920e+02 2.539886106096105891e+02
2.479286682635318186e+02 2.477631370161664677e+02 2.468068816293593670e+02 2.479310016096700906e+02
2.527214269563616540e+02 2.528453548237934854e+02 2.496436590271599982e+02 2.532010478220373102e+02
2.517971179756407594e+02 2.522020748688526339e+02 2.494489341583448834e+02 2.522717131219465045e+02
2.734093335123178576e+02 2.743268710131487182e+02 2.715924704499962559e+02 2.748376913307976679e+02
2.493713505849138414e+02 2.496934487185473301e+02 2.484302325833411089e+02 2.508341539198198973e+02
2.740286571265648945e+02 2.737099209628424319e+02 2.707018260524392304e+02 2.741047251902687663e+02
2.438820089757585663e+02 2.439063988643920879e+02 2.431243997386751232e+02 2.442946485442603546e+02
2.445825414665804658e+02 2.450722617211938541e+02 2.440261592859256723e+02 2.452383666215002620e+02
2.550178863208440987e+02 2.550043219451049197e+02 2.531294951581449766e+02 2.558830697370114819e+02
2.483704634983609481e+02 2.481991392428244296e+02 2.474220846288719144e+02 2.490362083869275693e+02
2.484304875805412109e+02 2.484937366923387572e+02 2.476461173461202918e+02 2.487277465411658284e+02
2.482801179952089115e+02 2.482308485431316001e+02 2.476331986226221886e+02 2.484951236028529138e+02
2.523673956701063332e+02 2.524190583395456997e+02 2.501777276948793656e+02 2.532219872005200045e+02
2.598865020254256706e+02 2.599228836126551414e+02 2.573872463336199417e+02 2.613736186141552480e+02
2.518241674086722810e+02 2.520199486546676155e+02 2.507360911288282068e+02 2.523655976257638827e+02
2.526435512850334533e+02 2.532431139697912386e+02 2.517785265288788423e+02 2.541687378083316844e+02
2.489999635456879901e+02 2.494202419479362902e+02 2.477326511068313835e+02 2.498507221278501049e+02
2.556117874979966018e+02 2.553135974972724682e+02 2.532382212426480805e+02 2.553992058995693526e+02
2.537593762396357988e+02 2.542306215768624895e+02 2.510662757816718624e+02 2.549438886617207345e+02
2.449663691771306731e+02 2.452000134465052668e+02 2.443953320101032602e+02 2.453006491654984416e+02
2.674944849504269655e+02 2.675118509074292774e+02 2.634795247465579564e+02 2.670437736665119246e+02
2.783427513294831783e+02 2.793321347684949956e+02 2.762595689702249615e+02 2.788714663606165800e+02
2.894327575518797175e+02 2.901475513708120957e+02 2.886513671103762135e+02 2.908918190450617658e+02
2.480977304344660581e+02 2.487720635390225254e+02 2.466151436601390117e+02 2.495730231057101491e+02
2.481782178358925250e+02 2.483817737338478935e+02 2.473680581333536850e+02 2.484289529978548501e+02
2.496997607245549773e+02 2.494497337028442985e+02 2.476628224283772397e+02 2.507675983037071887e+02
2.466493971457543637e+02 2.471607581730788468e+02 2.461686822708378770e+02 2.469642823045206228e+02
2.815155725728597531e+02 2.807311859582547982e+02 2.788243640663964129e+02 2.823977010581846230e+02
2.473755621228599466e+02 2.473699827102761901e+02 2.462602936200435977e+02 2.478321576730002391e+02
2.437136497934272086e+02 2.439889902236938610e+02 2.423083593590248768e+02 2.445415165125246233e+02
2.498340638670535157e+02 2.503692588239279075e+02 2.489071567085598247e+02 2.501386262423318385e+02
2.700558986654937712e+02 2.709799962432441021e+02 2.672211569067398500e+02 2.710809751940051910e+02
2.469881254812089537e+02 2.474536271909637719e+02 2.461783488555259396e+02 2.477143607475670422e+02
2.550993625799258382e+02 2.554453892186150199e+02 2.525825539091321446e+02 2.565152350517517448e+02
2.473360918207909549e+02 2.478895092995131790e+02 2.459957371735221727e+02 2.481341552415287879e+02
2.671768100469604974e+02 2.668232618326757688e+02 2.647708997911328765e+02 2.670059388334904611e+02
2.443756148870823210e+02 2.442478373369704343e+02 2.434673455363610799e+02 2.450504213992480231e+02
2.488362544296495003e+02 2.490850645805194858e+02 2.476289346764215793e+02 2.493009516871900928e+02
2.472451487626933329e+02 2.482084935523809577e+02 2.473232304078701702e+02 2.483007108439275896e+02
2.465371289617735329e+02 2.471419207263601834e+02 2.451487306381475548e+02 2.475026807083334290e+02
2.511322755119213923e+02 2.520325203266503138e+02 2.492888128556166123e+02 2.518631150466431166e+02
2.535212199918766771e+02 2.538229332039978488e+02 2.516972892054623117e+02 2.538450702163824246e+02
2.578911601677243652e+02 2.586011881595413229e+02 2.553732337498006757e+02 2.589162751728215994e+02
2.664821850750962540e+02 2.670813088425571209e+02 2.638955687073882928e+02 2.678363225738458482e+02
2.633327749199388563e+02 2.637951723119721805e+02 2.609030678383995223e+02 2.653246649001819719e+02
2.498079395712585153e+02 2.492158828268169373e+02 2.480470413012987763e+02 2.499666824714308859e+02
2.540995348546234140e+02 2.551723121877527376e+02 2.526853895435220920e+02 2.555059776229996089e+02
2.444020294763381003e+02 2.444435968310783096e+02 2.435444150420541689e+02 2.447259786053851371e+02
2.489439769116118839e+02 2.493648616861489700e+02 2.487068387511458241e+02 2.499104290829342574e+02
2.508725545729673740e+02 2.511737722799127823e+02 2.485318776962103300e+02 2.511818885202937679e+02
2.578564306272190834e+02 2.579079722575812639e+02 2.556243431748426929e+02 2.590997321495375445e+02
2.654996413150304306e+02 2.661695526339924527e+02 2.627146271834239428e+02 2.662828267582611943e+02
2.464611028044709826e+02 2.470671447152562621e+02 2.453922300242217318e+02 2.472585795458309690e+02
2.500188486568997064e+02 2.497527605817188032e+02 2.471943431201675878e+02 2.500239326974584344e+02
2.452468555843285003e+02 2.451664951688513270e+02 2.442201267567833156e+02 2.456070525106354410e+02
2.566001896204405170e+02 2.565548103899062653e+02 2.543022521126820834e+02 2.575658290562818706e+02
2.506588926615860657e+02 2.507821380541021199e+02 2.498540596612947411e+02 2.510209298809766949e+02
2.491259005896420149e+02 2.491240383234673175e+02 2.482765803556077913e+02 2.496102457425713794e+02
2.499839234363741411e+02 2.500328353118059681e+02 2.485405951922849681e+02 2.517404266119183660e+02
2.710576835800600861e+02 2.707264098652566986e+02 2.680501649101012731e+02 2.718269948700409486e+02
2.463531855427390553e+02 2.466249329475874958e+02 2.456336035430887250e+02 2.470043671848049200e+02
2.507560859189763391e+02 2.511938361203027625e+02 2.489503002668350575e+02 2.515321351107742771e+02
2.459137707992759374e+02 2.458619176283480385e+02 2.447569326740624547e+02 2.458496052864641115e+02
2.468850218728622679e+02 2.473896622376111054e+02 2.465774224688677521e+02 2.479304038490946596e+02
2.493205719698310361e+02 2.497110200830227029e+02 2.480292208811309820e+02 2.507667234981581146e+02
2.462800079140854450e+02 2.463088821868881553e+02 2.453333732364010018e+02 2.466872314897634055e+02
2.687719409897609353e+02 2.698983140773813147e+02 2.660250269690869800e+02 2.682300865870795405e+02
2.548276043466021008e+02 2.548285936451960936e+02 2.530883940084529513e+02 2.557177179202737989e+02
2.458150760296113049e+02 2.456235684523481666e+02 2.448822630517741743e+02 2.462899782502623509e+02
2.473841952514637228e+02 2.478837118467873495e+02 2.468834690426219254e+02 2.482150458805756443e+02
2.485183795774048860e+02 2.487396054276724442e+02 2.474300250548305655e+02 2.494859312465039807e+02
2.558673734497690759e+02 2.554973264208075818e+02 2.533434975118350110e+02 2.566947648439971772e+02
2.523134232656907443e+02 2.531727658557866505e+02 2.510589624191992755e+02 2.537024635319851029e+02
2.549249666573577144e+02 2.556983607666896035e+02 2.537284596075632805e+02 2.561429603495927836e+02
2.476059153988285573e+02 2.476845228673430199e+02 2.465226031804984359e+02 2.483559226832489060e+02
2.589543230728176013e+02 2.588820995979361896e+02 2.563678628142350817e+02 2.600570407582610528e+02
2.618383155965275932e+02 2.613345105231205139e+02 2.600987429221382286e+02 2.622339509461086777e+02
2.734622467784289483e+02 2.729497164512206950e+02 2.704620566105599551e+02 2.738581504835497071e+02
2.485403282481107397e+02 2.489532449873988185e+02 2.471538610535786802e+02 2.495413498400520211e+02
2.596490994755552038e+02 2.588330983644584080e+02 2.578450167961219108e+02 2.602459690624410200e+02
2.479544895353774621e+02 2.484352371338563330e+02 2.473391958273458329e+02 2.485899319290260507e+02
2.565309867059911539e+02 2.568707357770459225e+02 2.546031424697845296e+02 2.571808725082814817e+02
2.554203269488167507e+02 2.557646865565143628e+02 2.531421889882113589e+02 2.553919289560841435e+02
2.445983881782294702e+02 2.450433355037968113e+02 2.436599920539668460e+02 2.455295537781447592e+02
2.547114995199258942e+02 2.549408143062229328e+02 2.523187668102699206e+02 2.550698535097549779e+02
2.500815193969201289e+02 2.510080932507402451e+02 2.488198474268259588e+02 2.509487313287857262e+02
2.481952395583093391e+02 2.486343990743976633e+02 2.473349748072829186e+02 2.487026735951046135e+02
2.504411308522956574e+02 2.512871345342320808e+02 2.497336777668058119e+02 2.516765198165976187e+02
2.711591280888993083e+02 2.718192804011839598e+02 2.684467365816571487e+02 2.714858467527367338e+02
2.474893648782727951e+02 2.476550207987570502e+02 2.470725138472582216e+02 2.481910597738071829e+02
2.527457344465708786e+02 2.532038710200714036e+02 2.516568882380493335e+02 2.542583543497771075e+02
2.697774000162233392e+02 2.717062106645614676e+02 2.680752319988837371e+02 2.701263154130744510e+02
2.510286425074223757e+02 2.513329358804845128e+02 2.486474810657187220e+02 2.517967326332897358e+02
2.486127259692375731e+02 2.492914262414660698e+02 2.474741114865485372e+02 2.498392667594520162e+02
2.592399946751334028e+02 2.600974716234259176e+02 2.579366489422372979e+02 2.609875345984725641e+02
2.742885437570397471e+02 2.736733193690375288e+02 2.714446228823872502e+02 2.738106358976312436e+02
2.597942087801566231e+02 2.608054270230555289e+02 2.584029935165395955e+02 2.603383126946842481e+02
2.472571872364237606e+02 2.473932561886648784e+02 2.462473282385207654e+02 2.484590900456892086e+02
2.594676275399810379e+02 2.609727581230267219e+02 2.584315947279753800e+02 2.603590130253831489e+02
2.659772114443729265e+02 2.657450612185600676e+02 2.638130146788622028e+02 2.666335591801909004e+02
2.673794748105473218e+02 2.672023355986019055e+02 2.651922848064627942e+02 2.677573692984954619e+02
2.844823883156943793e+02 2.853088814578100028e+02 2.835612353468377478e+02 2.852118957329645355e+02
2.849120735029824800e+02 2.849728507409116673e+02 2.824390763792114853e+02 2.836694920619736422e+02
2.484375290590864154e+02 2.484782903677809998e+02 2.464382346135077171e+02 2.482179183932801436e+02
2.725345352530721925e+02 2.728726078246660904e+02 2.696885324827593990e+02 2.740385393987235716e+02
2.490352251742616545e+02 2.496222152406270425e+02 2.485281362141696206e+02 2.493575049081931638e+02
2.433537538982221520e+02 2.437638887182712892e+02 2.415629370810781325e+02 2.440336147484036644e+02
2.820741283052904578e+02 2.825734062094019237e+02 2.802485072771984846e+02 2.808758997582665415e+02
2.467373598425206751e+02 2.466918732080494294e+02 2.461871651101913017e+02 2.470341061405620451e+02
2.496588368341691933e+02 2.496695769963097007e+02 2.488461756764246786e+02 2.501372687149080036e+02
2.520491176204210149e+02 2.516069876724503160e+02 2.509334647965620775e+02 2.532330902753685393e+02
2.560472555179107417e+02 2.559854443011296325e+02 2.530686588427426500e+02 2.559427544584888778e+02
2.436955402903904826e+02 2.442084517041801917e+02 2.432306478101537550e+02 2.443755246264744301e+02
2.482889728191056804e+02 2.480611895971306637e+02 2.476174855375073207e+02 2.487919111469855125e+02
2.480713939311090996e+02 2.485265939976768834e+02 2.470322292151055024e+02 2.487892646326716033e+02
2.431355637296437635e+02 2.433046534805630756e+02 2.428952181693203158e+02 2.442116423239811809e+02
2.587732271286979540e+02 2.583647405107346344e+02 2.567447702185110074e+02 2.597211658156746807e+02
2.525683717088628555e+02 2.530524883275460866e+02 2.517388748810168977e+02 2.528642390429502598e+02
2.564575756813222824e+02 2.564382932646850577e+02 2.544391283700172153e+02 2.575673318169884283e+02
2.464658314826071717e+02 2.468395986868876832e+02 2.457446763178471372e+02 2.472576902071429572e+02
2.676198674840998137e+02 2.676634250858206769e+02 2.658298897343738076e+02 2.681616076028481643e+02
2.511261237912156616e+02 2.513259332070873029e+02 2.500893460956395131e+02 2.520448189707801703e+02
2.447177008506559162e+02 2.451719138745879718e+02 2.436893308385632793e+02 2.449953362808716122e+02
2.480156309748277863e+02 2.485569876710535198e+02 2.474056821099033527e+02 2.486879133763168284e+02
2.808009339848268269e+02 2.801344423623129956e+02 2.759216784355448340e+02 2.802029810334220770e+02
2.461986222329186091e+02 2.459294567340068340e+02 2.448481424829892035e+02 2.468423840546089139e+02
2.572057571267018830e+02 2.572286824509174039e+02 2.557017364392773402e+02 2.578075373000943955e+02
2.872600225055639953e+02 2.886579826082480054e+02 2.865022175489598908e+02 2.886301178765505142e+02
2.443994100667951557e+02 2.446834702320665258e+02 2.436934538004275907e+02 2.445351639082787472e+02
2.460103897963858515e+02 2.461976276573821849e+02 2.455318459507016371e+02 2.465960261758163767e+02
2.446040404889434967e+02 2.443477994148007326e+02 2.436908691371219220e+02 2.444206302539973592e+02
2.429255244152293187e+02 2.433804569367412114e+02 2.425735809328033952e+02 2.436724136537322636e+02
2.494813912394104136e+02 2.499097625738107809e+02 2.482745692297289679e+02 2.503805343415816083e+02
2.567053926477827872e+02 2.570228085493231447e+02 2.545263669574551102e+02 2.567929284156408585e+02
2.479864219125014984e+02 2.478867461036594761e+02 2.464829436824103368e+02 2.488437411284428435e+02
2.473818041480957959e+02 2.473871236867626351e+02 2.463268251373967814e+02 2.480352547812780131e+02
2.505453327735442315e+02 2.498438615747660378e+02 2.486942746487223985e+02 2.510870665693416868e+02
2.479144107187355530e+02 2.481700748862700436e+02 2.464482055286146647e+02 2.499678173026143497e+02
2.680969017443503049e+02 2.689416466496845146e+02 2.659971047144762224e+02 2.682889892992030241e+02
2.429351992485700862e+02 2.436104737812564167e+02 2.425132598320418253e+02 2.440705501170861567e+02
2.461195876456548035e+02 2.467728307388653377e+02 2.454436133116049348e+02 2.467430794883960630e+02
2.707046888663737718e+02 2.704997429262060109e+02 2.673534156548165583e+02 2.722577266035326033e+02
2.439246459726265641e+02 2.442536501570475309e+02 2.429596402636855714e+02 2.451346626950351322e+02
2.466682906838954636e+02 2.463064339154160507e+02 2.458674441496099803e+02 2.470848553535447820e+02
2.674152450204227875e+02 2.679013489633006770e+02 2.648534821935436980e+02 2.672273058540172315e+02
2.558425813515443963e+02 2.560134809954700472e+02 2.545048224429539516e+02 2.562464913754580493e+02
2.473013570383384092e+02 2.472554072318424971e+02 2.469729392912789194e+02 2.474453593615801310e+02
2.435767406185311472e+02 2.444506266135639976e+02 2.422584853883642779e+02 2.440279882170073620e+02
2.857166146875271124e+02 2.865029484254449699e+02 2.833112814983577437e+02 2.863521545426164039e+02
2.463745682760623481e+02 2.465435436950554902e+02 2.459057713413577630e+02 2.470688497925901288e+02
2.470122974787552437e+02 2.470325258244063775e+02 2.463624386503630888e+02 2.475004662089577891e+02
2.483921946507305734e+02 2.485605128785620934e+02 2.475455293934494989e+02 2.487751378573439069e+02
2.728944299159948059e+02 2.738527305744373734e+02 2.702986534044258065e+02 2.736226863269237697e+02
2.572599442259523244e+02 2.582416010609090904e+02 2.554721481528647189e+02 2.577022739110903444e+02
2.470358980130438908e+02 2.471717904643469694e+02 2.456812378536025676e+02 2.477511805559685172e+02
2.451841015481547288e+02 2.452947692587558208e+02 2.448568894361686148e+02 2.460137544640211331e+02
2.680502499888040688e+02 2.705499699476477531e+02 2.659299451684499331e+02 2.694255020022577014e+02
2.466195605568456131e+02 2.466739274868646135e+02 2.454759948961979319e+02 2.471701932184494126e+02
2.595662261946820877e+02 2.594911731759564759e+02 2.583703717064920511e+02 2.594733444217236524e+02
2.483777427445472199e+02 2.492375162367604844e+02 2.483352160083220781e+02 2.495898636639025199e+02
2.480096497563807247e+02 2.480902337225929557e+02 2.470520209045635056e+02 2.484265077208772823e+02
2.458991528070239667e+02 2.461575136577665717e+02 2.451636791958068500e+02 2.463021755525163314e+02
2.510061761616740910e+02 2.514285770349273150e+02 2.501670491696511363e+02 2.521456042853922099e+02
2.502124480960110020e+02 2.504076780105948785e+02 2.490896492334495917e+02 2.513178811774782275e+02
2.400368124838716994e+02 2.403641230882317643e+02 2.393133837942618243e+02 2.409898154839867743e+02
2.453348817542284053e+02 2.457423223909822241e+02 2.448836700947518636e+02 2.457965214118569861e+02
2.463296048312855646e+02 2.464016948874372019e+02 2.458143908409177811e+02 2.467044885000230749e+02
2.429546675096244428e+02 2.431617906150920021e+02 2.417044376955369955e+02 2.431274840933250516e+02
2.427772721493350048e+02 2.423479482103029170e+02 2.419507270312700484e+02 2.431119425232007529e+02
2.506390427191113872e+02 2.505212403047654561e+02 2.497615903224772183e+02 2.513491015443517540e+02
2.557396815153948353e+02 2.566164753386826192e+02 2.536409766623438031e+02 2.583994723010266057e+02
2.519635601675905150e+02 2.520154605486802382e+02 2.497238648227744591e+02 2.520748094756442299e+02
2.903534759665572551e+02 2.904877015277255623e+02 2.901650217454840686e+02 2.894848617858387456e+02
2.477350326046218356e+02 2.476486473551405822e+02 2.463161069297554775e+02 2.486006935269472535e+02
2.489357274405159615e+02 2.495489422898090766e+02 2.483589919521075160e+02 2.502191976192017933e+02
2.479001355764326888e+02 2.481347822582468723e+02 2.474109173165180664e+02 2.483195552980462253e+02
2.484398027482601776e+02 2.482192708979683289e+02 2.475468803184403441e+02 2.489251606482094985e+02
2.668039300487885725e+02 2.661924118283557164e+02 2.636269214239314351e+02 2.681045303809199254e+02
2.421940610614446712e+02 2.425745444334319245e+02 2.415054233147845366e+02 2.427597185475863171e+02
2.489759328568777050e+02 2.500582738483311971e+02 2.476472670127822369e+02 2.504607726851166376e+02
2.443387616958884507e+02 2.446091036653256481e+02 2.444100431923183123e+02 2.451379920246695576e+02
2.538150273877696463e+02 2.540179661041797203e+02 2.521845990006260081e+02 2.552152025470476531e+02
2.681575186714400729e+02 2.693896905786663183e+02 2.664344838376792950e+02 2.689198345600867697e+02
2.451600888196034305e+02 2.451550563364754680e+02 2.442239403776525819e+02 2.457239800793875872e+02
2.560643132206672021e+02 2.571811484623344768e+02 2.544619146831502121e+02 2.568659581047782581e+02
2.453373457371732513e+02 2.464887608793375477e+02 2.444472403726096559e+02 2.465399407351728200e+02
2.667306707666069769e+02 2.668931672830165667e+02 2.637061420355960877e+02 2.673884461496772929e+02
2.477916795442777413e+02 2.487170887991669304e+02 2.469455128116095466e+02 2.483278742019638514e+02
2.549222700580648677e+02 2.555855234706682211e+02 2.537710045961943308e+02 2.557316320269008258e+02
2.477550021345436733e+02 2.477002097858791103e+02 2.466910137465212358e+02 2.475600391286492652e+02
2.589075183118043242e+02 2.586861281467205345e+02 2.566928256140547546e+02 2.606982959556762580e+02
2.443949375894884213e+02 2.443006718692041943e+02 2.439561297699415832e+02 2.450238990025077896e+02
2.631198615233606120e+02 2.629937385459564325e+02 2.597217377053914333e+02 2.627377886568954182e+02
2.523627599094016603e+02 2.529163318609797955e+02 2.505656436024105744e+02 2.528186467135475937e+02
2.631813978869777202e+02 2.640690731082093521e+02 2.616336584938626970e+02 2.649116834917916208e+02
2.563835462984446849e+02 2.562487761671271755e+02 2.543052158706244370e+02 2.569648771267264920e+02
2.472849518778243123e+02 2.474191112772906251e+02 2.468156881229375017e+02 2.473193039760449210e+02
2.526023672928470205e+02 2.525861797301845399e+02 2.521353850619556169e+02 2.529652165520993208e+02
2.529838034784635568e+02 2.532031610242905799e+02 2.512883661979686849e+02 2.543726082654551135e+02
2.498265330816373080e+02 2.498183196988973123e+02 2.486448422418672806e+02 2.508011678051906301e+02
2.464189529132406165e+02 2.464285091450099117e+02 2.457523058106764040e+02 2.466570664889447926e+02
2.500981677190870585e+02 2.509128080694371761e+02 2.495363428411300504e+02 2.511844197331683120e+02
2.478641901969693606e+02 2.483227663031307202e+02 2.473910846468783404e+02 2.481989516096266186e+02
2.464878217173380506e+02 2.469150054185471390e+02 2.454177014792772411e+02 2.465285150715419604e+02
2.565624480918708059e+02 2.568828761420029991e+02 2.538938791662380652e+02 2.571776423427290297e+02
2.530681410784029879e+02 2.532271445058183872e+02 2.516069830917010393e+02 2.538953634134885533e+02
2.475304876479362974e+02 2.476873535555239414e+02 2.459864426157013213e+02 2.481370215917074802e+02
2.428312615510025125e+02 2.428570606715187807e+02 2.419227495053308985e+02 2.433677081870453378e+02
2.596571527330814320e+02 2.597764365025801681e+02 2.581445205848104365e+02 2.602711672166469725e+02
2.649009422802610061e+02 2.639159463409500290e+02 2.618092902928042918e+02 2.643062638982726753e+02
2.531220641114305749e+02 2.530024950008583176e+02 2.506963471797265015e+02 2.540610518473416448e+02
2.645737032302091620e+02 2.658796760040843878e+02 2.636504333438028311e+02 2.655635649450809979e+02
2.547592351138660263e+02 2.546126119460440691e+02 2.528908414468316437e+02 2.547424227643872712e+02
2.506225553739775762e+02 2.507289769707895175e+02 2.496703090056102781e+02 2.511022234670012949e+02
2.512583803953775146e+02 2.511886628968090918e+02 2.504001875213942583e+02 2.517578864999365464e+02
2.504072567249097574e+02 2.506492842630433415e+02 2.489988916467800095e+02 2.512274006540059190e+02
2.420232627262800804e+02 2.425547581294327415e+02 2.413267842588363123e+02 2.426457708231901336e+02
2.632693852135496968e+02 2.647783850527237064e+02 2.606377869418168416e+02 2.647176002851974204e+02
2.460011045685369879e+02 2.462711177584889128e+02 2.458795898415624208e+02 2.466207271646390211e+02
2.488950233731788444e+02 2.487962970974947439e+02 2.476911350085063930e+02 2.492565849508336839e+02
2.444258649376680808e+02 2.446249431355183788e+02 2.428936722845276677e+02 2.448340811478435057e+02
2.485541710066280245e+02 2.483177234020108983e+02 2.465358092820538616e+02 2.487568625252847596e+02
2.520936381802857795e+02 2.525018841984498863e+02 2.508232293000321533e+02 2.525212772517988356e+02
2.477702436811402436e+02 2.486271109294045516e+02 2.466284504021985242e+02 2.486909735295847099e+02
2.619541010479993020e+02 2.623246518148401378e+02 2.603720577178385156e+02 2.619445267797965471e+02
2.907642598392484956e+02 2.913460828114422156e+02 2.889053711854872404e+02 2.890971455456668764e+02
2.456861519851099445e+02 2.457716268868983036e+02 2.446793074897500730e+02 2.463156382969129083e+02
2.578497259678210298e+02 2.588449622308700100e+02 2.563722298756406417e+02 2.585370823098365918e+02
2.414946816077210769e+02 2.419856663448011318e+02 2.410625553394479539e+02 2.419585738845795504e+02
2.729325352286094812e+02 2.747920485506014643e+02 2.713845784193955524e+02 2.741747226936590778e+02
2.730365524952192118e+02 2.728289136174327041e+02 2.698456663357806633e+02 2.750776022481553582e+02
2.430510914348008100e+02 2.434075856461454066e+02 2.420565930381389421e+02 2.429762763440963624e+02
2.451883150176814752e+02 2.450442894916607486e+02 2.443268455022511887e+02 2.459270083864433332e+02
2.465410001427904660e+02 2.466214153286450994e+02 2.446771054329600190e+02 2.464490001901272080e+02
2.455434428531514186e+02 2.454347533713522012e+02 2.446846599191364930e+02 2.462107855583711569e+02
2.456251951127390782e+02 2.459039266677385172e+02 2.449508663210678208e+02 2.460074928355974464e+02
2.575356000113322352e+02 2.576638038254872072e+02 2.558561742324797308e+02 2.583295356805421079e+02
2.445484153863481254e+02 2.448187264042842344e+02 2.441751809946682670e+02 2.453228711371722284e+02
2.455207708833016795e+02 2.451214088988644448e+02 2.447130794324573912e+02 2.456569831547526803e+02
2.476511593057561242e+02 2.473041910716935945e+02 2.466053140063498006e+02 2.476421500229498349e+02
2.651896091141317129e+02 2.670269885680797870e+02 2.638131606225376800e+02 2.664406138660640408e+02
2.461037627494229127e+02 2.459956833346720941e+02 2.448688945513121666e+02 2.466817685522777595e+02
2.449271419537595591e+02 2.453383041676829635e+02 2.440979746552167740e+02 2.453815630633209537e+02
2.518285012576620261e+02 2.529850410575940316e+02 2.506181171645390862e+02 2.529190125176588424e+02
2.687966967745718421e+02 2.685637781078889930e+02 2.661596299645007093e+02 2.672521974341929081e+02
2.522803374759243695e+02 2.519508686398924340e+02 2.509277075158111359e+02 2.526524581681310906e+02
2.497703221203533701e+02 2.497601750732137020e+02 2.476586337806149061e+02 2.503997110249666775e+02
2.535972167206978725e+02 2.544128420034101339e+02 2.526273853337683022e+02 2.542412616813807347e+02
2.525923320076875598e+02 2.537717765922009221e+02 2.514285132198047279e+02 2.538385345602474672e+02
2.554880560083482237e+02 2.551239169172073105e+02 2.531664672371467475e+02 2.566299767801345979e+02
2.489683018317176675e+02 2.491456990261349063e+02 2.483612450233518416e+02 2.493376150758423648e+02
2.716878345276101641e+02 2.711471793799216243e+02 2.699368842459999769e+02 2.715743840069662269e+02
2.584399922722400902e+02 2.591709241287929899e+02 2.563086264058720189e+02 2.595590669138410362e+02
2.451223229896750695e+02 2.451595889072717966e+02 2.438141158660789358e+02 2.456362836125472882e+02
2.482947233801740197e+02 2.485488068523659422e+02 2.471477859673063051e+02 2.484013966417689403e+02
2.521438342499452858e+02 2.526553826723131522e+02 2.497672426513103972e+02 2.530565766909347758e+02
2.515087703461052513e+02 2.514897427598964157e+02 2.492878489041972330e+02 2.515625365144940986e+02
2.442305166661743385e+02 2.437649879416970862e+02 2.426951137249120052e+02 2.448044440306270815e+02
2.885690633936142717e+02 2.889285209635431215e+02 2.865410024262361048e+02 2.864550516322276508e+02
2.463860613382106521e+02 2.464793501816081402e+02 2.455625053835279061e+02 2.462354597793116397e+02
2.522452107170672093e+02 2.524440341015927061e+02 2.500509129347374540e+02 2.530388036348024343e+02
2.554324454322035649e+02 2.554482910629801893e+02 2.537608657126140201e+02 2.563952394152149736e+02
2.470304497163148767e+02 2.475418719755942050e+02 2.461460071484790149e+02 2.473629689453892695e+02
2.428604068839873946e+02 2.437417608134334159e+02 2.421666111009105009e+02 2.444473553739752560e+02
2.516368560508286976e+02 2.524865845075607069e+02 2.506656417195508766e+02 2.523082408257802740e+02
2.468481093680117624e+02 2.468377371258978314e+02 2.458362131434092817e+02 2.473015492632084431e+02
2.732921658476775519e+02 2.740588848184543735e+02 2.715264513822823460e+02 2.741268986997512798e+02
2.453317381463093909e+02 2.453895877824590173e+02 2.438795372149510570e+02 2.458064839688716745e+02
2.542724467649583460e+02 2.551293497097195200e+02 2.523775581961610612e+02 2.550161038372390294e+02
2.527646165109333936e+02 2.537561110416405370e+02 2.519056937208330282e+02 2.540657535301515111e+02
2.553221029526436894e+02 2.558089809491426649e+02 2.520898068242698571e+02 2.568230805589641363e+02
2.514979881196202598e+02 2.523221366740503697e+02 2.503950617995706693e+02 2.520775754815381902e+02
2.493143975076382901e+02 2.490419728926812866e+02 2.482944902931077706e+02 2.497538175095420740e+02
2.647924442994709011e+02 2.658698843279760240e+02 2.627874767409267065e+02 2.660283070233535341e+02
2.506445776942106249e+02 2.508565064569844765e+02 2.499432696684885968e+02 2.512781316215136940e+02
2.845872119918487329e+02 2.854352906847340705e+02 2.829937073330201542e+02 2.853658507361382703e+02
2.477751295227575952e+02 2.479798846727051682e+02 2.471040526854972086e+02 2.479661822449171211e+02
2.794647900145352537e+02 2.814543936010636003e+02 2.774238900274876869e+02 2.794496243805443214e+02
2.477150795011613411e+02 2.473184807501934017e+02 2.465979431223965435e+02 2.482353380030080530e+02
2.470701062449171275e+02 2.466335201342371590e+02 2.462004321771095761e+02 2.474320871713623831e+02
2.483946392183425758e+02 2.485095490497243986e+02 2.470138706685829675e+02 2.489019420224637997e+02
2.625844574384103112e+02 2.630349315654487441e+02 2.599667262678576662e+02 2.621120048417695898e+02
2.496224413600058369e+02 2.500078776940840726e+02 2.487862490933982258e+02 2.498103612641565690e+02
2.575497848826130962e+02 2.577922460888483442e+02 2.558259336477282773e+02 2.588490751919583772e+02
2.438852098473576575e+02 2.437337956573292956e+02 2.429817994475598937e+02 2.445786827598826108e+02
2.487979914725047763e+02 2.491508762254018166e+02 2.477867544759154441e+02 2.501306069330707089e+02
2.512590647168518387e+02 2.519850833335690083e+02 2.499495188951073033e+02 2.520231191012394447e+02
2.451082178612910241e+02 2.450823129234407816e+02 2.440421930021265098e+02 2.458900220812423925e+02
2.463517557776578997e+02 2.466041450187467774e+02 2.453873200692210048e+02 2.475653387771511404e+02
2.442148183517012114e+02 2.448388603794510914e+02 2.435574716286697026e+02 2.444532147438383731e+02
2.540712929708220713e+02 2.544341403444481671e+02 2.520763366427334518e+02 2.549612958330231720e+02
2.449869350083174595e+02 2.448225320849837772e+02 2.442996717400352509e+02 2.453726669930524622e+02
2.450356740769385624e+02 2.448907186092712891e+02 2.438337562271344154e+02 2.452940702018247237e+02
2.489618819566277637e+02 2.492070545722873476e+02 2.475756510419175527e+02 2.494206370182909609e+02
2.820540643817930118e+02 2.835297470027848590e+02 2.806149566968073827e+02 2.830682003770430697e+02
2.562713527259862190e+02 2.566577855876017225e+02 2.550845173129527552e+02 2.566153966338702617e+02
2.449307195299442412e+02 2.457232135015278232e+02 2.449720899928136078e+02 2.460712521432708684e+02
2.491248742435159329e+02 2.501298799747634973e+02 2.485117873531585815e+02 2.503016996431043140e+02
2.809203241528957165e+02 2.811354059277687156e+02 2.788650230752687094e+02 2.803924573801346583e+02
2.460936431093159911e+02 2.465940132646646532e+02 2.452598182787071437e+02 2.470624665945894378e+02
2.448693007406844515e+02 2.448102230467775371e+02 2.440095404876022940e+02 2.451327874245006342e+02
2.610174403377575914e+02 2.614943999892460624e+02 2.582678330701771756e+02 2.628926256183856367e+02
2.550117532741195703e+02 2.552561457514256631e+02 2.526256296717681948e+02 2.560967028655622357e+02
2.456488070942882587e+02 2.457698463952540351e+02 2.441636401903687386e+02 2.462157662135403484e+02
2.656584121271749837e+02 2.667684642413894949e+02 2.628776711388692320e+02 2.669370676177853170e+02
2.611693991304886140e+02 2.621987994634728807e+02 2.591786617896594862e+02 2.628980519121885777e+02
2.645240001371394669e+02 2.651127532094595267e+02 2.625598449536173007e+02 2.644816860565829302e+02
2.544472005063869346e+02 2.548179757522365776e+02 2.529846192849498152e+02 2.548883785375037689e+02
2.665546846619810708e+02 2.668184237842401672e+02 2.634479910920522343e+02 2.658752548633007677e+02
2.694042604399533616e+02 2.706212218990511928e+02 2.677185759771051607e+02 2.700250306911464691e+02
2.559551922792176697e+02 2.566841468231062890e+02 2.540210727164278239e+02 2.569224411391758167e+02
2.521802249433113161e+02 2.525791149314536312e+02 2.504778828771206065e+02 2.527479778836125490e+02
2.487768664540023451e+02 2.491999433664121284e+02 2.479712757128986880e+02 2.493803157818801708e+02
2.478114500666668505e+02 2.476518207308398303e+02 2.459368172097548779e+02 2.483590669274085769e+02
2.440768482878673922e+02 2.444744018508702936e+02 2.428819531910304477e+02 2.441468062134107697e+02
2.681704912250658026e+02 2.684350498269317313e+02 2.671838865106637968e+02 2.692761817852571085e+02
2.826275116340037812e+02 2.845079945309427671e+02 2.820137224710838382e+02 2.837810049804157870e+02
2.732301959716475608e+02 2.737813149306611535e+02 2.711497818093337742e+02 2.741461360253309749e+02
2.465228710975654565e+02 2.475253302989657698e+02 2.454577115803500931e+02 2.469958617640736804e+02
2.487256424573037066e+02 2.488817899958234818e+02 2.475029503480320727e+02 2.492102382531036255e+02
2.472792293353338948e+02 2.473680516284866826e+02 2.455097388792948152e+02 2.474960366656503368e+02
2.599211818052656326e+02 2.613213727984126535e+02 2.587054540601369013e+02 2.604323886668100272e+02
2.426515437023697643e+02 2.429805796658893371e+02 2.421098607164192913e+02 2.431877978747622535e+02
2.439949092316115582e+02 2.447325956152142510e+02 2.439443769378346474e+02 2.449088086723523929e+02
2.479857737535392062e+02 2.481689552392946609e+02 2.469236536722102642e+02 2.486492913270522536e+02
2.556782436052195919e+02 2.566004480999981183e+02 2.543848849982712750e+02 2.570515611582314932e+02
2.488228749983180137e+02 2.493703618988248536e+02 2.478080608212000300e+02 2.500950473940407619e+02
2.881299177666222704e+02 2.866068318927552809e+02 2.866775503092823101e+02 2.867824178175463317e+02
2.623123187348099350e+02 2.634689461459307722e+02 2.608711736645518613e+02 2.634636164114559733e+02
2.627074333110301154e+02 2.637069547776576428e+02 2.609800042686313759e+02 2.635625851377693039e+02
2.479914113333530281e+02 2.481893435467989946e+02 2.473247487149491235e+02 2.484205748159636187e+02
2.465099368130084940e+02 2.466939941927312532e+02 2.458002550369441508e+02 2.472664951382365359e+02
2.471769360726680986e+02 2.478396219727293044e+02 2.460968733731160967e+02 2.483114154904855297e+02
2.453236543386227879e+02 2.452661126579428981e+02 2.447832140855133218e+02 2.460857857039042926e+02
2.802389121565396977e+02 2.804109358322647836e+02 2.782032475977073318e+02 2.807996367938769140e+02
2.454471444809339857e+02 2.458006921745035527e+02 2.450309790715440954e+02 2.460056984424609539e+02
2.421332451537564054e+02 2.425534299188673515e+02 2.411803796812817495e+02 2.427341819557133817e+02
2.502410753179846665e+02 2.506621514115250022e+02 2.497895391244844916e+02 2.507382826216554008e+02
2.485594789485712397e+02 2.491832452661240040e+02 2.478958609971103613e+02 2.500220266477958546e+02
2.534998789182544954e+02 2.535212883383902636e+02 2.521096129425390870e+02 2.550532254468027986e+02
2.613638546180000048e+02 2.611709099183823923e+02 2.585418766603355607e+02 2.620584953407833382e+02
2.835251120104268239e+02 2.836968118958839682e+02 2.811192872364135269e+02 2.841018481558215854e+02
2.524249446289115042e+02 2.528123469798120198e+02 2.504724873395969382e+02 2.535236901364492894e+02
2.538591877540128507e+02 2.540199271319661705e+02 2.518446525760554948e+02 2.547254807107032946e+02
2.457947341825079093e+02 2.459252562175860817e+02 2.446934064168842724e+02 2.466700863444546883e+02
2.542482035025136611e+02 2.545429407114471587e+02 2.534177367001546486e+02 2.554078923684082554e+02
2.901203486211981044e+02 2.906180836593171080e+02 2.888911823081227794e+02 2.901044503832496275e+02
2.492633414323672980e+02 2.496247912774564952e+02 2.484846860173497305e+02 2.502118393084164722e+02
2.543516087752899750e+02 2.545817127083600724e+02 2.524438577204067258e+02 2.549295349610385415e+02
2.499730914518054874e+02 2.496386562796492399e+02 2.491468794356786134e+02 2.502471077396665180e+02
2.713007294739484223e+02 2.709356898315886042e+02 2.679903209982113594e+02 2.713313597802414847e+02
2.447671266200183311e+02 2.452067302527964046e+02 2.437427318129479374e+02 2.452890063430054113e+02
2.424153911603821143e+02 2.426877305811269707e+02 2.418277216510302026e+02 2.434325598640720614e+02
2.555512853584532138e+02 2.561004117779988292e+02 2.541202829449993317e+02 2.565478804062462359e+02
2.472541092381715373e+02 2.476302907040108039e+02 2.467869304251082099e+02 2.479397764211746278e+02
2.461661627107035315e+02 2.463769424664048415e+02 2.453227344099581444e+02 2.466434107775618543e+02
2.441515154247274779e+02 2.445396503777094495e+02 2.431078129603193929e+02 2.449779160865508345e+02
2.514920129604778083e+02 2.514620775979325344e+02 2.499331610904474132e+02 2.521307661156770621e+02
2.630062304419425914e+02 2.647438693524003384e+02 2.622838115226867330e+02 2.651610871951626223e+02
2.464676005018224316e+02 2.467095398050776680e+02 2.459569022500124049e+02 2.469554434397736031e+02
2.764078760824426695e+02 2.750344458203387603e+02 2.735226223362829501e+02 2.750554938190315966e+02
2.758044598079625302e+02 2.765093589945980170e+02 2.734317263250721339e+02 2.774740173226919637e+02
2.481542092561602715e+02 2.476397520414192002e+02 2.469164903241645277e+02 2.490997774011032107e+02
2.786601817976967936e+02 2.796652027623738945e+02 2.764859414819853214e+02 2.793131769705188390e+02
2.493306605036160875e+02 2.488537492451638116e+02 2.481990372492115853e+02 2.500272734713761054e+02
2.441048280315679335e+02 2.442422369798824491e+02 2.432861277228792289e+02 2.450050929317196164e+02
2.489199633306731698e+02 2.499394785024603607e+02 2.485645155193570872e+02 2.499074465891757484e+02
2.594415147715398575e+02 2.587446738691861583e+02 2.556173607242243975e+02 2.588808539877679209e+02
2.508286465008273751e+02 2.518150600828688823e+02 2.502370491926953093e+02 2.519732085414102869e+02
2.513348642295754587e+02 2.515876827673548917e+02 2.497266889930826324e+02 2.517092025457688749e+02
2.479410326665270929e+02 2.478780293236365537e+02 2.462964623025370372e+02 2.483560891392940277e+02
2.504517535917394753e+02 2.506218293347655788e+02 2.479681878216066764e+02 2.503543026574834585e+02
2.531477256413715793e+02 2.529900469452185234e+02 2.512834216603605171e+02 2.534938452450942918e+02
2.503284575568947048e+02 2.502882469684563773e+02 2.492414835813530090e+02 2.504941869721385501e+02
2.785944207768619663e+02 2.790536344427961808e+02 2.753894783414716017e+02 2.783287390423049033e+02
2.508182175634778730e+02 2.502908129463853015e+02 2.493279871456246042e+02 2.514901594724742893e+02
2.432865614442414710e+02 2.431313357848344765e+02 2.424625885907614133e+02 2.442197316879297659e+02
2.533121895469990079e+02 2.540411316883339907e+02 2.520508361350858308e+02 2.539130833759188306e+02
2.519982017373892802e+02 2.524383157185839082e+02 2.507654502061287189e+02 2.532861545987982481e+02
2.454464684532426588e+02 2.463424808208095556e+02 2.451263422871139142e+02 2.462876013882973325e+02
2.453178628036230577e+02 2.461618768951921936e+02 2.445778376304790811e+02 2.461334076190519511e+02
2.759956191914092187e+02 2.756575013857825525e+02 2.719783434221698144e+02 2.760207724263291880e+02
2.435143050902390485e+02 2.439219580236502338e+02 2.432231859661931992e+02 2.446140736082122373e+02
2.872760688605937958e+02 2.869752583512299111e+02 2.849938664497415743e+02 2.868202754425435046e+02
2.533377539854604947e+02 2.538562840699866854e+02 2.512967283988074882e+02 2.544444396157466599e+02
2.795611709314693485e+02 2.816696093063018225e+02 2.791317026732266413e+02 2.801168416562067023e+02
2.435392318172187629e+02 2.437287421988935421e+02 2.429995997922295885e+02 2.445054741874525917e+02
2.468289857032712575e+02 2.467460489027686492e+02 2.457953389106525890e+02 2.467047763170407109e+02
2.535760620211956393e+02 2.531405540105258467e+02 2.514527844763023836e+02 2.538374900838246901e+02
2.488900714067440560e+02 2.490211001634752108e+02 2.478826727590852101e+02 2.493217421776029994e+02
2.529513807026067411e+02 2.527399072037868564e+02 2.508473507222660999e+02 2.529248446478663368e+02
2.508984065918936324e+02 2.508956797783218633e+02 2.494647368711736135e+02 2.517640645044403129e+02
2.474947840766696459e+02 2.476550319859572369e+02 2.463921112909548299e+02 2.482921027325669456e+02
2.527307277421292895e+02 2.532998441359186756e+02 2.515578571467760582e+02 2.534273429527812596e+02
2.434158756865132602e+02 2.440910541570857220e+02 2.425500990436260622e+02 2.442817640415088647e+02
2.584366021123812516e+02 2.591263595033379943e+02 2.556550459305117045e+02 2.597537344342146639e+02
2.425575789230553312e+02 2.428794812830040826e+02 2.417895719432530370e+02 2.429225933142824658e+02
2.817468899597063228e+02 2.804622466373689349e+02 2.784844173987469276e+02 2.823800757259202783e+02
2.491445352542739897e+02 2.489822320245887681e+02 2.478160754015284226e+02 2.499284326731361148e+02
2.472062498724872341e+02 2.474965418260524928e+02 2.466460375746601699e+02 2.471098661902325375e+02
2.743362024010780260e+02 2.746171835404277886e+02 2.714404876460106948e+02 2.748019731293126711e+02
2.741972076040817683e+02 2.746336612715451224e+02 2.710324354929559831e+02 2.747721484685356472e+02
2.460763717261116312e+02 2.463526687151727685e+02 2.452180629688837996e+02 2.466488506130622511e+02
2.743770884932269496e+02 2.769885151527743687e+02 2.728088862149917304e+02 2.753474659306597232e+02
2.426886169146177679e+02 2.433299256164968654e+02 2.417689118690409487e+02 2.435938299739270008e+02
2.518709341442728089e+02 2.524336003121594558e+02 2.507469853629688146e+02 2.521659636563509252e+02
2.499143863286062412e+02 2.500305376841496070e+02 2.486018554610878937e+02 2.505277633731138565e+02
2.555415064868111585e+02 2.557474052827770095e+02 2.534918942708235363e+02 2.561282796041055008e+02
2.622230262991265590e+02 2.635580135819223528e+02 2.599398535789248967e+02 2.638763896106365223e+02
2.687095848683465533e+02 2.681057934598463248e+02 2.656297198009361296e+02 2.684658071933071142e+02
2.478697571060522193e+02 2.485322579038798096e+02 2.471890608939216349e+02 2.488972606470089772e+02
2.464264219879894142e+02 2.463704461789917843e+02 2.458418719328157920e+02 2.465397942158788567e+02
2.464782012669240032e+02 2.466810820841460838e+02 2.456257959421887165e+02 2.470403729336115362e+02
2.494487409020372013e+02 2.500367205533940478e+02 2.479997083296211144e+02 2.501576172525341519e+02
2.813302405334465561e+02 2.809962981067934606e+02 2.794323207025905162e+02 2.806594854038430071e+02
2.452867695460021764e+02 2.455385665556893855e+02 2.442004410874532709e+02 2.456016625163155140e+02
2.419236114834428122e+02 2.420461446818384559e+02 2.414745436291053409e+02 2.427518955641220657e+02
2.594902223203299627e+02 2.594883246610507399e+02 2.564735639411650254e+02 2.595413766218948695e+02
2.564288298535942090e+02 2.565405107829371900e+02 2.542451385730704487e+02 2.575793292649441923e+02
2.477615802321153069e+02 2.476303668855933324e+02 2.472099795994166129e+02 2.477826882074996320e+02
2.497044421117081754e+02 2.501785748070942077e+02 2.484302543057524986e+02 2.511567062479984145e+02
2.470073035268400758e+02 2.472266523409948888e+02 2.465317174281316568e+02 2.478286664753285038e+02
2.483497422462342286e+02 2.488116026001646333e+02 2.480838492320188493e+02 2.488235587012740666e+02
2.511562958943188733e+02 2.519611488633416059e+02 2.496490948566643624e+02 2.517164000866833646e+02
2.876528355296446193e+02 2.863280908409492440e+02 2.856478326392835925e+02 2.883688500201718057e+02
2.522365905910282322e+02 2.523921069031370621e+02 2.515369566295204891e+02 2.526117860635118575e+02
2.605743521061611432e+02 2.606376374519172714e+02 2.576550009845185514e+02 2.604035498750847637e+02
2.461260441575396101e+02 2.459562567779397568e+02 2.449846650092597713e+02 2.461000587169949370e+02
2.512849817050335730e+02 2.509615695699172591e+02 2.500514744943287724e+02 2.518259015979668902e+02
2.463265924622853333e+02 2.468950828199080831e+02 2.452469438500320109e+02 2.469292864026804182e+02
2.469170651140063626e+02 2.469643889500062812e+02 2.463673844205059424e+02 2.475429603521187403e+02
2.468818454371351265e+02 2.474027220419980893e+02 2.464655275551620548e+02 2.477554649073897508e+02
2.518343088797428777e+02 2.520170200488416299e+02 2.508931352836523274e+02 2.523864616057349792e+02
2.459608403760221904e+02 2.459866254880944041e+02 2.449682676816003379e+02 2.463360195904391787e+02
2.446601730839105642e+02 2.449650214958952006e+02 2.439750176233975196e+02 2.453026572010959114e+02
2.538405456796077431e+02 2.543906508047114414e+02 2.522734444683730146e+02 2.561348615444783832e+02
2.474292831820555421e+02 2.479789433044288387e+02 2.463927928611348079e+02 2.481323714001378562e+02
2.485295210689593262e+02 2.497053028437332216e+02 2.464795781306377194e+02 2.506163215011949319e+02
2.462152532621345244e+02 2.466906053860556369e+02 2.455314460346206147e+02 2.470369169545935222e+02
2.677592026244281556e+02 2.670924860274384400e+02 2.645406843084566617e+02 2.684721899167039965e+02
2.541122059136934013e+02 2.543922425210001563e+02 2.525257553758822837e+02 2.548313959868551422e+02
2.541686346586790819e+02 2.540893586819870791e+02 2.521737701259785354e+02 2.550604910076109206e+02
2.876967787651789195e+02 2.888210815080581710e+02 2.865387079618348594e+02 2.882470775007132602e+02
2.531010121343165906e+02 2.524502676095283391e+02 2.512366909665975072e+02 2.532432751301650455e+02
