2.541062738545135176e+02 2.541342505376261727e+02 2.531023296716383868e+02 2.541466158603141423e+02
2.929846524495868039e+02 2.945930838257470441e+02 2.915761301286739808e+02 2.950542109178101668e+02
2.633068674685869155e+02 2.634221640226294880e+02 2.617228312917176822e+02 2.639632339462007167e+02
2.643736302544193109e+02 2.651688742847429126e+02 2.632232363981117373e+02 2.638049247590238906e+02
2.685338358086442554e+02 2.690394680564738223e+02 2.662170092254378346e+02 2.689678129839257394e+02
2.729998050906813205e+02 2.735780938007659984e+02 2.718016466584602995e+02 2.742184563358637774e+02
2.591695249885499379e+02 2.595250397315933242e+02 2.593231269527938139e+02 2.590296066872436427e+02
2.556549045982764881e+02 2.555403310492019671e+02 2.551901303408945410e+02 2.561220131211253488e+02
2.572279756745544432e+02 2.573738323226003217e+02 2.564544436307953106e+02 2.575094178047680202e+02
2.527353607908633819e+02 2.527034168520425794e+02 2.512056152087947396e+02 2.527514453275188373e+02
2.581880291120834272e+02 2.576574864172522439e+02 2.572280471555429813e+02 2.579637941075271215e+02
2.722549547191686088e+02 2.715484916300744658e+02 2.694977790453519901e+02 2.727721129693655939e+02
2.538233834164171867e+02 2.539666017904353907e+02 2.527777513531028433e+02 2.542195419504355414e+02
2.862432000812835895e+02 2.857601628409292402e+02 2.832642593538468532e+02 2.855656941898552077e+02
2.884285935696933052e+02 2.890178064575228518e+02 2.864282930305657260e+02 2.886026951401648262e+02
2.570458199902187175e+02 2.571591621192599746e+02 2.565231465108992097e+02 2.576207969182437409e+02
2.725615259702540243e+02 2.729222160819720102e+02 2.707255028676271422e+02 2.738071129318006456e+02
2.667528041375163639e+02 2.666548497101243242e+02 2.651814396247611398e+02 2.674522872371372273e+02
2.590696607170322068e+02 2.590532840924626043e+02 2.581619733184291476e+02 2.600137374935936805e+02
2.659680862786362923e+02 2.663449612556974557e+02 2.644690850901583303e+02 2.669583998784969481e+02
2.621558438166771907e+02 2.622421606025284291e+02 2.612130328671912594e+02 2.623107485251828734e+02
2.571262590767994425e+02 2.571068912801527517e+02 2.561911257047507320e+02 2.575236291516659435e+02
2.561824830773439885e+02 2.564447354375448072e+02 2.556193940015424744e+02 2.565369382031894361e+02
3.053501849745146046e+02 3.066115956626291563e+02 3.060520022376290399e+02 3.046550379166200173e+02
2.830315765117919113e+02 2.830802623687976052e+02 2.817485418173005769e+02 2.837372612160365293e+02
2.546129756015115504e+02 2.546960511118157058e+02 2.534432389195393682e+02 2.550388276941323511e+02
2.684230423171633788e+02 2.686987570612155309e+02 2.675340012493082327e+02 2.687456210359169404e+02
2.548379399936091261e+02 2.554065517575435251e+02 2.541259184080595332e+02 2.553828399498062254e+02
2.559776552335510758e+02 2.558345591924428675e+02 2.554106774634823864e+02 2.563216791500580030e+02
2.630250113984648692e+02 2.629570821831411536e+02 2.622346373511570050e+02 2.627876299976318819e+02
2.608090454797889493e+02 2.604835648067784177e+02 2.595111492145795751e+02 2.607894117074179121e+02
2.569147506427108851e+02 2.565890227692599410e+02 2.561195511499292365e+02 2.564955856867533157e+02
2.885910706121445628e+02 2.887157691705778007e+02 2.850388998651856127e+02 2.877768740580742701e+02
2.578259423374558423e+02 2.575443610307746098e+02 2.570089081021427546e+02 2.580213547653423802e+02
2.789978022359106831e+02 2.795275210894674842e+02 2.756215800748027505e+02 2.791737575766891837e+02
2.569839696811200724e+02 2.569179907557673914e+02 2.562873098184820151e+02 2.572521711653396892e+02
3.045677089815896466e+02 3.053583470124923451e+02 3.046942252143682026e+02 3.027751306812961047e+02
2.566307319798905269e+02 2.562645798673285071e+02 2.559938401538877599e+02 2.569681396096797812e+02
2.839790856397787024e+02 2.842900159877955844e+02 2.821862628354558638e+02 2.838030502315300510e+02
2.963495940563781801e+02 2.965865477733528337e+02 2.948029066486017200e+02 2.950544955310594446e+02
2.612332295301566205e+02 2.617937777741015566e+02 2.601260162874274897e+02 2.616841428657308484e+02
2.616571524232444972e+02 2.614784323682832223e+02 2.607379357762241625e+02 2.614341800660521358e+02
3.006469781733666764e+02 3.015969882269380378e+02 2.998313183030593905e+02 3.005289096524153365e+02
2.605441847693952013e+02 2.604384464701526554e+02 2.593173159525860569e+02 2.608693623999020588e+02
2.776297692602547045e+02 2.789651404977225297e+02 2.758413498294786450e+02 2.788902859415804301e+02
2.674507043672784903e+02 2.676649432598931071e+02 2.652863485981986287e+02 2.674655113235111799e+02
2.576517159900113256e+02 2.576467445493473747e+02 2.567819166627469372e+02 2.577894955505032613e+02
2.586238493029825918e+02 2.588356762329456160e+02 2.571073737523189493e+02 2.586773745605354407e+02
2.596652075332299887e+02 2.600966535759872045e+02 2.591151342204668708e+02 2.601667326843855221e+02
2.588996657424995078e+02 2.587312175343876675e+02 2.586699365664008496e+02 2.593649149142554506e+02
2.783860132390120725e+02 2.793724277005173917e+02 2.761249899406797681e+02 2.779807530076635089e+02
2.528304510964985070e+02 2.535710850989862877e+02 2.513941875810679107e+02 2.529967730133166697e+02
2.619496913399067921e+02 2.621552359322081998e+02 2.597916539808559264e+02 2.615526887341939073e+02
2.782515964707735634e+02 2.787819890642571750e+02 2.762011666784399040e+02 2.795135078991604587e+02
2.906728908849774484e+02 2.901206969692004236e+02 2.881460508050988096e+02 2.902442548736675008e+02
2.570712047791176929e+02 2.567277158336388538e+02 2.562884931751844420e+02 2.571290877082012116e+02
2.667082896954153171e+02 2.670375334844231929e+02 2.656456778663210798e+02 2.673165870098900427e+02
2.585825767645330870e+02 2.587313692902139337e+02 2.577376846495292284e+02 2.584666722343308720e+02
2.600869523454711043e+02 2.598101179584689930e+02 2.597429597244824890e+02 2.601262131668394204e+02
2.755143174832331852e+02 2.760494637313402109e+02 2.736158901661088407e+02 2.757644825976811944e+02
2.879470211690344854e+02 2.886954216988021926e+02 2.850669360247203485e+02 2.877489587541861624e+02
2.628277631905045837e+02 2.631686841710334761e+02 2.625167466913744079e+02 2.638426311992293449e+02
2.589268676626127785e+02 2.588235723381396838e+02 2.583562877053910825e+02 2.588030590569370588e+02
2.663551795759265133e+02 2.668347858857023311e+02 2.646863723715915171e+02 2.663088487256799795e+02
2.602623537379735694e+02 2.607210198613365151e+02 2.592741362025242324e+02 2.608026349441078082e+02
2.581461186849580827e+02 2.583848290023824461e+02 2.574178529678532072e+02 2.577289162553664141e+02
2.702133562261091697e+02 2.707003865547177952e+02 2.682172016336247680e+02 2.722290903050558768e+02
3.024244680678557984e+02 3.026087645789834824e+02 3.021933463973126663e+02 3.020418447925681562e+02
2.644993712064804186e+02 2.645877183163514133e+02 2.636954927114963425e+02 2.647539108003772981e+02
2.611959341860488166e+02 2.614003807198471350e+02 2.597371128948489627e+02 2.617971748438513373e+02
2.568584892377212441e+02 2.572693713041167598e+02 2.556434190819331320e+02 2.568959039536474620e+02
2.579174167767443464e+02 2.575989280140621531e+02 2.572629148347216983e+02 2.582791579268461533e+02
2.634538942554592609e+02 2.633803233366752465e+02 2.625899142666291937e+02 2.632359289240398539e+02
2.642770040036666046e+02 2.641929100432060409e+02 2.630945137877480988e+02 2.644594974346157414e+02
2.622082972426730976e+02 2.620835476394616990e+02 2.604038473915466056e+02 2.624173905402782339e+02
2.657387430170662128e+02 2.657460699347140007e+02 2.646341053737796756e+02 2.664648360904173501e+02
2.575381737398742530e+02 2.578731576644364054e+02 2.562937685703626585e+02 2.582547078810979997e+02
2.588523244072504781e+02 2.587728243192516402e+02 2.579653492672185848e+02 2.589168021091601872e+02
2.578259950368916407e+02 2.574156434263859978e+02 2.580097430637092657e+02 2.575762359475615426e+02
2.735014169716292258e+02 2.737694014964407074e+02 2.711584139967363853e+02 2.739198002046702527e+02
2.612290738152403833e+02 2.612219357232273182e+02 2.604761945946091828e+02 2.614507938092211248e+02
2.648376629775008269e+02 2.655167916225723275e+02 2.645320937912574095e+02 2.653852121260476338e+02
2.555048555983327958e+02 2.556108462211117853e+02 2.544215200092890257e+02 2.554182228979710203e+02
2.565859973654996793e+02 2.569002392098863083e+02 2.559993053847323949e+02 2.572426760470802947e+02
2.563449977497722330e+02 2.570193335440528131e+02 2.557643299390767879e+02 2.571795855857835704e+02
2.648473044390547670e+02 2.652006035435540525e+02 2.630639059121732544e+02 2.647321844574105967e+02
2.756998460355960106e+02 2.761893507655349254e+02 2.728736384232772707e+02 2.754109819906054213e+02
2.559584743684709451e+02 2.562774813510819740e+02 2.551886253639306972e+02 2.564260960976201318e+02
2.624413208065935805e+02 2.625918789542039349e+02 2.611703434822558165e+02 2.627224012148869292e+02
2.543919167186211041e+02 2.549217673534648156e+02 2.543566535915151121e+02 2.550566129752783979e+02
2.631113619118188467e+02 2.640352900559025784e+02 2.619638755482011447e+02 2.637723447852468439e+02
2.570808273911624156e+02 2.570411842030889602e+02 2.565314857225922083e+02 2.579467199825296575e+02
2.679346636390553726e+02 2.684585390579014756e+02 2.677145967305938257e+02 2.689313686443018696e+02
2.557112391178444000e+02 2.559083054900426646e+02 2.547530833373701569e+02 2.561340247553004019e+02
2.542211356429256455e+02 2.549117941253549020e+02 2.529526539924529516e+02 2.554887041247639559e+02
2.538710270347560254e+02 2.541176392600476106e+02 2.533911702145790343e+02 2.546277687365374334e+02
2.574836706464654981e+02 2.581284665508976559e+02 2.570771034147117007e+02 2.581612023299364296e+02
2.666068248978667157e+02 2.667082600484085333e+02 2.645516937681694571e+02 2.674153221927767277e+02
2.592928803729183755e+02 2.594771830068024769e+02 2.583570826920318382e+02 2.600509206121694206e+02
2.571270433859899072e+02 2.578677444255603746e+02 2.563694131367672071e+02 2.578713632144973076e+02
2.796361025470978916e+02 2.789713664947429379e+02 2.774782696641028679e+02 2.800311556164242575e+02
2.627108073833447861e+02 2.621133938995542394e+02 2.618863668043232451e+02 2.630120121900165486e+02
2.641289474477014778e+02 2.647464070072593927e+02 2.629815505633793009e+02 2.653286880825559138e+02
2.638088865408096808e+02 2.643911185814850455e+02 2.629814727088217978e+02 2.645460133046803435e+02
2.590941610566179065e+02 2.597022175485666367e+02 2.582954251239624455e+02 2.597332284989392974e+02
2.607477106684700630e+02 2.607254987941493596e+02 2.602817771460619269e+02 2.609764073866069225e+02
2.538193015193818383e+02 2.539574270278330062e+02 2.526316554303128896e+02 2.537170391283711979e+02
2.841873877847623362e+02 2.841445689529619472e+02 2.824919367551167966e+02 2.842497322828370443e+02
2.580450193464393465e+02 2.582203822114073546e+02 2.571085661938988665e+02 2.584514738152218456e+02
2.572560342751701228e+02 2.571971653783826355e+02 2.564724626445635636e+02 2.577447477160196172e+02
2.727343311900810363e+02 2.733420450714637582e+02 2.714187107213093668e+02 2.737014268466774638e+02
2.725795944005351430e+02 2.736517607673054613e+02 2.693651083319196573e+02 2.721750789443270833e+02
2.658768190733568986e+02 2.666792902213791763e+02 2.641526078527535333e+02 2.658854732988527303e+02
2.685838942808310321e+02 2.694871619029370322e+02 2.672045220539201296e+02 2.702603611769698659e+02
2.533831740149626341e+02 2.538635125120426039e+02 2.528404229320879324e+02 2.541618781098885336e+02
2.589321481938039824e+02 2.590213897251450135e+02 2.570496897085405408e+02 2.600310618489983199e+02
2.656004341280351468e+02 2.655566358800128910e+02 2.636124238015241872e+02 2.663070581091259328e+02
2.557794729272881966e+02 2.558960293891506410e+02 2.551572604511006830e+02 2.565581474705122105e+02
2.560078029135660245e+02 2.562343171731138796e+02 2.554349068899602742e+02 2.566606582513925900e+02
2.627929514479645263e+02 2.640661686156894916e+02 2.612854210874151022e+02 2.641209520977047873e+02
2.566633684176000543e+02 2.573781034305721960e+02 2.561253414591602677e+02 2.574137606676728183e+02
2.598884785500745807e+02 2.601361243242336059e+02 2.601213282018246673e+02 2.599729198832585553e+02
2.709737073905209286e+02 2.705439445341150986e+02 2.685174602100570382e+02 2.709537201430867412e+02
2.670377899213681303e+02 2.675162526356644435e+02 2.646312559041619465e+02 2.664885189560989147e+02
2.713983914608957662e+02 2.712807612818295979e+02 2.692521724169232584e+02 2.709902340679105350e+02
3.006911676713907582e+02 3.014219558324400055e+02 2.987153336752656401e+02 2.997787986821601294e+02
2.871949462233802137e+02 2.867259162839746978e+02 2.848035721705197147e+02 2.861367158637079910e+02
2.844037177815787345e+02 2.849965316179847150e+02 2.822168134841144251e+02 2.848910096171855457e+02
2.596444837851695979e+02 2.595895446447105428e+02 2.591331234849488396e+02 2.597169063946124083e+02
2.615081962124947950e+02 2.618593964297023717e+02 2.610571156720343993e+02 2.623141123063884379e+02
2.578895979042507065e+02 2.581614602789708783e+02 2.576715698114324482e+02 2.583199157353595865e+02
2.688822626857068485e+02 2.696829258183541356e+02 2.668150317905652855e+02 2.701253865074576197e+02
2.929658877792919611e+02 2.934743629940143137e+02 2.906715395993127800e+02 2.911892965458831668e+02
2.818384989690734415e+02 2.823048176305860579e+02 2.789374241427675543e+02 2.820833268713022335e+02
2.634597875648490231e+02 2.646212293803603188e+02 2.612205656135064373e+02 2.649309341160305848e+02
2.605586920799516975e+02 2.615990992105702730e+02 2.598698493351861885e+02 2.620272327856157517e+02
2.611510139644864239e+02 2.613475136842881739e+02 2.592503087674097060e+02 2.616430956486008199e+02
2.834639696733214009e+02 2.835953974489798384e+02 2.802788777625655143e+02 2.835536669405016710e+02
2.633059418270175343e+02 2.644389259560800838e+02 2.628091152547147544e+02 2.650868150889368735e+02
2.685174351816038438e+02 2.693654682741574788e+02 2.673418561083353211e+02 2.697015890414842261e+02
2.626113006246654322e+02 2.629968122968620037e+02 2.608797816806816741e+02 2.633885236410750394e+02
2.611553737811913720e+02 2.610633210077568265e+02 2.601862531054022156e+02 2.610551431335064763e+02
2.614705431152089545e+02 2.609212612342951161e+02 2.604630022794538604e+02 2.618051215988074318e+02
2.611045666989729739e+02 2.614587574247636894e+02 2.605054072962341820e+02 2.613125654658439316e+02
2.593543187758967292e+02 2.599606639226201423e+02 2.590748892534015226e+02 2.598936071720175960e+02
2.591331602662795035e+02 2.593969575760725661e+02 2.582074488163453907e+02 2.590540182654757473e+02
2.720788963427852423e+02 2.718869921335783602e+02 2.687640818161019070e+02 2.724034717239300676e+02
2.659595208242981812e+02 2.658394632069907857e+02 2.650225184682573172e+02 2.664588236412855053e+02
2.536107051995030304e+02 2.537578576170365352e+02 2.527892897490385735e+02 2.537129578866871782e+02
2.576767083557094224e+02 2.576586621763044604e+02 2.571912042198715085e+02 2.579694998216003228e+02
2.557325332157279263e+02 2.559686992300300403e+02 2.547551894348466703e+02 2.557195545343234073e+02
2.635823091983711493e+02 2.634996787012141795e+02 2.626919960036415205e+02 2.637015028058136750e+02
2.596570890124110633e+02 2.600500813384340972e+02 2.582257943057261969e+02 2.603425233678203199e+02
2.569436830097674260e+02 2.566345370878235599e+02 2.561977977317550312e+02 2.570721076706751091e+02
2.991126927292671098e+02 2.987388552565598161e+02 2.983681135157412996e+02 2.989834305498296771e+02
2.557107508644611187e+02 2.559530635488764290e+02 2.544298505985640872e+02 2.562685978107371056e+02
2.620949947123999664e+02 2.616993685968156456e+02 2.604310318976089889e+02 2.622150282439022817e+02
2.567313018112875511e+02 2.564941541732729888e+02 2.559307867280333824e+02 2.568717921299383988e+02
2.588847759152081380e+02 2.589583925548030265e+02 2.585804789073290522e+02 2.593240170451537097e+02
2.601661713765496415e+02 2.607038074714978961e+02 2.591060398938566891e+02 2.600787775444292151e+02
2.802524620214703077e+02 2.801338228742137630e+02 2.779146622699269642e+02 2.808271873742784805e+02
2.886594940188475675e+02 2.885635883835277014e+02 2.858581221377038446e+02 2.892920733167122762e+02
2.829386369874988532e+02 2.834610634907169811e+02 2.805332372260649549e+02 2.829564552117049061e+02
2.581046354774055658e+02 2.578434547780595949e+02 2.576860527592024255e+02 2.584107508486938514e+02
2.978621641323849190e+02 2.992464380344025017e+02 2.954511015906184639e+02 2.974278796085486078e+02
2.557541640394958904e+02 2.552039115167085299e+02 2.547278863390794470e+02 2.562489408567529949e+02
2.704064015445119935e+02 2.703411689567259373e+02 2.682153701388281206e+02 2.706681230496323565e+02
2.577467939765389815e+02 2.577854587016525443e+02 2.574597645836698234e+02 2.578455784870233742e+02
2.829618285167517229e+02 2.827144666908420731e+02 2.796809850549970520e+02 2.821635454565518444e+02
2.580489451429299379e+02 2.581789291125499517e+02 2.575399187282600906e+02 2.584383374520076018e+02
2.814903205884660906e+02 2.809335873011772833e+02 2.790921752486262903e+02 2.810906654250791235e+02
2.655013657725723988e+02 2.662374665508134512e+02 2.644562326729962933e+02 2.663311811434275000e+02
2.706076539233264384e+02 2.709688565391822408e+02 2.684945837586014363e+02 2.713924702005757013e+02
2.628700258592328964e+02 2.633972576115272091e+02 2.618810232215964788e+02 2.633674978652504706e+02
2.565351718174295002e+02 2.564139086196672679e+02 2.555717684558647704e+02 2.570098311665975643e+02
2.574683136159237620e+02 2.581140431463039704e+02 2.570669119944489012e+02 2.572557395973316261e+02
2.635023960214949170e+02 2.634320382075872544e+02 2.617520510075714242e+02 2.638256641320299991e+02
2.546730530019356706e+02 2.549442954267622383e+02 2.543348454281577915e+02 2.547854944149575260e+02
2.749973671437202256e+02 2.752762448185436028e+02 2.720676375147784256e+02 2.744206151524321058e+02
2.583554399589543777e+02 2.586673583787473945e+02 2.575886913464714780e+02 2.585135248827865553e+02
2.761560380864851822e+02 2.770638333567466702e+02 2.734683859392202407e+02 2.763609823436200372e+02
2.693860292633961535e+02 2.703502279834210071e+02 2.672969259596222287e+02 2.700757298176251879e+02
2.645243489681981259e+02 2.651318643173681266e+02 2.619751834862246369e+02 2.650144908778630111e+02
2.961194856424613704e+02 2.955062645085054669e+02 2.943925259565799593e+02 2.958783843050591713e+02
2.722786770480358882e+02 2.741646607728936260e+02 2.708586481650526139e+02 2.738212823012749482e+02
2.577483457009210497e+02 2.579293363690892988e+02 2.570497779452577447e+02 2.580467922123377207e+02
2.585041764630772718e+02 2.590582314459528561e+02 2.577466106607710117e+02 2.587985102269289541e+02
2.692069687917871192e+02 2.701058910724910334e+02 2.670832540788516098e+02 2.700173273129413474e+02
2.671001851772937812e+02 2.671219623365868188e+02 2.650855192286194324e+02 2.686610251003991721e+02
2.608536135554068665e+02 2.612844734393877388e+02 2.596421239357054560e+02 2.614732981551837270e+02
2.712592985662390106e+02 2.714149763185542952e+02 2.682377974826125637e+02 2.713647624400369409e+02
2.556147550632246634e+02 2.558963702621672667e+02 2.549839070860897436e+02 2.553339208623543186e+02
2.607320544429351230e+02 2.605973710494415627e+02 2.592261853252229571e+02 2.607829228268224711e+02
2.740132741138663732e+02 2.739887906902187069e+02 2.709074977527474744e+02 2.737758168379779704e+02
2.591507031663508087e+02 2.591979004302210683e+02 2.590330339292930262e+02 2.597361607210106058e+02
2.612710108306647498e+02 2.618610508372603363e+02 2.614663624716021673e+02 2.622052781598864044e+02
2.637605312624438625e+02 2.647965377895342840e+02 2.625735377444459573e+02 2.645299967050267469e+02
2.592650217808954380e+02 2.605015273471049113e+02 2.588763654534611192e+02 2.606368390646057946e+02
2.584875895234623613e+02 2.583968951296316163e+02 2.572018052556805969e+02 2.585496965817857244e+02
2.691870403809028289e+02 2.697811159401887835e+02 2.674827111107221640e+02 2.690288903841031356e+02
2.582350298776935915e+02 2.597016673069454100e+02 2.580528059817783628e+02 2.593828555475407711e+02
2.780729965426573358e+02 2.770844871310605981e+02 2.753230312826947852e+02 2.775049210158898632e+02
2.680454740315852860e+02 2.684151981734854076e+02 2.664575256413604052e+02 2.683302649040877554e+02
2.758399647257716083e+02 2.765112940970899444e+02 2.738721618813223699e+02 2.756179659328627736e+02
2.580906664781558106e+02 2.587909596273140664e+02 2.573947094375301958e+02 2.590117138629998408e+02
2.743392823104367721e+02 2.735929206553167887e+02 2.718797499488684934e+02 2.739738064835032105e+02
2.570663654559520523e+02 2.569456784271877723e+02 2.566995490152000912e+02 2.574848930290152680e+02
2.555905946655338994e+02 2.559184067903629227e+02 2.544969219912975404e+02 2.559765894787087745e+02
2.735794882253013043e+02 2.737868057190889886e+02 2.719878201949182426e+02 2.735329378466997241e+02
2.709555801206407182e+02 2.708097958786670461e+02 2.688010875184867245e+02 2.707029621523566334e+02
2.607528751988101021e+02 2.608884779337197983e+02 2.592306755384398684e+02 2.612629682125535169e+02
2.622347627906839875e+02 2.619817017139585005e+02 2.611599349966519981e+02 2.622445697662980137e+02
2.593946610717398471e+02 2.596338440533592120e+02 2.585919756889770156e+02 2.597679277341127886e+02
2.589066627321504939e+02 2.593282993374311900e+02 2.581692220589058593e+02 2.588214776469529284e+02
2.684070529825820017e+02 2.682097134248776342e+02 2.662896003350584806e+02 2.680834444162613863e+02
2.617981451060497307e+02 2.617864339336408079e+02 2.601415292817989098e+02 2.624339309007536940e+02
2.629290306616465500e+02 2.633978769890481431e+02 2.612556152621118599e+02 2.633020685959118055e+02
2.630466208008472790e+02 2.635240981194792198e+02 2.622147210281025309e+02 2.635760875153679308e+02
2.564155989842260510e+02 2.566141668165466285e+02 2.559877101174307370e+02 2.565709725503724599e+02
2.689186873595210159e+02 2.678130740286703144e+02 2.661281272454801297e+02 2.682125241564554017e+02
2.986710464413214936e+02 3.002776454556952785e+02 2.970571959403831670e+02 2.989270094746007658e+02
2.625897889503655733e+02 2.629454099173966597e+02 2.609624607953413147e+02 2.625817902171174296e+02
2.584818423255836706e+02 2.587244682780321909e+02 2.579681099744850599e+02 2.583582305367823437e+02
2.609162914455501436e+02 2.610277092668492855e+02 2.610062985273235086e+02 2.613281047506765162e+02
2.757367740693887868e+02 2.765553130455631390e+02 2.740490254594812427e+02 2.767131347777390147e+02
2.705212065412887341e+02 2.712582891821840008e+02 2.686211062343804770e+02 2.717259836613069979e+02
2.608659125012974869e+02 2.611861329285006263e+02 2.597980405298353617e+02 2.616268141894402106e+02
2.551220205048836362e+02 2.550867075141605937e+02 2.538850743569046813e+02 2.553329003999161557e+02
2.549713322625389651e+02 2.553595015493192477e+02 2.547344384909893620e+02 2.561666279736941192e+02
2.705542044542543749e+02 2.707877837162480432e+02 2.693794979240841485e+02 2.704739188393696168e+02
2.921788948789368874e+02 2.931996635342291597e+02 2.893886089396373791e+02 2.907892036787935126e+02
2.623810597759504049e+02 2.628696164262375987e+02 2.621040053171162754e+02 2.635270906888536047e+02
2.668797862792472984e+02 2.664596625108865737e+02 2.651485315047315225e+02 2.665419213438719339e+02
2.533275478425768483e+02 2.540478988949983830e+02 2.526869011904126126e+02 2.537714468579465006e+02
2.659902139713967131e+02 2.664381376001822446e+02 2.645295854289655608e+02 2.669638571145723631e+02
2.624127749662547444e+02 2.635693731936651716e+02 2.615479335500655793e+02 2.629285751704325094e+02
2.557968324671140863e+02 2.560668997452852977e+02 2.543102399161711844e+02 2.560696608691604865e+02
2.544054860500661448e+02 2.548548626439343820e+02 2.532612028267859046e+02 2.546139230947720762e+02
2.850999683786894252e+02 2.857885764245290261e+02 2.827780608335581860e+02 2.848338828275724381e+02
2.722217928806429654e+02 2.726240779177213085e+02 2.704256370238146587e+02 2.726016817394539657e+02
2.635906972928094092e+02 2.642245326487976627e+02 2.619043945923427827e+02 2.645957346305074793e+02
2.673256585106950070e+02 2.679825460891245257e+02 2.662923002989132328e+02 2.677500273640355317e+02
2.593319330203169670e+02 2.595396540983455225e+02 2.588095826515120734e+02 2.597228720690591217e+02
2.641128950775121780e+02 2.635359172022461394e+02 2.631101054600217708e+02 2.648507388423574298e+02
2.573774053697475779e+02 2.572764590196019299e+02 2.571452734665488720e+02 2.576412158393011396e+02
2.594303557101810611e+02 2.598727713592920168e+02 2.591873727923965021e+02 2.598306154396501029e+02
2.575878835997153260e+02 2.578101002402515292e+02 2.562666971960203455e+02 2.582135990786850925e+02
2.815839011454635283e+02 2.827315880670171850e+02 2.804839603929742111e+02 2.815511986866397933e+02
2.642500897870478980e+02 2.647307658295030706e+02 2.633498236952112279e+02 2.651732262634508857e+02
2.634811174355014032e+02 2.640608253083847217e+02 2.630346843849777088e+02 2.642353503748914250e+02
2.896369530861909993e+02 2.886882476412183109e+02 2.869244122691217171e+02 2.877417509996610079e+02
2.689997049735976020e+02 2.706003037213469611e+02 2.664002262978681870e+02 2.699274047702038501e+02
2.618619844435407913e+02 2.620134047876758245e+02 2.603675091273144062e+02 2.621127709934463041e+02
2.602129990429494910e+02 2.603231105230364619e+02 2.598699614564380340e+02 2.609016245400061393e+02
2.678783362270843895e+02 2.680935947611955612e+02 2.663320754547357865e+02 2.683478741572349122e+02
2.596303986745292036e+02 2.602885310928473928e+02 2.598894626839174293e+02 2.600864229239288079e+02
2.583724085874802086e+02 2.590932266297337492e+02 2.576033806859994115e+02 2.588745201732847363e+02
2.658245832591462658e+02 2.658067144922799230e+02 2.640565107516667354e+02 2.661729782104590072e+02
2.618416965910391809e+02 2.626100337447489323e+02 2.610537534382288527e+02 2.628755161905909290e+02
2.684652703850100579e+02 2.690376207031822560e+02 2.661005518949366433e+02 2.694388880689843404e+02
2.575231958397891958e+02 2.579200553758444130e+02 2.568959287410932006e+02 2.585109903629393102e+02
2.608953027699099607e+02 2.603180807677033499e+02 2.604755553492355489e+02 2.609286470397510129e+02
2.631754899330643980e+02 2.638691542882951353e+02 2.631814047276683368e+02 2.635664455263581658e+02
2.668173373966049553e+02 2.676827416156858135e+02 2.656248222563914396e+02 2.690139565530629966e+02
2.645606450799836011e+02 2.654365185721110265e+02 2.630404029040137175e+02 2.653576932048832759e+02
2.546511248749013134e+02 2.558154165071420323e+02 2.540303131856225036e+02 2.556342487908734427e+02
2.596164115999177397e+02 2.598990439493182407e+02 2.585756151143094712e+02 2.601944207328253924e+02
2.709381780826528257e+02 2.713619438013309946e+02 2.676909643532987957e+02 2.713871625969873662e+02
2.568822808111619338e+02 2.571751298930062717e+02 2.560525894771554931e+02 2.570155106791394246e+02
2.628670530628583037e+02 2.636516009917355063e+02 2.626781380652217877e+02 2.635765383247660907e+02
2.552466037262261409e+02 2.548974700897639991e+02 2.545151689699817723e+02 2.554692494536020320e+02
2.675217011016247284e+02 2.681519668603871196e+02 2.661113493352880255e+02 2.682405008129138082e+02
2.725481399742305939e+02 2.718532757271937044e+02 2.703709001656111468e+02 2.722571296844609492e+02
3.023389638203136087e+02 3.025446292452933221e+02 3.005165470236044030e+02 3.010892344603895481e+02
2.691124117137439384e+02 2.694771647326039101e+02 2.676524954568257044e+02 2.693309331578042247e+02
2.572421613560550213e+02 2.578916017444474846e+02 2.565154530223908296e+02 2.581161554533929916e+02
2.664974831475066139e+02 2.672106591194469161e+02 2.652240294876481812e+02 2.679774429018826822e+02
2.543236593802366770e+02 2.547151548689685967e+02 2.540259511696144727e+02 2.553159884036886353e+02
2.793996851223608928e+02 2.799763169108385910e+02 2.777933711457446861e+02 2.798790396313033284e+02
2.606696970076137063e+02 2.602458920619251330e+02 2.601284669222195589e+02 2.602759857213267765e+02
2.637853492274655309e+02 2.639550640851931007e+02 2.629794180124370655e+02 2.640416911123609793e+02
2.571713670871291697e+02 2.572714888869752485e+02 2.559140351369217967e+02 2.571325604187534850e+02
2.608502446783478490e+02 2.608718796041699193e+02 2.595309735012982628e+02 2.607883169979817808e+02
2.916157450873951689e+02 2.916082611998656375e+02 2.887861744459423790e+02 2.906201503685929310e+02
2.555474503174662857e+02 2.557352173995599571e+02 2.541246962877931708e+02 2.560108103305909708e+02
2.609971616031326676e+02 2.608967208839758314e+02 2.599084262495430266e+02 2.608540562819780462e+02
2.639044150069725561e+02 2.638360120694313196e+02 2.628598405332539869e+02 2.645112918088052538e+02
2.615518790612263160e+02 2.618077122911752781e+02 2.603195385529323858e+02 2.614625510136290245e+02
2.564418389465047312e+02 2.571227702499554653e+02 2.553152387197191047e+02 2.574496239612738009e+02
2.571063792947643947e+02 2.576450697478277903e+02 2.561951571954546694e+02 2.578042569888481239e+02
2.847411668677471539e+02 2.850140478705827718e+02 2.813023611627372134e+02 2.840313758511418314e+02
2.576133683181141123e+02 2.578561376384915320e+02 2.568463310929262775e+02 2.583180348077780195e+02
2.793083598763099644e+02 2.798380923026650180e+02 2.765079432470872689e+02 2.790817947016360563e+02
2.681085777352080868e+02 2.685828175321108802e+02 2.672546689320188875e+02 2.685341732159064918e+02
2.649288922188292190e+02 2.652123629271701475e+02 2.637400807638871925e+02 2.650557144135265730e+02
2.557560085749786936e+02 2.565484466221886350e+02 2.554840835408071200e+02 2.566110711823150154e+02
2.522018940420937270e+02 2.519881909237418540e+02 2.513642570793369941e+02 2.524211371190864952e+02
2.705925048411911007e+02 2.715030060512508499e+02 2.700652706741697671e+02 2.711891612320067679e+02
2.624684469052074292e+02 2.628065091799479092e+02 2.605648835019810008e+02 2.626774638727916908e+02
2.626761433950060223e+02 2.630124585259447372e+02 2.615352801702610464e+02 2.630103612631729106e+02
2.565109598829932338e+02 2.570903985662739046e+02 2.565974163473557041e+02 2.569324808517093288e+02
2.878646213016584738e+02 2.881162969357162638e+02 2.864230388120889188e+02 2.868327954870322856e+02
2.690345878372940547e+02 2.686667749329357093e+02 2.664513531823133121e+02 2.685753390542552097e+02
2.639675035984126339e+02 2.638672904867705142e+02 2.635241269376385844e+02 2.641861745636705336e+02
2.584560611622974875e+02 2.584779468954873209e+02 2.579972775033928656e+02 2.585730877889234307e+02
2.580143565436330846e+02 2.585306272260050946e+02 2.580639667741376684e+02 2.583762928082825852e+02
2.540671445700457411e+02 2.550574391676959465e+02 2.538406828655908498e+02 2.543554098598593214e+02
2.609375410152000541e+02 2.618159987281642316e+02 2.593522937558970511e+02 2.623512170831801313e+02
2.562556045426478590e+02 2.563833900469966807e+02 2.564304945874281429e+02 2.569193542336801102e+02
2.568073597846192229e+02 2.572185409909106397e+02 2.557726573466634932e+02 2.572190033869140393e+02
2.600890439400631067e+02 2.612322793762069182e+02 2.586416472229208807e+02 2.612771924325579675e+02
3.034132470072536307e+02 3.038280561268662723e+02 3.034392352512496700e+02 3.021547902899930591e+02
2.548891449708294772e+02 2.552409295466442529e+02 2.542825256448433038e+02 2.554726987473322026e+02
2.817722537770678741e+02 2.829484765497807075e+02 2.807472192477999329e+02 2.823733574578936896e+02
2.675779037449201496e+02 2.682079079121497784e+02 2.654728029989078664e+02 2.690640558840514132e+02
2.654142124877160427e+02 2.660407271771658202e+02 2.645601214037763498e+02 2.659394274397730555e+02
2.669007630463887040e+02 2.668854645356347532e+02 2.654672949156758364e+02 2.678794364855449999e+02
2.940819307172904473e+02 2.945431327380121616e+02 2.928685676091041614e+02 2.930745368053085258e+02
2.639191907929958347e+02 2.646401010004780687e+02 2.630022975190444754e+02 2.640688458939633847e+02
2.574917206801778775e+02 2.571609546413776002e+02 2.567337069818198074e+02 2.574088747292197468e+02
2.768612146010027573e+02 2.775354374263859540e+02 2.740876004164155688e+02 2.770354451189512019e+02
2.610669748408808459e+02 2.611817855068387075e+02 2.605923607237253918e+02 2.610427744736439877e+02
2.570967058049914158e+02 2.574543195132724236e+02 2.563813476747660616e+02 2.579177906769009496e+02
2.850529474297006800e+02 2.857233451147164942e+02 2.833327675358042370e+02 2.855671360157100480e+02
2.596317899644859040e+02 2.599706757418244365e+02 2.590728769261078241e+02 2.608979382492332775e+02
2.621615204604939890e+02 2.626787283115439209e+02 2.611653615239555961e+02 2.637362207460836885e+02
2.545374256617998867e+02 2.546226822799644367e+02 2.535993418765044396e+02 2.555237110373253415e+02
2.602341143188216961e+02 2.601124724437580085e+02 2.583422396149983342e+02 2.602244275559647235e+02
2.572905793315137544e+02 2.570528977892535636e+02 2.568176424744369228e+02 2.570254877962927935e+02
2.752621699556975727e+02 2.756997212340201031e+02 2.732867576015447639e+02 2.770663745345670463e+02
2.628233581125526825e+02 2.630709479505157447e+02 2.613363814256414912e+02 2.634160592412060282e+02
2.570725722327711651e+02 2.573599743350342237e+02 2.565578322725581870e+02 2.570028123559519599e+02
2.581222876255990286e+02 2.582580039724622907e+02 2.573544958388091004e+02 2.589342070825777000e+02
2.691085711684152670e+02 2.685870394021306993e+02 2.675081612306360057e+02 2.698351665000301978e+02
2.629632202586839753e+02 2.634090581558652389e+02 2.614949629103818438e+02 2.633052587915905178e+02
2.809005000135560977e+02 2.819812877206706503e+02 2.791832815792710676e+02 2.832030272293458211e+02
2.573708517225301762e+02 2.574848577544458408e+02 2.564463143491290111e+02 2.577521231540437157e+02
2.580349602452920408e+02 2.579607892529256787e+02 2.575719847263640645e+02 2.577898987601820409e+02
2.608536077768145560e+02 2.610411861251524783e+02 2.608899848110751805e+02 2.614527222320581359e+02
2.709917609503398239e+02 2.715922402301160901e+02 2.694879249174625784e+02 2.718176511253583385e+02
2.558982113562362599e+02 2.565150441774719070e+02 2.551169814216761722e+02 2.560677190154749496e+02
2.611470876890648469e+02 2.621790862939565727e+02 2.600685381073852795e+02 2.616709809847644124e+02
2.610542301415575821e+02 2.611367341636693595e+02 2.599385319683728426e+02 2.608684725538763018e+02
2.589341086294969045e+02 2.593059846143636378e+02 2.585212240822349372e+02 2.593833767177637810e+02
2.625897856887766579e+02 2.619474658567264669e+02 2.613398809161750478e+02 2.626734158171019544e+02
3.085120733776229827e+02 3.069206892924735826e+02 3.085385608114812612e+02 3.061506932284478921e+02
2.593830994569484574e+02 2.589699472605752248e+02 2.584533104203734410e+02 2.596670439878404864e+02
2.846230823002151169e+02 2.858659201951736577e+02 2.829563869264155187e+02 2.844337162311975362e+02
2.602442156555524093e+02 2.601725890756840158e+02 2.588415725370619498e+02 2.599057144221320073e+02
2.588642904991738192e+02 2.585720009573212224e+02 2.583788841554211331e+02 2.590923765745504852e+02
2.633503019224843911e+02 2.641561885883604077e+02 2.625506898493808308e+02 2.644464446256583869e+02
2.692318940565149319e+02 2.700671444974884139e+02 2.680519032820705547e+02 2.701469610821325205e+02
2.599671995323324154e+02 2.598516296036199833e+02 2.584820784227212016e+02 2.603155784034560725e+02
2.703671848603767103e+02 2.713411019487444946e+02 2.681628305901379008e+02 2.702294185566000806e+02
2.600284635611852764e+02 2.597121815489947494e+02 2.588132837910457056e+02 2.599916729458313398e+02
2.561573236969629761e+02 2.564055495433874512e+02 2.558931624188294052e+02 2.566058146295579832e+02
2.594355733041820145e+02 2.591841828391024478e+02 2.580543294130204686e+02 2.590406883758442405e+02
2.809875034325748402e+02 2.819413864450261258e+02 2.791435928146812557e+02 2.824629112604208103e+02
2.603115156339849250e+02 2.598940799145258325e+02 2.592554418787984218e+02 2.602636594219132462e+02
2.790343396872762014e+02 2.791737842032936214e+02 2.770236692315855862e+02 2.790195685366581415e+02
2.643081925115484410e+02 2.643940021159916682e+02 2.642648040972648005e+02 2.641111513897930649e+02
2.587597244067003430e+02 2.581257600110741350e+02 2.583625281969261209e+02 2.587651295707260601e+02
2.578918301799880624e+02 2.586916308516224490e+02 2.574323065085464464e+02 2.590819915150230486e+02
3.011420784378963731e+02 3.020106179781263904e+02 3.011202422983647580e+02 3.012372665257877884e+02
2.622650206779865130e+02 2.628239462068999046e+02 2.608210681862839806e+02 2.629367597925580071e+02
2.646035780833048534e+02 2.645626787006713698e+02 2.636189938616358859e+02 2.652840474348452631e+02
2.661730926520754679e+02 2.658157690637087285e+02 2.643193675071250368e+02 2.656446021861874556e+02
2.529164333139076177e+02 2.527244642941773236e+02 2.515826098540525493e+02 2.534348468944070021e+02
2.658613549409845973e+02 2.660562500259920853e+02 2.644085813345366205e+02 2.665135804715415020e+02
2.603389039459735841e+02 2.601886611384946946e+02 2.589838561541432682e+02 2.610337282948595998e+02
2.693120938812269856e+02 2.693532577410982185e+02 2.669484532359261379e+02 2.692556118034049177e+02
2.665472856930832108e+02 2.665070491615308583e+02 2.654783568101930769e+02 2.665735219318359555e+02
2.572069331701375177e+02 2.573495071538312686e+02 2.563840226836774150e+02 2.573578632854172383e+02
2.614396535868069691e+02 2.612916729754834364e+02 2.609259131018847029e+02 2.615440170484716305e+02
3.032119524203856713e+02 3.031643614352951772e+02 3.020037755542199989e+02 3.024190731574350934e+02
2.530964404273064474e+02 2.532907163365382814e+02 2.517665799027163871e+02 2.535903118733221220e+02
2.575065146627937338e+02 2.571586928003902131e+02 2.569188646946986978e+02 2.573467376425693374e+02
2.554291945960532360e+02 2.554109056081488518e+02 2.547605550904405902e+02 2.553505886406468051e+02
2.824019794092728830e+02 2.828954226977347730e+02 2.801988188131415995e+02 2.817682213163472511e+02
2.651731018410406477e+02 2.660881268557166095e+02 2.627150613162037303e+02 2.660802623010674210e+02
2.953646106216793896e+02 2.950188013671643716e+02 2.920499318437946954e+02 2.947079425800462786e+02
2.791107229500506719e+02 2.790606662587741766e+02 2.761932913489663974e+02 2.784588545702355304e+02
2.614137846283171029e+02 2.618818927696420928e+02 2.604214578870605692e+02 2.617593439158016508e+02
2.549782144046841097e+02 2.562875937367334700e+02 2.549066107140813813e+02 2.556682123494657617e+02
2.623936258156205099e+02 2.622607090482773060e+02 2.609857995003765723e+02 2.621766200577234827e+02
3.074963782602120546e+02 3.077251259586789160e+02 3.071407519142581464e+02 3.067225350626650311e+02
2.614574480703941504e+02 2.619317655326269119e+02 2.608526185569083395e+02 2.616546535609910507e+02
2.583877725342359213e+02 2.588195323155313190e+02 2.579409165959953043e+02 2.586868516769282564e+02
2.720570211621412682e+02 2.719826250022205159e+02 2.703281036263172723e+02 2.722303398680647888e+02
2.563665604612589846e+02 2.564322434156096620e+02 2.553222592725153959e+02 2.567188020397777564e+02
2.522217287020343406e+02 2.526040911632312600e+02 2.518526214772344929e+02 2.525986539305415590e+02
2.575076486354505505e+02 2.577571058775103552e+02 2.560111988812794266e+02 2.584445424599047101e+02
2.576350696572834522e+02 2.575717756909579066e+02 2.566387989461177312e+02 2.573847498598357220e+02
2.571828615717346338e+02 2.574575741363735801e+02 2.568033472655498031e+02 2.573061659334743467e+02
2.579625658977027456e+02 2.581461415324008613e+02 2.575480323211677955e+02 2.581389416543827338e+02
2.943033326389137301e+02 2.944696786085593203e+02 2.924076897503616124e+02 2.945759753559904084e+02
2.604618534579618085e+02 2.606610078190234958e+02 2.596747941598983971e+02 2.606756445814635299e+02
2.547207489890421357e+02 2.555005787151752372e+02 2.543083761643810590e+02 2.549764747210823828e+02
2.602551057698856880e+02 2.595407616519380554e+02 2.593042485872426255e+02 2.601864062993437869e+02
2.613222125927221668e+02 2.612381665486499855e+02 2.606336462468945001e+02 2.614344088097910230e+02
2.587649599192073993e+02 2.587762412518973179e+02 2.581586892360863317e+02 2.591966610079283555e+02
2.997984119108344316e+02 2.999605920824482723e+02 2.993979870972698905e+02 2.995071700751748836e+02
2.584167571417150953e+02 2.591892871888223908e+02 2.580361288119667620e+02 2.583769022504455393e+02
2.719147945837755742e+02 2.720466179403605338e+02 2.713166141468464616e+02 2.727151854272398168e+02
2.587351157666482777e+02 2.587949007401842323e+02 2.582352846684179895e+02 2.592494443406342839e+02
2.724543333555349136e+02 2.741083108243641959e+02 2.711641905059763644e+02 2.728270719141522704e+02
2.618574021316950393e+02 2.624158500217628216e+02 2.600589176466988306e+02 2.618019277092124639e+02
2.543570245509050665e+02 2.543513342600702458e+02 2.534283392598530043e+02 2.547498801320471387e+02
3.032713449422028589e+02 3.035515492785345373e+02 3.029209435226913456e+02 3.027483960116351795e+02
2.656084220768988189e+02 2.654852981924815367e+02 2.646467081503552663e+02 2.659546005988768798e+02
2.636750287423409986e+02 2.641756482037847036e+02 2.631164868685653460e+02 2.641239087074645226e+02
2.825152295417472033e+02 2.832275394503532198e+02 2.805326416346149472e+02 2.827360717767115261e+02
2.671156626204193572e+02 2.674961417237612409e+02 2.660388518526013968e+02 2.682068593332991213e+02
2.570265000589329247e+02 2.571289190499403503e+02 2.564246250458547252e+02 2.574570081638934198e+02
2.797416766179807155e+02 2.799734585468298178e+02 2.772314053141514023e+02 2.799727977205719185e+02
2.578323455641262285e+02 2.581743798343831031e+02 2.569451322726494595e+02 2.586641079218491655e+02
2.570553501315096696e+02 2.572608509854468366e+02 2.558828554832985844e+02 2.579835770007196629e+02
2.546145131777610970e+02 2.546605824206551176e+02 2.542428087926609805e+02 2.554281676181196588e+02
2.547247190225053544e+02 2.544985966983178969e+02 2.539313963598553130e+02 2.545547469674095566e+02
2.781829601646427932e+02 2.787170033912954636e+02 2.763365685302450743e+02 2.787758798077495044e+02
2.583586382840238116e+02 2.582205447344551317e+02 2.572819031237277727e+02 2.581505373721764158e+02
2.914989582268237882e+02 2.922865858211005730e+02 2.891319825060238031e+02 2.929204103364043590e+02
2.660260553540942965e+02 2.659558028351887060e+02 2.649501838096322217e+02 2.661681258213436081e+02
2.691537715836677762e+02 2.698176975959306674e+02 2.675677623011850983e+02 2.693467755844407066e+02
2.647341792459299086e+02 2.647726939851614816e+02 2.635189965138086450e+02 2.647160322716694623e+02
2.605160132704187390e+02 2.605766148605205785e+02 2.595113969394250830e+02 2.613109215976174369e+02
2.531928956874199628e+02 2.532759000746890194e+02 2.526112740614454992e+02 2.534523763528844142e+02
2.573069529000250100e+02 2.576466358406121344e+02 2.560567516493924245e+02 2.571246571405512213e+02
2.662331433556442448e+02 2.664311665341839443e+02 2.645002626108598065e+02 2.681069043312083977e+02
2.680312345994242946e+02 2.679593536656693686e+02 2.671620812520946515e+02 2.687367393160422466e+02
2.826223347272172646e+02 2.829341304850168513e+02 2.801896897055759723e+02 2.827949404818729136e+02
2.573796643318978568e+02 2.573922861929910368e+02 2.566051585378045843e+02 2.578410327094292711e+02
2.579086271804667376e+02 2.580347587482302174e+02 2.570301812028845347e+02 2.582732931802744929e+02
2.667522037242059127e+02 2.680620615817130670e+02 2.649233194843198476e+02 2.675683000866487760e+02
2.629486313843173093e+02 2.628913114433111673e+02 2.629402554455672316e+02 2.631646489631406212e+02
2.606336780846908709e+02 2.610443745082379792e+02 2.595483202260365942e+02 2.618377205919834978e+02
2.982837102252874502e+02 2.968879738337865888e+02 2.949567431516734928e+02 2.969635871197669985e+02
2.590014901197137647e+02 2.594868952122758969e+02 2.585879891346633030e+02 2.591806795865130084e+02
2.577626455834276840e+02 2.585285424197637667e+02 2.564460794335449236e+02 2.582719272910656514e+02
2.587785170722538055e+02 2.586532628473320869e+02 2.584056321721134850e+02 2.587750883857102622e+02
2.572241176751221019e+02 2.571015320029055147e+02 2.567008628803532702e+02 2.573736976557302114e+02
2.629119873415473876e+02 2.634358714404436341e+02 2.623580462237098345e+02 2.638681961009100405e+02
2.547229863753996710e+02 2.550934523387967943e+02 2.544878869485651194e+02 2.553849672471810663e+02
2.620139287550387053e+02 2.620783284017441019e+02 2.609941850510124368e+02 2.622193163199729042e+02
2.732465924177484453e+02 2.738256761287472045e+02 2.710724729726883879e+02 2.726546239350143992e+02
2.658212735763298724e+02 2.659914969158934923e+02 2.645989620354866929e+02 2.663261218489368503e+02
2.733782975201834233e+02 2.728193214511324527e+02 2.703077115628118463e+02 2.723308050839540897e+02
2.798458719393831871e+02 2.812647197891631095e+02 2.765260242872817571e+02 2.807526946324325650e+02
2.832698932467839654e+02 2.830736363800504023e+02 2.805119488426261682e+02 2.820773074547894907e+02
2.829857808785365592e+02 2.834116867264021948e+02 2.796261083337748801e+02 2.820130248396294519e+02
2.625780581885381366e+02 2.632011386740461489e+02 2.625007212190106998e+02 2.631130549550117621e+02
2.532325492391954356e+02 2.536243407523958808e+02 2.528242802669450384e+02 2.541741382449571631e+02
2.653768062671214807e+02 2.653719943737425524e+02 2.640238384099607174e+02 2.660072540246705444e+02
2.547289789022079560e+02 2.548138654222208856e+02 2.536105314490220906e+02 2.550855769222602589e+02
2.636029721110979835e+02 2.637486731474493240e+02 2.628719067420112765e+02 2.636042628646110302e+02
2.893628152805087552e+02 2.904075298012233475e+02 2.874041342432027477e+02 2.888104790635512131e+02
2.855092390216320268e+02 2.859215134378323455e+02 2.844054096728025343e+02 2.862774493438413401e+02
2.646391034019744666e+02 2.641623836099926734e+02 2.637393551653012196e+02 2.650890823459317289e+02
2.655977100666041224e+02 2.669675293432520107e+02 2.643208928319533015e+02 2.676082235310208830e+02
2.708280754872967577e+02 2.718161773268577122e+02 2.695670172678563290e+02 2.720855290837358780e+02
2.604933848529528859e+02 2.611536247462727260e+02 2.604927065864969222e+02 2.609660926633171698e+02
2.727388037288764053e+02 2.731612661607244945e+02 2.704061374102099649e+02 2.726411137346733540e+02
2.629565832526334930e+02 2.633037004045099252e+02 2.613145616981136641e+02 2.634171094748842279e+02
2.617851511181327737e+02 2.614698233991429106e+02 2.600657285104455809e+02 2.619952964903472434e+02
2.687817425157954290e+02 2.687752071128800821e+02 2.668470239784371074e+02 2.693162199337110678e+02
2.762581012649104082e+02 2.772832131683112493e+02 2.744354358502819764e+02 2.768089287853638325e+02
2.657427076628605960e+02 2.660095064242693752e+02 2.644340332068885573e+02 2.660863961683019170e+02
2.739552275902229894e+02 2.740780938943459546e+02 2.722477780402980443e+02 2.734536364893966152e+02
2.612276124547698259e+02 2.608940586951050591e+02 2.603722333582478541e+02 2.608526310175116123e+02
2.565049749809940067e+02 2.564249230225409519e+02 2.556338711838182292e+02 2.570536487337756171e+02
2.602926754709245074e+02 2.608630460061420990e+02 2.589338238527621456e+02 2.606675694193296522e+02
2.752032129528878954e+02 2.757223784625933263e+02 2.732944086281265754e+02 2.755833612641267791e+02
2.853669744787300147e+02 2.857115373679216646e+02 2.831037963714201737e+02 2.858899059456060172e+02
2.878148453583243622e+02 2.858350119846977009e+02 2.836615621005850585e+02 2.859727106276543509e+02
2.584264876909040254e+02 2.583853280020226748e+02 2.561400971469557248e+02 2.582367796100321584e+02
2.685537431271336004e+02 2.689238337393703659e+02 2.669893990668020365e+02 2.684529265401224052e+02
2.566994566488042437e+02 2.572231863437268657e+02 2.560779340125122303e+02 2.573986276875663179e+02
2.909628722115825781e+02 2.903869573744686932e+02 2.884327653961555598e+02 2.905722611969569584e+02
2.763663347872180225e+02 2.762736334331971193e+02 2.741976371390750842e+02 2.775987421536793818e+02
2.633190399789934304e+02 2.641188086446618399e+02 2.621278459305074762e+02 2.637162361154518067e+02
2.618556095856849879e+02 2.624112234615274701e+02 2.608482559386324056e+02 2.619813218396517982e+02
2.763178801753535367e+02 2.778667697185622387e+02 2.742915871081091836e+02 2.770548717402081138e+02
2.871963420812773506e+02 2.873895649295990893e+02 2.849361646722697401e+02 2.873997592619021475e+02
2.594029389617447805e+02 2.601617614905004530e+02 2.591252048594402595e+02 2.601514408022187013e+02
2.677623482913069779e+02 2.678391728846384012e+02 2.652435579560466294e+02 2.671458169603602641e+02
2.879558802209612054e+02 2.883025000021601727e+02 2.859578837614228064e+02 2.879752869744417012e+02
2.531074794077844388e+02 2.533646785344264458e+02 2.524805855050601906e+02 2.541073211569809303e+02
2.597753146048988810e+02 2.602453576847389058e+02 2.583622926222603837e+02 2.600031209791810625e+02
2.543546383327060312e+02 2.548352643879874222e+02 2.544340637510843521e+02 2.549803448270103274e+02
2.570067367550712447e+02 2.572573323436526493e+02 2.561088355613846375e+02 2.573133549143707341e+02
2.573365380085129459e+02 2.572808440205405418e+02 2.558117080578062428e+02 2.575235097590741020e+02
2.590239634886937665e+02 2.597706044323060155e+02 2.580397406822095263e+02 2.599535661467199930e+02
2.583939881730955790e+02 2.588112428621525396e+02 2.573719465853577617e+02 2.590589967087865944e+02
2.577887277008462661e+02 2.578514303900898312e+02 2.569249219451483555e+02 2.572710973674630281e+02
2.922332278800983545e+02 2.917352499794328082e+02 2.898672961489937734e+02 2.899879828343418353e+02
2.533926396848391107e+02 2.538060286377602210e+02 2.526390525107029816e+02 2.540292697994710807e+02
2.577140500122083608e+02 2.576023855374663754e+02 2.573511970298093843e+02 2.580541407593980239e+02
2.715031569712251667e+02 2.727677322162080031e+02 2.703002734470739483e+02 2.723312688609664747e+02
2.696013743662415436e+02 2.697974879864397622e+02 2.684378901095584524e+02 2.694848616054325703e+02
2.620957162386135337e+02 2.621504009377273974e+02 2.608838205932678989e+02 2.624824549874313107e+02
