2.452996286260512875e+02 2.454495380742899613e+02 2.445703957377681661e+02 2.453114075978577659e+02
2.888187323801030288e+02 2.872946403444963153e+02 2.855887946470316479e+02 2.875078507256790203e+02
2.484676447124109870e+02 2.486580139025760445e+02 2.480570146459182865e+02 2.492884389152705182e+02
2.526522789015872661e+02 2.526564474622137766e+02 2.512488332096633599e+02 2.529753545230333600e+02
2.666296378079370015e+02 2.677150178619696703e+02 2.656406809641468953e+02 2.678310785550818309e+02
2.562748406751528591e+02 2.563622329114242575e+02 2.545271574417655245e+02 2.569059606460111809e+02
2.932900224516741332e+02 2.937301994006361952e+02 2.931112499448614699e+02 2.937878338631972497e+02
2.600748595941220742e+02 2.605182086712873115e+02 2.591538740886825281e+02 2.615072730060113031e+02
2.690615827413278680e+02 2.685291668614407286e+02 2.661502523035318291e+02 2.686096507279538059e+02
2.624696478345681498e+02 2.626952992316975042e+02 2.598727520260739539e+02 2.629490365606936848e+02
2.487355166151364756e+02 2.492174090861551008e+02 2.476083619096111761e+02 2.499310852703314936e+02
2.745965657762004639e+02 2.754184084137273203e+02 2.719053731033438339e+02 2.753299642423062323e+02
2.570272004895614941e+02 2.573083129479898616e+02 2.555584559841898624e+02 2.574646236629459395e+02
2.528396498712861273e+02 2.530981590362712836e+02 2.524140252637726576e+02 2.537645438668991744e+02
2.770959190007081929e+02 2.782151465347619137e+02 2.742602985598011287e+02 2.786494279922133614e+02
2.518203218354967419e+02 2.525097589989178459e+02 2.517256771234322343e+02 2.527844275837367150e+02
2.758963473933920341e+02 2.762294197582185120e+02 2.737143194322056843e+02 2.762157015964255606e+02
2.532679218898482247e+02 2.532059981972422804e+02 2.524955939970134580e+02 2.536854933930911216e+02
2.531302149618711042e+02 2.528170539736393323e+02 2.526862762271447309e+02 2.534356582329926084e+02
2.583060945004104383e+02 2.587602850607663640e+02 2.572856340640975645e+02 2.584197241925988919e+02
2.558263304906548683e+02 2.552648772900799372e+02 2.537485318592478336e+02 2.560141993174180470e+02
2.598977016823317285e+02 2.608459171197889077e+02 2.589036893979550769e+02 2.608409662774354274e+02
2.669485369457979118e+02 2.672261546433851436e+02 2.649919842964466739e+02 2.678133565249927983e+02
2.660200329851150514e+02 2.669063538390078634e+02 2.635356977299166488e+02 2.681234150780798018e+02
2.489337773067744592e+02 2.486650550611903157e+02 2.482333187334345723e+02 2.494238551113520828e+02
2.543318171497458025e+02 2.543422839428300790e+02 2.528994022489672773e+02 2.539467669298164481e+02
2.580822851441233752e+02 2.581009939892246621e+02 2.566224927873957995e+02 2.588115473683090499e+02
2.717737192466802867e+02 2.720161218364243609e+02 2.703800881488617733e+02 2.733202175159395892e+02
2.534969303124359783e+02 2.532885135427050329e+02 2.520290033693237604e+02 2.533818353679590416e+02
2.508444802394909061e+02 2.518396609312371766e+02 2.503956662760203926e+02 2.527454557491888636e+02
2.601955827605614786e+02 2.596159930777731688e+02 2.588984892376594757e+02 2.603825293370267104e+02
2.603788726517635155e+02 2.606040762031648796e+02 2.586836159182370807e+02 2.608231966381461575e+02
2.746036177987775773e+02 2.747137833049998790e+02 2.716174499646800200e+02 2.738689281250198633e+02
2.563263700416932807e+02 2.568215927785074655e+02 2.544597711606285770e+02 2.570998026048196721e+02
2.571623543565137311e+02 2.577158472292176157e+02 2.555561534479892885e+02 2.579676930465070654e+02
2.510563291476443339e+02 2.506858843077785650e+02 2.501453862434144071e+02 2.507713470079800970e+02
2.818932557078500736e+02 2.827162139934177389e+02 2.807073429309460835e+02 2.818650610833790893e+02
2.563849746070204105e+02 2.569385165644633275e+02 2.547808307248430708e+02 2.574881013109010155e+02
2.575236498924296029e+02 2.582211560202440523e+02 2.568143668875366075e+02 2.581712243221049903e+02
2.559382537504896220e+02 2.559460218079386493e+02 2.554416414476581565e+02 2.565104203429067979e+02
2.492881578224342718e+02 2.491695502763189438e+02 2.485874976823442069e+02 2.493322465070341138e+02
2.570309417854889489e+02 2.576818016572640317e+02 2.556651635391036734e+02 2.575209578665710524e+02
2.528071154763674997e+02 2.532697046987968008e+02 2.521932746565633181e+02 2.536374400313230240e+02
2.509451695448993576e+02 2.511381824462043255e+02 2.503046925840731376e+02 2.511701682305292707e+02
2.502653380479363250e+02 2.508741488977777863e+02 2.501614657155222972e+02 2.509769407701915327e+02
2.515155407280257691e+02 2.515646225471826654e+02 2.513014427819673529e+02 2.517949593851848533e+02
2.506579401901523454e+02 2.504117904083039718e+02 2.505216168586844390e+02 2.513551394049755174e+02
2.470542377513464487e+02 2.470668163624458202e+02 2.463210895615363825e+02 2.476224886229124422e+02
2.515023388135597600e+02 2.522495342256292759e+02 2.516148015822261357e+02 2.525082099686733557e+02
2.565206583906022502e+02 2.569890863823965219e+02 2.551184909110272940e+02 2.572769168203199683e+02
2.620612079188525172e+02 2.619700174204350560e+02 2.605189605241372988e+02 2.620620961052764528e+02
2.480315622928262940e+02 2.479789298531760267e+02 2.471352957120203087e+02 2.482148515934053989e+02
2.576356222128570721e+02 2.578471569311376470e+02 2.564534727157084717e+02 2.580967962561916238e+02
2.543253252376456715e+02 2.540035592382193386e+02 2.526585371803307964e+02 2.543880867741538339e+02
2.532234445575885502e+02 2.537292868911659696e+02 2.522789993031693143e+02 2.542117671507768932e+02
2.508585759809622857e+02 2.505988670665272195e+02 2.500069850028611427e+02 2.511337161478267603e+02
2.877473327319451641e+02 2.884774127239909376e+02 2.863703909010465622e+02 2.885760545188945230e+02
2.713992145128464131e+02 2.721217407842009379e+02 2.689822590532637605e+02 2.723993624670212625e+02
2.520889544612388136e+02 2.521674204709803178e+02 2.513790200194418674e+02 2.524586282068885907e+02
2.699096292215900803e+02 2.703369821837541167e+02 2.675598628281583728e+02 2.699906317381876306e+02
2.591194238295312857e+02 2.594149855082619069e+02 2.578370856641164437e+02 2.599292899776416448e+02
2.526931253114334766e+02 2.522838758565560227e+02 2.519789845759744082e+02 2.525284195495396204e+02
2.505340608114531165e+02 2.507231285801162244e+02 2.507380012271502778e+02 2.512354913066248230e+02
2.573647505502875106e+02 2.579216680596010747e+02 2.567178690182188916e+02 2.579603095682739422e+02
2.476964275892092360e+02 2.482282090409207171e+02 2.472194180326440858e+02 2.484522274220614406e+02
2.859404314157282556e+02 2.873404215314718613e+02 2.846562677947752604e+02 2.868030186300721880e+02
2.520456459082354002e+02 2.520465557038587008e+02 2.519814278611974885e+02 2.524749816533557123e+02
2.576162904143193941e+02 2.580667643301980547e+02 2.565019037651601366e+02 2.586970058314949483e+02
2.498017031020969512e+02 2.502447308784798850e+02 2.496043250998204144e+02 2.506495452533318655e+02
2.833680858474800175e+02 2.844658324723451415e+02 2.817141425539413717e+02 2.835471990595866600e+02
2.513768875310441615e+02 2.514981778517972941e+02 2.502525759400766674e+02 2.519434414669123896e+02
2.497977069748397696e+02 2.497539717349302748e+02 2.496352726318037298e+02 2.499035393460094951e+02
2.498078396178068203e+02 2.496644803040339582e+02 2.492586028167993391e+02 2.497129495390251179e+02
2.611908224425475282e+02 2.613611186509592699e+02 2.601718745551318648e+02 2.620554415375879103e+02
2.588474575473663322e+02 2.593108222161498588e+02 2.577935886928406148e+02 2.601760130145263474e+02
2.614770337494729802e+02 2.621901828875676301e+02 2.605075445671145076e+02 2.622271084826786591e+02
2.674944188003858017e+02 2.676904629259528861e+02 2.653083066792078739e+02 2.679930729845875703e+02
2.531587786296365152e+02 2.531118761964978034e+02 2.526457651254330870e+02 2.534149597220165049e+02
2.632112905591209255e+02 2.633961190014441058e+02 2.612633522280964371e+02 2.630461564757183623e+02
2.525262325474305669e+02 2.523460450180437817e+02 2.522332322376958587e+02 2.526281847859023628e+02
2.502780204310260785e+02 2.506629486377207172e+02 2.504328141722786540e+02 2.512241615753767974e+02
2.518200386305274208e+02 2.515340184950167668e+02 2.515473775161053140e+02 2.520175734086493264e+02
2.544888983950170598e+02 2.551311691349855550e+02 2.541639949106534857e+02 2.558491896514563564e+02
2.536474671399168983e+02 2.531698136369450083e+02 2.533055034616555758e+02 2.533774898672324127e+02
2.658549693269841896e+02 2.651387903491309430e+02 2.634200284546897137e+02 2.666544902151243264e+02
2.585759431524609226e+02 2.596415843787437439e+02 2.570335140574450747e+02 2.596520518313988077e+02
2.540485464139705982e+02 2.545489279679140679e+02 2.534347175585587593e+02 2.551579949417148612e+02
2.936910010722155562e+02 2.930649874746902697e+02 2.911823413130879885e+02 2.928338103407545532e+02
2.466601874850597937e+02 2.469365242732142463e+02 2.458044408909754281e+02 2.472421166123766909e+02
2.921504267206771033e+02 2.934235049450016959e+02 2.909255449619530509e+02 2.928185621096143905e+02
2.489838737873253649e+02 2.496342325585555670e+02 2.489293340509485404e+02 2.502597743373214314e+02
2.523101032999516065e+02 2.521756957483465271e+02 2.517723027852757696e+02 2.525121266730246248e+02
2.605786532527155828e+02 2.605829632457713956e+02 2.591939242212586691e+02 2.621830160040312876e+02
2.642659695262184982e+02 2.646874034297100593e+02 2.625760842129552657e+02 2.643617555068961451e+02
2.826684891253863725e+02 2.834032551245861100e+02 2.806573612305758161e+02 2.828422060256307873e+02
2.707735892484562328e+02 2.710101661686711623e+02 2.695782347805142649e+02 2.716143944767204630e+02
2.553515888298143750e+02 2.549670387200528978e+02 2.540785761501718980e+02 2.560598880383259939e+02
2.677161718585219319e+02 2.677312125750702876e+02 2.662238994667038128e+02 2.687568825822386884e+02
2.562896754205956995e+02 2.561175562457364094e+02 2.552324285820550926e+02 2.566486497774923237e+02
2.489513273803062532e+02 2.490062547804135420e+02 2.480014241113039191e+02 2.494614657680635901e+02
2.521623508635320547e+02 2.519858609538248118e+02 2.511611537473984015e+02 2.520382094263481747e+02
2.506925761545684850e+02 2.509293775998378067e+02 2.506403504293121500e+02 2.511697571630159871e+02
2.495197735804755723e+02 2.496655246481489030e+02 2.487361975180625393e+02 2.496589162274096907e+02
2.532064018715095699e+02 2.531048623037115988e+02 2.525624474208687786e+02 2.532691639768597156e+02
2.615396764663742033e+02 2.619957461434049151e+02 2.601308819851880685e+02 2.626234748147030587e+02
2.698341987494324030e+02 2.692514624918022719e+02 2.672153508940093047e+02 2.691266007066003567e+02
2.611720846153917819e+02 2.610149252544264868e+02 2.593141115046728942e+02 2.608122029214143822e+02
2.555116042103577740e+02 2.558312154077391938e+02 2.549373928122924440e+02 2.556275058850195308e+02
2.562423767258279668e+02 2.562270441616954031e+02 2.557062274151052463e+02 2.564187497227660515e+02
2.575786411807911236e+02 2.582144462366208586e+02 2.556161889684196353e+02 2.585397901828442855e+02
2.503748955190793311e+02 2.507564482453011010e+02 2.496719160493677805e+02 2.509050311965837068e+02
2.472454791884673568e+02 2.471661626495347264e+02 2.465839595897538459e+02 2.479626706108130634e+02
2.577569791139922586e+02 2.584371215252769503e+02 2.563181539239079143e+02 2.585350237799007687e+02
2.620462903982033254e+02 2.621375630761182833e+02 2.602392352006602891e+02 2.619969409142122458e+02
2.542254223834347613e+02 2.538118179824714389e+02 2.532283593252578839e+02 2.543401253349819058e+02
2.522173784159932666e+02 2.522106261608193734e+02 2.516692880878554206e+02 2.525107281518185118e+02
2.530428685365024819e+02 2.532385264287352413e+02 2.524113947219188390e+02 2.534921396515213701e+02
2.512746733285679852e+02 2.511616827240173961e+02 2.511788754870183880e+02 2.518148061986001096e+02
2.560294338847753011e+02 2.556601640299554674e+02 2.549566649726374976e+02 2.558583867678755155e+02
2.478656788793045678e+02 2.480024293260321997e+02 2.467685709422416096e+02 2.480459764588071607e+02
2.551829047656585203e+02 2.549706849852014159e+02 2.538672627890107094e+02 2.556988240753769617e+02
2.598121131593093764e+02 2.604680596704117193e+02 2.587723563811395024e+02 2.612018494588306794e+02
2.523834886559928350e+02 2.522945163181544501e+02 2.519436133461768463e+02 2.529288093583924422e+02
2.613588446813400878e+02 2.617875852540008736e+02 2.590792488683468378e+02 2.621127310141081352e+02
2.606486251636723637e+02 2.618052397283672690e+02 2.595676550612682263e+02 2.615200176798437042e+02
2.491942322598894748e+02 2.495995078997588905e+02 2.485978045537471530e+02 2.502942346173042552e+02
2.522760158950048321e+02 2.520044371621283972e+02 2.515302868257291777e+02 2.527652894162041264e+02
2.545407135970881143e+02 2.551590900012329541e+02 2.535012702602779484e+02 2.555724884266442416e+02
2.640669624917557030e+02 2.653647745148445551e+02 2.627090084059203718e+02 2.646524728297171123e+02
2.695820524776747789e+02 2.699906264239470488e+02 2.678540213389865698e+02 2.701120589525697255e+02
2.824534971510142327e+02 2.836851035274340234e+02 2.815356716136670912e+02 2.828751958870552130e+02
2.569496288369087438e+02 2.567612995959738100e+02 2.559151358557590754e+02 2.572583805526901983e+02
2.517076189525802192e+02 2.517848004856448654e+02 2.514525385613704884e+02 2.520283633168761810e+02
2.634103456740137972e+02 2.630107709420634023e+02 2.610491636084313996e+02 2.648019913477198202e+02
2.548292473390342252e+02 2.552092944373091257e+02 2.540380166901784378e+02 2.551116343393997568e+02
2.588456013709185868e+02 2.597326666255601708e+02 2.569784148160193240e+02 2.592589262008601736e+02
2.520932217019397115e+02 2.524014864799552811e+02 2.512570341967951890e+02 2.523293068645895119e+02
2.485886211056326260e+02 2.491157594980771819e+02 2.482804151056189141e+02 2.490593816293915950e+02
2.523379507075549952e+02 2.529066136039771777e+02 2.522204326027527372e+02 2.530261046365978927e+02
2.491349962654903436e+02 2.492994387843075685e+02 2.490051657404890193e+02 2.495082268684866733e+02
2.537250499554987755e+02 2.535468052449116101e+02 2.528506722535338440e+02 2.537113709799459400e+02
2.503557736765103527e+02 2.504336249659546070e+02 2.503759773516921427e+02 2.507863070391973110e+02
2.509581738047157273e+02 2.513114586714364123e+02 2.504704959824610455e+02 2.510078025925817826e+02
2.597013981430833383e+02 2.601079990856200652e+02 2.583369425403677724e+02 2.609252623923669603e+02
2.504701780227490531e+02 2.506166065764867028e+02 2.501884326858132681e+02 2.506173403352911748e+02
2.524919971177819775e+02 2.521186343059639512e+02 2.520788929227127539e+02 2.520388337506613823e+02
2.663426556279056854e+02 2.666426227079607543e+02 2.645832858711477797e+02 2.678645061813217012e+02
2.518506397490014592e+02 2.516888740360122370e+02 2.512396857234956826e+02 2.518686601614268170e+02
2.498987258181422817e+02 2.506856084427963935e+02 2.495547161839601245e+02 2.506982046840347493e+02
2.476133941812067576e+02 2.480819464267994476e+02 2.468836085892133667e+02 2.480651182629832761e+02
2.536074522162411711e+02 2.539464508029202818e+02 2.528763137247680959e+02 2.544510688036886279e+02
2.508661151518938368e+02 2.507860776851110813e+02 2.510186935705517897e+02 2.513225385391975806e+02
2.578281206022645051e+02 2.576950950859629188e+02 2.559670975636405501e+02 2.583020561023173514e+02
2.516094548112197629e+02 2.516863453183144088e+02 2.510831216819851477e+02 2.518356856641737238e+02
2.832235662996740189e+02 2.832916704689569656e+02 2.798478583189661890e+02 2.831969372311705229e+02
2.523953299448741348e+02 2.522881943027999796e+02 2.515111542958034079e+02 2.528784045628685533e+02
2.645320627293946245e+02 2.649182289298273645e+02 2.629885629372461722e+02 2.648344838852975727e+02
2.811171916414724592e+02 2.800293273397927578e+02 2.780845963749871999e+02 2.802754600879678151e+02
2.666413802540381539e+02 2.678837081050268694e+02 2.645848631023860094e+02 2.672794928280936233e+02
2.611881074029142837e+02 2.619891543531686011e+02 2.599036305745985374e+02 2.616658407116560170e+02
2.862578489085796036e+02 2.863657164723205710e+02 2.835222732681401681e+02 2.866701329265653726e+02
2.509820687556546659e+02 2.513646148022828584e+02 2.499654273770732686e+02 2.517840168181477907e+02
2.693273218236727189e+02 2.693387464157856357e+02 2.676841000665530714e+02 2.701337680259945273e+02
2.534352511443322271e+02 2.538593831137558539e+02 2.526776567823303878e+02 2.541940975731660899e+02
2.510612638226430988e+02 2.514987461660406893e+02 2.513914706860088302e+02 2.517326778095245174e+02
2.495974533358138387e+02 2.495371537627989937e+02 2.494502493349926056e+02 2.497144527248653674e+02
2.688397918401716424e+02 2.706649042572703365e+02 2.671857774130313032e+02 2.703102840154949718e+02
2.488197442209508097e+02 2.489294660470894485e+02 2.483726893745825919e+02 2.495320681560531284e+02
2.558114807965065154e+02 2.558158235665217717e+02 2.550192974771114507e+02 2.561131834102541234e+02
2.510174445109766168e+02 2.506362211624307577e+02 2.504099067438037878e+02 2.508710245720906187e+02
2.553514900950694937e+02 2.554764903012630839e+02 2.546262355658893171e+02 2.556222590641023089e+02
2.563550691974569418e+02 2.560993158589386098e+02 2.550728942966565285e+02 2.564892991938436353e+02
2.556265048143351066e+02 2.560736834773341570e+02 2.559456347463784596e+02 2.560956936550620071e+02
2.602537560183953929e+02 2.599746829563210326e+02 2.577613227261479096e+02 2.605097859526218258e+02
2.499304154742239916e+02 2.500051540971384441e+02 2.494274538223654076e+02 2.501213483018924819e+02
2.490120896915397282e+02 2.495143060664039467e+02 2.488050088235052613e+02 2.497794661633344333e+02
2.491651467797192367e+02 2.493609953312916900e+02 2.485562094006915572e+02 2.490025196743474112e+02
2.527641134857651934e+02 2.528741118430746724e+02 2.525084159138342557e+02 2.528438699080224410e+02
2.970582479150110657e+02 2.965493749974936009e+02 2.945885482232659456e+02 2.957165634137141410e+02
2.520823041132298670e+02 2.526908440140271068e+02 2.512069598738124796e+02 2.523751364875324157e+02
2.894425543625980026e+02 2.895221655764950128e+02 2.887274897175131514e+02 2.890133031412503328e+02
2.588902607071794364e+02 2.596041571213705765e+02 2.560432278437584159e+02 2.588477970525530054e+02
2.741545005633840901e+02 2.751914860330007286e+02 2.717876350631836999e+02 2.743709349331427916e+02
2.839233966004377407e+02 2.845888866787869347e+02 2.815030803906041115e+02 2.838621558740148316e+02
2.484996918867552438e+02 2.485769066367042512e+02 2.474290974404206906e+02 2.484117990057832230e+02
2.508264791651466510e+02 2.508949353620500631e+02 2.500601793686080327e+02 2.508460952800199948e+02
2.507704430512030740e+02 2.508546619750515561e+02 2.497843159676130824e+02 2.514379229734200578e+02
2.511538630211920236e+02 2.518409013392112854e+02 2.504678556097465218e+02 2.523482859673370911e+02
2.528002824458248767e+02 2.532711591611682138e+02 2.514377850435164703e+02 2.535084155999001041e+02
2.547168186554674492e+02 2.545391467798303040e+02 2.544363566849648919e+02 2.549893551576477932e+02
2.545664722565275326e+02 2.550901375969170601e+02 2.528480576557385575e+02 2.550027560930424784e+02
2.479972903544440612e+02 2.480207135874509845e+02 2.468624328459895878e+02 2.480643600191689302e+02
2.576471189195465286e+02 2.576452050748728766e+02 2.561746493283475843e+02 2.580417140526535036e+02
2.920154932316062855e+02 2.906286082932676891e+02 2.882228398310485886e+02 2.910619138931866701e+02
2.530893897710124918e+02 2.528353274094155267e+02 2.524034532412507303e+02 2.533234510705196101e+02
2.587199092643741096e+02 2.596137309109053604e+02 2.579631367010752001e+02 2.595452351168065093e+02
2.483808821406915399e+02 2.488364950189887281e+02 2.485304365173067254e+02 2.490240650818543600e+02
2.582665742331842011e+02 2.584574688979182042e+02 2.576247603406939106e+02 2.586054974235157715e+02
2.613690306434875197e+02 2.616282272322694098e+02 2.592843943526269754e+02 2.616499464627731868e+02
2.677970330186013257e+02 2.688597969360949378e+02 2.664513104803872352e+02 2.687570239912311649e+02
2.788171456370807277e+02 2.788019048067249628e+02 2.776251677727474316e+02 2.788517850354733127e+02
2.490190709242860123e+02 2.490840939181038891e+02 2.483996751862302119e+02 2.491798419876468245e+02
2.703292044744501368e+02 2.708533701923108197e+02 2.679899826964085037e+02 2.711490795787566412e+02
2.531301714865299175e+02 2.535168200604641981e+02 2.536820568802997968e+02 2.539751305952734128e+02
2.526900122331048806e+02 2.530246916524739333e+02 2.517377116342503314e+02 2.537506109276944528e+02
2.545112960836128764e+02 2.543734136130326249e+02 2.532596817193950756e+02 2.552793242986228961e+02
2.502603134188223919e+02 2.506897436844148217e+02 2.502414872033511699e+02 2.515451659859865572e+02
2.560272957757060226e+02 2.564806690017426831e+02 2.554549086769509358e+02 2.574434166188295308e+02
2.526550789794402476e+02 2.526140583163343081e+02 2.522685269726109993e+02 2.526872826765818445e+02
2.525929839576656661e+02 2.529550355632330820e+02 2.523498793917075886e+02 2.526883148087747486e+02
2.657262737863856614e+02 2.660487147343354195e+02 2.633297109023454823e+02 2.668533485820718170e+02
2.532795449564872570e+02 2.534290584368546035e+02 2.530259498690428472e+02 2.535034325255319629e+02
2.504826102212867056e+02 2.505762927032302514e+02 2.505205671855158869e+02 2.507122149690076469e+02
2.512406545871698995e+02 2.516006899041225324e+02 2.509192822641122120e+02 2.515150782872996444e+02
2.574347840274538726e+02 2.583311115891771692e+02 2.561111203552372331e+02 2.586718404701593954e+02
2.542066908000289231e+02 2.542460482252359952e+02 2.536945670546709550e+02 2.545344771462747815e+02
2.532036284123001053e+02 2.533836789054874998e+02 2.529742197374998511e+02 2.536076799621494047e+02
2.495909942153882639e+02 2.496308007327872645e+02 2.493344209280774066e+02 2.499173958917676259e+02
2.530129587444775154e+02 2.533535142178783417e+02 2.519849680468034876e+02 2.536010025089852036e+02
2.560905214252611017e+02 2.565232154285100705e+02 2.539381247765826970e+02 2.574600753304646901e+02
2.525042942300180187e+02 2.522272041248601795e+02 2.518972533711829556e+02 2.528464370318587271e+02
2.503641339345801669e+02 2.501000520659340225e+02 2.496699073039173982e+02 2.504129593510111533e+02
2.565144030643672295e+02 2.572266677845811387e+02 2.556752892973766507e+02 2.568615392344048587e+02
2.555272808500375845e+02 2.556111208374722139e+02 2.547432457379908328e+02 2.562226444050276086e+02
2.563121831660091630e+02 2.567453850506015556e+02 2.555945977287829578e+02 2.569859581444824812e+02
2.872757046668729117e+02 2.863904877280123742e+02 2.839766662519705847e+02 2.876568210979430660e+02
2.534094495631921404e+02 2.533445114850990763e+02 2.524266426674225556e+02 2.539937436341678847e+02
2.563634259639732136e+02 2.570249149505852984e+02 2.552708240961780461e+02 2.570389044791322135e+02
2.490373260906360713e+02 2.495728123171857078e+02 2.483152137024843000e+02 2.500229151050684493e+02
2.615056917424989251e+02 2.613664442780262789e+02 2.600593061711404630e+02 2.617963736923508122e+02
2.810189229526691292e+02 2.798650788146954937e+02 2.784133507248308774e+02 2.800421661296292086e+02
2.517542326515539628e+02 2.518705881032078651e+02 2.513786484808035198e+02 2.523028020929520778e+02
2.537212411531561997e+02 2.537164117317302043e+02 2.535133812214543525e+02 2.533622193845963011e+02
2.562158225215540028e+02 2.559545812289455569e+02 2.550770231033841640e+02 2.566751713387949394e+02
2.760372144194922726e+02 2.774642688187040562e+02 2.740261512230251242e+02 2.758704846131459476e+02
2.484902611698756232e+02 2.486724657561262291e+02 2.480391228887541502e+02 2.490384806140376099e+02
2.836993843401277218e+02 2.831778575152805502e+02 2.820053713548523433e+02 2.835015834640778962e+02
2.512774419396768337e+02 2.515397594315315075e+02 2.507457361076418465e+02 2.519765477873451403e+02
2.506875159162015620e+02 2.510595422087289421e+02 2.499006239943082051e+02 2.513383478418793686e+02
2.518541451701503036e+02 2.519993192977137255e+02 2.514846515487078307e+02 2.527283372159137684e+02
2.531675900120180813e+02 2.530978036294779088e+02 2.527180611234475691e+02 2.530628230145130999e+02
2.663613057266660462e+02 2.672620393095092481e+02 2.649521071544356801e+02 2.668690030029784452e+02
2.747335310360574567e+02 2.745947159434275591e+02 2.717865820300876294e+02 2.756127871944279946e+02
2.521957520863808213e+02 2.522556485135153537e+02 2.511898542880721266e+02 2.525277942243394023e+02
2.531626806330148156e+02 2.530887760486982359e+02 2.522649329368881297e+02 2.535574732648169913e+02
2.561265765429058661e+02 2.564888646818213260e+02 2.554125909516543231e+02 2.566086425906065642e+02
2.490935262554189649e+02 2.493731685927652961e+02 2.488365161758280522e+02 2.495443820346610835e+02
2.538229409301894179e+02 2.539897493839264655e+02 2.529755970039764748e+02 2.547107363703190117e+02
2.511788392966091976e+02 2.514040110953498868e+02 2.509762630594391055e+02 2.518235296564566568e+02
2.503447382397238812e+02 2.504361494176750114e+02 2.502052839323734759e+02 2.505100628426981473e+02
2.558124828125046690e+02 2.557800999840182783e+02 2.551417107861995248e+02 2.560348387587588945e+02
2.555123394180708374e+02 2.551946661663131408e+02 2.547915869710446088e+02 2.556053766257080611e+02
2.605408134524437287e+02 2.598492931203324474e+02 2.589455575719584886e+02 2.608996278681314038e+02
2.549945463964370163e+02 2.555527725105871752e+02 2.532980480852086487e+02 2.565290886160680088e+02
2.577859179936542660e+02 2.577963047690751068e+02 2.568050770007098436e+02 2.592008095629111040e+02
2.516631464273390577e+02 2.520452633770408113e+02 2.505625835698146489e+02 2.523316272567575425e+02
2.727169660225807775e+02 2.736227955196666812e+02 2.704809644831852893e+02 2.733428586937032492e+02
2.502826566406801589e+02 2.504665768178777512e+02 2.500170031899069727e+02 2.505835882681089402e+02
2.760892136216156700e+02 2.758727571319168419e+02 2.726192967917579608e+02 2.764268798759318884e+02
2.529356143789916018e+02 2.540681688685476445e+02 2.526054472003899889e+02 2.539400341689377285e+02
2.496692642473098829e+02 2.502614569510548961e+02 2.492460164372452027e+02 2.502675785790221994e+02
2.610235621894239557e+02 2.612864677765235228e+02 2.598000162112327303e+02 2.613242824761379666e+02
2.525114177440611059e+02 2.522279274584846860e+02 2.517114223758268849e+02 2.527424540730077638e+02
2.641850755903121808e+02 2.642516045996077310e+02 2.621437314264431393e+02 2.640976373222923144e+02
2.753269212136324882e+02 2.763906820444867094e+02 2.732884190903487251e+02 2.763391046348148166e+02
2.534929633791944923e+02 2.540510964564575715e+02 2.524527890755875319e+02 2.543811433149731442e+02
2.730537420910117135e+02 2.744548766873769523e+02 2.718526824265314872e+02 2.738922222800945292e+02
2.980475791032584425e+02 2.986492145092689725e+02 2.974907172544760670e+02 2.969119283502631106e+02
2.494089667080866377e+02 2.492545462208398703e+02 2.481360325877062962e+02 2.494303038949261122e+02
2.521871935209155708e+02 2.520604508161161164e+02 2.517672288003901144e+02 2.523640520374139271e+02
2.615094516203188277e+02 2.617029368872848636e+02 2.607091138981129461e+02 2.618793558356617268e+02
2.626053719352756275e+02 2.632142745098987007e+02 2.612093241312890086e+02 2.630892039358232068e+02
2.818503401850535397e+02 2.809267195995657289e+02 2.779453185668716628e+02 2.812365504258373790e+02
2.526008751025148058e+02 2.522996608855324041e+02 2.510531240087456695e+02 2.526060388753853658e+02
2.508619400220956663e+02 2.507431729104091005e+02 2.504117425013510001e+02 2.511866739391240628e+02
2.542572799418957743e+02 2.540510054925072438e+02 2.537746800764844011e+02 2.545318464849115969e+02
2.510821100618899493e+02 2.509994474361486141e+02 2.504974947295659149e+02 2.509426103915814963e+02
2.671963768528943888e+02 2.673164053305713423e+02 2.642206583553857513e+02 2.672598594572242519e+02
2.563330386708456672e+02 2.566807605214615364e+02 2.558452813794805252e+02 2.570943639981585420e+02
2.592935721686363877e+02 2.606051215209243992e+02 2.580620740664949153e+02 2.610209057233825547e+02
2.608562576548123957e+02 2.618581505650723216e+02 2.596079491383261484e+02 2.633245275723788268e+02
2.498671193704923326e+02 2.497812610293327964e+02 2.493547888041185558e+02 2.499120493179520111e+02
2.808091913473640489e+02 2.812914159022714671e+02 2.782275703211560653e+02 2.804618727433864365e+02
2.617808416166678285e+02 2.619472601627603012e+02 2.598765666944912596e+02 2.621712985679459962e+02
2.618249204129045324e+02 2.619973634960904860e+02 2.603322883479045231e+02 2.623409325197451949e+02
2.618793465347496294e+02 2.623217037002161192e+02 2.603779915614254605e+02 2.630679708497223714e+02
2.513885226099035606e+02 2.510173433173209503e+02 2.504875615788176049e+02 2.515544965872474847e+02
2.548839906791213252e+02 2.548966289299107189e+02 2.529032025240193775e+02 2.550914094117250954e+02
2.495459587562894512e+02 2.493949486493600034e+02 2.487348570344844916e+02 2.497600998434329540e+02
2.520987409027249271e+02 2.518873247065027385e+02 2.516915793531907752e+02 2.521767613420442729e+02
2.620296524074604463e+02 2.620114301209618475e+02 2.599301940502950856e+02 2.625303726299970890e+02
2.482124736909338480e+02 2.486380022654534230e+02 2.476014536596043740e+02 2.487364113241252710e+02
2.491647199232423873e+02 2.494663079906020755e+02 2.490432213118556888e+02 2.496081543821540265e+02
2.523948326553348522e+02 2.523937078170169457e+02 2.506982345475146303e+02 2.533542476695946277e+02
2.472677594365423772e+02 2.473715650962063251e+02 2.469482714595299910e+02 2.478069221763832672e+02
2.491081993351567689e+02 2.491724720639155635e+02 2.483611368775236485e+02 2.495675470780195724e+02
2.623895161592957948e+02 2.624306632968935560e+02 2.605859514236673817e+02 2.623066803794334305e+02
2.538605708313744742e+02 2.538821295306383377e+02 2.530341445812604206e+02 2.547381654144221272e+02
2.533680330542120487e+02 2.530765045921540093e+02 2.526092080731442593e+02 2.535300602985757905e+02
2.535671047585820190e+02 2.539931916898264888e+02 2.526538154856155529e+02 2.540677961954094712e+02
2.540483963761292330e+02 2.537400198878870299e+02 2.528590231452145929e+02 2.541759786542065740e+02
2.634435704513309702e+02 2.636254222415433333e+02 2.619946449681874583e+02 2.640011614801454130e+02
2.666736810270309093e+02 2.679892540049553986e+02 2.649542385733449237e+02 2.681323307604940851e+02
2.471379860428067161e+02 2.475580136985603588e+02 2.468662320107857227e+02 2.475212847046794877e+02
2.542250730153986922e+02 2.544604279251636001e+02 2.540903823083790769e+02 2.547195739115703930e+02
2.502915781952209500e+02 2.506962404573195613e+02 2.501141924549120006e+02 2.504148537213348789e+02
2.523192604414477955e+02 2.528464723340648561e+02 2.518271469820701043e+02 2.529255936471093946e+02
2.495315436028135991e+02 2.491723981006280724e+02 2.488234763934487432e+02 2.498308928752563531e+02
2.521181644985666992e+02 2.522162817281036098e+02 2.524039812547429165e+02 2.524807999137323975e+02
2.561569257941409319e+02 2.559703188579206596e+02 2.544887670691801986e+02 2.561346630199274728e+02
2.586925993820203757e+02 2.591892354828227667e+02 2.572087243396590566e+02 2.598964711634474725e+02
2.554771258443292083e+02 2.552166009713750157e+02 2.536692473884697279e+02 2.560033446426053843e+02
2.510510035035499357e+02 2.506601740592243175e+02 2.502172372514200447e+02 2.512666563991250257e+02
2.693011481735832149e+02 2.687491921287420951e+02 2.660833363620602654e+02 2.696649870816818861e+02
2.490612682317353972e+02 2.494785751035586827e+02 2.486222240534359003e+02 2.499860325402769377e+02
2.638989561479559711e+02 2.650849567981623522e+02 2.626225263969072898e+02 2.653512798191631532e+02
2.643400440391595225e+02 2.643751085959973466e+02 2.631383687125115785e+02 2.659176386259463811e+02
2.555439525303077630e+02 2.555964614150987018e+02 2.547279876215453669e+02 2.563747927245510141e+02
2.748670302151830356e+02 2.747340700232791733e+02 2.720773262713552185e+02 2.758742787847209570e+02
2.672184235075420702e+02 2.683079705022289545e+02 2.657264373215269870e+02 2.682313959191487243e+02
2.705852790692389931e+02 2.713505689273159760e+02 2.683643169645637840e+02 2.714583776251258769e+02
2.507440579721608742e+02 2.511765064640469518e+02 2.502439995168359417e+02 2.510780735818703988e+02
2.502100393510881418e+02 2.500564170627373812e+02 2.500355583473267131e+02 2.507870092315057207e+02
2.503310419337454675e+02 2.506328035998921280e+02 2.502951787856330270e+02 2.506201982227223652e+02
2.529111477696247334e+02 2.532621588682353888e+02 2.527423859899166985e+02 2.539501843165928108e+02
2.790692998536536038e+02 2.796336141675164413e+02 2.751135161236127828e+02 2.797502610194204635e+02
2.481147481578470604e+02 2.483212946218981187e+02 2.478845883991092478e+02 2.486869038362305844e+02
2.570037198047270977e+02 2.570958265014826338e+02 2.556165628683884847e+02 2.572053574951269752e+02
2.932503243887146596e+02 2.937810159176398201e+02 2.920513572380442611e+02 2.935238747772112902e+02
2.588903717832675397e+02 2.591998444299177322e+02 2.572483945057716710e+02 2.592158225954030399e+02
2.538140559593782086e+02 2.545723568235918890e+02 2.531774806473269734e+02 2.547465106386574121e+02
2.478062736669385515e+02 2.479891789758378025e+02 2.472685637788374606e+02 2.481249162480852988e+02
2.658350855076822654e+02 2.664848256515545017e+02 2.640822379791740104e+02 2.664513758333461624e+02
2.582792130870540745e+02 2.585454027455647861e+02 2.570347228126958044e+02 2.587725705014196365e+02
2.520511741907450300e+02 2.518924127420240779e+02 2.514297431667937701e+02 2.525929336948997559e+02
2.512887253730049792e+02 2.515516318888251419e+02 2.504857009077367991e+02 2.518560388205078198e+02
2.493344564023224734e+02 2.494121836571901554e+02 2.491681229280895025e+02 2.499357207884235663e+02
2.777440196360337268e+02 2.775989831983801537e+02 2.761600179966159203e+02 2.774521528811986286e+02
2.475734824153390150e+02 2.479550973575106525e+02 2.476541575675729234e+02 2.482689416443901678e+02
2.480097295378209026e+02 2.484604299174421556e+02 2.473578634708229629e+02 2.487693796045560930e+02
2.646445195410300926e+02 2.649505576976663974e+02 2.622100774380964481e+02 2.657736284482184033e+02
2.535782808579966741e+02 2.538798193958513707e+02 2.528301238254344980e+02 2.543352326790258644e+02
2.775829148777161777e+02 2.774770164803098851e+02 2.756841746303256286e+02 2.783044475436340690e+02
2.576736484070392521e+02 2.580821549779630004e+02 2.562271903726884261e+02 2.585421685425424698e+02
2.528879737563772210e+02 2.528667072198959147e+02 2.519683919288327161e+02 2.533477739722478645e+02
2.541425617383207509e+02 2.545310855271745538e+02 2.534717565077193342e+02 2.548536575493695580e+02
2.663039008922630728e+02 2.675497302948235188e+02 2.645531767145818094e+02 2.669083897776329763e+02
2.492291383726586105e+02 2.494155115698390830e+02 2.484904047217236212e+02 2.493938439537283216e+02
2.538041928709620834e+02 2.536775492926333015e+02 2.532403261398256120e+02 2.540830848073088362e+02
2.556899329053370877e+02 2.555297485398694732e+02 2.546637139959146623e+02 2.558728173305512428e+02
2.536035664725511936e+02 2.538165407056356457e+02 2.532805752429313202e+02 2.536146775829631679e+02
2.751498866081717551e+02 2.750293708655876799e+02 2.722250570460860786e+02 2.750773711714832643e+02
2.496763818304285394e+02 2.503968396425617300e+02 2.487497936064084456e+02 2.504706990020616217e+02
2.511893143834935245e+02 2.513695746471191512e+02 2.505322105326121971e+02 2.513745157658752021e+02
2.503241499950861737e+02 2.504458417153403502e+02 2.501247373619211487e+02 2.507978353961749747e+02
2.790716374780714659e+02 2.791400937844136365e+02 2.777604185668902801e+02 2.796060888224644714e+02
2.847656310610847754e+02 2.861015754197919136e+02 2.838695539679315516e+02 2.862404239343033510e+02
2.480039936638005997e+02 2.484266152575280842e+02 2.477733252882412103e+02 2.484677921567765964e+02
2.874563341847120341e+02 2.874470255452033030e+02 2.853056190581262967e+02 2.869353510572396999e+02
2.731167770541410391e+02 2.735076671364920458e+02 2.702483867130705448e+02 2.732023328399778279e+02
2.491294461929657018e+02 2.494321852917241245e+02 2.483351837255019632e+02 2.495371385547307739e+02
2.512881162172490690e+02 2.511024418848356845e+02 2.506024911432768079e+02 2.516906140799091247e+02
2.521852688024467568e+02 2.524238893230321423e+02 2.512223843341353415e+02 2.523580602706754803e+02
2.507316384005922885e+02 2.509029148302590499e+02 2.504786589822932115e+02 2.506693838709224735e+02
2.549342248101122834e+02 2.548363747950895970e+02 2.532088468716890759e+02 2.556953956342774461e+02
2.579442226802086680e+02 2.586664233875337118e+02 2.570295291463745571e+02 2.589777660726587669e+02
2.511585210302654616e+02 2.512199142485663117e+02 2.504363214854087403e+02 2.514420752220938198e+02
2.569656663101091567e+02 2.568042088563966558e+02 2.557524607990213497e+02 2.573678001583849664e+02
2.483430904493133369e+02 2.488983770035812029e+02 2.477774998271278264e+02 2.486329418999177108e+02
2.698605157539752213e+02 2.694615184821416278e+02 2.667459812085567137e+02 2.705148983502080569e+02
2.487167048594189680e+02 2.492303904281503151e+02 2.483481180692600674e+02 2.489159089452629132e+02
2.541572728900080733e+02 2.543030089688910209e+02 2.534371518990738821e+02 2.551269597387446879e+02
2.676766249056217362e+02 2.678405847667715420e+02 2.648707069748293179e+02 2.683753317442263437e+02
2.537301268432677830e+02 2.538310509981184850e+02 2.530563033244956443e+02 2.544825296809528368e+02
2.507417868969485824e+02 2.509166800106841606e+02 2.500675759684490913e+02 2.514820992353305655e+02
2.560395673494134030e+02 2.562450525171507252e+02 2.548947932943858063e+02 2.558954350459431168e+02
2.567677855467895256e+02 2.563178669401766001e+02 2.547538607285523540e+02 2.581036815073007347e+02
2.845167008672611360e+02 2.838073140394037068e+02 2.815742491586902361e+02 2.838510511276547277e+02
2.554689042728200832e+02 2.557714012865098141e+02 2.541345355989364805e+02 2.562055059968601540e+02
2.528741677260414065e+02 2.526929550620687905e+02 2.518014695204421400e+02 2.527951799599076139e+02
2.633643902379960196e+02 2.644056253964742496e+02 2.620197891750715939e+02 2.640214410112005226e+02
2.512326797696914014e+02 2.513715146824061435e+02 2.507848611950473412e+02 2.518405349368869111e+02
2.544315672936558599e+02 2.539247393381162965e+02 2.542887704318670217e+02 2.543367572481240302e+02
2.512511090274453238e+02 2.516816619296532451e+02 2.512054311636327668e+02 2.520814527188880447e+02
2.907725398166999753e+02 2.908008621680906458e+02 2.902927068348810735e+02 2.902350302221749416e+02
2.513137011269417656e+02 2.518243061303494414e+02 2.509362364915821786e+02 2.523964505067372670e+02
2.524586336167901095e+02 2.524828876604634615e+02 2.517478276351823183e+02 2.523714160513034130e+02
2.515531229163218541e+02 2.517679833623028856e+02 2.511363110582353499e+02 2.520967850644095734e+02
2.500479045657609163e+02 2.502130747118647776e+02 2.494220889363700167e+02 2.508921703841593285e+02
2.499974121408453414e+02 2.504739324964107823e+02 2.496207659732709487e+02 2.506504044824180255e+02
2.487780196380187192e+02 2.491436998252875696e+02 2.483895004994488431e+02 2.495807464501156971e+02
2.641026714554731711e+02 2.638363642378712939e+02 2.617869391190329225e+02 2.647896902539827124e+02
2.686527136248203078e+02 2.684471455529979949e+02 2.661490915817925043e+02 2.685616535547030708e+02
2.500962045131331024e+02 2.501765908458341698e+02 2.499171267330674482e+02 2.502505322009169504e+02
2.550902719683759869e+02 2.555149298866606387e+02 2.547919427373169015e+02 2.560869604664667349e+02
2.730569537731421406e+02 2.735131275463820089e+02 2.711135693105244400e+02 2.742363320943314875e+02
2.518076057543674722e+02 2.516638319024672512e+02 2.517159635815505396e+02 2.518841479396178897e+02
2.494898998350437296e+02 2.497584696683655352e+02 2.494297309002288330e+02 2.502571282739616834e+02
2.637367549054159213e+02 2.642590974821679879e+02 2.615781591824039083e+02 2.637982931304217118e+02
2.552119350678993044e+02 2.560120875712555062e+02 2.544384010808900030e+02 2.557986518896728114e+02
2.885551072591799198e+02 2.889655741929838655e+02 2.878725254500692472e+02 2.888738669911597299e+02
2.502656779780476199e+02 2.505165052798701311e+02 2.492545235938692372e+02 2.507648906222322012e+02
2.584943438268782643e+02 2.588566402912242097e+02 2.573533478371984415e+02 2.590842197984412110e+02
2.586198786970670653e+02 2.579574733874896992e+02 2.558565916900338379e+02 2.591519702327026380e+02
2.467046793656697901e+02 2.470847148515716754e+02 2.462725705813553816e+02 2.471283313724166533e+02
2.596589458827059502e+02 2.592807744156519334e+02 2.581419484861852993e+02 2.597022257438237602e+02
2.536843776192939970e+02 2.540781252155214247e+02 2.531461499293162092e+02 2.541804818052157771e+02
2.875370863561117858e+02 2.869381288940522836e+02 2.841594401034388966e+02 2.863840570378107486e+02
2.596824636271419990e+02 2.608651720830790168e+02 2.584719465842958357e+02 2.610775810153656380e+02
2.484212004207764437e+02 2.485910450289571259e+02 2.481242357867823500e+02 2.485187362505925535e+02
2.507881075308967240e+02 2.508979580841298116e+02 2.499160537117738272e+02 2.510792329182717708e+02
2.574298871118452325e+02 2.578270051684431792e+02 2.556776661011326723e+02 2.578184994990320433e+02
2.604596427553065041e+02 2.614743591306055350e+02 2.588543234002844429e+02 2.615353179259147396e+02
2.530165792729677889e+02 2.533983630427566709e+02 2.525028570523219571e+02 2.536911212111965312e+02
2.536597760507798967e+02 2.542067903927173234e+02 2.523189443271913888e+02 2.547953355514154339e+02
2.508724974600885105e+02 2.513221120806913120e+02 2.501974178029129234e+02 2.508275810212275303e+02
2.547398657834053211e+02 2.550763545812115183e+02 2.538677354366338363e+02 2.555258053016856650e+02
2.572343892188202972e+02 2.575941159122249360e+02 2.556909749603525199e+02 2.574142739677680538e+02
2.494377790416086782e+02 2.494048606557382755e+02 2.488338306026213331e+02 2.497552796451611812e+02
2.524083333685600792e+02 2.524435623740437222e+02 2.520738935258791003e+02 2.534998274303275991e+02
2.514152636311659421e+02 2.517225792192055280e+02 2.510503080012204578e+02 2.517162319277767892e+02
2.578059187698356709e+02 2.589378383936749515e+02 2.569057824293086583e+02 2.590354480019877315e+02
2.522006010452123519e+02 2.522248884518199361e+02 2.516310109187659521e+02 2.519236231039564302e+02
2.506862767055257279e+02 2.508554821751909003e+02 2.501319016455497319e+02 2.519604038345144090e+02
2.592172336945627080e+02 2.595213003559443905e+02 2.578438959040975647e+02 2.593542694109776789e+02
2.564201925706179281e+02 2.558059873965272004e+02 2.550683018838694238e+02 2.573296921753142215e+02
2.574258592955439440e+02 2.583677455999266499e+02 2.569501304552961187e+02 2.585524010820877834e+02
2.503002090195611231e+02 2.504694301504042073e+02 2.496119316428102195e+02 2.509453601619254641e+02
2.489996785670005295e+02 2.491985958514918593e+02 2.486924917597940237e+02 2.494417492125669469e+02
2.489848314552654358e+02 2.493116023964113595e+02 2.479614782238511737e+02 2.493186018328738101e+02
2.616755858498522684e+02 2.613376492781651450e+02 2.599736889933853377e+02 2.619197461094564687e+02
2.756458014761045661e+02 2.763604561181823556e+02 2.740032283200528695e+02 2.762349973227492796e+02
2.510376037015933832e+02 2.508576050500026895e+02 2.496243723271892350e+02 2.512453102923590507e+02
2.560362427918579442e+02 2.564771205664143849e+02 2.552259488725226220e+02 2.567360485939523187e+02
2.544600133982997079e+02 2.547195913862179850e+02 2.537313975899535308e+02 2.547928553305117134e+02
2.521566917168349278e+02 2.522184054929541048e+02 2.520067264109277971e+02 2.530312143406757173e+02
2.558322039155367236e+02 2.561624827368762567e+02 2.548753957493087512e+02 2.561319771729964145e+02
2.469803750829265425e+02 2.469691209573055346e+02 2.460055329289451436e+02 2.474938170583888848e+02
2.673829767533495101e+02 2.677716864159841634e+02 2.643984673218270132e+02 2.666168378891881048e+02
2.680576836422881684e+02 2.681012821597971651e+02 2.646973488041586506e+02 2.682419189348696591e+02
2.831112021972197681e+02 2.839139725587389762e+02 2.814870941933249924e+02 2.859912637212555637e+02
2.862159535910752197e+02 2.884605268247989329e+02 2.846025000868806387e+02 2.882968612456077722e+02
2.510149323882557155e+02 2.511839807877476858e+02 2.507490056858732714e+02 2.513716664833507082e+02
2.547660715256444632e+02 2.548085298731007526e+02 2.537713369626663962e+02 2.550077369766135860e+02
2.677970875791616550e+02 2.685623705024470382e+02 2.661108714415873351e+02 2.696980280980652083e+02
2.528960223541922971e+02 2.530577892537760647e+02 2.529462310434515189e+02 2.528850316071347777e+02
2.564211463502333004e+02 2.565967732599867190e+02 2.550522499558765617e+02 2.571967638115719978e+02
2.687808096403404647e+02 2.692057216937092790e+02 2.658245502893511798e+02 2.702201528659996939e+02
2.562317723851957680e+02 2.560609196025150709e+02 2.546833056041820953e+02 2.564055622383182254e+02
2.487581551929895056e+02 2.492102443454530771e+02 2.486824785422302000e+02 2.493219479617432057e+02
2.599957303710310725e+02 2.609867682692423045e+02 2.589187202314751062e+02 2.610864252964871639e+02
2.584469081382789568e+02 2.584599839369245160e+02 2.574520531798236220e+02 2.585260589326888976e+02
2.487349667262555215e+02 2.496519967132929878e+02 2.488481787832194243e+02 2.495413840731505672e+02
2.628214915880632248e+02 2.635154815269804089e+02 2.609999287322942791e+02 2.639354239551732348e+02
2.623383499425691525e+02 2.617463221691076569e+02 2.601307592629146370e+02 2.630964434828406979e+02
2.527565730012952088e+02 2.535745306642415926e+02 2.525821092890705017e+02 2.536685040255730144e+02
2.688048896625629709e+02 2.695006514393801353e+02 2.670976966364735290e+02 2.706382493156263536e+02
2.541515522927038262e+02 2.544786610155209132e+02 2.529796840127853272e+02 2.550794315325068169e+02
2.552869400875788415e+02 2.555474034939902026e+02 2.550412637435149747e+02 2.559268999142088035e+02
2.788370263194769336e+02 2.788524447272093312e+02 2.769075281357166887e+02 2.797521550696636154e+02
2.551723505119726383e+02 2.553105451162832367e+02 2.542899226276379352e+02 2.559418784107956526e+02
2.569588894399592505e+02 2.577663304886069113e+02 2.553452911261460372e+02 2.580128818664172741e+02
2.494317354297872100e+02 2.495064742965909090e+02 2.493938470120448301e+02 2.497878177190242468e+02
2.655269848813204021e+02 2.656834729138242324e+02 2.637205593951179026e+02 2.663250304694246893e+02
2.671490326319531050e+02 2.678924870097629878e+02 2.660127087109813715e+02 2.680377780962256224e+02
2.884515491159921794e+02 2.898149929068072765e+02 2.858094799664238508e+02 2.888110362215056739e+02
2.552512846080988140e+02 2.557928172723623561e+02 2.540315129363641233e+02 2.557660760537236797e+02
2.769620229683423531e+02 2.780282334409706095e+02 2.757195880745238696e+02 2.772140572970824337e+02
2.521842603655720438e+02 2.524739678910205214e+02 2.522544510123536554e+02 2.525146327889873419e+02
2.639804389222271652e+02 2.641203978731425082e+02 2.617098730527475823e+02 2.642381772495638756e+02
2.920490647576013998e+02 2.913617323033294042e+02 2.895882725631821586e+02 2.912967337665544960e+02
2.954007317313113958e+02 2.959109157922786721e+02 2.946118688496677578e+02 2.946940554262765772e+02
2.564446647513096877e+02 2.565956776454020201e+02 2.550678729251986567e+02 2.568014581916967245e+02
2.520116619954894475e+02 2.522143718396517897e+02 2.512026077021503738e+02 2.521744392915699393e+02
2.511947603854790714e+02 2.510095860640488468e+02 2.503198475111540517e+02 2.510117681814712967e+02
2.564861192855766490e+02 2.567400375402846180e+02 2.553031446092523709e+02 2.569198184649621339e+02
2.519217817149404368e+02 2.535011423841827423e+02 2.519187595264080812e+02 2.531405486361904309e+02
2.496271458229905704e+02 2.501292639709280934e+02 2.495572656082844389e+02 2.498527436133522883e+02
2.593659422409141371e+02 2.595901610683793592e+02 2.575397778666047088e+02 2.605998577679101231e+02
2.616574377529369713e+02 2.620465513459408839e+02 2.608746364928767889e+02 2.623588023673385123e+02
2.553270648891791552e+02 2.559373047230770624e+02 2.546575638224725822e+02 2.560826334207632158e+02
2.518138958026003422e+02 2.518960129602198208e+02 2.511918032158646668e+02 2.524605381903551802e+02
2.758597069497003531e+02 2.759673254138838843e+02 2.737299292654697069e+02 2.767704569231510732e+02
2.503684034882133460e+02 2.506475845295734928e+02 2.501178503097358146e+02 2.508817499428853921e+02
2.620442184043370730e+02 2.632059129821628289e+02 2.610517112569838787e+02 2.633390659464575947e+02
2.494879732768098108e+02 2.502229063138727838e+02 2.485041505394663943e+02 2.508814649301879172e+02
2.533932123592606729e+02 2.533699188328489242e+02 2.530239685981690059e+02 2.536242847535800706e+02
2.821749900416947980e+02 2.813621690080501025e+02 2.792255588000015791e+02 2.815218951768299007e+02
2.918154828676988473e+02 2.926322335623977438e+02 2.895869560653450208e+02 2.922192980077455218e+02
2.502997323167742536e+02 2.506982106831195551e+02 2.497998814565331429e+02 2.504110639985421187e+02
2.723997237417910924e+02 2.708365364493993184e+02 2.681794457410027803e+02 2.720544049572733911e+02
2.671711825526247708e+02 2.682663326928641823e+02 2.655274021419459132e+02 2.679514249539907951e+02
2.506603116815643091e+02 2.504584762189155640e+02 2.503039581405328988e+02 2.513365659762372388e+02
2.509318667969927503e+02 2.505830078035924657e+02 2.502942292138900200e+02 2.511630059116953078e+02
2.499529706024825941e+02 2.502130528501942592e+02 2.495665498206197981e+02 2.509585514791703247e+02
2.521994001702233277e+02 2.523616334035294244e+02 2.515599082792562058e+02 2.525589254260555947e+02
2.530768637000319643e+02 2.525589596324327033e+02 2.520170960826556552e+02 2.533007243045509256e+02
2.552567061504752246e+02 2.551918720589055454e+02 2.538549230161650314e+02 2.553494298153777322e+02
2.896996003932858343e+02 2.906377258382252649e+02 2.870848824139804947e+02 2.879623179828905108e+02
2.686710753033061678e+02 2.689250325225509073e+02 2.663019303705880247e+02 2.685868321546001880e+02
