2.885788888868281674e+02 2.900008668262306628e+02 2.873736487137446716e+02 2.908568921142817203e+02
2.452980570585905866e+02 2.455990604522313561e+02 2.445860194227391275e+02 2.460380956525408180e+02
2.472171937751642190e+02 2.474451994145987044e+02 2.459533024093702238e+02 2.481331693439857986e+02
2.483858838343219020e+02 2.485621032547701361e+02 2.471174119082994594e+02 2.486273123410201151e+02
2.511468937471320260e+02 2.519926860033567095e+02 2.506092408967071492e+02 2.520659529366787410e+02
2.470037917369644447e+02 2.471888180122321046e+02 2.462058117698262549e+02 2.475969009085454502e+02
2.467677969105484976e+02 2.463295255526806216e+02 2.458884055392033758e+02 2.467737524103627322e+02
2.905336492673114890e+02 2.904299560703855150e+02 2.879579903732322350e+02 2.898063929619925716e+02
2.681083636688556453e+02 2.692635408666808985e+02 2.647531855398808602e+02 2.697840131931665155e+02
2.546355057758904081e+02 2.550417142175450920e+02 2.526856819612430911e+02 2.550162613349718299e+02
2.532500269112959472e+02 2.533226577534517787e+02 2.513418755898435961e+02 2.542628445038214409e+02
2.485590586295409139e+02 2.485221234882554597e+02 2.465899986377630739e+02 2.492581535156996324e+02
2.464945463631980260e+02 2.469203328656860776e+02 2.453136835971232870e+02 2.475321339550764321e+02
2.671105847598921628e+02 2.663687869050060044e+02 2.639572126434094912e+02 2.670753254727114836e+02
2.548732383129948857e+02 2.552108003486831080e+02 2.528023913689120263e+02 2.556353364802640726e+02
2.500043432481483876e+02 2.497537039154827028e+02 2.488006222338365205e+02 2.507347997494588583e+02
2.583435655108630726e+02 2.583739643748847925e+02 2.555864901294938250e+02 2.582905788119353474e+02
2.545525666893512380e+02 2.542654532766391640e+02 2.528429885859431749e+02 2.549776531722653203e+02
2.611258949194681236e+02 2.616475119165492629e+02 2.580918693835269551e+02 2.631009189941142949e+02
2.466799858014188942e+02 2.476299689758620559e+02 2.459877694800907477e+02 2.473772259816074097e+02
2.467378938234753321e+02 2.470337368577312418e+02 2.459971867529293945e+02 2.471509936037769535e+02
2.546670401290965344e+02 2.548434165005861018e+02 2.516730640621538271e+02 2.547972451756249654e+02
2.512072309971118500e+02 2.515180885977572132e+02 2.496614800764658639e+02 2.525400886724526970e+02
2.478185039360591304e+02 2.481605804794525056e+02 2.464923572293085670e+02 2.482106397722324971e+02
2.469330396949201543e+02 2.474202399010765703e+02 2.466574517546628726e+02 2.478515600121670275e+02
2.660444354412658186e+02 2.660060301114003209e+02 2.639506764715234226e+02 2.675353423665687274e+02
2.700341718130574122e+02 2.691432734064097190e+02 2.670660871718439466e+02 2.703076783783694168e+02
2.443989291082043849e+02 2.442305731773695641e+02 2.431519118504116364e+02 2.450208983275031756e+02
2.545655652161242983e+02 2.562277735798539311e+02 2.540243148352906246e+02 2.564268203538099442e+02
2.480516448549199708e+02 2.480988578955446542e+02 2.469150101507790964e+02 2.487788804752958924e+02
2.513069407950464154e+02 2.517710339697413247e+02 2.502836587624708216e+02 2.520972281356285407e+02
2.511200413600393802e+02 2.513223161001313031e+02 2.502348948306292016e+02 2.520764655682845046e+02
2.495255870194845897e+02 2.502413694473036969e+02 2.479747195373086583e+02 2.515489445248460356e+02
2.535100931533678192e+02 2.541913547150718955e+02 2.518990355592763137e+02 2.544849251132440884e+02
2.445731385317044158e+02 2.453790661532165984e+02 2.438609868338654962e+02 2.454951452714382185e+02
2.465561347970217980e+02 2.468510838241418526e+02 2.456307181956719035e+02 2.473780520955150735e+02
2.462872991683637451e+02 2.462243951015750838e+02 2.454437831048205112e+02 2.475084617414078139e+02
2.461968712770554077e+02 2.466387616586140439e+02 2.453143272775704133e+02 2.469064287644124249e+02
2.455595283016904489e+02 2.460772332950536168e+02 2.442209670511763875e+02 2.465231686094681152e+02
2.461772840115255008e+02 2.463891741084982812e+02 2.455225929912712672e+02 2.464578408807371943e+02
2.540549549014461945e+02 2.549732631436858696e+02 2.531062012653397915e+02 2.560375000744778049e+02
2.468585468776001903e+02 2.475281289832269636e+02 2.454814128927953902e+02 2.479628309001782327e+02
2.637090199521969112e+02 2.635319287128975247e+02 2.613285329083360011e+02 2.648625309578315523e+02
2.480352134136025768e+02 2.485316419263236298e+02 2.477830180336937929e+02 2.489287039614349908e+02
2.593185497690372472e+02 2.591539312203726695e+02 2.570675710133091911e+02 2.600032225407336455e+02
2.496259559921160189e+02 2.501487890195635657e+02 2.485900380691683154e+02 2.502950814879727375e+02
2.670148859829071171e+02 2.669065182665069074e+02 2.639537479944625034e+02 2.667110450995406836e+02
2.724273856255935016e+02 2.736803280243899508e+02 2.691538473130361808e+02 2.748183816463817379e+02
2.432346803836497600e+02 2.432332142383586415e+02 2.425310765384478486e+02 2.435247431949732118e+02
2.472142678853030304e+02 2.476826795529705123e+02 2.455385122427826730e+02 2.477622791416960411e+02
2.598681348215762341e+02 2.597217103486346446e+02 2.570797278328789162e+02 2.610093427982548064e+02
2.518461607183890578e+02 2.519998309437879414e+02 2.499723968118844653e+02 2.521977482990029955e+02
2.610245537669680971e+02 2.615142456649646761e+02 2.590245483105961171e+02 2.615764644475110003e+02
2.437554896755738127e+02 2.437788387938335575e+02 2.431146204485472140e+02 2.446715635101383270e+02
2.817814868217463413e+02 2.826344825436917176e+02 2.782669574375169645e+02 2.808448078902551401e+02
2.659141232890994502e+02 2.669151271308504079e+02 2.634542096031997289e+02 2.671311494653016325e+02
2.423151531821561377e+02 2.425582646139509393e+02 2.417338557268240891e+02 2.427363327135450106e+02
2.492526598001935838e+02 2.492745155862388629e+02 2.478422432005519624e+02 2.497158685404282892e+02
2.648582770948896723e+02 2.671720690982829183e+02 2.632724115194289993e+02 2.669805635064050762e+02
2.490379507384291742e+02 2.501588059710510095e+02 2.480268201238735344e+02 2.504803602932399542e+02
2.457718846525009155e+02 2.458551640267818073e+02 2.447220342276615668e+02 2.459730102339402151e+02
2.467448742952678060e+02 2.465035640516038882e+02 2.450751037250249738e+02 2.463056458314746635e+02
2.430128981425688721e+02 2.432774122057914212e+02 2.418900526137956319e+02 2.441103515329365905e+02
2.530698813635285092e+02 2.532682224473812198e+02 2.520887962355556624e+02 2.537008544057623283e+02
2.471701757125317727e+02 2.472684425703909881e+02 2.465262885501514916e+02 2.477116591178973692e+02
2.536079851520275952e+02 2.533396300024048173e+02 2.516500644573088152e+02 2.541442915253453236e+02
2.496878377856482132e+02 2.496595435791802231e+02 2.492485083740015170e+02 2.503808281665335187e+02
2.783808268440970437e+02 2.799628972938739366e+02 2.761627691041690582e+02 2.777064331590930237e+02
2.540949637252708726e+02 2.539192079658598118e+02 2.517791818404334663e+02 2.548334864235116584e+02
2.820280158881851094e+02 2.837595236043375166e+02 2.800245210822229183e+02 2.834595149031985670e+02
2.495212058503711603e+02 2.496830029115672005e+02 2.477347734200246521e+02 2.501696601072113424e+02
2.508823296709499573e+02 2.516443414159450924e+02 2.486461177813591803e+02 2.513910467105178554e+02
2.489893852004200880e+02 2.497396523065627605e+02 2.476797627608815731e+02 2.515382421483728876e+02
2.427810437324068289e+02 2.431182368223820163e+02 2.415743337708656213e+02 2.439074872486602885e+02
2.524835152675928498e+02 2.533317329646172880e+02 2.503877259689651567e+02 2.539781075557560541e+02
2.512852720388602847e+02 2.520959203530995580e+02 2.498119091237943223e+02 2.520081367068497684e+02
2.599579637091910627e+02 2.604570673353406391e+02 2.574387112999359601e+02 2.618911988761039993e+02
2.441617774161324235e+02 2.444436804326778940e+02 2.428140058843673614e+02 2.445767305274893602e+02
2.878949354358875894e+02 2.872629325686043558e+02 2.843015646471628770e+02 2.865773825203983733e+02
2.563677745772641856e+02 2.559066732365373014e+02 2.542317125867301115e+02 2.564605770207825231e+02
2.444596678340886626e+02 2.446333159386135492e+02 2.431954215146001843e+02 2.445734100719544983e+02
2.559064138260151253e+02 2.558224241086175255e+02 2.535705917286209399e+02 2.565063060847886049e+02
2.590397522125279011e+02 2.590301153872311488e+02 2.571428162710606671e+02 2.600809506373379918e+02
2.513023395726384308e+02 2.513734867872219354e+02 2.507722419533259597e+02 2.513834727449974196e+02
2.441908005924138649e+02 2.447443375746805430e+02 2.437576102089059020e+02 2.454138558715876286e+02
2.477130011637646589e+02 2.479334565638884271e+02 2.459722466268667347e+02 2.482400396303766854e+02
2.737765593000384570e+02 2.744419422327877669e+02 2.707705191948319907e+02 2.731897543905135990e+02
2.633230634983594882e+02 2.628156806940227170e+02 2.595762666614524505e+02 2.632873485886011053e+02
2.699188928877754847e+02 2.704624615535578300e+02 2.676756360969149569e+02 2.702027522727834707e+02
2.456604613994068984e+02 2.460170732478177058e+02 2.447023030726355728e+02 2.468153355173782586e+02
2.482767252299918255e+02 2.480199653148071377e+02 2.468565612104827949e+02 2.482536286974135180e+02
2.820731150902495870e+02 2.831571409653021760e+02 2.805058597173015187e+02 2.822661157934887228e+02
2.605760618895988046e+02 2.603169938832026560e+02 2.578750260459259493e+02 2.612611750508996806e+02
2.454951980346296523e+02 2.459153086914166977e+02 2.447288528141872348e+02 2.459314489412641649e+02
2.476707210883361654e+02 2.480920273816243764e+02 2.463475779434185995e+02 2.485522333606658094e+02
2.499628600596419403e+02 2.502967386866312722e+02 2.491075088410822218e+02 2.504288166716550847e+02
2.912983080229780626e+02 2.929083105582290045e+02 2.899035722957410144e+02 2.903205562952051082e+02
2.455188304765773069e+02 2.457761640538846848e+02 2.442811059920026935e+02 2.459611750862229940e+02
2.471905750354154634e+02 2.468152312460181292e+02 2.455207801036213482e+02 2.475028734679117406e+02
2.463574560615353164e+02 2.468297494191351689e+02 2.455116999441112000e+02 2.469780974000858009e+02
2.941325714765127941e+02 2.961581674181284143e+02 2.935278292504122533e+02 2.949175575655074795e+02
2.489884654483546171e+02 2.497973805368467879e+02 2.477987575358557706e+02 2.504177243731171245e+02
2.578613377584827617e+02 2.579161143777697589e+02 2.562537482086718796e+02 2.587122887620217284e+02
2.460785883134495009e+02 2.456468836287199622e+02 2.441157236995146320e+02 2.462377745815905712e+02
2.822555839336599206e+02 2.827434392755391741e+02 2.796149560443077462e+02 2.812382536456848356e+02
2.458627709078198222e+02 2.459525000165230892e+02 2.450835433844789861e+02 2.460727991160818817e+02
2.498083777959193981e+02 2.500219537169842283e+02 2.484665096447780570e+02 2.512270207974563050e+02
2.599550491677586024e+02 2.585887859287739730e+02 2.562047699116569106e+02 2.599222472604195104e+02
2.429322099208912960e+02 2.427320117842619993e+02 2.415271159457891486e+02 2.438669211906282328e+02
2.528105900847322687e+02 2.529649773995261341e+02 2.505830080566801428e+02 2.540486243483278201e+02
2.525595353869440487e+02 2.529926262407430784e+02 2.507820849521374100e+02 2.528900569677989836e+02
2.440854260525945847e+02 2.447593318226590213e+02 2.433360757540763473e+02 2.449381219570916244e+02
2.480792428267063485e+02 2.477644909618133795e+02 2.462129360162594764e+02 2.485537577460380305e+02
2.493182064208801307e+02 2.487870619434547450e+02 2.479429993639361385e+02 2.505249491791622916e+02
2.513416642707005053e+02 2.520063425326645756e+02 2.504416062741959763e+02 2.521305290445177434e+02
2.530828265022742869e+02 2.541312936167508951e+02 2.516368104165036641e+02 2.542071388132792151e+02
2.602345706511818548e+02 2.597980502234482287e+02 2.578845447111249314e+02 2.611806284467498358e+02
2.542346375416400690e+02 2.544934094751830855e+02 2.531776847175636078e+02 2.548273428676751848e+02
2.425433966817562066e+02 2.422587273358403479e+02 2.417065884661620601e+02 2.431482952340954853e+02
2.440709765106202838e+02 2.446367070347498327e+02 2.434988131805841078e+02 2.457551307488422765e+02
2.443037327523198883e+02 2.446087870352813809e+02 2.437262272972674566e+02 2.450994493554083249e+02
2.702318569275229265e+02 2.700372067522558268e+02 2.681461439667199897e+02 2.711272360514792013e+02
2.756522720905120991e+02 2.756396029803439092e+02 2.709329461116252560e+02 2.751853891469512519e+02
2.460136335040086806e+02 2.459016809270302417e+02 2.448708705358502868e+02 2.460365175945581768e+02
2.898878519751372664e+02 2.902221868831445590e+02 2.874652578127567040e+02 2.882268161960977295e+02
2.719051371649243833e+02 2.720869910445604773e+02 2.674805678166103462e+02 2.716812815175234164e+02
2.638537280108250798e+02 2.630321316575314086e+02 2.608623055247758202e+02 2.635947461451123104e+02
2.481118118954800877e+02 2.476507252668162380e+02 2.467853100855008108e+02 2.484599203965918832e+02
2.589903401246243675e+02 2.587896049829488447e+02 2.556182064307319024e+02 2.587046135402130176e+02
2.573947850383316904e+02 2.576156769019657986e+02 2.544006639693820375e+02 2.576303680694574609e+02
2.514995134675606607e+02 2.528636258524397817e+02 2.502907286749456546e+02 2.536624119617001440e+02
2.460919082690095649e+02 2.462173796038102580e+02 2.456430586763772794e+02 2.469005623409477437e+02
2.652336982849614060e+02 2.653773780777061120e+02 2.619558334843318903e+02 2.657649987676281853e+02
2.508755922969735650e+02 2.508755918059578960e+02 2.496829274138692085e+02 2.518285561187250323e+02
2.557998355727000046e+02 2.554231262643938578e+02 2.542414244986439940e+02 2.564732321387350567e+02
2.667876619813046659e+02 2.672434630915498133e+02 2.635956580067700656e+02 2.688388868155444129e+02
2.808024295164377691e+02 2.809888924242438293e+02 2.783854223367857230e+02 2.815569688462448426e+02
2.697377495100563465e+02 2.708981150209421003e+02 2.667827442686353834e+02 2.708011044559575566e+02
2.488258451396693260e+02 2.489693227038275154e+02 2.472253627395094782e+02 2.493224899846366043e+02
2.717230949530036241e+02 2.720027258109177524e+02 2.685146149762181835e+02 2.712535130566868133e+02
2.503112094182359613e+02 2.506861540625276348e+02 2.496292111875466446e+02 2.513035943500239284e+02
2.528128496800551659e+02 2.543973883986241162e+02 2.515000195009382367e+02 2.539413353769818968e+02
2.433287730872281145e+02 2.436577822790379741e+02 2.426951185142982581e+02 2.442614497234511930e+02
2.677115312062805401e+02 2.681240236637478347e+02 2.643272624094068988e+02 2.671567004149144395e+02
2.447592201798245242e+02 2.450524838459818113e+02 2.439024533937496244e+02 2.454621912011073164e+02
2.524248308900449729e+02 2.528768167623238696e+02 2.504168484474424190e+02 2.530544573532476420e+02
2.534646247259603911e+02 2.543893741414341605e+02 2.512598267138754693e+02 2.547313205410027876e+02
2.475200274393575057e+02 2.479083739283634031e+02 2.462557908580240280e+02 2.474348333579523853e+02
2.623243893917476157e+02 2.620706006057566242e+02 2.595211265708243786e+02 2.639267935224723942e+02
2.475892613600162520e+02 2.479439113042011513e+02 2.463886541168272402e+02 2.480054428819865393e+02
2.514124276588567000e+02 2.525480828851578110e+02 2.503429052601875640e+02 2.535482649783315026e+02
2.499987996410590654e+02 2.500187307028340911e+02 2.480496771571368413e+02 2.510009425131967191e+02
2.453698546047228888e+02 2.451145048866881382e+02 2.438279314583818689e+02 2.456556236740835573e+02
2.492886635848265087e+02 2.499729876374555602e+02 2.480522458925013041e+02 2.502898846411146110e+02
2.476038991748465889e+02 2.476812802562962190e+02 2.470709255923763976e+02 2.486184287263788519e+02
2.471273544858302103e+02 2.477341386106165260e+02 2.460460200493422462e+02 2.482303869217410863e+02
2.463933061700883513e+02 2.470278489671433135e+02 2.455286133963538759e+02 2.477838058958536749e+02
2.475510498863461919e+02 2.476181554557253151e+02 2.464505924522190412e+02 2.475501773701013803e+02
2.813838935922495352e+02 2.816136773781375382e+02 2.789027263682528996e+02 2.816801344582732440e+02
2.789001185027763086e+02 2.789723522398240334e+02 2.773822227596091921e+02 2.798423459641397244e+02
2.749926253043728366e+02 2.754196126754949319e+02 2.732142890497348162e+02 2.747009168922181743e+02
2.587170754178499124e+02 2.600564706546713865e+02 2.566708634911756803e+02 2.607703932073256397e+02
2.508454693895171204e+02 2.512081154134000371e+02 2.496834143367266563e+02 2.517162918509741871e+02
2.460250941286416264e+02 2.461310692123138608e+02 2.454207919173315702e+02 2.464424783878335745e+02
2.510327100520392491e+02 2.510130897197091997e+02 2.498020864126006586e+02 2.520661021996408806e+02
2.466102790829541789e+02 2.467380627900640775e+02 2.461752491487333430e+02 2.470957925405650144e+02
2.844260916932521468e+02 2.842517666504498379e+02 2.817594819147996645e+02 2.851421806801890284e+02
2.463233431501512030e+02 2.462999566717948312e+02 2.459769152205220166e+02 2.468580384223638191e+02
2.464470268364691208e+02 2.471694234697903312e+02 2.457633206627538414e+02 2.473350780752365665e+02
2.507805972930028133e+02 2.517530224649233617e+02 2.490927720952937534e+02 2.517379772538502039e+02
2.507029501392854911e+02 2.513145305881611762e+02 2.490693747291795432e+02 2.518840939325595514e+02
2.487931622020449538e+02 2.486891212252794787e+02 2.475442187327922454e+02 2.491199649593599759e+02
2.470082282375874740e+02 2.476781159576689220e+02 2.464552241032984341e+02 2.477118574749488005e+02
2.476804358990966080e+02 2.481753542881019143e+02 2.469307948747988917e+02 2.480972278686240315e+02
2.475662423942062276e+02 2.476118676436410908e+02 2.461554875888543279e+02 2.488305298342180265e+02
2.479179112510694267e+02 2.482214072904303919e+02 2.472057773824167839e+02 2.485563598385316482e+02
2.442235684985181194e+02 2.446633019931985302e+02 2.436263740622494822e+02 2.452665470241963135e+02
2.438481181212838180e+02 2.442061444016376583e+02 2.433867590793216209e+02 2.449047714895676791e+02
2.443013256763233301e+02 2.446585676195414294e+02 2.433310419131511253e+02 2.447546164017514627e+02
2.658714665997007387e+02 2.675641845367920268e+02 2.629992669276961124e+02 2.674547578824835909e+02
2.485463291162789972e+02 2.492508798225206021e+02 2.472615820562049009e+02 2.494816392232942235e+02
2.441324296516881986e+02 2.445799857895676723e+02 2.430404234796861545e+02 2.455006587719580864e+02
2.450502837455645420e+02 2.449103471936354026e+02 2.442538336783951536e+02 2.454654238602472276e+02
2.480351608485746340e+02 2.492134669111678136e+02 2.469497595143005810e+02 2.498718625889796954e+02
2.616967755774352327e+02 2.604383184471309391e+02 2.583209000900658339e+02 2.617898035383897763e+02
2.788688524850971930e+02 2.794185387731824903e+02 2.747580231409618250e+02 2.785174584496303396e+02
2.696932186336499058e+02 2.708588772914575884e+02 2.679019099826779780e+02 2.712094335557503086e+02
2.449685947159583748e+02 2.459411128545972076e+02 2.447725049241340685e+02 2.459961172127266309e+02
2.478211443697003062e+02 2.479010399091480963e+02 2.465061745845940493e+02 2.487743127558625815e+02
2.456708729384091612e+02 2.464602725249455659e+02 2.448493928109402873e+02 2.467818742574937687e+02
2.447210395103646761e+02 2.450209807497945746e+02 2.434289192119470897e+02 2.452405802391902512e+02
2.456017411990614221e+02 2.453912464816509384e+02 2.443032455770259901e+02 2.456505328236033279e+02
2.444101909873559180e+02 2.456294512303222461e+02 2.433009578437118137e+02 2.453832696745658382e+02
2.637789437326721327e+02 2.637756440737520620e+02 2.602177135050726520e+02 2.644674170057069205e+02
2.564715874617513123e+02 2.568552670110474878e+02 2.543542346989935368e+02 2.572037501928418806e+02
2.497421262018038135e+02 2.509359632949164904e+02 2.482489608213771533e+02 2.515290169424463045e+02
2.449294268846536795e+02 2.455627095400514008e+02 2.440486140485986084e+02 2.453367810058769862e+02
2.592587452385212146e+02 2.593317099123826779e+02 2.568773987182386236e+02 2.599546520059836894e+02
2.453297584481614706e+02 2.456711742826074953e+02 2.441495922272748089e+02 2.456433630196287652e+02
2.481739137357496645e+02 2.484891075425072984e+02 2.470718294235983308e+02 2.489156447733303423e+02
2.738709937685309228e+02 2.736318557259866679e+02 2.699259790618472152e+02 2.744337016036383829e+02
2.541954710760886087e+02 2.550887301888553225e+02 2.524974799972303856e+02 2.560974309648188978e+02
2.621214096514318044e+02 2.637612512629465300e+02 2.603042418900448638e+02 2.628582352244297908e+02
2.576649472239561760e+02 2.579293044509464039e+02 2.558206129174473062e+02 2.588490004923247056e+02
2.460148420189847229e+02 2.464866893171479774e+02 2.453849062011166779e+02 2.469515875740131889e+02
2.468466605504251561e+02 2.471637511664253850e+02 2.462385747830214200e+02 2.483002633963013182e+02
2.457978795235643474e+02 2.458918902398686726e+02 2.449284407138865731e+02 2.465418369725766183e+02
2.567218286067934514e+02 2.585977269790669197e+02 2.550052093223179668e+02 2.582771422203380780e+02
2.484353969558048334e+02 2.489271307809256655e+02 2.471751123523775391e+02 2.491255677853885970e+02
2.533178048430077638e+02 2.534077960953111130e+02 2.514203086574510166e+02 2.533299985228188689e+02
2.459522850811120236e+02 2.464320304843131453e+02 2.453518412179761583e+02 2.464989688986912029e+02
2.464423559385246278e+02 2.462800049070840771e+02 2.452142806097943719e+02 2.468394337754698995e+02
2.604410489417940084e+02 2.602364069252684544e+02 2.580269725819964037e+02 2.604207225579764895e+02
2.450262953352540762e+02 2.453458860143014419e+02 2.441532950814284959e+02 2.451208537028732337e+02
2.711441852480638204e+02 2.739135193934505992e+02 2.691036204650433774e+02 2.731692320742121183e+02
2.539234182073319914e+02 2.538149467909388761e+02 2.519829624859236787e+02 2.550222624235690887e+02
2.487512654892582304e+02 2.495390199375386260e+02 2.476443747867024285e+02 2.500715584661413970e+02
2.436715832912397843e+02 2.442007393605670984e+02 2.433096910660290746e+02 2.450220583139011978e+02
2.514293022938165905e+02 2.528470269472383904e+02 2.483746888270831903e+02 2.528045164024390203e+02
2.689817007554074166e+02 2.679567296480006462e+02 2.649071823439665536e+02 2.704400791061277118e+02
2.572710719709951945e+02 2.571096746525718117e+02 2.553296635837312181e+02 2.582317728338405800e+02
2.562301779247219997e+02 2.568179516828126907e+02 2.542492076070149380e+02 2.570536928017612013e+02
2.498285374250806115e+02 2.500926356245188060e+02 2.487200954573745264e+02 2.505940314569083398e+02
2.534048020545850761e+02 2.540035695050188451e+02 2.519119605083850786e+02 2.546321057447092358e+02
2.715595505479751068e+02 2.718246640943906982e+02 2.671155809642523309e+02 2.711365842313472285e+02
2.467078850104699086e+02 2.473199213642692769e+02 2.453410585863325650e+02 2.476777555277792260e+02
2.475121068144867422e+02 2.480994981106570094e+02 2.471783036663211703e+02 2.481877623676082010e+02
2.531709246326657308e+02 2.532861546358232658e+02 2.503991086026106245e+02 2.537104595410731633e+02
2.450413331743163496e+02 2.449957953462279079e+02 2.441583693121516774e+02 2.454375832468748229e+02
2.498130225879196189e+02 2.494597313212030087e+02 2.486482745418004754e+02 2.505013338684822770e+02
2.490053478819759221e+02 2.498795764439663856e+02 2.480734571192632814e+02 2.504003044129998727e+02
2.502915066295406632e+02 2.507366494743021974e+02 2.490616018667758169e+02 2.513036572343721389e+02
2.477572605469865437e+02 2.480558329033602547e+02 2.465974503702587981e+02 2.482147153515690832e+02
2.516392907047147673e+02 2.519968176384684853e+02 2.501568434965581673e+02 2.517927517011480347e+02
2.545373124213447795e+02 2.553291532982034937e+02 2.534732235235433393e+02 2.564710707728883676e+02
2.795138128754939544e+02 2.799064596280375667e+02 2.764299237892320207e+02 2.807279985062729679e+02
2.635127798745244263e+02 2.635150455927706048e+02 2.618130845992171203e+02 2.649845476154359858e+02
2.525835604347909111e+02 2.538095133511110078e+02 2.500378746268892485e+02 2.537864172081173706e+02
2.701520240830552098e+02 2.705163002253189575e+02 2.672361157034653729e+02 2.691638707060738511e+02
2.451497258360035971e+02 2.455062790494635294e+02 2.450157598372499876e+02 2.461684584625559467e+02
2.481754540533137288e+02 2.482551878284008069e+02 2.477162496142790076e+02 2.493223216982054282e+02
2.751590372723235873e+02 2.752499345376111819e+02 2.714514257475570957e+02 2.749869445979859393e+02
2.517643664477693619e+02 2.521589811906923160e+02 2.505826514450164950e+02 2.525817543526814859e+02
2.651189958030995513e+02 2.659194182669053816e+02 2.625790880229108666e+02 2.660005218095133159e+02
2.457164035954201324e+02 2.464564536872075848e+02 2.449994835725004236e+02 2.465536896772658793e+02
2.547891668668964371e+02 2.550238756433346907e+02 2.524242693580802381e+02 2.559937293962231308e+02
2.601350833027369163e+02 2.601631809468211713e+02 2.577723218803066061e+02 2.610533990988074606e+02
2.484138462245407766e+02 2.489266416562456072e+02 2.473109515354728387e+02 2.496103813162620213e+02
2.530232727990973558e+02 2.534144448236621940e+02 2.513250829514423401e+02 2.535945181335586369e+02
2.728998295483069114e+02 2.732390540615179475e+02 2.692369109453869100e+02 2.738758781037735162e+02
2.594949967188933329e+02 2.607345901655169769e+02 2.566654964165712727e+02 2.596245826396532266e+02
2.527612276495359822e+02 2.539433014041310912e+02 2.512741508957344649e+02 2.540000312404545184e+02
2.425905156746498506e+02 2.424417090167058007e+02 2.417266072039085145e+02 2.433897949100613687e+02
2.845133867403749832e+02 2.837712316737701030e+02 2.799155214433904462e+02 2.828603384239132765e+02
2.928739868407702147e+02 2.927053413612391068e+02 2.922016957415650040e+02 2.937202316193727825e+02
2.567781837274615100e+02 2.571513354370437696e+02 2.553791354176486834e+02 2.583558625248278418e+02
2.463947738504908216e+02 2.466247438538529480e+02 2.458614585973509747e+02 2.469291664416017795e+02
2.461419650929481122e+02 2.463827034099580544e+02 2.449524577872031443e+02 2.470906738952426736e+02
2.464227364075181583e+02 2.464938812702552866e+02 2.458712594031794367e+02 2.471029785193247221e+02
2.744685347466225380e+02 2.742266951799031744e+02 2.721412922739256146e+02 2.751132693035767716e+02
2.478303343763290343e+02 2.484854795812806572e+02 2.467994363290441697e+02 2.482232472506836700e+02
2.781538396556089197e+02 2.783962984837922932e+02 2.748593563917839901e+02 2.781389876361037068e+02
2.524134348769532323e+02 2.527711541514100873e+02 2.505781482596991907e+02 2.534188698087188243e+02
2.617923425794221544e+02 2.623318895309070058e+02 2.600492796032744991e+02 2.637063769383576641e+02
2.544446832310756861e+02 2.548668179662709861e+02 2.524469581478548150e+02 2.559786952179670436e+02
2.461254384918239282e+02 2.466997386956949185e+02 2.453688293636701019e+02 2.469129148808646335e+02
2.463332648386447090e+02 2.461824443745411486e+02 2.453006226818522464e+02 2.471913778367598695e+02
2.819233913739792001e+02 2.833014786106900829e+02 2.784517592310508576e+02 2.829736890071177982e+02
2.460708613366126087e+02 2.459999989503870097e+02 2.437791868335466461e+02 2.464530921125787586e+02
2.447474319798958220e+02 2.452564620257825254e+02 2.441169961743268573e+02 2.454044723349984736e+02
2.452639933076240482e+02 2.459255437026815230e+02 2.443562391611878297e+02 2.462467692833366186e+02
2.493125402536763033e+02 2.493612407194810032e+02 2.482687575222739724e+02 2.499097633710689195e+02
2.582775289378461139e+02 2.591988719787584046e+02 2.556556640179080944e+02 2.595242263687110835e+02
2.483311447347063847e+02 2.485867455011112668e+02 2.474319785285953515e+02 2.485986108061402149e+02
2.538682769534486283e+02 2.540714553106311087e+02 2.518104323028866247e+02 2.549445805447815303e+02
2.910599189899733119e+02 2.908672863723240312e+02 2.892865888332401028e+02 2.905089558524430231e+02
2.486209065437569734e+02 2.489651252657249358e+02 2.472580825330340701e+02 2.496547022989129232e+02
2.798046421950088529e+02 2.799723943394433832e+02 2.763849672952772494e+02 2.817911304852165131e+02
2.580067502452515669e+02 2.583562924552929303e+02 2.551888940022481052e+02 2.583141384319900453e+02
2.547549613233437924e+02 2.554050062091449433e+02 2.544097073926643020e+02 2.557773367207974786e+02
2.494459966991982185e+02 2.501598535382710224e+02 2.485479225739867957e+02 2.506120085362451846e+02
2.532646576002469203e+02 2.533296338124930571e+02 2.511530517243159295e+02 2.532001624735853227e+02
2.577004126845077394e+02 2.590775616539943371e+02 2.560729405566612513e+02 2.588598299812297228e+02
2.489550527162879234e+02 2.494285098045377254e+02 2.479771236148667981e+02 2.498886290906024783e+02
2.594176742461032745e+02 2.596031452113285241e+02 2.569818076602175552e+02 2.611714044668572683e+02
2.482250635624275503e+02 2.486428947102776306e+02 2.473449306922846347e+02 2.493519913495273386e+02
2.493789878063174115e+02 2.498239880855326192e+02 2.470764010258315579e+02 2.496148317895115838e+02
2.473689486404039712e+02 2.477332125185090206e+02 2.462724691440543836e+02 2.487120158553002511e+02
2.622797295383547862e+02 2.622013308537488001e+02 2.594387749749782870e+02 2.635378584513877058e+02
2.475780513605191118e+02 2.475988836185409809e+02 2.467018133293896085e+02 2.483567002255767022e+02
2.439119714366287894e+02 2.438729081963646479e+02 2.434253283866711115e+02 2.445879439221560858e+02
2.472222672601137958e+02 2.471101393867985792e+02 2.466342853402145749e+02 2.476940986792651245e+02
2.462600237508787586e+02 2.462082378093775219e+02 2.449242232626210125e+02 2.467527601103481345e+02
2.518754552931738715e+02 2.527103077915289191e+02 2.506429837213181315e+02 2.530024783763968799e+02
2.702676348049163835e+02 2.711934189397326236e+02 2.683247688822344799e+02 2.721776889638034618e+02
2.720254776078595000e+02 2.726802738216667308e+02 2.693199981570926411e+02 2.721699836667169166e+02
2.505727082953638103e+02 2.505894541067226271e+02 2.484110457648637862e+02 2.516510214389421094e+02
2.888464085104810124e+02 2.884961182686379288e+02 2.869520519661862181e+02 2.893027064046954138e+02
2.519851923168542953e+02 2.526770610744238468e+02 2.504419111951667958e+02 2.529344774735129988e+02
2.461368784536510930e+02 2.469704773681979191e+02 2.457836109158664613e+02 2.471431216772215294e+02
2.476756241179743938e+02 2.476308465554269276e+02 2.463902421539180239e+02 2.478266826032676136e+02
2.575757690444656873e+02 2.585738505423261699e+02 2.552641936062000809e+02 2.583638131061266563e+02
2.514960616739345198e+02 2.515007995900038509e+02 2.499152714029735307e+02 2.523170679721121132e+02
2.499070306896057332e+02 2.504365615925639474e+02 2.490252503575367768e+02 2.508003833381825416e+02
2.705053005203852194e+02 2.720500492340182745e+02 2.679170597628723272e+02 2.722230603851680257e+02
2.438480316345579411e+02 2.443693271699150102e+02 2.423307531814750462e+02 2.446146487440060184e+02
2.766604540948995918e+02 2.771355354732115188e+02 2.738441925865039934e+02 2.774047412665706815e+02
2.695989458309406928e+02 2.699648433313537339e+02 2.681109048634300507e+02 2.715744978076226630e+02
2.484016645245190773e+02 2.485661662558636635e+02 2.471702624351543420e+02 2.494198176650304788e+02
2.598992631095458137e+02 2.612939207784414748e+02 2.568951859921037340e+02 2.607157453614148608e+02
2.699892232345116554e+02 2.711335773415046901e+02 2.660615472307503637e+02 2.708490395479238373e+02
2.450544492314735976e+02 2.454865641901593847e+02 2.449427117563504908e+02 2.455862052220989540e+02
2.527566912307298423e+02 2.533052277004857160e+02 2.514793254131919866e+02 2.536438805740744442e+02
2.477839799693849443e+02 2.479234576101588630e+02 2.465905986241537562e+02 2.486420442690654227e+02
2.452084892781549854e+02 2.448575506575092220e+02 2.442695911535681148e+02 2.451207780459414778e+02
2.475530460761408449e+02 2.480462229189990353e+02 2.464864227678221482e+02 2.485895634217181112e+02
2.522196485342008430e+02 2.528083064441201770e+02 2.513096003837680428e+02 2.548220830900258136e+02
2.488239423434374373e+02 2.487165679012589123e+02 2.482224133027290804e+02 2.492716953490960066e+02
2.477015308274187362e+02 2.482154849143155104e+02 2.467304234485081338e+02 2.478246598943531751e+02
2.526673647781389604e+02 2.528094742889011286e+02 2.510966499797082463e+02 2.534392835870057468e+02
2.527740301879252627e+02 2.527138861238462653e+02 2.504016390332745061e+02 2.535319353011849728e+02
2.517874184399647675e+02 2.521898700890253906e+02 2.502286540329674267e+02 2.524972411833211652e+02
2.650847412404912120e+02 2.650408655659804253e+02 2.621402179598635485e+02 2.661843315809362025e+02
2.452685628804413511e+02 2.455574234569568262e+02 2.445467799492828078e+02 2.460006617827881712e+02
2.488270612448217207e+02 2.487010304598435937e+02 2.469442880583018223e+02 2.495755904434909382e+02
2.464080053550719356e+02 2.464899708930268787e+02 2.452557217902955813e+02 2.467781723819928743e+02
2.621538336715454989e+02 2.633295141449834773e+02 2.598109034233950752e+02 2.624606746164260471e+02
2.823751065998988565e+02 2.838656229260219561e+02 2.803966467211122904e+02 2.823137189660068884e+02
2.496609257444806929e+02 2.496104880748557946e+02 2.486593189865172064e+02 2.502287913461124162e+02
2.604585699061389619e+02 2.600932469982128055e+02 2.571410741720845863e+02 2.613754540267080984e+02
2.472036396142751187e+02 2.475710885954606795e+02 2.472439612829039390e+02 2.485235114442567976e+02
2.565774787348353243e+02 2.575285731658264581e+02 2.542384351692500388e+02 2.575491234451915261e+02
2.553199872755579918e+02 2.554281229740237791e+02 2.536500480652322267e+02 2.557710536856226611e+02
2.595637949132506606e+02 2.606676553728933641e+02 2.572010253780694597e+02 2.602830933473315440e+02
2.596075196521605335e+02 2.596669000565473766e+02 2.566687372044021345e+02 2.605730919163775070e+02
2.468571497322873824e+02 2.468366116991944637e+02 2.456084949839094236e+02 2.475797341309976787e+02
2.503573154445886075e+02 2.502404809863996036e+02 2.487571856193327164e+02 2.519439127141032770e+02
2.476086509664088169e+02 2.474615235755055664e+02 2.466060532429894749e+02 2.477761807917066221e+02
2.460494768830683938e+02 2.459386949078711950e+02 2.452312515984898766e+02 2.463035201566192995e+02
2.878749402594725098e+02 2.876462780753589641e+02 2.836399274029902813e+02 2.872849379815123712e+02
2.438719504427102436e+02 2.439028931178554558e+02 2.425955730354932030e+02 2.444564438384437608e+02
2.467060517822495171e+02 2.470685241983442495e+02 2.459127376451044995e+02 2.471493886989497639e+02
2.501362907498825052e+02 2.510231644439658396e+02 2.483522151584180335e+02 2.515714312491447515e+02
2.552522558364239273e+02 2.560947480958751612e+02 2.535450720386496641e+02 2.566462965911899801e+02
2.537156161470090581e+02 2.539539566968012423e+02 2.525508831837863681e+02 2.548803431870385054e+02
2.564932692769860978e+02 2.562052787642360840e+02 2.548695910619896097e+02 2.570785409714256389e+02
2.441432432339735783e+02 2.443969701493478226e+02 2.428675806462438231e+02 2.448906412622350501e+02
2.466033275965973814e+02 2.465014746282810734e+02 2.455541456910201532e+02 2.470061370859424983e+02
2.475933577664654308e+02 2.478764449804662320e+02 2.467956762260767789e+02 2.483186524362388070e+02
2.691442487159367261e+02 2.695219065554759936e+02 2.662711067524270447e+02 2.702741093660758906e+02
2.458676607353688155e+02 2.457848567214128650e+02 2.453437787011887394e+02 2.466582547054138672e+02
2.607873310736321741e+02 2.604228794911725231e+02 2.580082252468298520e+02 2.607436527439081715e+02
2.477638928257649411e+02 2.471182712621485393e+02 2.463787922893590121e+02 2.481042730537836860e+02
2.615729587740013926e+02 2.616405320554230798e+02 2.585761495612640601e+02 2.618943235687348192e+02
2.494389943502635276e+02 2.492268926079231903e+02 2.476827760505222500e+02 2.505135079237544744e+02
2.489294000671126810e+02 2.496086946364590631e+02 2.478336766083312170e+02 2.499683569119619904e+02
2.460300542937829960e+02 2.460603829460812051e+02 2.448447743363764175e+02 2.468834178601682083e+02
2.494930160784008990e+02 2.499560459934259882e+02 2.470563845114080266e+02 2.516883035568058631e+02
2.468414932648476849e+02 2.470550251175178289e+02 2.465255918527323900e+02 2.475353550469937716e+02
2.501036769328723892e+02 2.500596385606918375e+02 2.491558686330668593e+02 2.506891545657315135e+02
2.492675067241481202e+02 2.496955161383256154e+02 2.476251148059752154e+02 2.504878737378457458e+02
2.458512468817726813e+02 2.465643571567030392e+02 2.447766562327943234e+02 2.464983476473179280e+02
2.526508378686054357e+02 2.536590757901510358e+02 2.506472474033211029e+02 2.529015640213718825e+02
2.456467106850450932e+02 2.459899624515303174e+02 2.447548258266495793e+02 2.468544477737158331e+02
2.488472191818970600e+02 2.493465000698582514e+02 2.485200105453605204e+02 2.496292400104306921e+02
2.446168095231939503e+02 2.446416159119696943e+02 2.430641093571800297e+02 2.450392097030056675e+02
2.464596969724859150e+02 2.463018906819495157e+02 2.456976985162893925e+02 2.470877994058614604e+02
2.752978241374804043e+02 2.768130885291288337e+02 2.730467963625061429e+02 2.755386495804082756e+02
2.464738386759667890e+02 2.470263548784605803e+02 2.455216257957679602e+02 2.477782396919247958e+02
2.508020747106941712e+02 2.512529449000209922e+02 2.497963285597290621e+02 2.516483919006293206e+02
2.739896117128029687e+02 2.751117916252716782e+02 2.704971505978641630e+02 2.754453757884880361e+02
2.416899437234575316e+02 2.416797778813817956e+02 2.402626899751206793e+02 2.414741370720328462e+02
2.466629852242673451e+02 2.470648080498530987e+02 2.462191795065852489e+02 2.473101048284999308e+02
2.654499624577800887e+02 2.668632119211160898e+02 2.624894175323533432e+02 2.666640215262149809e+02
2.636317937217808662e+02 2.638555890758291298e+02 2.615453478636449631e+02 2.633529015534440418e+02
2.592973161393777559e+02 2.591900554133156334e+02 2.563705350966829997e+02 2.594258987701309138e+02
2.456566164092771771e+02 2.458230486833909936e+02 2.450613728949176107e+02 2.463424036577761740e+02
2.443777363138422913e+02 2.445582889360820218e+02 2.433472002906353282e+02 2.454016151997003021e+02
2.509915670112600026e+02 2.515481268421657433e+02 2.492340397190088197e+02 2.517356667702455582e+02
2.443715851275966600e+02 2.442423442445533510e+02 2.435866099052851155e+02 2.451020488309232803e+02
2.447476774623231961e+02 2.453691434065006547e+02 2.440076422405655876e+02 2.457025125816691116e+02
2.451239866968751926e+02 2.460388969015521070e+02 2.453654367373965215e+02 2.461812788078767937e+02
2.521928006676940868e+02 2.523360809430205052e+02 2.508375772037473439e+02 2.526411716696511007e+02
2.537602724602636783e+02 2.531966180856077813e+02 2.518904115944776834e+02 2.544206921507395407e+02
2.487073302823193046e+02 2.493734017800145750e+02 2.480261908806685369e+02 2.493325187800473088e+02
2.519601293933508828e+02 2.533648268445048473e+02 2.496449185101163266e+02 2.546751464972375345e+02
2.511078144142564099e+02 2.515097543137474929e+02 2.496785751458371863e+02 2.516077105313153481e+02
2.463415262592776287e+02 2.464976405298672830e+02 2.453811391158320419e+02 2.475911307959147791e+02
2.450256511300270290e+02 2.454857478843802596e+02 2.445146276169961652e+02 2.458024926519901214e+02
2.467329523836537248e+02 2.471645060079670770e+02 2.460174954759530976e+02 2.469968440089820945e+02
2.452743978691378004e+02 2.455785367831663848e+02 2.441108569912293262e+02 2.453036798055516101e+02
2.462041738331835745e+02 2.465181119753329995e+02 2.456725137205432361e+02 2.470070509075435723e+02
2.491207569620525248e+02 2.489680080741568702e+02 2.485041153694105560e+02 2.490392525576780827e+02
2.722003726166061597e+02 2.732432557806058071e+02 2.686330686221508017e+02 2.745420296488176746e+02
2.585386457333015073e+02 2.576162110592969725e+02 2.543947930883655317e+02 2.578646501799106545e+02
2.635835033511166330e+02 2.640326274296914448e+02 2.612198164732100167e+02 2.653107070291204082e+02
2.554781870493013116e+02 2.552471282730059841e+02 2.531054566682279869e+02 2.564990843083039067e+02
2.519340699465276714e+02 2.527020767663842662e+02 2.511783702899539037e+02 2.531455796648694729e+02
2.457098773693895737e+02 2.461077628251238139e+02 2.453264096903685925e+02 2.462605163358046241e+02
2.544433537190980417e+02 2.549605980834463139e+02 2.530812215875956213e+02 2.548722998864348313e+02
2.574335508574662867e+02 2.569711179304910615e+02 2.549785698468488704e+02 2.577642414755739537e+02
2.440053340159605568e+02 2.443827843760720668e+02 2.432701579615662126e+02 2.451277332009134966e+02
2.663577292684389022e+02 2.674400383715503722e+02 2.636998844478929982e+02 2.685734852791646858e+02
2.480235839754606957e+02 2.481855895615888983e+02 2.465817481440555525e+02 2.489783993897616483e+02
2.576911122116504771e+02 2.571196197929011760e+02 2.553114115146796337e+02 2.576822654477547303e+02
2.558779566216381056e+02 2.558421607744845971e+02 2.537690450735758532e+02 2.563514897562227475e+02
2.472354339339968021e+02 2.481301335366920853e+02 2.459745269392931277e+02 2.489783383409143482e+02
2.918770838618651737e+02 2.918934960088816979e+02 2.892912269648316510e+02 2.921103063145999386e+02
2.457755972235062529e+02 2.457083376165171842e+02 2.447670621561886151e+02 2.468487769020702842e+02
2.478806949586699488e+02 2.482782390457080908e+02 2.467152369214626333e+02 2.488130661689075964e+02
2.634299263808803175e+02 2.648179495502295708e+02 2.608813148044597483e+02 2.648839770835895138e+02
2.465260441063955739e+02 2.467074450369243266e+02 2.450704441908353886e+02 2.470018442707790030e+02
2.454897384060875822e+02 2.453842510618580661e+02 2.443027146463576003e+02 2.457832118027036756e+02
2.498482700614162297e+02 2.503648445886754814e+02 2.479387517906439484e+02 2.503692662923326395e+02
2.606040528227860023e+02 2.615077680720962690e+02 2.575445767768306951e+02 2.614213632985881191e+02
2.516673323844789820e+02 2.523497846050650821e+02 2.502021117006807458e+02 2.532474631799398139e+02
2.506043068705932342e+02 2.506071966284862924e+02 2.488524223264710429e+02 2.506929230872237326e+02
2.480730605465646477e+02 2.488988255522964721e+02 2.469441956323993850e+02 2.491993972814738356e+02
2.491520997147852086e+02 2.491303133091121254e+02 2.479194662790872599e+02 2.498956120244764634e+02
2.436762191074262773e+02 2.436313712384967118e+02 2.417655984609750703e+02 2.441520954112210404e+02
2.500328182009409090e+02 2.499453078095855574e+02 2.484941239864602949e+02 2.509340218334459962e+02
2.464783914048774989e+02 2.463003960170854896e+02 2.452517001176790643e+02 2.467838441671804048e+02
2.547970961860421824e+02 2.551270529226026156e+02 2.528479791514712645e+02 2.559138276386653388e+02
2.533625746927587556e+02 2.544243807806312816e+02 2.515300618325135531e+02 2.543426178687846573e+02
2.612622937989800107e+02 2.609347780906014691e+02 2.576851032985835559e+02 2.620493816647975791e+02
2.448904466157542288e+02 2.448733113336430733e+02 2.440887607090381550e+02 2.450887391182774877e+02
2.619188390221960390e+02 2.628182300572305508e+02 2.595487289892890317e+02 2.630180849752489962e+02
2.639947920651440540e+02 2.641557540079970181e+02 2.600951632462481484e+02 2.655447310230573521e+02
2.554963737706569304e+02 2.557908104845412254e+02 2.533329689610690139e+02 2.560500984202842005e+02
2.476586699639885012e+02 2.476893960611835723e+02 2.464689890143119158e+02 2.482929574773406216e+02
2.526524880087820861e+02 2.523514799648178837e+02 2.506630157495679327e+02 2.530955881173228477e+02
2.544408386823648414e+02 2.546495434931963757e+02 2.528216311251231616e+02 2.556377954161082755e+02
2.675215636140449078e+02 2.683834322218957027e+02 2.646052683816470790e+02 2.695964879044455529e+02
2.623065019627730976e+02 2.643550025672767561e+02 2.600670620960110568e+02 2.637314072711020003e+02
2.610688463293374753e+02 2.615912755080012175e+02 2.586426614072958614e+02 2.613270545007090959e+02
2.453631816992674999e+02 2.457630820713930859e+02 2.445798289625674897e+02 2.458891237303565163e+02
2.454315957851596863e+02 2.456277700820826908e+02 2.446979842297552921e+02 2.465131540262897829e+02
2.497319802274743950e+02 2.506676089595017061e+02 2.486984889924632398e+02 2.505279425683632439e+02
2.478539631425550454e+02 2.481527496661253451e+02 2.468031003768349478e+02 2.485164186239993853e+02
2.545841369050318974e+02 2.540168878084088533e+02 2.522380600148226506e+02 2.546409046423585494e+02
2.439558371860924808e+02 2.441679568349069882e+02 2.430380816695143267e+02 2.447857234266995761e+02
2.444241304552867291e+02 2.443268598777947034e+02 2.435676146085054370e+02 2.448218898060630693e+02
2.513864249198108496e+02 2.511735990457928267e+02 2.492216791912194651e+02 2.512696149764383904e+02
2.555047114053351720e+02 2.561259332555306969e+02 2.538485271332608875e+02 2.564461164396187769e+02
2.454533845564720025e+02 2.456073271580526693e+02 2.444533021729281472e+02 2.457031559879629015e+02
2.446689802974342172e+02 2.448841292355952817e+02 2.439323844652363391e+02 2.456748855061578638e+02
2.472138670548960135e+02 2.472927272938827628e+02 2.463707637020731056e+02 2.475910964126725844e+02
2.460831855949959959e+02 2.462580605193078895e+02 2.454307170480109903e+02 2.468581238275760654e+02
2.604033875269653890e+02 2.609100622379694414e+02 2.585314129511011174e+02 2.614313575850636084e+02
2.471408888413537568e+02 2.476172904561752262e+02 2.462046496158907019e+02 2.479674203016737124e+02
2.466593002417497473e+02 2.469989669525930651e+02 2.457079610130510048e+02 2.476800811440209316e+02
2.528294497373422018e+02 2.528095513279034208e+02 2.509170069873713658e+02 2.531713958748323421e+02
2.470787761365828885e+02 2.472372729914740432e+02 2.461550456904083148e+02 2.478420156827839378e+02
2.488778454195087306e+02 2.490400803458282155e+02 2.475335819071962362e+02 2.495663496449716092e+02
2.453026066770196110e+02 2.456372148311513399e+02 2.445116862302187997e+02 2.457797443545064766e+02
2.758153497737304747e+02 2.774598788681151973e+02 2.734001663626230538e+02 2.767116422759596048e+02
2.468989588508327131e+02 2.472538851206505228e+02 2.461215115167405827e+02 2.471420390763532851e+02
2.524909910594390112e+02 2.531750163490850696e+02 2.508087364026068542e+02 2.532834208177955020e+02
2.502865266199999041e+02 2.507436469438146389e+02 2.495028803454832200e+02 2.516357455708862005e+02
2.508243157450823446e+02 2.508106672539555291e+02 2.498493113336515137e+02 2.517429918999692404e+02
2.528061262850369246e+02 2.525162658145158900e+02 2.497647157058541723e+02 2.533635167008542624e+02
2.683825962828080378e+02 2.668525439798483490e+02 2.649513150065335481e+02 2.683059529281487698e+02
2.447528315050080039e+02 2.453991076794511912e+02 2.444321971345485451e+02 2.455244489086393571e+02
2.602261254443324106e+02 2.611849607616498474e+02 2.580142759605542437e+02 2.609819783833048064e+02
2.465636481497696479e+02 2.466758237638246669e+02 2.460035557268637660e+02 2.468361557263265240e+02
2.498490032898648110e+02 2.506687459349213043e+02 2.487844848285413661e+02 2.508706620552339643e+02
2.487044847715696392e+02 2.490028277564576058e+02 2.476270934158685293e+02 2.497869215562119507e+02
2.643178611835756442e+02 2.637215605355980301e+02 2.610027246448904066e+02 2.658733411492260075e+02
2.832763858851043324e+02 2.840822896978401673e+02 2.820194615224224322e+02 2.838774767993962769e+02
2.470772735630817749e+02 2.474661283197359865e+02 2.465195968414553818e+02 2.486377642412202249e+02
2.784020451896356008e+02 2.804875096358421160e+02 2.744010445872968376e+02 2.781613343947277031e+02
2.495161691686403742e+02 2.500870828948852420e+02 2.475959588251818957e+02 2.507529526206215849e+02
2.463262151097362676e+02 2.467275678698452168e+02 2.463286769167771411e+02 2.471257020746237458e+02
2.468317232863286677e+02 2.467236736621125885e+02 2.458686775786332817e+02 2.473230538917943306e+02
2.519076525507212807e+02 2.520391067020568414e+02 2.491949343853543155e+02 2.531271255114498899e+02
2.580477069294023522e+02 2.587457695329029548e+02 2.557629774729932706e+02 2.592840442287228484e+02
2.527260410209063650e+02 2.533149967362506345e+02 2.508298084973125128e+02 2.538259613125918577e+02
2.470198055857777604e+02 2.468802988734529436e+02 2.462021382717166205e+02 2.472906595140121055e+02
2.496898072468180771e+02 2.503269876301579586e+02 2.479508146188531725e+02 2.508974128518777036e+02
2.449281806095069953e+02 2.449556700525168935e+02 2.435868557254716507e+02 2.456594369225392995e+02
2.605175775815122847e+02 2.596517661883483470e+02 2.578118801868698711e+02 2.605136655025458481e+02
2.640099730992036484e+02 2.643638296435771053e+02 2.608547660347695114e+02 2.661924404656306251e+02
2.511322112129060713e+02 2.511500220294750818e+02 2.490747413277453575e+02 2.519455190114481695e+02
2.558393792360090799e+02 2.562346111301214364e+02 2.528777737288324658e+02 2.566446181144891625e+02
2.526501231666009630e+02 2.537467890286164902e+02 2.502725969088434965e+02 2.543661787119512212e+02
2.768215678708219230e+02 2.786900055708468926e+02 2.744463840945797415e+02 2.786050485959173102e+02
2.561068646329970306e+02 2.565212507912822844e+02 2.535299570171320056e+02 2.558639317030086033e+02
2.512299408084167283e+02 2.517199230621861830e+02 2.496592058851472586e+02 2.524800914229801663e+02
2.828508454535756300e+02 2.842677866871033530e+02 2.791513692436575980e+02 2.834847138348382600e+02
2.510314978323922617e+02 2.511439174418708262e+02 2.489264980958259628e+02 2.520928622543214601e+02
2.449341821981194869e+02 2.453359554751831979e+02 2.435439621229324416e+02 2.458009619293265473e+02
2.471015471960074308e+02 2.473877594796578308e+02 2.457443548892804586e+02 2.483481961869975123e+02
2.466313415926953780e+02 2.470391003912481835e+02 2.460839698956179689e+02 2.476333751522405180e+02
2.813420802075656866e+02 2.804602189375631838e+02 2.767953006548853523e+02 2.807479950123142203e+02
2.457586506464448064e+02 2.461807218677820686e+02 2.445077756862094134e+02 2.467089226221193883e+02
2.885090134727731197e+02 2.872320640827306875e+02 2.846547502489045769e+02 2.881728236572197375e+02
2.832871008358382028e+02 2.844347208305105141e+02 2.808237222459874829e+02 2.830526798999512721e+02
2.575954700742972818e+02 2.581497365468697467e+02 2.551885126913699082e+02 2.591026232793745407e+02
2.449428023894748776e+02 2.456586914440046883e+02 2.445993988946676438e+02 2.464983895783929597e+02
2.650185155241802022e+02 2.650626304517377321e+02 2.617784817282717427e+02 2.648646854389772329e+02
