2.584338162732288424e+02 2.599802015140418803e+02 2.572187515231229895e+02 2.595878820424239279e+02
2.490654374861622387e+02 2.489905068275822941e+02 2.485208233583945798e+02 2.489738994012393505e+02
2.877938177633665191e+02 2.884074179198274805e+02 2.858773310730128969e+02 2.877092285516354764e+02
2.516090148940895119e+02 2.515762549108672488e+02 2.510051634504831952e+02 2.514253830268987429e+02
2.459130752213661992e+02 2.462487801085439969e+02 2.458030441360682516e+02 2.467979666655108701e+02
2.664908141980154141e+02 2.676009734281418559e+02 2.643116077435452667e+02 2.670079452249208316e+02
2.568370831169016810e+02 2.568584753221909978e+02 2.552789860718675072e+02 2.574412815840749431e+02
2.516777763935015173e+02 2.519312945981743894e+02 2.506984223720988609e+02 2.518374550517499699e+02
2.502852097523382895e+02 2.503575302872075383e+02 2.495565016430357161e+02 2.511085047167440507e+02
2.497081535920278554e+02 2.503479720545111036e+02 2.487620729593586475e+02 2.504145032746489221e+02
2.520284964996651524e+02 2.519301641899234880e+02 2.511334387304025597e+02 2.523355402387011566e+02
2.629027961476550104e+02 2.630981667134203121e+02 2.617638606416784910e+02 2.634139020291639781e+02
2.716149096497873643e+02 2.736534987089232231e+02 2.696174132957527263e+02 2.735349819574771573e+02
2.456242339128752690e+02 2.456922595020703284e+02 2.452533238693544888e+02 2.462720303520192431e+02
2.684256316991289850e+02 2.687914135583974371e+02 2.666736493760454891e+02 2.693196952267263100e+02
2.764344980719100136e+02 2.779087349140039578e+02 2.746048667039522115e+02 2.774098976560464394e+02
2.481124127062056743e+02 2.487691354954376948e+02 2.480505336668827852e+02 2.486557391116835731e+02
2.584721933783644090e+02 2.586576234791069169e+02 2.565916422598943996e+02 2.591524340450933437e+02
2.597919814887770826e+02 2.606837532324906874e+02 2.589869297774590109e+02 2.609471923986870365e+02
2.537923103643414322e+02 2.538486228765812598e+02 2.530067159130796597e+02 2.544838105259854899e+02
2.583170910984084685e+02 2.588349479892596605e+02 2.571761105487944974e+02 2.590068514010667968e+02
2.500827984121574161e+02 2.500460497508349249e+02 2.495225519508493903e+02 2.507806360195512525e+02
2.895562990845779723e+02 2.906882021437152162e+02 2.873012548863067650e+02 2.899255080501432644e+02
2.492052312215720633e+02 2.492038398054307891e+02 2.488605924623384738e+02 2.495723700226028541e+02
2.555543744392153087e+02 2.554491295164550309e+02 2.544027823109453266e+02 2.562106509554469085e+02
2.511973308833580347e+02 2.515353670517418720e+02 2.502764352925623825e+02 2.516721868445543180e+02
2.533444734687214179e+02 2.535720656844640359e+02 2.524190359124398810e+02 2.536779017862717751e+02
2.520325875175695103e+02 2.516072222886569705e+02 2.511942154842810737e+02 2.517841781969109718e+02
2.532583503835465990e+02 2.534612205176492523e+02 2.523260092299495625e+02 2.540288483539204947e+02
2.599427834927059280e+02 2.598787947791952888e+02 2.575492722341116973e+02 2.609345440736573778e+02
2.520590409023295706e+02 2.525105797179046760e+02 2.507961722447138584e+02 2.536239682654835690e+02
2.640647381527209632e+02 2.651324830913522987e+02 2.629234620532704980e+02 2.651274003376456676e+02
2.668427742471597526e+02 2.671511135784384692e+02 2.647250328362525238e+02 2.677007769675301461e+02
2.547900013593062454e+02 2.550071399447370482e+02 2.536459553352342766e+02 2.557694694969772797e+02
2.658701045713210078e+02 2.664679375296915396e+02 2.631541249085752270e+02 2.676278481430731517e+02
2.695169739402322193e+02 2.695680485216530542e+02 2.673856489294169592e+02 2.702657488840368387e+02
2.516935737294450348e+02 2.512090625635106278e+02 2.508271191411570271e+02 2.520253813251167117e+02
2.501122147659754660e+02 2.504572001305539573e+02 2.495038072173408068e+02 2.507521117569954185e+02
2.753459943150211302e+02 2.752977581901063218e+02 2.730841533878822247e+02 2.754507345536061393e+02
2.920838991045004036e+02 2.921946036197262515e+02 2.912467516799649729e+02 2.918164891891362345e+02
2.563525967997372845e+02 2.563842222086194624e+02 2.544526600278655053e+02 2.567925391344055583e+02
2.541117584559532645e+02 2.541032517209343098e+02 2.534065130696608321e+02 2.547802744176744341e+02
2.565871857262905564e+02 2.569896858525067955e+02 2.549001029172040091e+02 2.568422447121847085e+02
2.552824185784228348e+02 2.554834423478652639e+02 2.543007873151385638e+02 2.561419835629392878e+02
2.533234785961500108e+02 2.530613958034082316e+02 2.519696713655107203e+02 2.536939557842377440e+02
2.524561981256577496e+02 2.529523630556150238e+02 2.524287916328946153e+02 2.534511622600843168e+02
2.564126202573702926e+02 2.574396263492026264e+02 2.554735687031921145e+02 2.566150640464295520e+02
2.531462205031595829e+02 2.538499537360693523e+02 2.528465954104385673e+02 2.539579419612704498e+02
2.665117524092631811e+02 2.670335360998012675e+02 2.638829986362609930e+02 2.673020658701023535e+02
2.785632749879325161e+02 2.790380074647241599e+02 2.759728988274579820e+02 2.779561485826954481e+02
2.541360497297066843e+02 2.547392916173336914e+02 2.538958127826330440e+02 2.543106030441767302e+02
2.540872924124039400e+02 2.539162211565510461e+02 2.528772381309545665e+02 2.543073403432083524e+02
2.513107401694089447e+02 2.513274253088258376e+02 2.508965700217039796e+02 2.517514830677214093e+02
2.506002176813388758e+02 2.509218160916982754e+02 2.505183912217513011e+02 2.513376600100775420e+02
2.720075507099286938e+02 2.722323929133871161e+02 2.679868753378660244e+02 2.714235289608363360e+02
2.523076631769669973e+02 2.525398693980367568e+02 2.518705952645302943e+02 2.525418073270481329e+02
2.559976512947180254e+02 2.557921512121009755e+02 2.537963624110012404e+02 2.563413285096290792e+02
2.478743418253955326e+02 2.477587041407342667e+02 2.472441359399266787e+02 2.475734155733678961e+02
2.696221467939652143e+02 2.706547812399732607e+02 2.685856150159063418e+02 2.705065855568361712e+02
2.556932985760567476e+02 2.562187896341953888e+02 2.543584545870048430e+02 2.566335842250813357e+02
2.495399278334888322e+02 2.492744996835800748e+02 2.491590579292804648e+02 2.498533184820108772e+02
2.490620961845407919e+02 2.497142391975253020e+02 2.491937888902647273e+02 2.500005652576639932e+02
2.583108877348056467e+02 2.583727596722493445e+02 2.568827284047707735e+02 2.585251898779081330e+02
2.507180109762108771e+02 2.507987109896547793e+02 2.501153859983524512e+02 2.511933097429270276e+02
2.476652580083045336e+02 2.476627676777305851e+02 2.471193357410049032e+02 2.480630131876354483e+02
2.537734303320037270e+02 2.537744538109046744e+02 2.527697237693811019e+02 2.545926584218960329e+02
2.613381645262113580e+02 2.616745204579053166e+02 2.597182502047800199e+02 2.617025631538879225e+02
2.609512196070311916e+02 2.618707006630947944e+02 2.600888634978317100e+02 2.623814055922564989e+02
2.557764869219068373e+02 2.561320947003824244e+02 2.551841733716090630e+02 2.560893371179369069e+02
2.743702025898059560e+02 2.739988129324227089e+02 2.716391053618440878e+02 2.748939946951838351e+02
2.671416628473214132e+02 2.668401814651699624e+02 2.644786201486130039e+02 2.674463628782986575e+02
2.690256507249742981e+02 2.682617025121687107e+02 2.664965828022362757e+02 2.699879817905962796e+02
2.574972284323765734e+02 2.581932106291527020e+02 2.563877579262043014e+02 2.584831861228227012e+02
2.476215810353048710e+02 2.477223450939526401e+02 2.474443462340221629e+02 2.482186644672708553e+02
2.572682721800972558e+02 2.580553679073535136e+02 2.559438909734356287e+02 2.580954589771314431e+02
2.735969556150910194e+02 2.740833087663858691e+02 2.700508430735145566e+02 2.742775764896808823e+02
2.494228728793832772e+02 2.494411756060624725e+02 2.486324413000744755e+02 2.495816114683254057e+02
2.532172195854961672e+02 2.534168520972330327e+02 2.520253319399276961e+02 2.545257945391591647e+02
2.566842185128365372e+02 2.564170645399933051e+02 2.551258247903230938e+02 2.570366907344438800e+02
2.595586294371017289e+02 2.597178882593989897e+02 2.571304139520023000e+02 2.598830288990633903e+02
2.719637350895077361e+02 2.717774248157907095e+02 2.687148085933192192e+02 2.719990118732819155e+02
2.500977011359435949e+02 2.505645698324177886e+02 2.494447474599367922e+02 2.511789362381126978e+02
2.514514134850124663e+02 2.523557050281481509e+02 2.506608473486338653e+02 2.524167770534493513e+02
2.546544629648907403e+02 2.551595073829220723e+02 2.538733832199489484e+02 2.550736636969612618e+02
2.507609546259197373e+02 2.511866231038995636e+02 2.506379387687108533e+02 2.517802886593371738e+02
2.491940753660876169e+02 2.487761589092922065e+02 2.481638554101994885e+02 2.490681734531124221e+02
2.821978100231430631e+02 2.824967892392745057e+02 2.804207600933219169e+02 2.831375224966528208e+02
2.817792883747658266e+02 2.833435540673380615e+02 2.801628021335902190e+02 2.818019574037704160e+02
2.498717524270969648e+02 2.500492792530524753e+02 2.486728927345634474e+02 2.504201031611347048e+02
2.497436754968944967e+02 2.498713640533078149e+02 2.490399655404879979e+02 2.504201171611632333e+02
2.576526719891789412e+02 2.579832979523723679e+02 2.560843749799273041e+02 2.587029463892828858e+02
2.458393373833467024e+02 2.465677233189411481e+02 2.457722151535814419e+02 2.463642804075229833e+02
2.725208275278226324e+02 2.723107449822312560e+02 2.709622088315437622e+02 2.722044529798749295e+02
2.626599785521743229e+02 2.618586117289739263e+02 2.603274194300497584e+02 2.627133711327410879e+02
2.516027863979574306e+02 2.514479376227184844e+02 2.507449650357067981e+02 2.517343401249131603e+02
2.528118273289020408e+02 2.531158560815422618e+02 2.524066736446410459e+02 2.540848292232966514e+02
2.590983302498514149e+02 2.593804916896480108e+02 2.577186771095833251e+02 2.600119915943292881e+02
2.600271548449949819e+02 2.602591216436644004e+02 2.579522930414369739e+02 2.615868405683224864e+02
2.504639632494634043e+02 2.509911203589289812e+02 2.499202644464509433e+02 2.510776006679634804e+02
2.492486221159111892e+02 2.498096332237149682e+02 2.489118370845925483e+02 2.497045764877056513e+02
2.548795412830798170e+02 2.552517618900722596e+02 2.537345746196621121e+02 2.562115313210802015e+02
2.540529387510246124e+02 2.549848698930044009e+02 2.530144007008181006e+02 2.551186343742413101e+02
2.657373711549004724e+02 2.663683058222491127e+02 2.644506047547037610e+02 2.670249792597070382e+02
2.662115890531343894e+02 2.679366321497271315e+02 2.643494481118137855e+02 2.682913857429384734e+02
2.524940219509502697e+02 2.522969519782450618e+02 2.522020146660146622e+02 2.530557332571664233e+02
2.612649518874607679e+02 2.614184428043494677e+02 2.593780537506953010e+02 2.617800307971670577e+02
2.510256522972056814e+02 2.506863224610087570e+02 2.502204618665467990e+02 2.507037361015289605e+02
2.463025433284949202e+02 2.466192000463560419e+02 2.460946345443723260e+02 2.473087980940162822e+02
2.518736942979714399e+02 2.520853800550341646e+02 2.515356860251567923e+02 2.522719772458843011e+02
2.498722733251420038e+02 2.502166513058481598e+02 2.491492807353500609e+02 2.501755915627780098e+02
2.517999611888486129e+02 2.526447170198821368e+02 2.521527154598767879e+02 2.524578373948287151e+02
2.580331490319907743e+02 2.584679319496717653e+02 2.567908248075839310e+02 2.592484985581593833e+02
2.785952598384387784e+02 2.789506978368449950e+02 2.776124107122586793e+02 2.799153680766098091e+02
2.699411331363887143e+02 2.704522264357598260e+02 2.676728494133908498e+02 2.706063223214339359e+02
2.527915676628982453e+02 2.531675810630651711e+02 2.524466065164426141e+02 2.532762328607281290e+02
2.544092213388049117e+02 2.544495343795381359e+02 2.533630462752241783e+02 2.552113912820909718e+02
2.588375336680368264e+02 2.586654536996207980e+02 2.570821625730210940e+02 2.601490006102343955e+02
2.489378279314447298e+02 2.495860341333273880e+02 2.487253750317134120e+02 2.501369477662216809e+02
2.636405007272297780e+02 2.640548874457447823e+02 2.619822821384229314e+02 2.648182487765002406e+02
2.534528834609558032e+02 2.536514148008202767e+02 2.532502207366111975e+02 2.536663243690827301e+02
2.450578279847288172e+02 2.452961377671059040e+02 2.449111915676922422e+02 2.458809403504847353e+02
2.500576537729394317e+02 2.501493462210809469e+02 2.496437989967244562e+02 2.509565355092321965e+02
2.480599321251292224e+02 2.482922337163079476e+02 2.476155599255352513e+02 2.484899281236383217e+02
2.509259088913614733e+02 2.511043864137916160e+02 2.492286768848766769e+02 2.512845656095468314e+02
2.508004257228965912e+02 2.508382434374439640e+02 2.499206436915097811e+02 2.510668191248308574e+02
2.507391909246535704e+02 2.509012281763514807e+02 2.502130388673190851e+02 2.511932300599931125e+02
2.871127258145077690e+02 2.857635147848155839e+02 2.830371933415592025e+02 2.864481800124572715e+02
2.682573644962890853e+02 2.680773952856982874e+02 2.652035840617880922e+02 2.678788520566821489e+02
2.610560148056055141e+02 2.616826352350823299e+02 2.592947666889274956e+02 2.610254420640158060e+02
2.486641859542001498e+02 2.485607500391921292e+02 2.482228082692058138e+02 2.494262535014468938e+02
2.479711981277631025e+02 2.481111092294020466e+02 2.473235163986678344e+02 2.479942825208362933e+02
2.536567758562776476e+02 2.534813962493877284e+02 2.525190358175723020e+02 2.547408039385968550e+02
2.502802694723301329e+02 2.509219652300177188e+02 2.497332435603255760e+02 2.507548229669284581e+02
2.500336985157627794e+02 2.501418253989749303e+02 2.489069013027123844e+02 2.503299939981294528e+02
2.567457688490191003e+02 2.574742972324946777e+02 2.559142494428382406e+02 2.575177335674858341e+02
2.551726260985819010e+02 2.561480378148380623e+02 2.540483006046106027e+02 2.560717662196565243e+02
2.517288931647642585e+02 2.517375223653898786e+02 2.507592763578034578e+02 2.523293230071067512e+02
2.561093762101242532e+02 2.560370575833261455e+02 2.545827470622250246e+02 2.564687207904016191e+02
2.630293819119053182e+02 2.625424666727058707e+02 2.609796205174319539e+02 2.626886766487858154e+02
2.564828305343226589e+02 2.569861267469277095e+02 2.554668892915854599e+02 2.572624045431530249e+02
2.493240437380835033e+02 2.493609136556353292e+02 2.490746570747422481e+02 2.497708976923365185e+02
2.565440230076332568e+02 2.572151140460327952e+02 2.548881889556996043e+02 2.571945477784835248e+02
2.507330087742688249e+02 2.508097971839777927e+02 2.499085742756261084e+02 2.512204131899424056e+02
2.878754263534154916e+02 2.878903947225836646e+02 2.859276825502633415e+02 2.864588738947402931e+02
2.503116629966724531e+02 2.501484035095289187e+02 2.500397522525976512e+02 2.500272847426722933e+02
2.565006470480404914e+02 2.561173169646982615e+02 2.546052353242607467e+02 2.571961515274938961e+02
2.562740646896895100e+02 2.564738370355495363e+02 2.551750675926720930e+02 2.570761617904770446e+02
2.578004284361054488e+02 2.584112627305778460e+02 2.568149276848084241e+02 2.590444685429746414e+02
2.601564417057725223e+02 2.607671141026450528e+02 2.585864649404792317e+02 2.608546765273367782e+02
2.609783998699955987e+02 2.611466928239972276e+02 2.591826594455750978e+02 2.618475849987669335e+02
2.684339930080403178e+02 2.679471592707321861e+02 2.658853948818407957e+02 2.696155704026360809e+02
2.558903140050324510e+02 2.567277379887676716e+02 2.549945544108223032e+02 2.574844304241130430e+02
2.891328831798940087e+02 2.906019523184566538e+02 2.864532818581945435e+02 2.882794388301622917e+02
2.467725702438491453e+02 2.467205313747030289e+02 2.458222725038490637e+02 2.471022995998175134e+02
2.751520717537590599e+02 2.757312996517855481e+02 2.734631194960601874e+02 2.760971051618707293e+02
2.617101479498223284e+02 2.608554638589204728e+02 2.598697669045636758e+02 2.619259018333880249e+02
2.500356476645742134e+02 2.498611005366484221e+02 2.497785228327461198e+02 2.501466557328533895e+02
2.464908074232482704e+02 2.471290261656136238e+02 2.460364985714201111e+02 2.471134812285052931e+02
2.614925872098475566e+02 2.618888774133437209e+02 2.597270939248470540e+02 2.617493480148393701e+02
2.503599196652881176e+02 2.503500987154753261e+02 2.492827970139791205e+02 2.505045308015309899e+02
2.516945077218096287e+02 2.514895603080958892e+02 2.507695748708154042e+02 2.519150249013299288e+02
2.574953755355455201e+02 2.570938329540211953e+02 2.555139416623910051e+02 2.575528978871306549e+02
2.760174018656277326e+02 2.765838707438791175e+02 2.724149196057032896e+02 2.766184563335640405e+02
2.482334184391519898e+02 2.483559936060311202e+02 2.473644608808838257e+02 2.486598089895707346e+02
2.608298109285078112e+02 2.611598043267753724e+02 2.593391656395883729e+02 2.612338692028436640e+02
2.504843556331918819e+02 2.507524551025941548e+02 2.500631182742930605e+02 2.508313623252162756e+02
2.506490734375109355e+02 2.507738140650667162e+02 2.498168984996325719e+02 2.515934266643805302e+02
2.482968450587298150e+02 2.481244973572194681e+02 2.481485047911209563e+02 2.486849641540320306e+02
2.499922517500337733e+02 2.502725560619001612e+02 2.487775269779890550e+02 2.514801627442703875e+02
2.492625981162194648e+02 2.495928997023702038e+02 2.487975387589618776e+02 2.493550519174431770e+02
2.502816645544652943e+02 2.505762529407695069e+02 2.497672964573803256e+02 2.507205391753726644e+02
2.501062600178414641e+02 2.499890335381664386e+02 2.491782761608569388e+02 2.508210024845498936e+02
2.574688406510352934e+02 2.579001405038881671e+02 2.563123584061081601e+02 2.587476485540050248e+02
2.670203145692682938e+02 2.671615995364379046e+02 2.644276153477866274e+02 2.677182991431287178e+02
2.570901408306907570e+02 2.584520921493100332e+02 2.560384981422535020e+02 2.592668147442645932e+02
2.492367529520852258e+02 2.487395373051989509e+02 2.477645561539112293e+02 2.492483409583448974e+02
2.616002474453393916e+02 2.621752617031545469e+02 2.597481992228849776e+02 2.614703738295467588e+02
2.582788829568282836e+02 2.583722736728772134e+02 2.562937815489227660e+02 2.580273348015121542e+02
2.556590530521064863e+02 2.559582503157339772e+02 2.547187498237737486e+02 2.564462323937818837e+02
2.496394442726150942e+02 2.495755086056812502e+02 2.491156925229837498e+02 2.500055293853658895e+02
2.503003512385507463e+02 2.503301803240850916e+02 2.497440804489784512e+02 2.502894257940217813e+02
2.500317396668193624e+02 2.499883630397415857e+02 2.495028749433493829e+02 2.505432815081908871e+02
2.493362658430797865e+02 2.497832381709018534e+02 2.488045231413660190e+02 2.497241523205657074e+02
2.537172248788718036e+02 2.544261576300561671e+02 2.526530563844073356e+02 2.543062450512663588e+02
2.493390544462880314e+02 2.496952917714921227e+02 2.488869549999676281e+02 2.495542591001831170e+02
2.508194910957836328e+02 2.506851587459870530e+02 2.499834089868136573e+02 2.510574574868844593e+02
2.471451996127869677e+02 2.473613092562480347e+02 2.468259157030644531e+02 2.471854716431754753e+02
2.499910740145746786e+02 2.499090823625209055e+02 2.493782504358202061e+02 2.501883133876186207e+02
2.516647745021678020e+02 2.517212572784440283e+02 2.509926539036557074e+02 2.516371113323725410e+02
2.519016781748125311e+02 2.531332968451251588e+02 2.511112300182770696e+02 2.530581281355893566e+02
2.585828794285947652e+02 2.593546538692866079e+02 2.573147865376581649e+02 2.597378809168926068e+02
2.526104544845790940e+02 2.532413137956282299e+02 2.520149502942717561e+02 2.531120158508540499e+02
2.486565205954041744e+02 2.485113512436661267e+02 2.478277010411705419e+02 2.491134577837689221e+02
2.653947907000156192e+02 2.666373210667140938e+02 2.633333670486501887e+02 2.657363554383395581e+02
2.530752225833315379e+02 2.534479196698354428e+02 2.520522908372295774e+02 2.537171087706844901e+02
2.513576874936653951e+02 2.516721414019192480e+02 2.508754559489727285e+02 2.520850546390608429e+02
2.864611112002917821e+02 2.864596999772141430e+02 2.842392847495253818e+02 2.870292996005341024e+02
2.488403199388988014e+02 2.491466553078436164e+02 2.479418903142534987e+02 2.494477683772355476e+02
2.610471482794466169e+02 2.618334829357375497e+02 2.599664599404810588e+02 2.620178399807342657e+02
2.771674492500386009e+02 2.768874891818787205e+02 2.733030013534713021e+02 2.768030420896313331e+02
2.799495520388026648e+02 2.805093910929209642e+02 2.781686572133750701e+02 2.805806950774654638e+02
2.501769466634500816e+02 2.503318614539770977e+02 2.496911686902248562e+02 2.504596379001989419e+02
2.522773605132814225e+02 2.532374453576321969e+02 2.522195573144263392e+02 2.540460181424442681e+02
2.491245673184440932e+02 2.488440709747069945e+02 2.485883080435359034e+02 2.490769926744225415e+02
2.677368385566699658e+02 2.687929800547888703e+02 2.648400120276405119e+02 2.686057757013264222e+02
2.856422321488210514e+02 2.859269445827195000e+02 2.831844194779702093e+02 2.856264731530740733e+02
2.501753167885173070e+02 2.500436602323008799e+02 2.495754815767035382e+02 2.505424566101770267e+02
2.670129249241685443e+02 2.672103332846947978e+02 2.641358541128771549e+02 2.667467644595469096e+02
2.504044828811271373e+02 2.500338759811015450e+02 2.498098390151843091e+02 2.511010107659402877e+02
2.555099385248242925e+02 2.555265261452097718e+02 2.541105677612067666e+02 2.552037247299148817e+02
2.472963392899752080e+02 2.478685109209286850e+02 2.466923136495530002e+02 2.476706757619832331e+02
2.885888308759646179e+02 2.891360777009126650e+02 2.862331402040222770e+02 2.880532020824704773e+02
2.785537918354764315e+02 2.791821009299858360e+02 2.754554654779013276e+02 2.786106476837694572e+02
2.498672363098156097e+02 2.501993397812472324e+02 2.489669012118524734e+02 2.499755066326447377e+02
2.531327334022231810e+02 2.534335113560775596e+02 2.518558588871642314e+02 2.535525123381581523e+02
2.625368050906159283e+02 2.630816409464883350e+02 2.607089604793293915e+02 2.643919060898986118e+02
2.499303775730706434e+02 2.502769093114914085e+02 2.499963491608943684e+02 2.500270859683526226e+02
2.500681501288155744e+02 2.500560538475526471e+02 2.495982185833378253e+02 2.499221452303453361e+02
2.602552526360576053e+02 2.611712870653080927e+02 2.589920919716675485e+02 2.610577315605549416e+02
2.674266743784999107e+02 2.679129706558429120e+02 2.654393053151068216e+02 2.687109579264696890e+02
2.485665226766587921e+02 2.480914194119575882e+02 2.475808810686505979e+02 2.484960483465946197e+02
2.877807724348521674e+02 2.881503159354584795e+02 2.838088534627307240e+02 2.876691896045093699e+02
2.564039460942551045e+02 2.557507712861276161e+02 2.546743515302761978e+02 2.562999452367082540e+02
2.560530034589128263e+02 2.559426095391953595e+02 2.541836956299801216e+02 2.561840963367420727e+02
2.530726401112831638e+02 2.539424428810875725e+02 2.528423246750476210e+02 2.539611544287864717e+02
2.575228990531570048e+02 2.582249284512498662e+02 2.561541536477392356e+02 2.585070898336941241e+02
2.490988704406711634e+02 2.483179582569496517e+02 2.480636015727780261e+02 2.492293444052716893e+02
2.702799694254440510e+02 2.705096523181007342e+02 2.674939892745442762e+02 2.697133821372508464e+02
2.538713546941265804e+02 2.542246656113578922e+02 2.528941267777701398e+02 2.545144809530046359e+02
2.600805124756039959e+02 2.604419402153343981e+02 2.582788104939986624e+02 2.606081912380157632e+02
2.492139681037940306e+02 2.498128534972468344e+02 2.486397951001168849e+02 2.499557437998422245e+02
2.515781644906600150e+02 2.519758358317799605e+02 2.512972672020571849e+02 2.518188245921863313e+02
2.497654123259731307e+02 2.498140114405365182e+02 2.488337143962401967e+02 2.505919738899875426e+02
2.502451295138016008e+02 2.507771408966194713e+02 2.497029070952334564e+02 2.511458265765428166e+02
2.689199390200395783e+02 2.688290356309221352e+02 2.655707181836110635e+02 2.695834391727140087e+02
2.757669922866098773e+02 2.756507294648055222e+02 2.737291504630972554e+02 2.757430967601932252e+02
2.495825085904067180e+02 2.498816556059714458e+02 2.485111623118063733e+02 2.500681597117354045e+02
2.515045243049681289e+02 2.521576079103254813e+02 2.505711884032215835e+02 2.528890218114559332e+02
2.496643526917940790e+02 2.495653741690181846e+02 2.495184528862031641e+02 2.505028673587765127e+02
2.580996881733971122e+02 2.590322964275993627e+02 2.575501978435268029e+02 2.587460312674621150e+02
2.480741418220697767e+02 2.479143544512047583e+02 2.473772185145934088e+02 2.484913459479018911e+02
2.550654188198243730e+02 2.554366930523308667e+02 2.539247347897892269e+02 2.550841456071466666e+02
2.638554337540160759e+02 2.639807309434834792e+02 2.621153325837871648e+02 2.648387669462687199e+02
2.610563607345744686e+02 2.609873652566508895e+02 2.589320598184357323e+02 2.620831628510397877e+02
2.530886896854279655e+02 2.538275791540160355e+02 2.521908962995176182e+02 2.543213438194122205e+02
2.581689184540021529e+02 2.593367631597413379e+02 2.568681312149069527e+02 2.591895324803144831e+02
2.497796333032890459e+02 2.489150294614313452e+02 2.491816777420836786e+02 2.494375211354747250e+02
2.775956084328242923e+02 2.778825905669485792e+02 2.750370715261229861e+02 2.783676180199132091e+02
2.612325596846148414e+02 2.624413723965394070e+02 2.603396113161427934e+02 2.623676243170817202e+02
2.807530411308051725e+02 2.810405710574708564e+02 2.796649781839257685e+02 2.809172879984673159e+02
2.598221375794315691e+02 2.601717111672191436e+02 2.585464699065067862e+02 2.604725764255583726e+02
2.612001074432610608e+02 2.613433391134407202e+02 2.591727666675947148e+02 2.618328839480359989e+02
2.563801088095998466e+02 2.567065987907066642e+02 2.553514097838530574e+02 2.571024110489591408e+02
2.618068583023398332e+02 2.624386417926067452e+02 2.596952795844175057e+02 2.621904928773519146e+02
2.566426441245115484e+02 2.571469780668362546e+02 2.558632863725947857e+02 2.572168823819188219e+02
2.707173001917681745e+02 2.707113420897605351e+02 2.676816258529020160e+02 2.705060064045538866e+02
2.554050262499524138e+02 2.557147765445096752e+02 2.544808100580911514e+02 2.561626599413538088e+02
2.741954851564026967e+02 2.737631198545287248e+02 2.712326521916788238e+02 2.750891491706980787e+02
2.718270467859245514e+02 2.714342363877914295e+02 2.684557536030027904e+02 2.725529615089760682e+02
2.515511224515172444e+02 2.516921025724444405e+02 2.505374189931710873e+02 2.526577104670091103e+02
2.492067242737439301e+02 2.492420304315224371e+02 2.487747634435886823e+02 2.493499848703511361e+02
2.555068889092283086e+02 2.556924490575848097e+02 2.538165094523749303e+02 2.561145401238065347e+02
2.467108037437043606e+02 2.472492447806997689e+02 2.463361365931309876e+02 2.474596604399246189e+02
2.497856881246831051e+02 2.497247072221560416e+02 2.493630968716754239e+02 2.502446183559347048e+02
2.498156276775508218e+02 2.498545554315422237e+02 2.489653484425842862e+02 2.502821824173706773e+02
2.519603717030864800e+02 2.526001670004438324e+02 2.514627281776741938e+02 2.520583342890728602e+02
2.484532137658877389e+02 2.489729099338024128e+02 2.481488638842303374e+02 2.490557492310986163e+02
2.636186061429056622e+02 2.646314590915879990e+02 2.618862815893186280e+02 2.644980769596605796e+02
2.456666979579392205e+02 2.464438599826519010e+02 2.452836088344926111e+02 2.463825728183776391e+02
2.476375811896258199e+02 2.476483191435469280e+02 2.476059390000678491e+02 2.483159721073033666e+02
2.471920426215003488e+02 2.472317572540162871e+02 2.466954508773016528e+02 2.471243328642441952e+02
2.612011773588479286e+02 2.614904225268680875e+02 2.592697993110545553e+02 2.613616855399758379e+02
2.628587734375726654e+02 2.639093599543804203e+02 2.611274023727297049e+02 2.638126518184639622e+02
2.465068318189415209e+02 2.467719658093959652e+02 2.461578103124965651e+02 2.472018724653574395e+02
2.531325848346080818e+02 2.530872790906264811e+02 2.521773502783428569e+02 2.536151563135659046e+02
2.568682363977560499e+02 2.574629430986116745e+02 2.553833485101127394e+02 2.571937436242433250e+02
2.496259109482802216e+02 2.496253253179347666e+02 2.493568203838843260e+02 2.499166063979383523e+02
2.504921349401298585e+02 2.507846351477081157e+02 2.500641751734513321e+02 2.509549916719579414e+02
2.853246845387092776e+02 2.859971274285397840e+02 2.830104337807399588e+02 2.860453352685116784e+02
2.542728424134462273e+02 2.550084574746733495e+02 2.538157554044962012e+02 2.550681938849367896e+02
2.554432339860792354e+02 2.561096588648284182e+02 2.541511870198924896e+02 2.560923269931380446e+02
2.491668064154652029e+02 2.494286194449709058e+02 2.487032807159375523e+02 2.496728651604995548e+02
2.511482769764746479e+02 2.508286475210471735e+02 2.505278116769224823e+02 2.514389469444398628e+02
2.515577095198311497e+02 2.512920058450389718e+02 2.508756159954695875e+02 2.518401308606630380e+02
2.556777305328240288e+02 2.556914251794999871e+02 2.543359852693617995e+02 2.562961362825395781e+02
2.487357618681740234e+02 2.492378242226020575e+02 2.483986958286171500e+02 2.493832296883686865e+02
2.619960554775186097e+02 2.612171176325667830e+02 2.596117615897402402e+02 2.622762170388392065e+02
2.471014454492226946e+02 2.472955839679503640e+02 2.463335059576341166e+02 2.475349577589611272e+02
2.555562809963431334e+02 2.558692326294876693e+02 2.534178016896456143e+02 2.562047851150378506e+02
2.634972443166572589e+02 2.638610539715968457e+02 2.609184996367606573e+02 2.635336688349722181e+02
2.876435252181585156e+02 2.873840575360092089e+02 2.853100715074410800e+02 2.878433356499259617e+02
2.478115479980878604e+02 2.479624966998377715e+02 2.477684665939336810e+02 2.482169323941116090e+02
2.492882616650469743e+02 2.495787104997636447e+02 2.492167350003798560e+02 2.500746252130026335e+02
2.471814277603544951e+02 2.469875311384069505e+02 2.466632380285007287e+02 2.476520399891612669e+02
2.569244936315103018e+02 2.572295431693241312e+02 2.555936958565290809e+02 2.573468763343046248e+02
2.525739956593565694e+02 2.532846238000877293e+02 2.522971752489019366e+02 2.526628381135348036e+02
2.510708707342794810e+02 2.516863072811257211e+02 2.509077399874463481e+02 2.517628238902146620e+02
2.509153647496273436e+02 2.504920749785591738e+02 2.500402004477531648e+02 2.513925986762655498e+02
2.584711938596699383e+02 2.588989562467746168e+02 2.563799061366325986e+02 2.592477547330503853e+02
2.922199051370963048e+02 2.916551693792600872e+02 2.904246872837949809e+02 2.915210917012273626e+02
2.672906804131554281e+02 2.679258831809536332e+02 2.656378255325311670e+02 2.682223235404061938e+02
2.506167863309091501e+02 2.504346556737714309e+02 2.505964172233938143e+02 2.509387290280828609e+02
2.743538288508576102e+02 2.751792464604360475e+02 2.726845178597326367e+02 2.743989806526178654e+02
2.481308333555517152e+02 2.484978692087874776e+02 2.477827003879834251e+02 2.485749603007975850e+02
2.524076919440013853e+02 2.520684854612758556e+02 2.517355648542398967e+02 2.521273231090298452e+02
2.561217752162746706e+02 2.567618218487730815e+02 2.547105746499790371e+02 2.570807040496468971e+02
2.918185157691530094e+02 2.920318540919827228e+02 2.898833022530586732e+02 2.903233221636971848e+02
2.762117214281129804e+02 2.775064985888870979e+02 2.737454303090671033e+02 2.769869106352037988e+02
2.641350726511896028e+02 2.651025853923282511e+02 2.623690502202400694e+02 2.655215290475259735e+02
2.547175337808696156e+02 2.544558792484168066e+02 2.535553694001425526e+02 2.559605273666360006e+02
2.916904586421306931e+02 2.911129031838943888e+02 2.899391869938672812e+02 2.907200992088614839e+02
2.473891560412948536e+02 2.474956965825936948e+02 2.467569217532467576e+02 2.479734921335230524e+02
2.499407079182558107e+02 2.503134358770577137e+02 2.492292916080877774e+02 2.502943499678106605e+02
2.500539783782110987e+02 2.501274616687489640e+02 2.498790964141087159e+02 2.505666106559289403e+02
2.494991907060950496e+02 2.497816214330319724e+02 2.491335067469090347e+02 2.500495674738213552e+02
2.556297772363935792e+02 2.557461502031775069e+02 2.544629018258795838e+02 2.561230053856984341e+02
2.499602299864011457e+02 2.501587326444506232e+02 2.493303221180508444e+02 2.507762731895628008e+02
2.478059733076492819e+02 2.480209196666839375e+02 2.475817495707257763e+02 2.485146546701638215e+02
2.586425272967587148e+02 2.584568727990973116e+02 2.566581907457365332e+02 2.588251118754847084e+02
2.589200338923437243e+02 2.583454539034347590e+02 2.570725686630685800e+02 2.595180668944461786e+02
2.640260578000166447e+02 2.643420692655171820e+02 2.619812014116982937e+02 2.638450708474791213e+02
2.574595502156368525e+02 2.576481626022307978e+02 2.568209568457776300e+02 2.583313757233451042e+02
2.505906597230284945e+02 2.508681721698226852e+02 2.503534071734470103e+02 2.509757146797882399e+02
2.775900942535838567e+02 2.774249440443289245e+02 2.747610965351446453e+02 2.785885681297810379e+02
2.609623490925734473e+02 2.607950924494755895e+02 2.594539353360459017e+02 2.613201796158812726e+02
2.521472506780469871e+02 2.524375632841014294e+02 2.519789083217473546e+02 2.526867870376048586e+02
2.834661812621210970e+02 2.831698574343222390e+02 2.816878756564404966e+02 2.838531150148943425e+02
2.538377434266137698e+02 2.541887013025164777e+02 2.538904941650634157e+02 2.540440361296075764e+02
2.493290646199622245e+02 2.492282789439653072e+02 2.489446575536721298e+02 2.497853714887735634e+02
2.708268559825534112e+02 2.721267604309462058e+02 2.691125372658444235e+02 2.715163340683980095e+02
2.493119659707093945e+02 2.495409017664177043e+02 2.488769792288529743e+02 2.498619864618553379e+02
2.608624980536863518e+02 2.613986654201891042e+02 2.590142490115695750e+02 2.616627491938765502e+02
2.522326809363509597e+02 2.518887028806427679e+02 2.505330327908791617e+02 2.522075695400770599e+02
2.557170136043798152e+02 2.561097754187408668e+02 2.544440460570912421e+02 2.560956978238303350e+02
2.611860908725756758e+02 2.623060984689804513e+02 2.598637198490924902e+02 2.627202498659000298e+02
2.528875239888778310e+02 2.532424676190001378e+02 2.523585021578508645e+02 2.535503215032716184e+02
2.569001173452293187e+02 2.573710674784010166e+02 2.547716181419411896e+02 2.570544996529628747e+02
2.531346092952587412e+02 2.535877987768929529e+02 2.524760393261295235e+02 2.536980785537979557e+02
2.491532879004834626e+02 2.498838989580422094e+02 2.485459978855295446e+02 2.497187126109988355e+02
2.854760802878155346e+02 2.859609982918592550e+02 2.826356582102447419e+02 2.859545231973321506e+02
2.559982761454246258e+02 2.566131414121427952e+02 2.551110510557635394e+02 2.569183627278576978e+02
2.487172068704062440e+02 2.488188454437690780e+02 2.482079111091885011e+02 2.495589315814736153e+02
2.910617098428503482e+02 2.903906969678396308e+02 2.888162492003005468e+02 2.910369767173564242e+02
2.655055924863117980e+02 2.657870852542409921e+02 2.626715831796134921e+02 2.660575967821221752e+02
2.478848843428540363e+02 2.483501682098241190e+02 2.472995947218180959e+02 2.481814811362596913e+02
2.515483026912517346e+02 2.519687197748126835e+02 2.501050366605335569e+02 2.520708490151599506e+02
2.550743012595179664e+02 2.553747710226976722e+02 2.542889629847175854e+02 2.561017793553444903e+02
2.498870469021303506e+02 2.497235166476851873e+02 2.494780504975038866e+02 2.500092359170794793e+02
2.491837594461232186e+02 2.494475094785879605e+02 2.485876295133090821e+02 2.494415742332818979e+02
2.730451509116953730e+02 2.742394466790021283e+02 2.719923926565617194e+02 2.748005359405614740e+02
2.477834392633386358e+02 2.478316964733476766e+02 2.470395536702513652e+02 2.481872940280499336e+02
2.469882523969097576e+02 2.473639445192629864e+02 2.466958074910043877e+02 2.474566168826324031e+02
2.557721604687926913e+02 2.556539646191018278e+02 2.547404427690152033e+02 2.563984766648464984e+02
2.580450977221005928e+02 2.588900740696865341e+02 2.553387137031127452e+02 2.592552215463867356e+02
2.772620352559843582e+02 2.772251974278498778e+02 2.731905203397962509e+02 2.772924596764676153e+02
2.475778238490557044e+02 2.476827818829007128e+02 2.466826290793193266e+02 2.477557041995428335e+02
2.506175388691910655e+02 2.505386930998060677e+02 2.496748716866386530e+02 2.511819865261841755e+02
2.473855009288610063e+02 2.479181761120133558e+02 2.468764530536003008e+02 2.481895630550849603e+02
2.483053012030670175e+02 2.482499025085704432e+02 2.474622970195186440e+02 2.489033244871336876e+02
2.675851632916903782e+02 2.676365729643366649e+02 2.646106477105411727e+02 2.682400593692090638e+02
2.477545034004535580e+02 2.480340977388319743e+02 2.468459091595204882e+02 2.478074575254017873e+02
2.834626750249914835e+02 2.841521951252647682e+02 2.812257047099272427e+02 2.831927557079295639e+02
2.539588714306267150e+02 2.543742881445888600e+02 2.523561485366525403e+02 2.547604345624060045e+02
2.545855791371084536e+02 2.548058557955675099e+02 2.538703145284265759e+02 2.555187751357136676e+02
2.620992470436540884e+02 2.624489763628989181e+02 2.597147696067814309e+02 2.630129920919487745e+02
2.619000639396362544e+02 2.628989040198807743e+02 2.600543136848399399e+02 2.633825774827436703e+02
2.548777466337400597e+02 2.550677161259333730e+02 2.538343208224374905e+02 2.554694006692922983e+02
2.545488384201066197e+02 2.545629020995639280e+02 2.538484106560736961e+02 2.549828856545640576e+02
2.943919056616043122e+02 2.954966690543428740e+02 2.926694187040493489e+02 2.946451225977249919e+02
2.482296643688960955e+02 2.483776392688939154e+02 2.475566960984430125e+02 2.483737353134635555e+02
2.528232661264093224e+02 2.531859774135805026e+02 2.515961915733249157e+02 2.533390283237724532e+02
2.511664329748208786e+02 2.513171282767154082e+02 2.501958989405710838e+02 2.516343829063749808e+02
2.737765844023774093e+02 2.746339918344764328e+02 2.715530908669636005e+02 2.734757797008595617e+02
2.924762937846267050e+02 2.918473784764409515e+02 2.905900582071104736e+02 2.922564659564446856e+02
2.479532853554839278e+02 2.481587239792236517e+02 2.467509989808104365e+02 2.488067409342234839e+02
2.536661333441997783e+02 2.545943966086127830e+02 2.528724421249296768e+02 2.549542280938718193e+02
2.508211124380533761e+02 2.514838580197019269e+02 2.505840817172278605e+02 2.513316315908763272e+02
2.533586358801750009e+02 2.534654750598937483e+02 2.526735897529622434e+02 2.542674855722400764e+02
2.700623953259641894e+02 2.708113627873508449e+02 2.679530232731502792e+02 2.714397561915901633e+02
2.686559202325928482e+02 2.685425422514009028e+02 2.659751364593965945e+02 2.686951729607189350e+02
2.481366836232189144e+02 2.484712096247479280e+02 2.477561946918722526e+02 2.491266135707384137e+02
2.502687472213903561e+02 2.506348449678174006e+02 2.497415021964406492e+02 2.508536795823445971e+02
2.588607147984193944e+02 2.596835626898792384e+02 2.578584729883777413e+02 2.597488566697933834e+02
2.510880450575934617e+02 2.515056850318821944e+02 2.509386574388757083e+02 2.516463854951842336e+02
2.926447404102701739e+02 2.941314117945314024e+02 2.930307291565859487e+02 2.923794783126606376e+02
2.659086567642638101e+02 2.678394399868498681e+02 2.647574175740684836e+02 2.675956996443134130e+02
2.911498146458974929e+02 2.919767940306472838e+02 2.890964089761575906e+02 2.908358849626654887e+02
2.475062495914249325e+02 2.472344653379195165e+02 2.468645575465378386e+02 2.474965384810513171e+02
2.585900131895232335e+02 2.592114455935799811e+02 2.573452068255260201e+02 2.596026285107345757e+02
2.628656032652114618e+02 2.630924153925616338e+02 2.614399207750510072e+02 2.633941614499921116e+02
2.499509293216735841e+02 2.499411478730798990e+02 2.500070866232345850e+02 2.500347572089803236e+02
2.499965187041161698e+02 2.500697873171472168e+02 2.493010506815107874e+02 2.503226115473082132e+02
2.467638141603319468e+02 2.466485406379121343e+02 2.464953709131960693e+02 2.474288055882199728e+02
2.650378532855207823e+02 2.658110808512557242e+02 2.630158807960324339e+02 2.661815158890913722e+02
2.541551762573747055e+02 2.542318583024328120e+02 2.536891950892182876e+02 2.550338088154875322e+02
2.501995570683256176e+02 2.501487950059504044e+02 2.500077117898269421e+02 2.502739583444542006e+02
2.521990512363617825e+02 2.527262928404119862e+02 2.513515925997916725e+02 2.527820070217041177e+02
2.792403925645893423e+02 2.802520422500923587e+02 2.782653138371818500e+02 2.792878608565311538e+02
2.760668545218935037e+02 2.755167414634160536e+02 2.729343353652979545e+02 2.771546680428397167e+02
2.580951229919970160e+02 2.589551191178328509e+02 2.562893545903670542e+02 2.587699649397887356e+02
2.503194185991807785e+02 2.506314035572443686e+02 2.499493644825836611e+02 2.503910422446956829e+02
2.487001702218151706e+02 2.494966137522866916e+02 2.484326670618680453e+02 2.497463108927200892e+02
2.508471298838850601e+02 2.504980412928962039e+02 2.505921536933043114e+02 2.508778069731256437e+02
2.494205361357850279e+02 2.494328144685001121e+02 2.479048358127181757e+02 2.492085294871788506e+02
2.569388328723031805e+02 2.579397619841603841e+02 2.554354818906771243e+02 2.577548321723292020e+02
2.480178802698299876e+02 2.483709274518863879e+02 2.475549358826299340e+02 2.483194273282448989e+02
2.765680363003005482e+02 2.770229170809592461e+02 2.737575080698831584e+02 2.764469561066872529e+02
2.798912275950983712e+02 2.817055688744406439e+02 2.779743025695802885e+02 2.811524931369154388e+02
2.787172270273890717e+02 2.795093857097759837e+02 2.776624582288465604e+02 2.789759913338303932e+02
2.623593344252896600e+02 2.633794608067083232e+02 2.614076995476993375e+02 2.629583554461360677e+02
2.524917796961332783e+02 2.525001352865500621e+02 2.513997326021277559e+02 2.524505465630289507e+02
2.498781569092271297e+02 2.505779974133019152e+02 2.498850434152769253e+02 2.510155532220668420e+02
2.504361901684087002e+02 2.504255989621078413e+02 2.495618976749426281e+02 2.506056737763023250e+02
2.555600136960619011e+02 2.552480615572987404e+02 2.531950102077771021e+02 2.556014312373068833e+02
2.534535926687889855e+02 2.537460725121216569e+02 2.528634432878696998e+02 2.540057371006903679e+02
2.594040342236710330e+02 2.601911089806966970e+02 2.575898770742605279e+02 2.610404882050916058e+02
2.538120693600592972e+02 2.540019949918532518e+02 2.520034718883728999e+02 2.539790530973812110e+02
2.947250761968363690e+02 2.937183315101398193e+02 2.927370778896878960e+02 2.931068037161954294e+02
2.485901019748086185e+02 2.491049064609170500e+02 2.482266436865098456e+02 2.493408518193088810e+02
2.532735558098923718e+02 2.533768789461920221e+02 2.520475626773469457e+02 2.540222319135105238e+02
2.569082795746209058e+02 2.573102381025614136e+02 2.549962259103229769e+02 2.570861879185240468e+02
2.605133344427025008e+02 2.611571436924819523e+02 2.590397857287069314e+02 2.607393074269921271e+02
2.593282436061953149e+02 2.593985359220099554e+02 2.577697259480456751e+02 2.603639849569573244e+02
2.548832905275069436e+02 2.555901951285790972e+02 2.535518410473848405e+02 2.552451950941605219e+02
2.536152809309074883e+02 2.533901410406992909e+02 2.532154096074938536e+02 2.543640733925580264e+02
2.519467546441322838e+02 2.527552203626354128e+02 2.510898778670465390e+02 2.526444207371546611e+02
2.909579098612971393e+02 2.907653514930373149e+02 2.890778578308211308e+02 2.901790205671987906e+02
2.896404231488573373e+02 2.907206331959920362e+02 2.886265916771617412e+02 2.901749125042052810e+02
2.860804984145065077e+02 2.873068323979062484e+02 2.833400585611100269e+02 2.853614949015750426e+02
2.562073410855771272e+02 2.564064141304274358e+02 2.547784405536862948e+02 2.573314664787354786e+02
2.622280437291800581e+02 2.632438806025781446e+02 2.607618149895439501e+02 2.630675099231197009e+02
2.569254756579213677e+02 2.573064935450781832e+02 2.559634320510749887e+02 2.585552850333540391e+02
2.533767112263668650e+02 2.535996730088081961e+02 2.527025462271905383e+02 2.538538691454524496e+02
2.669977532341749225e+02 2.674762634731294497e+02 2.649405564918329219e+02 2.674112104051829988e+02
2.508495227617703733e+02 2.507484244821036441e+02 2.502985742039265915e+02 2.512335592465296088e+02
2.478307807068368049e+02 2.475482546606514234e+02 2.472722398796010168e+02 2.479246582644009607e+02
2.739949435376767610e+02 2.753139997019081306e+02 2.713692404908481421e+02 2.742320445431664666e+02
2.498143973060229541e+02 2.497370793561839264e+02 2.498474861558382827e+02 2.501383096951929019e+02
2.504707682884160533e+02 2.512110890231091673e+02 2.495016471621597134e+02 2.511027251756269152e+02
2.661672513706058112e+02 2.663012926355945069e+02 2.640200695719187820e+02 2.666671446532747041e+02
2.494161741017232998e+02 2.495880387642545486e+02 2.491391769852499749e+02 2.500411493934699365e+02
2.521979487008927947e+02 2.522406478999783985e+02 2.518013580286505828e+02 2.530097480831391579e+02
2.486097486871438207e+02 2.485882939809956156e+02 2.477425870019911258e+02 2.488850280398631014e+02
2.459401173977398969e+02 2.462759043033006492e+02 2.455988414100957584e+02 2.462744635914954188e+02
2.491944806332750773e+02 2.494597725517305662e+02 2.488913318062787710e+02 2.493320866686526358e+02
2.545691116410135919e+02 2.550607639929018831e+02 2.532478701969825750e+02 2.548430648490132171e+02
2.603411348554593019e+02 2.606196099021551049e+02 2.586955703044386610e+02 2.609330762304505242e+02
2.531539210801458921e+02 2.532125175220939752e+02 2.521162233449813073e+02 2.539480217980037651e+02
2.533572317261450735e+02 2.540508124528946610e+02 2.524656593989975022e+02 2.535182843157294315e+02
2.734364529968891020e+02 2.732543657105039188e+02 2.715668275694284262e+02 2.736868084106583865e+02
2.497868913286943098e+02 2.497546613974455454e+02 2.493767462595307336e+02 2.502370770903257835e+02
2.507569287948655301e+02 2.508651598821330424e+02 2.503529215614081238e+02 2.516149348963626551e+02
2.871392872043635407e+02 2.870485925457837197e+02 2.849733311316632012e+02 2.873400379977613284e+02
2.497279623379423015e+02 2.498246333163280042e+02 2.497152836665797508e+02 2.495848129856368018e+02
2.668412805314448519e+02 2.679439145139732545e+02 2.644465900031033243e+02 2.680407740518308515e+02
2.481303781795031682e+02 2.481400220537567520e+02 2.479328739319734325e+02 2.487162877004213897e+02
2.583183668004624565e+02 2.585816637303987022e+02 2.561072923134687471e+02 2.583664664869850185e+02
2.634442890815522560e+02 2.646252667261967417e+02 2.610323691768949175e+02 2.650595758532158470e+02
2.708083870586090143e+02 2.708234962925916989e+02 2.684910408914589652e+02 2.706175769295492728e+02
2.540427421554214504e+02 2.547512490102602101e+02 2.528040641040363141e+02 2.550009751047470274e+02
2.521219650609768905e+02 2.525055307803457367e+02 2.514926236068022547e+02 2.527421835756244661e+02
2.477577091002721090e+02 2.476719554448551435e+02 2.475129656202695685e+02 2.479294367091956985e+02
2.518851942959869064e+02 2.515023775688106866e+02 2.507913636994511251e+02 2.520172654180580309e+02
2.938052145005742659e+02 2.937847467002725352e+02 2.917976132577070985e+02 2.925066327505483628e+02
2.522069579985121663e+02 2.523803371340295314e+02 2.509964176632138901e+02 2.525677185249310810e+02
2.502923456952613037e+02 2.501962604519436297e+02 2.496507085382782805e+02 2.500643475756056091e+02
2.470830006065686746e+02 2.471811978315301133e+02 2.465930672691190750e+02 2.475717140790713131e+02
2.518496425736026367e+02 2.516428568324176922e+02 2.510810862705570230e+02 2.520090762651605871e+02
2.526222989614404639e+02 2.532058539282074321e+02 2.518635852794889445e+02 2.537763380276115015e+02
2.518078408478650942e+02 2.524524917113511435e+02 2.506034150263786273e+02 2.526637163489233444e+02
2.837906776160472191e+02 2.840220054073289475e+02 2.806612838188478918e+02 2.832420451145408720e+02
2.655227206826003226e+02 2.653935215156627123e+02 2.628244028718755771e+02 2.657837892073301873e+02
2.582602312984977289e+02 2.585993240180456496e+02 2.573880039109970994e+02 2.594090318991799791e+02
2.576811524813328447e+02 2.584845562333567841e+02 2.562098534722343288e+02 2.586719624899229757e+02
2.872486048581919817e+02 2.872524697484457192e+02 2.862453267446176142e+02 2.862912624536849648e+02
2.559628382612265227e+02 2.561334059751221162e+02 2.545789500772366409e+02 2.566081402801093532e+02
2.952785317050158937e+02 2.943739463365101869e+02 2.937299072203580863e+02 2.943627159606590453e+02
2.563782771343855416e+02 2.573223479635802278e+02 2.550523217911622282e+02 2.571041862292895530e+02
2.487507926980634068e+02 2.487797191688873397e+02 2.482883304344958901e+02 2.494889912290411189e+02
2.470255509974974473e+02 2.472165742725916289e+02 2.461245137430225043e+02 2.473000259562303427e+02
2.653081612860027008e+02 2.650262189369919952e+02 2.626157786092268793e+02 2.647668050597760612e+02
2.504738140630019814e+02 2.502656644881950569e+02 2.498973597031237830e+02 2.506609169428076598e+02
2.552533870460577248e+02 2.550804763364173482e+02 2.540403314113444537e+02 2.559697778605620897e+02
2.525128037644696803e+02 2.537298618124897018e+02 2.508525073084843484e+02 2.537162851040101259e+02
2.686901363899173134e+02 2.689337471103644361e+02 2.665118608993803377e+02 2.698424204482945470e+02
2.539963033594343074e+02 2.536921570157357735e+02 2.525949071549825646e+02 2.538399600771817575e+02
2.610342877315688384e+02 2.612530691110864041e+02 2.591923256129637707e+02 2.618482924574211097e+02
2.534922356803705839e+02 2.530068664701271359e+02 2.521897065081216169e+02 2.536727777356352078e+02
2.463107154557121703e+02 2.466918020917667320e+02 2.458704822502078002e+02 2.468917472680397509e+02
2.558495682046944069e+02 2.558406772823385325e+02 2.545104143135453967e+02 2.564991260239045801e+02
2.477825233563983431e+02 2.480704256281040898e+02 2.472397562779743510e+02 2.480295104253193301e+02
2.531332024453821248e+02 2.531970614947726972e+02 2.516892122193564205e+02 2.538086901893996696e+02
2.559861157662736275e+02 2.560743201873267481e+02 2.551482333482688034e+02 2.567256391755689720e+02
2.520283725069760976e+02 2.520561987705000035e+02 2.512309747443549384e+02 2.518317149171170684e+02
2.495650498776991810e+02 2.501702761495361926e+02 2.498687236735751469e+02 2.501153634291115679e+02
2.513164822676471033e+02 2.518550948744799882e+02 2.501851793411541394e+02 2.516869810936933902e+02
2.503245446856159333e+02 2.497155880003673474e+02 2.492667507755880081e+02 2.511114944073601976e+02
2.491893603259559029e+02 2.489619678333035608e+02 2.490264762533134899e+02 2.490767772510094176e+02
2.493066954274255238e+02 2.497713846050378947e+02 2.481917359872026054e+02 2.498999153581907535e+02
2.566537326867199909e+02 2.570710402170427642e+02 2.554050075588255595e+02 2.571680736002116419e+02
