2.492628234614127223e+02 2.499520481599125503e+02 2.487837329368335588e+02 2.503148021428881975e+02
2.490617613300904623e+02 2.490192246730377121e+02 2.479562646701129438e+02 2.496152513557110240e+02
2.465999693556281329e+02 2.463812899363621227e+02 2.456225189623801555e+02 2.470806223182049735e+02
2.646659411006798450e+02 2.652089703054787719e+02 2.622832620067268863e+02 2.646894033064008909e+02
2.545366890998519409e+02 2.548264595645011070e+02 2.529064984289666427e+02 2.547338751685001341e+02
2.532811025405746648e+02 2.534244880191449454e+02 2.518187670432510004e+02 2.546132711138927505e+02
2.443752015929733545e+02 2.441381958172023587e+02 2.432966676102921326e+02 2.447060873031527706e+02
2.471209965032365403e+02 2.478702387640626910e+02 2.470359607441144760e+02 2.482571172015434229e+02
2.482249758328652831e+02 2.489433688259640576e+02 2.469178538331154300e+02 2.492883047010319331e+02
2.657752653302566159e+02 2.658688181678948013e+02 2.623513344423361104e+02 2.662647758267946188e+02
2.499697272661293823e+02 2.501280085910877915e+02 2.482603194870572452e+02 2.508464537711919888e+02
2.470440145012392463e+02 2.466843432021688045e+02 2.458879288735337809e+02 2.473502289463284853e+02
2.516710883836472874e+02 2.529017632339506463e+02 2.504950311348660250e+02 2.532218561042164140e+02
2.538555520740816291e+02 2.538828985452626625e+02 2.524430001844911828e+02 2.541166513688048099e+02
2.639548331450594674e+02 2.649761616420681207e+02 2.610400152558901823e+02 2.653042160984939528e+02
2.463671290008581423e+02 2.468051692890657591e+02 2.452691067818875581e+02 2.470840787021910785e+02
2.803809003082742493e+02 2.805633372782161246e+02 2.776446175207079250e+02 2.812931441997174602e+02
2.713209528644229636e+02 2.724354893887075377e+02 2.696498075221176123e+02 2.722701083014990218e+02
2.495909945834244752e+02 2.497182361322054192e+02 2.490255515258643300e+02 2.501603624376496668e+02
2.483010339939091580e+02 2.493935286952614661e+02 2.475444627388685888e+02 2.492103052440227771e+02
2.466293632885215175e+02 2.473834749417682133e+02 2.459407951278515441e+02 2.478648024457277756e+02
2.460262054897553696e+02 2.461255375405901873e+02 2.452348652715406274e+02 2.463899783348496442e+02
2.457358160063161563e+02 2.457477464927688686e+02 2.448169921826504094e+02 2.463484946907079518e+02
2.494662886468492218e+02 2.504298060610483958e+02 2.476366545666228376e+02 2.507415252663120384e+02
2.514212514585495626e+02 2.511928590676386648e+02 2.503556748320049792e+02 2.524026508716438855e+02
2.444966633963570644e+02 2.449955696292995526e+02 2.438270016452766811e+02 2.450946673604010186e+02
2.516432160944051191e+02 2.522715323152186784e+02 2.503812069043750341e+02 2.523177653581427080e+02
2.729986908615329071e+02 2.736362128301212806e+02 2.708133345102681346e+02 2.737254871348220604e+02
2.439434503918471080e+02 2.437303160208078054e+02 2.433765112945016824e+02 2.443002182138091882e+02
2.618917840843294584e+02 2.622829239622751629e+02 2.598599316898157099e+02 2.631761580465735619e+02
2.466771827317247698e+02 2.472982080197578796e+02 2.460747131016273102e+02 2.472800955998625909e+02
2.429668518563508144e+02 2.428179530392559116e+02 2.425056580363115870e+02 2.438964682546129268e+02
2.521860547489115163e+02 2.521515868837560106e+02 2.505607784346435096e+02 2.531366529695724523e+02
2.784033540203888037e+02 2.790636543870921855e+02 2.766810949792589440e+02 2.782232284708645125e+02
2.541576855773612920e+02 2.545759618709829226e+02 2.527128793073950703e+02 2.552863790969802551e+02
2.632116151427852628e+02 2.635924363671299488e+02 2.614974527588805699e+02 2.645401646100546600e+02
2.463840898187450819e+02 2.467168617045538213e+02 2.444108827559587951e+02 2.470709421107325454e+02
2.446809751592848841e+02 2.451368448035692325e+02 2.435274609804625641e+02 2.457461986589838432e+02
2.418472204691930187e+02 2.425415919008661945e+02 2.413822189046894664e+02 2.430933040954146236e+02
2.466763275894344360e+02 2.464808072338435068e+02 2.446296547856902635e+02 2.471287052516918834e+02
2.488939414652724338e+02 2.486915514309060313e+02 2.474923311857761519e+02 2.492924597166721981e+02
2.440097958229383721e+02 2.442265436078707239e+02 2.431074906602473220e+02 2.446812326418310022e+02
2.547770943369734198e+02 2.555457710828236770e+02 2.535959642049477907e+02 2.562164908651669180e+02
2.566101413847402455e+02 2.574506608910793375e+02 2.550050121033682728e+02 2.579632120301961891e+02
2.436432519983849829e+02 2.440347424646421075e+02 2.427075490764543986e+02 2.442269837100200789e+02
2.468381897916132459e+02 2.467716400084476618e+02 2.464635214353264985e+02 2.474469116048220769e+02
2.463902912135726808e+02 2.463402868337894347e+02 2.457564326711387253e+02 2.468157774575979886e+02
2.719695279797238072e+02 2.721740061205065331e+02 2.693922976703866539e+02 2.712985217265555775e+02
2.458964996339840354e+02 2.456441880925444821e+02 2.449443955429960624e+02 2.465888468640858378e+02
2.592360413180003320e+02 2.584241540227162091e+02 2.564096097530014049e+02 2.592411549206623818e+02
2.612540936488584862e+02 2.617082833467644036e+02 2.593540478231499264e+02 2.621572371723287915e+02
2.582171773409240814e+02 2.583747360757777756e+02 2.564353083398012245e+02 2.589576082353322022e+02
2.520148709207265370e+02 2.529347766241321551e+02 2.510242796240200960e+02 2.533564577205130206e+02
2.477522376792368277e+02 2.487248919113968952e+02 2.472735774508624900e+02 2.482532412161615412e+02
2.453197296600885124e+02 2.453476715230295326e+02 2.441922078160668264e+02 2.459204963704673901e+02
2.501864082829569895e+02 2.504503220828178485e+02 2.488128496158003600e+02 2.506777160644671198e+02
2.466224033837212062e+02 2.469240306237523441e+02 2.453538038851736189e+02 2.472042810852941273e+02
2.480836524279616526e+02 2.482150446436339166e+02 2.466596112054284617e+02 2.487260802318820367e+02
2.447737155868430250e+02 2.448975045015211265e+02 2.440131354400072894e+02 2.454142637740749535e+02
2.846617975085680428e+02 2.838900720744186401e+02 2.832914605618308883e+02 2.839389827754289968e+02
2.458822118207528433e+02 2.460450628595379499e+02 2.449242484963556876e+02 2.466092601063229779e+02
2.475235519384460190e+02 2.475807123572041917e+02 2.457525000849203423e+02 2.478284320083933494e+02
2.503290390511803878e+02 2.506510861104468972e+02 2.482909417113902464e+02 2.514870900111322669e+02
2.877042929365127293e+02 2.876685617974455340e+02 2.866398630590919083e+02 2.865416345820739821e+02
2.493672558522166867e+02 2.494734707210232330e+02 2.480062095711089398e+02 2.495983810882428315e+02
2.605053881272050944e+02 2.600094193077305249e+02 2.576449240568663299e+02 2.604590227892875305e+02
2.592133299861230853e+02 2.605826175281914061e+02 2.572278606084004764e+02 2.606751086531420469e+02
2.459790654215812822e+02 2.463118562347271450e+02 2.451497521843708114e+02 2.465702206309568965e+02
2.452642607695707966e+02 2.451346200576403760e+02 2.447690533998541582e+02 2.455286812457659948e+02
2.475644137877089292e+02 2.473859306486102980e+02 2.464972113352640122e+02 2.476803515975013283e+02
2.463897142518547980e+02 2.463693176910042268e+02 2.460117688605586750e+02 2.469930246332434933e+02
2.475010183133600776e+02 2.481834066507202863e+02 2.466982298567838825e+02 2.487574653001266540e+02
2.765814719945572620e+02 2.791368288237701449e+02 2.752970400537984119e+02 2.774340142367859698e+02
2.471757389587553178e+02 2.477052888833355837e+02 2.461376196742027957e+02 2.473534843215011279e+02
2.879976462076778034e+02 2.878833940819563395e+02 2.860774491043098919e+02 2.884779112372022496e+02
2.538509110943870155e+02 2.548080385437011159e+02 2.522725579052521425e+02 2.548889991955211087e+02
2.566095171479581722e+02 2.579653060971790524e+02 2.551813539825696466e+02 2.573934357789376577e+02
2.516208314407118678e+02 2.518428896498815561e+02 2.507759670400598111e+02 2.526877584084354567e+02
2.500645199185261447e+02 2.501709218317247974e+02 2.490552383990276724e+02 2.501736417895361626e+02
2.564560129548264058e+02 2.568281824340949129e+02 2.537335488104869796e+02 2.568214953268631575e+02
2.471438481624913663e+02 2.476472893866128970e+02 2.471713443184095240e+02 2.475266213501718369e+02
2.504483632978987089e+02 2.506386702566040867e+02 2.494041304585493606e+02 2.504631591345204811e+02
2.456225019229793816e+02 2.457950191556475090e+02 2.447283714731391342e+02 2.467267693034341676e+02
2.650406296797157779e+02 2.674671628716549208e+02 2.635962454126694183e+02 2.671564766516523832e+02
2.465538693097636553e+02 2.465399106160333247e+02 2.454574348268791084e+02 2.470312023378718607e+02
2.666143392269500509e+02 2.671027239355510687e+02 2.631036736771195024e+02 2.670255180688866972e+02
2.650340388925121147e+02 2.658326966613312266e+02 2.622067751694203821e+02 2.662854541804905466e+02
2.469885656722322267e+02 2.467978188988367094e+02 2.462679816552016518e+02 2.470126318487674837e+02
2.604732256318463897e+02 2.608977321887910534e+02 2.593774157068181694e+02 2.610302813322879274e+02
2.514141840936313770e+02 2.524277656596074166e+02 2.504878214840779549e+02 2.531556358252695702e+02
2.484548296658344384e+02 2.487477913215720093e+02 2.475539550879106230e+02 2.491517730926472609e+02
2.567323493008883020e+02 2.570273000096377700e+02 2.548103708504879705e+02 2.574846441491891937e+02
2.718178807427159995e+02 2.716896421473507530e+02 2.696843833798036485e+02 2.709765710947258412e+02
2.449544400674669760e+02 2.446084210983460707e+02 2.441068986897612660e+02 2.450121082315164358e+02
2.476780447665175018e+02 2.480926849252818158e+02 2.463510618961375656e+02 2.486085335227939197e+02
2.486710533991674197e+02 2.488174955525201142e+02 2.477275446642333065e+02 2.493603811145860050e+02
2.477120550143455944e+02 2.478897296249298847e+02 2.462783639433325504e+02 2.485293391162645094e+02
2.497787197632585219e+02 2.505594028035130520e+02 2.491777611878472953e+02 2.511755674360817352e+02
2.453435328547219285e+02 2.456228147801330124e+02 2.448496870164454151e+02 2.465390429375286203e+02
2.457134394893938918e+02 2.458218187696400037e+02 2.448351592774774588e+02 2.460713564311440109e+02
2.470135488087567808e+02 2.474490194065228934e+02 2.460489511073667188e+02 2.478238074826813602e+02
2.542846662077386952e+02 2.540282331826643940e+02 2.523451286738713577e+02 2.550149068391485514e+02
2.529438624659034076e+02 2.530216256483149095e+02 2.515652572707738841e+02 2.531985462507171292e+02
2.781346050792070059e+02 2.805066613853662716e+02 2.775026668756814843e+02 2.784770943630711031e+02
2.492238228803366837e+02 2.501638140208087577e+02 2.481304035011286828e+02 2.508896629828968230e+02
2.478324606797631589e+02 2.481323250429249185e+02 2.475857346609074341e+02 2.482103500104846034e+02
2.551666613847372105e+02 2.551864599989925750e+02 2.529605472788619807e+02 2.550696503348197552e+02
2.477823840623612739e+02 2.482826708239937545e+02 2.464072442126911540e+02 2.486768782869546044e+02
2.889247605446075227e+02 2.892005213748587380e+02 2.885293290868718827e+02 2.885899128943137839e+02
2.558759065674566671e+02 2.566138196856010154e+02 2.531082092536478285e+02 2.559947011469628251e+02
2.450986889221598517e+02 2.451840123509805380e+02 2.438791287053145709e+02 2.459283899586889390e+02
2.672487744843738255e+02 2.680320781121374125e+02 2.657138196208237559e+02 2.682666040386749273e+02
2.494793424610215027e+02 2.497820224670130642e+02 2.484331374269603714e+02 2.501446931289358702e+02
2.453975192070545290e+02 2.455338202944610373e+02 2.445693460338360978e+02 2.458190527964233638e+02
2.432660781773534495e+02 2.430671937888794218e+02 2.419668627300695505e+02 2.437410357179678897e+02
2.459148441461761649e+02 2.463504618717723247e+02 2.451141198657037137e+02 2.471600766509953644e+02
2.420073076660704032e+02 2.427840360999403799e+02 2.413809747409570150e+02 2.433340236159868937e+02
2.470821718964655531e+02 2.477648186751630988e+02 2.457337122080513154e+02 2.479064224453483405e+02
2.497703153984463711e+02 2.503554510084632909e+02 2.485923882766155373e+02 2.503821993549459251e+02
2.471232423462494978e+02 2.471096034964425598e+02 2.464907287916507812e+02 2.471149026526216801e+02
2.811128181630899689e+02 2.826446135795350756e+02 2.809054422403467584e+02 2.817596800771845551e+02
2.487075444475949269e+02 2.486434606002438557e+02 2.479265696453090868e+02 2.492381586989325513e+02
2.500102354858365459e+02 2.502648921526804600e+02 2.482970304150023537e+02 2.503408104159345555e+02
2.506107291956878385e+02 2.504059549583678859e+02 2.489597818491670864e+02 2.512006467351777133e+02
2.457251228945188473e+02 2.457334784740285158e+02 2.451138710828475382e+02 2.463199334108115295e+02
2.506518770076934572e+02 2.513865203164879460e+02 2.495417723648141930e+02 2.515677641278263650e+02
2.477940155220908878e+02 2.481195387823801184e+02 2.467248460843386511e+02 2.483472824344103458e+02
2.483216525948459150e+02 2.487731490780943489e+02 2.475443322747017874e+02 2.490014705417538039e+02
2.460406294501597699e+02 2.459688218154402648e+02 2.445537637655039021e+02 2.468007104526330124e+02
2.432920021860861084e+02 2.433630646828862609e+02 2.418999623287634506e+02 2.437117594486464611e+02
2.906820201326474375e+02 2.911598506777839930e+02 2.886815599177248828e+02 2.900781647610494929e+02
2.509284916351952575e+02 2.517398646345143618e+02 2.495970991079428813e+02 2.516737469782103460e+02
2.456307772421803008e+02 2.455398216395637121e+02 2.449452318647948346e+02 2.460279465312858633e+02
2.516765418773208012e+02 2.525470033262716072e+02 2.496832084878454339e+02 2.520177083099022184e+02
2.609226744669685445e+02 2.611058626524176702e+02 2.586350652821430458e+02 2.622532369057704500e+02
2.488942417888462444e+02 2.493366265984790004e+02 2.483510330784095856e+02 2.496099317207036279e+02
2.683000970294377225e+02 2.677056183290799254e+02 2.657176084981592226e+02 2.688183031915197034e+02
2.599676912900507659e+02 2.605319811088622828e+02 2.579392670967976642e+02 2.605404682295542784e+02
2.545973371037709683e+02 2.552896992226908708e+02 2.529285758729064355e+02 2.559791498511084740e+02
2.797552683373093032e+02 2.812137719518930226e+02 2.785120987001545245e+02 2.810195429181403597e+02
2.675214405151435244e+02 2.690051893777548457e+02 2.653436918985203761e+02 2.687121935439896561e+02
2.484036774749481822e+02 2.489867480327544911e+02 2.471437883674838645e+02 2.488780334800493961e+02
2.451249869822620440e+02 2.459553291209375914e+02 2.440838080568738064e+02 2.456843248000625977e+02
2.482375432294452651e+02 2.483180398331593608e+02 2.472573225879562244e+02 2.485692323279685638e+02
2.466064173790525444e+02 2.472015244271594554e+02 2.462413974802049097e+02 2.472756754303044602e+02
2.482474306234740880e+02 2.486262606645282744e+02 2.475076714067259900e+02 2.493993691050226289e+02
2.497478555922055534e+02 2.504067544339131075e+02 2.491418083382171744e+02 2.501825943065067293e+02
2.490160014928664225e+02 2.501146138937216392e+02 2.483014891831465434e+02 2.501999792465301766e+02
2.509112917321451164e+02 2.508640532276448880e+02 2.494188562617021603e+02 2.515688521388520655e+02
2.472259412601012230e+02 2.475705553224425728e+02 2.462170601036392839e+02 2.475621827726971276e+02
2.617534292766417252e+02 2.631391380510101499e+02 2.602725732831158894e+02 2.638205002567020756e+02
2.476938657036519658e+02 2.482745277271730515e+02 2.465201065535465830e+02 2.482879483940011198e+02
2.531720960177686948e+02 2.528302454974130455e+02 2.506303183355453257e+02 2.538314478469521021e+02
2.882537887673935302e+02 2.884423352253272128e+02 2.879422091413389353e+02 2.866028565659690344e+02
2.570828174754331599e+02 2.572507729470418667e+02 2.546374003749772612e+02 2.580280289990730580e+02
2.616357924396461385e+02 2.613084518199601689e+02 2.585180064840881755e+02 2.610705557317355670e+02
2.456927787579635378e+02 2.459731570600881980e+02 2.447677974523863895e+02 2.470628603454940730e+02
2.801753977328049245e+02 2.801281576937901150e+02 2.781656625672931114e+02 2.800641293964592933e+02
2.472469106561972296e+02 2.475842295594537177e+02 2.464989329435223908e+02 2.479972427296294768e+02
2.503648005400555689e+02 2.506975554164156108e+02 2.497009877658420862e+02 2.517584711610324746e+02
2.532494636122537486e+02 2.532807128439697806e+02 2.517916446894124931e+02 2.543788237519433153e+02
2.655046629319941758e+02 2.659130195976503046e+02 2.626694968385862694e+02 2.649509992284948794e+02
2.483921045047619032e+02 2.483883060140207135e+02 2.474943446537287173e+02 2.490260340650390276e+02
2.560728305535842537e+02 2.562884892207445660e+02 2.552327747809927132e+02 2.567917197358495400e+02
2.490370730372013099e+02 2.498599592083337484e+02 2.482167766624826015e+02 2.496494454344442033e+02
2.498490324140219911e+02 2.503707433331726406e+02 2.487864850444635749e+02 2.507338050283831876e+02
2.471151314719017194e+02 2.473287316813527923e+02 2.453226374256447286e+02 2.481176479432515123e+02
2.550125148985829640e+02 2.545893512313704719e+02 2.520525918356013619e+02 2.549270870445350283e+02
2.482087628886430366e+02 2.482340395717557442e+02 2.474429311248849501e+02 2.494193071826615267e+02
2.454260867203727798e+02 2.455314909065654376e+02 2.446062029166560023e+02 2.459170948933395664e+02
2.509320436441508946e+02 2.510047374685002239e+02 2.495845327875369151e+02 2.524131266950863619e+02
2.439057719278176535e+02 2.442962960863015098e+02 2.428712205309273884e+02 2.444649850240006685e+02
2.505207523113711829e+02 2.503431898195636904e+02 2.489278711179852621e+02 2.512180146335233246e+02
2.587548654155453960e+02 2.591111002645905046e+02 2.564497202820425059e+02 2.587561097935817997e+02
2.476747839892745162e+02 2.480368409074306442e+02 2.467716851359934651e+02 2.480358120995247759e+02
2.457372862966035427e+02 2.456012377060128244e+02 2.448786910175581681e+02 2.460731667174669894e+02
2.466851778373835486e+02 2.469235083409371327e+02 2.461331741773428519e+02 2.470843013086390556e+02
2.488843295606710342e+02 2.491042321340104593e+02 2.481627375318014970e+02 2.493415972847772650e+02
2.527731228193424329e+02 2.529549843149981712e+02 2.515084202678526708e+02 2.530255088930268812e+02
2.641229196376341406e+02 2.647757117090959582e+02 2.618410850872107289e+02 2.643620880328929275e+02
2.486795418910298565e+02 2.501338055389487351e+02 2.472662693151951316e+02 2.502292221563944850e+02
2.478852560978924657e+02 2.475312095698887731e+02 2.474008192442869074e+02 2.480473987418579327e+02
2.480183608643623359e+02 2.478551607073331695e+02 2.472244423130247810e+02 2.483469746974119516e+02
2.649168568435113684e+02 2.648851307453403479e+02 2.623021725457758748e+02 2.645077937316496559e+02
2.646010949919037785e+02 2.651526509135337619e+02 2.625132145517778781e+02 2.661505042273127515e+02
2.479736779452882729e+02 2.477408374237981832e+02 2.465885667097048213e+02 2.479531643912206391e+02
2.628380226336846590e+02 2.632578467161669096e+02 2.601847661667552529e+02 2.637158349543402664e+02
2.513697285658433600e+02 2.515364139093887559e+02 2.505790646596174440e+02 2.522860026744824893e+02
2.541316097062696144e+02 2.532604494509833160e+02 2.519190512550024437e+02 2.543895191763912749e+02
2.444400766056630800e+02 2.449362436882896361e+02 2.441521545623337488e+02 2.452226682539369165e+02
2.501818257697364061e+02 2.505136194158179705e+02 2.494951866833173426e+02 2.507170778568992375e+02
2.524798048132446979e+02 2.524523054834455706e+02 2.504465273988093656e+02 2.534791745137609382e+02
2.558328045941692608e+02 2.559405950034389718e+02 2.538144997655849124e+02 2.564668035085087467e+02
2.475542448922618917e+02 2.472231748657482626e+02 2.467838335866924240e+02 2.478497405312064643e+02
2.781221963542364506e+02 2.779020088772809913e+02 2.753974773525236515e+02 2.776015881540246824e+02
2.667872326332943658e+02 2.667723313818167412e+02 2.638366985959573867e+02 2.672187762085252984e+02
2.474808205082160839e+02 2.478524783517196397e+02 2.466409037928534360e+02 2.483316900345910199e+02
2.835301832695413964e+02 2.837879978553274896e+02 2.816315128788594961e+02 2.834329802439496007e+02
2.505856339862242521e+02 2.505954801702814905e+02 2.495318750969952646e+02 2.514035361643837803e+02
2.517249034054852928e+02 2.522866752137084347e+02 2.502152282632685001e+02 2.520919158568398473e+02
2.658944352676860490e+02 2.673602933082332243e+02 2.634451303518770260e+02 2.680480726129637787e+02
2.585204049793956642e+02 2.590736713802049280e+02 2.561245692735111561e+02 2.597166854964258391e+02
2.736230584569223652e+02 2.725504661761905822e+02 2.698479938185766969e+02 2.745911340055664027e+02
2.594763581866606046e+02 2.602438110242148923e+02 2.588408337852217187e+02 2.609489947445907774e+02
2.499356861996726025e+02 2.503275652947981484e+02 2.482560226989786827e+02 2.509307895664017565e+02
2.520073617260551089e+02 2.532731605300537581e+02 2.507042690794161217e+02 2.523954826753464715e+02
2.466837416220510875e+02 2.468496886163050021e+02 2.455448596321719776e+02 2.470719781564586413e+02
2.523823710294352338e+02 2.520080514087454446e+02 2.509694022725878426e+02 2.531922521100026131e+02
2.570597028355022644e+02 2.571230121103701549e+02 2.553986216103581057e+02 2.581785981669063972e+02
2.551293907695716427e+02 2.558406269719803561e+02 2.541132834460491665e+02 2.556137507141179981e+02
2.485327168502732036e+02 2.491613836099390653e+02 2.478610804832577799e+02 2.494443548684238010e+02
2.456378048431733134e+02 2.457417216671501308e+02 2.450014185845203656e+02 2.461559740646869727e+02
2.445499854898993419e+02 2.449473325189949264e+02 2.440314347729004112e+02 2.450476853732124880e+02
2.677671633458986662e+02 2.687788697658360775e+02 2.662609754855851634e+02 2.696267004734530701e+02
2.837534901124910789e+02 2.846455795926227097e+02 2.817496965168718361e+02 2.851701817335873557e+02
2.481904311653291586e+02 2.481123230760456124e+02 2.475389042098646257e+02 2.488179150706965572e+02
2.458602754258849075e+02 2.463543516320740139e+02 2.459070397206280632e+02 2.464835326725464029e+02
2.479778104733169073e+02 2.484684248322222970e+02 2.468914720614605756e+02 2.489004824388942438e+02
2.524106571499634697e+02 2.528441422071724674e+02 2.509614399127929403e+02 2.525856408016043986e+02
2.580806607376542274e+02 2.592074812253239315e+02 2.568802422728705892e+02 2.599259029184029259e+02
2.478819032403513063e+02 2.485856329230795723e+02 2.467756608279470356e+02 2.486739372581531029e+02
2.450586437126439137e+02 2.452447561395464106e+02 2.444571342685047455e+02 2.457085413085962955e+02
2.553036982085401405e+02 2.556562583609804165e+02 2.539226905867788844e+02 2.562749127951761920e+02
2.471330711094956030e+02 2.475165754390045549e+02 2.462646374072714934e+02 2.480405682364322217e+02
2.484499613636983497e+02 2.484090371981985470e+02 2.472167099763831288e+02 2.492556943023089957e+02
2.476437843528046301e+02 2.479264283902566319e+02 2.468021077922745405e+02 2.482555328011206939e+02
2.680164067732168860e+02 2.682217731260088840e+02 2.646746205610276661e+02 2.683769185991288850e+02
2.477382950060674318e+02 2.475775935407052941e+02 2.468994937837109376e+02 2.483466010202661778e+02
2.432325355427469162e+02 2.438514332302276273e+02 2.427872780022941015e+02 2.436951933451512105e+02
2.584642419397603703e+02 2.587735063093131771e+02 2.568095465644883575e+02 2.587518608122568935e+02
2.497400012331996209e+02 2.501669220189183420e+02 2.479449574917421160e+02 2.497501270697065365e+02
2.461187999622438269e+02 2.464447159545402144e+02 2.451990848301661003e+02 2.475402600741506944e+02
2.450715339325950026e+02 2.447994580447117983e+02 2.435466453084721650e+02 2.453853500852686693e+02
2.446064823233509458e+02 2.446707746377313697e+02 2.434975437124836333e+02 2.451822043019960802e+02
2.590713127364769548e+02 2.586950413535370217e+02 2.572370643060970110e+02 2.586532077828052252e+02
2.486310310355255240e+02 2.494908161132450743e+02 2.476874990238372050e+02 2.495446207204340112e+02
2.473272871434794808e+02 2.475781540287410962e+02 2.469424538834965688e+02 2.482999914129881347e+02
2.456937139151413589e+02 2.456719566339781693e+02 2.447528091665841714e+02 2.455523483187536158e+02
2.464474343867551909e+02 2.466105075344957527e+02 2.451208336387244060e+02 2.466624793972382861e+02
2.596392847928545393e+02 2.599221048038415347e+02 2.577091859645821046e+02 2.603063989867806640e+02
2.426511904973312141e+02 2.428762078492102319e+02 2.417080587873145419e+02 2.432473141349403818e+02
2.535058679033477915e+02 2.541733606482840742e+02 2.523581920248389565e+02 2.543089770036235109e+02
2.476595380732535716e+02 2.474863958275541904e+02 2.467049329655153542e+02 2.489241614383814465e+02
2.505572945640437013e+02 2.507492318775467481e+02 2.499398923600734292e+02 2.511440439630838171e+02
2.489658984024482606e+02 2.494360858311973743e+02 2.472854231234311442e+02 2.500681520416522403e+02
2.494779693635025239e+02 2.496782349922761171e+02 2.489246000281680438e+02 2.497213345970830289e+02
2.791099193019717859e+02 2.795950892161742445e+02 2.775821747346527673e+02 2.787089671902597274e+02
2.719377944874922264e+02 2.710712269798256102e+02 2.687481122789864116e+02 2.716675713853248340e+02
2.447794268798592441e+02 2.449204122957759182e+02 2.441508256440475861e+02 2.453463285368139282e+02
2.859437022863394873e+02 2.850882198436390809e+02 2.843085264292623151e+02 2.856973519591077206e+02
2.556230199339390481e+02 2.558755325701464187e+02 2.533971669920629495e+02 2.563538124594657575e+02
2.573627580014672844e+02 2.588399139888522313e+02 2.559004940352417066e+02 2.582100618703650525e+02
2.670199926103517782e+02 2.670238426292618783e+02 2.636774586637181415e+02 2.670601697412257636e+02
2.506386987057172178e+02 2.509965905477941135e+02 2.495659136543432908e+02 2.516509841331135249e+02
2.770894785737168036e+02 2.759505611735717707e+02 2.734560147161057557e+02 2.765378182860935112e+02
2.559553425347153848e+02 2.555432655494289520e+02 2.529319998838282970e+02 2.564186481048618020e+02
2.723524039657286835e+02 2.729882519660164917e+02 2.709044471609566926e+02 2.737475366621584385e+02
2.570956483449695043e+02 2.581404081812626714e+02 2.557921460002443723e+02 2.585794732115037959e+02
2.506678534973108299e+02 2.518721331774778491e+02 2.490915107245612319e+02 2.512909793418611173e+02
2.434109547826231790e+02 2.438472392242434523e+02 2.426243221550240889e+02 2.439697522223487738e+02
2.464473428177638539e+02 2.470408474198733870e+02 2.454543049657200697e+02 2.474191543463761320e+02
2.852688876307575470e+02 2.877235644917087143e+02 2.838177358605239533e+02 2.860323094669351462e+02
2.557825960688500970e+02 2.569966025024274359e+02 2.548198499046967527e+02 2.577417717373245978e+02
2.520002788934831983e+02 2.524750657952721440e+02 2.495355307355766001e+02 2.525498789154869712e+02
2.821741766851642410e+02 2.836227146899060472e+02 2.805720610317579826e+02 2.804227243468704387e+02
2.440393564603721757e+02 2.442547570752454078e+02 2.432433642629399628e+02 2.446786126303997264e+02
2.597494790767273116e+02 2.599444546381262171e+02 2.575884238512383035e+02 2.618301661397631506e+02
2.444767798138185810e+02 2.448568464924346699e+02 2.438985151409326591e+02 2.452756158553302726e+02
2.915296746768436265e+02 2.913760664215001270e+02 2.895285180068842692e+02 2.911954048547552247e+02
2.501338380861610347e+02 2.506258619705879767e+02 2.488944777945087878e+02 2.504206514490908262e+02
2.638040532186346923e+02 2.645315413884954410e+02 2.612326247098324075e+02 2.640123111412714252e+02
2.557929477364406523e+02 2.559713034245280028e+02 2.529290499388567355e+02 2.553779662876776797e+02
2.446597002990889109e+02 2.448040741681155339e+02 2.432819518152602427e+02 2.453549764175872099e+02
2.482699275732586273e+02 2.488735476245489622e+02 2.480318279500823735e+02 2.492908068445758829e+02
2.477182051174969217e+02 2.487984803155192424e+02 2.463073438465224569e+02 2.487306919365030637e+02
2.468629237081466954e+02 2.468981517893618332e+02 2.456340577723682372e+02 2.474640289742930293e+02
2.625031327791261333e+02 2.625192474308010446e+02 2.595662414548822312e+02 2.627827450165964933e+02
2.443948361679218237e+02 2.448857975265717641e+02 2.441241360402926261e+02 2.451091714318313564e+02
2.574254895107798120e+02 2.581443421426948817e+02 2.557632983702077070e+02 2.577337498689881272e+02
2.438588420782718913e+02 2.441783766434252527e+02 2.433936664104306260e+02 2.443562539354878140e+02
2.489374301455733587e+02 2.489937656259029097e+02 2.485085353260570571e+02 2.496703647289085382e+02
2.577603708315435256e+02 2.584363573297593462e+02 2.558247588930666439e+02 2.586718927530906171e+02
2.423533624934142097e+02 2.423699054479356221e+02 2.416824806463723689e+02 2.433655183716713282e+02
2.467141975261791629e+02 2.476666712534360215e+02 2.465285502645175768e+02 2.474303464884927166e+02
2.713201285376892997e+02 2.723677823529754960e+02 2.688435022380583632e+02 2.732320269527552909e+02
2.445055948364483243e+02 2.443250237341999878e+02 2.434238699769897778e+02 2.458748405553648411e+02
2.585006379430348034e+02 2.579450113256656323e+02 2.560830184029688326e+02 2.595951984944503579e+02
2.563616449305183664e+02 2.569485165753863498e+02 2.542939185585307200e+02 2.573861153332841809e+02
2.466970788430816697e+02 2.470241074950673976e+02 2.458708550271228717e+02 2.475845302683190141e+02
2.464712030102127471e+02 2.470985444019234194e+02 2.458511227524188030e+02 2.469506372540685675e+02
2.481931039301465773e+02 2.485827400236910307e+02 2.468883595413485352e+02 2.490989191668780904e+02
2.581925546004064245e+02 2.587375130580904852e+02 2.564464965804932604e+02 2.594117067225371898e+02
2.461858193402143229e+02 2.465790443329637753e+02 2.450959788580542522e+02 2.469117545237076854e+02
2.477360622012977274e+02 2.480941016379463520e+02 2.463601499968850135e+02 2.480022023052513589e+02
2.474429591086771438e+02 2.475105114154712851e+02 2.465999320142199451e+02 2.480112759036595094e+02
2.506854533381193164e+02 2.505903405570757059e+02 2.490778353178062048e+02 2.509600958611101476e+02
2.510010441217211508e+02 2.520558734693024974e+02 2.498900053687970058e+02 2.522124032888646354e+02
2.564215255061623679e+02 2.564038305974760874e+02 2.546207186968312328e+02 2.572803707738732442e+02
2.425979007610811209e+02 2.431680386763081287e+02 2.418421317046288834e+02 2.435533394411879158e+02
2.481706655821247978e+02 2.481405906972314312e+02 2.473420604909819644e+02 2.486365468017544060e+02
2.489423044216354413e+02 2.495421493381114146e+02 2.476327402930350274e+02 2.498411634225348905e+02
2.496859152999874141e+02 2.499567293952671889e+02 2.494436076020299140e+02 2.497207000011637206e+02
2.786713659226590494e+02 2.776470078785986857e+02 2.745378643126338147e+02 2.776284792511171986e+02
2.843466443778643225e+02 2.850464906189886847e+02 2.832215347325324615e+02 2.849942359467176516e+02
2.676783824486952881e+02 2.688638528410741060e+02 2.653010392394871815e+02 2.687182581151060390e+02
2.474161454670550597e+02 2.473121165728035464e+02 2.461829317979357938e+02 2.478872130956378896e+02
2.762794028603640299e+02 2.774540962057473621e+02 2.761738266426229984e+02 2.772476429946521534e+02
2.576137568912338338e+02 2.599129605351645864e+02 2.567357296039166386e+02 2.607428244888292284e+02
2.447590673616271602e+02 2.451961243447218521e+02 2.445905050657408992e+02 2.456492947307580721e+02
2.539253427128899716e+02 2.544543550295663579e+02 2.525391814314160683e+02 2.546826816365997672e+02
2.513638550914353971e+02 2.518365438370958884e+02 2.497324678595235810e+02 2.522937735874695591e+02
2.458257128748301170e+02 2.458893870224778198e+02 2.452190245457975095e+02 2.462784907825491985e+02
2.494654242483030373e+02 2.495390249754958631e+02 2.486091856407955163e+02 2.497068842645346933e+02
2.751817788423846878e+02 2.754935208564315303e+02 2.722675596943461187e+02 2.765876479218450186e+02
2.433855476435838057e+02 2.435310250646370491e+02 2.425302518084970416e+02 2.436780999977046918e+02
2.542276385303119355e+02 2.544367328380309914e+02 2.516047779598183070e+02 2.550160104257375622e+02
2.477860536825477880e+02 2.474933035960156360e+02 2.469670438731040747e+02 2.478359059361044672e+02
2.685859605556597103e+02 2.691243623199549688e+02 2.659950288919431500e+02 2.701341383213324434e+02
2.477056207953774845e+02 2.481231278403645604e+02 2.471913112360462321e+02 2.480938496027712006e+02
2.478923289444621219e+02 2.477798751275011568e+02 2.475040880144114794e+02 2.480741660831435240e+02
2.463851767016180077e+02 2.467366464662339069e+02 2.454130858379924973e+02 2.470116407045520077e+02
2.441775356476830439e+02 2.446323069259334488e+02 2.431017841699381563e+02 2.445147060858662940e+02
2.596096212754596309e+02 2.593989961540718809e+02 2.558942190172604398e+02 2.601905667284489709e+02
2.503454195098032358e+02 2.513463313156158563e+02 2.489420417152374796e+02 2.517037039706750079e+02
2.573103467659257717e+02 2.577244975526855910e+02 2.557382722593231108e+02 2.577776838598453537e+02
2.462514024323815534e+02 2.460574184027753688e+02 2.447114247997247389e+02 2.465896231790652564e+02
2.593519035995486206e+02 2.614259008783838567e+02 2.584160759527964615e+02 2.612917528942898571e+02
2.481080826303685853e+02 2.483912759275665678e+02 2.476224253459076294e+02 2.486407267182229646e+02
2.493702953822020163e+02 2.502700573178520926e+02 2.481217386904556008e+02 2.502489513393859681e+02
2.486683980883434231e+02 2.488790323068440955e+02 2.483368511077913752e+02 2.494391219759889964e+02
2.611989249290390376e+02 2.608306283490931605e+02 2.588050054280410563e+02 2.622580966237442226e+02
2.681621148025745924e+02 2.699340735588293683e+02 2.676804042909197960e+02 2.711900742765022869e+02
2.517979976273497869e+02 2.518141210565986796e+02 2.495382059882619785e+02 2.515445423537084650e+02
2.533746664631193539e+02 2.535429847553395462e+02 2.521245998286711085e+02 2.538068726989109223e+02
2.879573547139256675e+02 2.864358527275103938e+02 2.862678546309905414e+02 2.873423571016703022e+02
2.421812751595914506e+02 2.424054774701815518e+02 2.413432862501275054e+02 2.426554858333734330e+02
2.554241267612946444e+02 2.560421226114116280e+02 2.543451510634019712e+02 2.566435257981628411e+02
2.453371506279895584e+02 2.454717591313205958e+02 2.442808539410899300e+02 2.458059390407446756e+02
2.637959134587435983e+02 2.637823320132551999e+02 2.617898821427198186e+02 2.638507820505723771e+02
2.475254829868912054e+02 2.479883513916555842e+02 2.472340065283264039e+02 2.480579007266921963e+02
2.503772510005608751e+02 2.511448410437968448e+02 2.485238009494582059e+02 2.519766132011659749e+02
2.520730854184881196e+02 2.516149979420764851e+02 2.505506172772990965e+02 2.526227150288082441e+02
2.457063053615306387e+02 2.455361295492442650e+02 2.439131456269871876e+02 2.462879312533548273e+02
2.492940468206246578e+02 2.493221864589046959e+02 2.470350632292192756e+02 2.503158028670806630e+02
2.490288295115948642e+02 2.492431279560369717e+02 2.475415548079651558e+02 2.492528667786079950e+02
2.579322803650894116e+02 2.582251139084033866e+02 2.566649457947830228e+02 2.582132369067909394e+02
2.840590579817777552e+02 2.840279050165484591e+02 2.829928316225165190e+02 2.849268738585390111e+02
2.488863608411260770e+02 2.489402773128830404e+02 2.474069487685916329e+02 2.499745439979710966e+02
2.508685930137926050e+02 2.514532027385029380e+02 2.499729363215967055e+02 2.516100428421045478e+02
2.484776582098900235e+02 2.487536493809657827e+02 2.484025090965619427e+02 2.487670704901090915e+02
2.822427660632171182e+02 2.832430483497084879e+02 2.802348264624268381e+02 2.826313969080755442e+02
2.439191691944931222e+02 2.446614496728635118e+02 2.433428619314582591e+02 2.444858231376256015e+02
2.691793067778650652e+02 2.686430138500727480e+02 2.672462844966727857e+02 2.694823747969181795e+02
2.594898559358377952e+02 2.601058429643011323e+02 2.577621799905305693e+02 2.611602143988810099e+02
2.457233374742053513e+02 2.462579306836389890e+02 2.445298690495611993e+02 2.464081739557638855e+02
2.465593404268586539e+02 2.464775703496767392e+02 2.459651301028827106e+02 2.466797288809236477e+02
2.682389057746975709e+02 2.688252326177029659e+02 2.653204470096312662e+02 2.685198407733919908e+02
2.572615053180841187e+02 2.583002962664718893e+02 2.549197137069778023e+02 2.578864203569599454e+02
2.467482290772961164e+02 2.466204813389047388e+02 2.457539928307390653e+02 2.472176123213632195e+02
2.434472680531742412e+02 2.434773965190726983e+02 2.419553879861304608e+02 2.436919552203160606e+02
2.423983452025737790e+02 2.424333408801426231e+02 2.411515669738898566e+02 2.423716490034757669e+02
2.453322730536763174e+02 2.452271559156201874e+02 2.448222552408651609e+02 2.458394128410805877e+02
2.514287598343326522e+02 2.512282209880197854e+02 2.507774380855177014e+02 2.514259001886981650e+02
2.693919152318409829e+02 2.701933035225654294e+02 2.672706682808647543e+02 2.699472635783015448e+02
2.617151624209341776e+02 2.616513090739027234e+02 2.592379036626365405e+02 2.620931681545080778e+02
2.713746120953964578e+02 2.712369809610058269e+02 2.685428520479014196e+02 2.725016876551409268e+02
2.449043736747744902e+02 2.452080909118778322e+02 2.440265445755597682e+02 2.455071654093298434e+02
2.541090897628078835e+02 2.539295512057614701e+02 2.527304021846928777e+02 2.551441963610891719e+02
2.477177882312861357e+02 2.476239073799688128e+02 2.470621875832458443e+02 2.482624294234329625e+02
2.477326656561008065e+02 2.484594925433393371e+02 2.456794209434303582e+02 2.487852294768906631e+02
2.440448935890660209e+02 2.446693342736200520e+02 2.436700369840428095e+02 2.447972499738611134e+02
2.503862155920668044e+02 2.507031468153597302e+02 2.491698465119648631e+02 2.512960834800310295e+02
2.504087325857088331e+02 2.505686657468225178e+02 2.492393944630587441e+02 2.506338450601291754e+02
2.462333530277267926e+02 2.462830969290706093e+02 2.451716234477924843e+02 2.467673852296135806e+02
2.856856122958467381e+02 2.873903315986740381e+02 2.836814755182155636e+02 2.861959454459915833e+02
2.499328607246516469e+02 2.497601140390895296e+02 2.497949719731866480e+02 2.498149533553111894e+02
2.629412035938535723e+02 2.636635773703030168e+02 2.606858478028465242e+02 2.642405518751421596e+02
2.461391311820980263e+02 2.464955419262985288e+02 2.460582227883491555e+02 2.468940430178478778e+02
2.490062454171032584e+02 2.488479845836717459e+02 2.475551261553885638e+02 2.498486083783141680e+02
2.825755036827616209e+02 2.839721246341610481e+02 2.807109096335211689e+02 2.826815062836429320e+02
2.492151850797296788e+02 2.497218544974777785e+02 2.482921337394252248e+02 2.498188242421761061e+02
2.687373064444423676e+02 2.686253208278698708e+02 2.653142925285507658e+02 2.684806277735075355e+02
2.461865018035172170e+02 2.461219412763336720e+02 2.450406985178900925e+02 2.476414531644837780e+02
2.931273083932409236e+02 2.930759156092649960e+02 2.935513394022286207e+02 2.928966383428626159e+02
2.522266154202361292e+02 2.526940337319501566e+02 2.499201729946619253e+02 2.531703674851927985e+02
2.459257300299869371e+02 2.461188838973307043e+02 2.452002423827017878e+02 2.462694718620701906e+02
2.482611210008779210e+02 2.486853133585780427e+02 2.468300357753994945e+02 2.493799714955322315e+02
2.465308823367032574e+02 2.478775899212567708e+02 2.460351151697867635e+02 2.480969211862951909e+02
2.469265782763000345e+02 2.473455075477459957e+02 2.460851859165267683e+02 2.478370311525293630e+02
2.458391076851537207e+02 2.460831038690580783e+02 2.446915664061875759e+02 2.465543275361517885e+02
2.475301726948682983e+02 2.477272860320073278e+02 2.470387008684651562e+02 2.476523032824467236e+02
2.471523333516093999e+02 2.476692561140098974e+02 2.467823471494524199e+02 2.478201526478257222e+02
2.633655149735778878e+02 2.633225831203212124e+02 2.607026824701632108e+02 2.643315214566898703e+02
2.435936815094414953e+02 2.440428118118063026e+02 2.434040478017936948e+02 2.445026379305471949e+02
2.681468154269086881e+02 2.684232304991448359e+02 2.650210181677205128e+02 2.696979293866575631e+02
2.480547583049265086e+02 2.484019533495358303e+02 2.474017054265208628e+02 2.489948294031350429e+02
2.609737679820543690e+02 2.624700326078225316e+02 2.598057939111941437e+02 2.623955376156234820e+02
2.513580923456557628e+02 2.512885445224968635e+02 2.493173290383357141e+02 2.521350178064333534e+02
2.469703617386914232e+02 2.468953065573165873e+02 2.458489087060995928e+02 2.470717937701971891e+02
2.537435160935605722e+02 2.536283105110953784e+02 2.527300630520917935e+02 2.540537341468492798e+02
2.581570570228171846e+02 2.589233934742080692e+02 2.574701796036659402e+02 2.593862932293585573e+02
2.746082614895353800e+02 2.739137378181201825e+02 2.715600068699389453e+02 2.743173489719205804e+02
2.454718145468064279e+02 2.461162885704671908e+02 2.448450679754581358e+02 2.463567101834536857e+02
2.533777709401287552e+02 2.535885168748565093e+02 2.524042215921236902e+02 2.540269282212731241e+02
2.469946836119472948e+02 2.472045905739360592e+02 2.459148985033962447e+02 2.479318163257718197e+02
2.562527741126351088e+02 2.571618978670218212e+02 2.553322402988526107e+02 2.578833777725096752e+02
2.524551974043930898e+02 2.527309562775232052e+02 2.514178118262011026e+02 2.533407962828785571e+02
2.547554028518173652e+02 2.546936796633575284e+02 2.526152759272592618e+02 2.551406005948104792e+02
2.460892035058771796e+02 2.464252150423004082e+02 2.452159365251182805e+02 2.469974811430653290e+02
2.483117872727395081e+02 2.486760665352287276e+02 2.475270361904412084e+02 2.489519678045317335e+02
2.481229600993426061e+02 2.481713783544791738e+02 2.476905573602748518e+02 2.483154259370183752e+02
2.538207271748702851e+02 2.538092385223170311e+02 2.514882715997908917e+02 2.551807401731619507e+02
2.479572284182845578e+02 2.483426544835448055e+02 2.470621753050373570e+02 2.485155393435543942e+02
2.656869587321003792e+02 2.668354710087758690e+02 2.639891369447225316e+02 2.672659562111873583e+02
2.553063584146018457e+02 2.564668071225848962e+02 2.534413324308109168e+02 2.567042252733803025e+02
2.466246387855181581e+02 2.473552904888736919e+02 2.460404740629268474e+02 2.474629892380646652e+02
2.435625911145077680e+02 2.437002646252279590e+02 2.429678289086022858e+02 2.439661835305516036e+02
2.466442153888767166e+02 2.463853160987681861e+02 2.455987880961825454e+02 2.465881976577946944e+02
2.630577669200604873e+02 2.640405731130473441e+02 2.601606659782302700e+02 2.649348916231504631e+02
2.527218561587747558e+02 2.528643124351685003e+02 2.508058021879112687e+02 2.534025135530653756e+02
2.495493221052808508e+02 2.500129691558121579e+02 2.479933106175356841e+02 2.505671099782868225e+02
2.825004658265854687e+02 2.827772598049402859e+02 2.807162138072724247e+02 2.825098743459031994e+02
2.546919105366824567e+02 2.541410985160257496e+02 2.522342257629418327e+02 2.547932408846529597e+02
2.460462275483600649e+02 2.465587986309834605e+02 2.453232735117000232e+02 2.464462150320442504e+02
2.512037127720023761e+02 2.512668028550157544e+02 2.501301613754449136e+02 2.514000322680076351e+02
2.757124476986207355e+02 2.751591349336441112e+02 2.709167902255906029e+02 2.738944378518311851e+02
2.472799428170193323e+02 2.481215280678998454e+02 2.466245790884694884e+02 2.482973637439778827e+02
2.533968583834104322e+02 2.534559874066854661e+02 2.515847085253924718e+02 2.537580876363054472e+02
2.536742284707387682e+02 2.539464587052066236e+02 2.516535305288111886e+02 2.548215318921817811e+02
2.439737747738680866e+02 2.441481164687676255e+02 2.433783754661535284e+02 2.449074048483178103e+02
2.646247720853028795e+02 2.658541250515272623e+02 2.625017455476522059e+02 2.667537977064673100e+02
2.483923063888633180e+02 2.477227673632287406e+02 2.472625389266482614e+02 2.482957097394384505e+02
2.494234785921234732e+02 2.493332274997729598e+02 2.472554899558021475e+02 2.497516541541653510e+02
2.613467683940286861e+02 2.616182008201436702e+02 2.590679453370959777e+02 2.610458632038813107e+02
2.850637466397673734e+02 2.846690240772176708e+02 2.802833501365722100e+02 2.848968028604051597e+02
2.581711959456840191e+02 2.583760539525168269e+02 2.563289193727509314e+02 2.593795870114522018e+02
2.477491930594818825e+02 2.482240123023037484e+02 2.462571290028070621e+02 2.480703987061007467e+02
2.425198062936646579e+02 2.427900774168554676e+02 2.415079387209770800e+02 2.429390198617454644e+02
2.445672646339264134e+02 2.445511202254505179e+02 2.436770905192825012e+02 2.449296092248972059e+02
2.460274089644046285e+02 2.462256896756812523e+02 2.454563891182044415e+02 2.466071230689075549e+02
2.465591366903774428e+02 2.468012650821667364e+02 2.460149515521544856e+02 2.474529605867102759e+02
2.674127495823206004e+02 2.670692605274458629e+02 2.654245869814645289e+02 2.686526523827229198e+02
2.727410790192234913e+02 2.737275367877877557e+02 2.693542526696715527e+02 2.728694789246008554e+02
2.489374885040864172e+02 2.498197243148805171e+02 2.482583796226059860e+02 2.498200409665428481e+02
2.490498431786303684e+02 2.501287574647135727e+02 2.481637838403295291e+02 2.503500772999853723e+02
2.459564005566940921e+02 2.460042090633261864e+02 2.453998745790069052e+02 2.463786347023490180e+02
2.448076840510835268e+02 2.447667922952046240e+02 2.436412808947214899e+02 2.447177039917774835e+02
2.470116495090653643e+02 2.470966929451542455e+02 2.466094137563596860e+02 2.475194483774948253e+02
2.481026496931419558e+02 2.476116678311129249e+02 2.472456544360317707e+02 2.489074018442634895e+02
2.451126350157732645e+02 2.456398466741333095e+02 2.439742923595918285e+02 2.457951272437920238e+02
2.484387053910760415e+02 2.492336522181956298e+02 2.481468110741563180e+02 2.497585588363640454e+02
2.690867136648448081e+02 2.714697684938045654e+02 2.672496498161382306e+02 2.698296671189842755e+02
2.756423002375128704e+02 2.758588216841363874e+02 2.718881536586583820e+02 2.753708341606521799e+02
2.635685295719604255e+02 2.641926044163254801e+02 2.619904611329695285e+02 2.656109953565791102e+02
2.513554814232146271e+02 2.515460090462215135e+02 2.494657567298372101e+02 2.518782476724088042e+02
2.456831624352180086e+02 2.462270312047837422e+02 2.454183784638305212e+02 2.460008881874036035e+02
2.511207434698078202e+02 2.520667362012528372e+02 2.502247159177203173e+02 2.514882523831842889e+02
2.469572376982328592e+02 2.477207436111040693e+02 2.463537208217390742e+02 2.474765280480230558e+02
2.548762565285666426e+02 2.550537313295583317e+02 2.517889441904036403e+02 2.556914282964352481e+02
2.512170825995742689e+02 2.516067153779485466e+02 2.498540887031654165e+02 2.509841654902025141e+02
2.587194255376285241e+02 2.588952402250204727e+02 2.562728438173576819e+02 2.602119557520939566e+02
2.473629095668006812e+02 2.475173081780870632e+02 2.457374393347356261e+02 2.481299977102458740e+02
2.477546789741542170e+02 2.476745454488058158e+02 2.470412917654780642e+02 2.475354650156706100e+02
2.500520684535073599e+02 2.503536765555865884e+02 2.488297559937869892e+02 2.508625506978263786e+02
2.489312391088204208e+02 2.489751751683087662e+02 2.485310379689299509e+02 2.488127221659179327e+02
2.494989904811102406e+02 2.503655940384181235e+02 2.482052255977831976e+02 2.503128453274366905e+02
2.756210588245750159e+02 2.751420149766687473e+02 2.723809006638141454e+02 2.760744129067534800e+02
2.781048937153332758e+02 2.788644213300743218e+02 2.762892388589896768e+02 2.786366897131771907e+02
2.429533773250197157e+02 2.434592387184324878e+02 2.426684738202835945e+02 2.434213775408680931e+02
2.491168812810478244e+02 2.494193177471651666e+02 2.477911528718212821e+02 2.497314666814805832e+02
2.501420436010124604e+02 2.499013149167923018e+02 2.484801670719878359e+02 2.510686355984507259e+02
2.504609381632351699e+02 2.506673443587632164e+02 2.492744165077577350e+02 2.509610089467120133e+02
2.472619588601745590e+02 2.472179743962909981e+02 2.458747677645839076e+02 2.481137759162589305e+02
2.459306729589810345e+02 2.464468774146566830e+02 2.453447059742456418e+02 2.464343512572329473e+02
2.560360645193472919e+02 2.564466691378566452e+02 2.544606302886951994e+02 2.573710019295538700e+02
2.467776319606181801e+02 2.468430920197463365e+02 2.457922789652383244e+02 2.475395362784248618e+02
2.449784015578434833e+02 2.459853273911126905e+02 2.446180143290209799e+02 2.459711250966487910e+02
2.519026929347210455e+02 2.525964451566270839e+02 2.505354686573824949e+02 2.523143391623545710e+02
2.588839528203654368e+02 2.600648947293731794e+02 2.570402417888586228e+02 2.601266025645244326e+02
2.446920924957128989e+02 2.448048360825860073e+02 2.441779000691257124e+02 2.453112705281419608e+02
2.440938453114547144e+02 2.444164531116868773e+02 2.434698661982808403e+02 2.445221382583233094e+02
2.504079042819234076e+02 2.504016633923997119e+02 2.488240137708587270e+02 2.511263252890923638e+02
2.707295691676439446e+02 2.716123201286769699e+02 2.683345166240851540e+02 2.714583505339284102e+02
2.449901075543064906e+02 2.451669616504991609e+02 2.437648543959871290e+02 2.452778073130517100e+02
2.470546896257820606e+02 2.475473712112549265e+02 2.456010774726567831e+02 2.481753067311984751e+02
2.537639128271533480e+02 2.545485534134669763e+02 2.527345237025699873e+02 2.549132577403422033e+02
2.618501379627407459e+02 2.623998722719850321e+02 2.601726654657304039e+02 2.627119558394722958e+02
2.425904954602859505e+02 2.429081934105927587e+02 2.417539516095755516e+02 2.431994978929621993e+02
2.431595833796714032e+02 2.435686184522879500e+02 2.426317401540850653e+02 2.444643628654741576e+02
2.559458445741571211e+02 2.567038843517865416e+02 2.541308963933216489e+02 2.568370412823907145e+02
2.467925988868179275e+02 2.473799363718927395e+02 2.454923998015799214e+02 2.473151147447464098e+02
2.543682985855651282e+02 2.550124842090044410e+02 2.536140542234301449e+02 2.552039884604462543e+02
2.545971653694828660e+02 2.546805709684697376e+02 2.516854026007179073e+02 2.554739982570061443e+02
2.559989165877266544e+02 2.567764226629805648e+02 2.542900361076440277e+02 2.566581899169367489e+02
2.445147575521504564e+02 2.448257425461302432e+02 2.440235733846337496e+02 2.453543641098164017e+02
2.508475375374816565e+02 2.511546635783835768e+02 2.490714300934609469e+02 2.507812533080988828e+02
2.726824890528830565e+02 2.730193404647540092e+02 2.689227697874307523e+02 2.727438839361711871e+02
2.662741099560178100e+02 2.666531008021583489e+02 2.637470604623846953e+02 2.672561668798769006e+02
2.692897675516081790e+02 2.691766480419644836e+02 2.657067507600851854e+02 2.690814766924071932e+02
2.490510407314570216e+02 2.489017221935746420e+02 2.479849152133671453e+02 2.492053048101745105e+02
