2.581269024549915230e+02 2.583455044009974131e+02 2.570180099827527442e+02 2.591866987069122956e+02
2.830983231745313446e+02 2.839212115960100959e+02 2.815529841689491946e+02 2.836564503770185866e+02
2.574648892188322975e+02 2.576049684193438338e+02 2.566317511744093167e+02 2.574011153491991877e+02
2.555949973107877895e+02 2.551492913226706776e+02 2.546719542145420121e+02 2.555913486166185749e+02
2.640561876449074816e+02 2.643868174484179576e+02 2.631434497565937818e+02 2.645536990876055370e+02
2.591019656894845298e+02 2.585881248272980883e+02 2.579348702971037710e+02 2.591015050745672852e+02
2.572472255662727321e+02 2.575522810387437858e+02 2.567146160953431604e+02 2.575534487504615413e+02
2.568146890547603789e+02 2.572727884817650761e+02 2.565162017084308559e+02 2.572076739183646055e+02
2.724350744884612823e+02 2.726553429777679867e+02 2.709044159253694488e+02 2.733744784422946168e+02
2.580543331947148431e+02 2.576125768526119941e+02 2.569090420618651365e+02 2.581629990167880351e+02
2.602558367602895260e+02 2.603249353861530153e+02 2.596044696095851805e+02 2.609847541697022848e+02
2.568092944323584561e+02 2.572769180353993193e+02 2.556875296169008607e+02 2.569942206028518967e+02
2.595681986474563701e+02 2.589799782883646913e+02 2.589265929214065523e+02 2.595259017647430824e+02
2.970015993962588823e+02 2.968755282926088626e+02 2.950846445800445963e+02 2.968292879586400659e+02
2.654445194167719251e+02 2.657108008934963550e+02 2.639977065856691638e+02 2.658837071966332246e+02
3.016452840694838642e+02 3.011275315240231976e+02 3.002257610572688122e+02 3.007235483750717435e+02
2.642697808314999293e+02 2.654404529087329365e+02 2.641917617776175575e+02 2.656278306832273302e+02
2.605310830021413153e+02 2.606196333142610797e+02 2.593358402495634323e+02 2.605356774791914063e+02
2.917688257235966489e+02 2.914474638702617995e+02 2.898808926175624947e+02 2.910099082628535712e+02
2.577667420018291864e+02 2.577778260626987503e+02 2.567702772869873797e+02 2.580031076693770160e+02
2.629228559445663223e+02 2.636783164103723607e+02 2.615596164629907889e+02 2.638311907075654972e+02
2.558737612341804208e+02 2.556819926095358255e+02 2.548921262979393703e+02 2.561655982179452735e+02
2.749475285928872381e+02 2.749502387975977626e+02 2.738641376856641614e+02 2.751766513371293854e+02
2.596679626632493978e+02 2.591000706359740207e+02 2.588998633007487342e+02 2.591608764342313407e+02
2.822518839400421484e+02 2.831735852617981095e+02 2.795510621655450336e+02 2.824122695218065360e+02
2.514614518990321699e+02 2.515748697312229751e+02 2.502150744583414621e+02 2.517237896990506840e+02
3.000451216262912340e+02 2.993774070268579521e+02 2.983708452936941171e+02 2.988243783779059299e+02
2.752568276409285772e+02 2.757355905089915495e+02 2.717656444510679989e+02 2.751033411890750244e+02
2.530797578431608486e+02 2.528840179144287674e+02 2.523970850420308523e+02 2.533685150478011678e+02
2.570813853356728487e+02 2.570750366434416492e+02 2.563806767308883536e+02 2.574641366188798770e+02
2.682147639510593535e+02 2.691852623260542714e+02 2.666947231605842035e+02 2.687045281744495924e+02
2.647480883650441115e+02 2.647639561288844448e+02 2.643529061627457395e+02 2.646533168300040870e+02
2.757064506949296288e+02 2.767049765016483889e+02 2.740823980133667988e+02 2.769433314783294122e+02
2.603449736372760981e+02 2.601485613939145765e+02 2.588836501592289778e+02 2.604594870979439065e+02
2.595971638807025101e+02 2.602189323718828859e+02 2.590359611515053757e+02 2.607651706671354646e+02
2.592661815056941919e+02 2.594123033638039146e+02 2.582130978859658512e+02 2.595844192878542458e+02
2.555331485947233148e+02 2.555222095101164825e+02 2.547575439506867667e+02 2.553490994523734798e+02
2.658591313230825790e+02 2.659801163295361448e+02 2.631351249289250518e+02 2.661696215869609432e+02
2.569701519901254301e+02 2.569168222405646702e+02 2.561022519165032350e+02 2.568721306783326099e+02
2.559490978848620273e+02 2.567579988483383886e+02 2.555571774702557377e+02 2.571456784365322505e+02
2.714809972606609563e+02 2.726036028889876661e+02 2.702786257713386817e+02 2.722480125891285638e+02
2.583569044169440190e+02 2.585312993656205549e+02 2.574527657994646006e+02 2.594681185013050140e+02
2.960561180464218296e+02 2.967724730376061189e+02 2.950879649444417510e+02 2.963578483559014103e+02
2.565625472621615017e+02 2.567371693885436343e+02 2.561860141847089380e+02 2.574335395105022144e+02
2.634077022754752875e+02 2.636497310694218186e+02 2.624266299823534609e+02 2.641343354388789635e+02
2.607666502488588662e+02 2.611828710653866779e+02 2.598449793952178197e+02 2.617839365948494788e+02
2.629797270441806631e+02 2.629786919492399306e+02 2.614136192440297464e+02 2.641426794250656940e+02
2.562624458636936993e+02 2.563044707174484529e+02 2.557317286186306262e+02 2.564452903286110654e+02
2.541869004870203526e+02 2.544272984158982354e+02 2.533426286397602780e+02 2.546218260879421678e+02
2.630191679266893061e+02 2.629354692895446419e+02 2.616791797596877132e+02 2.637605857848857340e+02
2.877913139781713312e+02 2.882762457697716059e+02 2.857880240225275088e+02 2.887726152103916775e+02
2.763545514279635995e+02 2.774766524128622791e+02 2.748535285295874928e+02 2.779335569312275993e+02
2.959542232369153112e+02 2.959670396124798231e+02 2.933983730438656039e+02 2.944940846750569676e+02
2.589205925236589110e+02 2.587544916703326976e+02 2.579617059036842761e+02 2.596996983523911240e+02
2.771080112154022572e+02 2.787712905830360910e+02 2.758590805382023063e+02 2.785075717076411479e+02
2.555733338164096722e+02 2.560234559969239285e+02 2.554961780382864447e+02 2.561128156895585448e+02
2.809753226661624126e+02 2.822633433075101834e+02 2.790779385634763230e+02 2.808278489202899095e+02
2.583060540253920294e+02 2.587659554327905198e+02 2.586411634369387116e+02 2.590467641620874701e+02
2.556976405905785441e+02 2.554111736042165717e+02 2.548240959178026230e+02 2.553436481063642702e+02
2.550093664693936830e+02 2.545782809000016300e+02 2.538435874219120478e+02 2.550946562373804340e+02
2.614923565650265118e+02 2.610261042840931509e+02 2.606730108069312450e+02 2.613838779712301061e+02
3.036715818246011054e+02 3.030803910217847488e+02 3.020468345691053287e+02 3.023578249809895055e+02
2.622655813728629255e+02 2.625708880465220432e+02 2.615156850914937650e+02 2.631888240607035527e+02
2.732177813891368601e+02 2.730307459160474082e+02 2.712978673709394570e+02 2.738292886983862218e+02
2.570441918132224828e+02 2.574986621109432576e+02 2.559253050551331512e+02 2.570499697251747193e+02
2.573087811373863474e+02 2.570462898105258205e+02 2.563656992035548114e+02 2.568438547795093996e+02
2.591097378039295336e+02 2.592187765497269538e+02 2.581010363138034904e+02 2.595876975377287295e+02
2.623824401339672931e+02 2.621166550393137982e+02 2.612522881507753141e+02 2.630557711543662549e+02
2.592957383102784661e+02 2.590912430229115557e+02 2.579179018865260673e+02 2.594501780406006333e+02
2.624720943781457549e+02 2.624604829393050522e+02 2.615367569684233331e+02 2.634738730961025794e+02
2.562183370209098712e+02 2.561706538843524186e+02 2.556891939561409401e+02 2.564896079991848410e+02
2.979487887368323982e+02 2.971140893212988772e+02 2.957897392619846073e+02 2.977251674790122706e+02
2.866388190925084700e+02 2.873023729100036121e+02 2.856277771013224083e+02 2.877754633179621351e+02
2.550111175989850665e+02 2.548964523211672315e+02 2.538414567435993092e+02 2.551912832353648639e+02
2.787062351331931609e+02 2.803177976480794769e+02 2.761121387824246085e+02 2.797920375707316794e+02
2.572701797297702342e+02 2.575262123176067348e+02 2.563516205700321393e+02 2.576549473188309776e+02
2.569909486885653678e+02 2.565654059160988254e+02 2.563557426044503131e+02 2.570838202867703899e+02
2.579989509304508033e+02 2.581544704444008858e+02 2.574853929818062284e+02 2.577137728070307503e+02
2.560994045711944977e+02 2.566824955063287348e+02 2.554799926932364258e+02 2.572956740384523187e+02
2.588082496468466616e+02 2.592110362493761500e+02 2.581186670682203612e+02 2.593335482804134244e+02
2.590887639395693327e+02 2.592851216949355830e+02 2.584957841593468970e+02 2.599686116362257735e+02
2.563446155706494665e+02 2.563188483087856753e+02 2.561466659022111116e+02 2.566179779136869570e+02
2.514572759724979676e+02 2.515144407133637969e+02 2.510277204506418514e+02 2.518979054318548947e+02
2.592373101874995314e+02 2.597744258630276590e+02 2.583202428127358417e+02 2.598403415588058465e+02
2.675547146364950777e+02 2.678844652255724554e+02 2.666763995269336078e+02 2.681771653331899188e+02
2.804594900248712293e+02 2.807939403061756707e+02 2.787712486493503548e+02 2.808228696363843255e+02
2.714866898049077690e+02 2.714628376396114504e+02 2.696141434884117984e+02 2.720827066567133556e+02
3.026155074507097424e+02 3.033609968759845401e+02 3.013980244223824343e+02 3.020968672580023053e+02
2.708335981735949076e+02 2.724589959771528243e+02 2.697594802183969023e+02 2.720503529688939466e+02
2.772183476055521965e+02 2.772170840067076938e+02 2.742512314757904619e+02 2.775932336961244573e+02
2.528542138761644651e+02 2.528972622724066071e+02 2.519193961583561645e+02 2.535126637305881729e+02
2.550799723498402614e+02 2.557185100948874776e+02 2.549371593393099715e+02 2.557665279186518887e+02
2.686557838125976900e+02 2.694445365319862731e+02 2.666819662471474430e+02 2.695312769218935500e+02
2.763608904657219227e+02 2.775852506782673572e+02 2.737908029959529586e+02 2.769119992287490390e+02
2.590125364058837363e+02 2.592417556300978845e+02 2.585692934604182369e+02 2.594589383152403457e+02
2.594925424331588033e+02 2.602128022370202984e+02 2.583154275234087436e+02 2.609059886043019674e+02
2.840356567808749446e+02 2.842724182003079818e+02 2.818253857017704149e+02 2.853310548279379191e+02
2.610420204265918755e+02 2.616153383520691591e+02 2.601812505223809353e+02 2.616045954538077467e+02
2.554152029052233104e+02 2.555510595871095632e+02 2.550174053543012462e+02 2.562665731239763431e+02
2.742173754635822434e+02 2.749254890496596886e+02 2.723878257126198150e+02 2.747419420408833730e+02
2.633144020770536144e+02 2.631895373449105477e+02 2.620695840121692299e+02 2.635467089219184800e+02
2.542647116929536253e+02 2.542942338674555174e+02 2.540064811596455172e+02 2.549046375410584062e+02
2.628109469485319778e+02 2.624221710297757113e+02 2.612955877197858285e+02 2.626888944246303481e+02
2.577011214135006867e+02 2.579241074243323055e+02 2.568518449960576504e+02 2.585889969207466947e+02
2.572676948170222886e+02 2.572041491584709547e+02 2.563935953416121265e+02 2.576338676052208143e+02
2.600772549603026960e+02 2.604282109270809542e+02 2.580408921643727354e+02 2.603552630984563052e+02
2.579865255144071625e+02 2.580411763913016330e+02 2.582389447702562393e+02 2.583391336500738475e+02
2.739104934090482857e+02 2.742650778920651646e+02 2.719868659580864119e+02 2.746688668198256664e+02
2.624576648483998156e+02 2.633279066704686215e+02 2.631382485551831678e+02 2.631052924417866734e+02
2.569539970154754087e+02 2.569600081782708116e+02 2.566299376538362367e+02 2.570103954845274075e+02
2.634170650250794097e+02 2.632779997294618965e+02 2.627965314689576530e+02 2.639936049493720134e+02
2.690771360246967561e+02 2.697992916216393837e+02 2.677818352769680246e+02 2.704103777872153955e+02
2.865515524691372775e+02 2.863700711700989814e+02 2.843184737688284258e+02 2.869436860622514018e+02
2.665170784812244165e+02 2.664506683229539590e+02 2.650165581773299550e+02 2.675123938993378943e+02
2.703575509736830895e+02 2.712475256035587563e+02 2.690666050218831629e+02 2.709076401068170981e+02
2.777633356866616623e+02 2.775678390554489283e+02 2.754179414051287722e+02 2.777007415137870225e+02
2.555278116401553063e+02 2.558741281482492127e+02 2.550406811784762908e+02 2.564884212464367579e+02
2.601926982250326432e+02 2.607215273878260291e+02 2.596389020220144630e+02 2.604196534292006504e+02
2.591875260196463273e+02 2.586163967490991240e+02 2.583030484745277704e+02 2.588772578304724448e+02
2.560592480592818561e+02 2.561186551089597288e+02 2.557499568748185368e+02 2.562270443708473522e+02
2.559857532496062049e+02 2.561524822769424645e+02 2.554493743935068721e+02 2.565607444528193923e+02
2.648157399381856862e+02 2.653546767467616405e+02 2.640995606316040494e+02 2.655778113539964238e+02
2.547622492663619482e+02 2.553651036276931166e+02 2.541387197006623353e+02 2.556708759176581509e+02
2.628718610227620047e+02 2.632245624133159936e+02 2.618655852990794983e+02 2.633415893194111277e+02
2.601755850931315877e+02 2.608063620929509625e+02 2.588295997060581612e+02 2.607526012856503712e+02
2.713037707207003564e+02 2.732058242110516630e+02 2.698587027391129709e+02 2.725713001324756988e+02
2.555082038261964783e+02 2.553869851205284647e+02 2.547990214788734136e+02 2.553956744341820126e+02
2.634538485491427764e+02 2.635798492925404730e+02 2.619505559056449897e+02 2.632258477276685085e+02
2.581325482318289914e+02 2.589816691495271357e+02 2.577203589249021434e+02 2.594935403582985600e+02
2.548216464268353434e+02 2.549014668331346343e+02 2.544946815687735580e+02 2.551336165765036412e+02
2.594581058085061613e+02 2.601939005553201696e+02 2.580787015475714270e+02 2.609009862014242458e+02
2.548854957149015661e+02 2.548096588906815896e+02 2.542660544001761593e+02 2.549039630627886766e+02
2.540565618989141115e+02 2.536333951702519585e+02 2.528704779960985150e+02 2.543395818393788375e+02
2.594530522207837180e+02 2.595670134355322034e+02 2.588949181099826546e+02 2.600099300196399099e+02
2.713389546953148397e+02 2.716339153683286440e+02 2.700676556218758151e+02 2.727828770110451160e+02
2.553209563373081608e+02 2.561869536024544800e+02 2.547193897922364840e+02 2.558583910262958341e+02
2.579804674182382769e+02 2.575721747441403977e+02 2.570065176286289557e+02 2.579152516419557628e+02
2.603215413611535496e+02 2.604180362897949976e+02 2.591978472094485824e+02 2.609007606253478571e+02
2.580357171522534827e+02 2.589356558961949304e+02 2.579785753610886445e+02 2.587732437221131363e+02
2.688805423503064844e+02 2.692403919128687448e+02 2.668613045253795804e+02 2.684348456166657115e+02
2.553617314352343897e+02 2.552310976092784074e+02 2.545789068516601503e+02 2.556407906630172988e+02
2.566099882367565215e+02 2.565580805958699671e+02 2.555874422289962524e+02 2.575689355937425944e+02
2.811006594530177836e+02 2.809178156468234420e+02 2.786535400789472305e+02 2.818437364846022319e+02
2.579026785666191017e+02 2.580930993296811948e+02 2.575566082875441793e+02 2.591297756056299022e+02
2.555295099766085514e+02 2.555232894911640074e+02 2.549615651884206216e+02 2.563001454355349438e+02
2.585930236252588088e+02 2.582172341435550607e+02 2.576213747912076997e+02 2.592069336960974510e+02
2.697903823994828940e+02 2.704227475749975724e+02 2.679920168159524678e+02 2.712693103637691365e+02
2.613040427759721638e+02 2.615634790108512107e+02 2.607734407761566331e+02 2.616838469979783213e+02
2.562155852962337690e+02 2.572450410879034166e+02 2.558862055396727442e+02 2.565827658196105858e+02
2.640988095522972117e+02 2.654433639871267019e+02 2.630183090234181691e+02 2.657578644044347129e+02
2.744382001703589253e+02 2.747870750874374153e+02 2.721007664889044690e+02 2.755473596948672821e+02
2.544353017245163642e+02 2.547898867575558199e+02 2.544008898345466889e+02 2.547382428192994439e+02
2.595087768828353774e+02 2.598196730957685077e+02 2.597497025135268132e+02 2.595027382425437281e+02
2.616052425195100568e+02 2.607780749973463230e+02 2.607810211736118049e+02 2.613844550593677809e+02
2.623552897405638191e+02 2.634797642754851950e+02 2.609100849750827251e+02 2.630466515926472084e+02
2.854123579346123734e+02 2.846177778480637812e+02 2.826727043967326836e+02 2.837984522210651903e+02
2.787257475434554408e+02 2.786078208545471284e+02 2.749981770482633010e+02 2.774749082791725527e+02
2.540799614453296726e+02 2.549016776126047716e+02 2.533619387293068144e+02 2.548390973973106668e+02
2.647012103451739904e+02 2.649646938012180613e+02 2.635308535815589153e+02 2.658669831514656039e+02
2.582362801117858453e+02 2.587758381502866882e+02 2.572282937359972834e+02 2.584311967959934577e+02
2.546720175734803320e+02 2.547396652141753464e+02 2.543466020336667839e+02 2.556406834283178000e+02
2.650888732845581899e+02 2.655269749480939936e+02 2.650824291274922189e+02 2.654844867686559269e+02
2.781764964102336535e+02 2.785342135260096939e+02 2.758280090105604927e+02 2.777055304508162408e+02
2.747758125402073688e+02 2.748836451835512662e+02 2.724986031236918507e+02 2.742757267586889043e+02
2.582634649285770365e+02 2.587995615012397934e+02 2.576508262740680379e+02 2.585451184682151506e+02
2.562026522336070684e+02 2.560134625511086028e+02 2.552714826548406961e+02 2.561525639280676501e+02
2.595992358759278886e+02 2.590719249855072803e+02 2.584065927790837236e+02 2.592973822111778190e+02
2.774612008567403905e+02 2.775849015812937637e+02 2.760197104480653820e+02 2.787299950569993143e+02
2.966307046008358270e+02 2.968158605327991495e+02 2.940851479768121521e+02 2.957309325376521656e+02
2.609654217909429690e+02 2.614393934833697131e+02 2.596414123837553802e+02 2.613622811156694183e+02
2.727123738619835080e+02 2.725808503728142682e+02 2.699440609801054620e+02 2.732252418414293516e+02
2.671276728867803740e+02 2.670812254767077434e+02 2.653037403430307677e+02 2.679769702061194039e+02
2.947782172399545857e+02 2.957021356415986588e+02 2.949948507268927074e+02 2.945118586382893682e+02
2.642897216800791398e+02 2.649419175301581504e+02 2.635158457078477454e+02 2.651277505865348871e+02
2.628024312935741591e+02 2.622664139505336607e+02 2.609767614678278846e+02 2.626882868251767604e+02
2.601368072242285052e+02 2.607479671000532448e+02 2.600186162061060031e+02 2.601005252772042127e+02
2.572869426853373511e+02 2.572758000293165423e+02 2.565762045707153334e+02 2.573116454491102445e+02
2.571677819745949591e+02 2.572973219653633805e+02 2.566620732863704575e+02 2.575401814596361305e+02
2.560486440291566623e+02 2.556245188153530137e+02 2.556913564665680383e+02 2.563810821056456462e+02
2.585990412412682531e+02 2.592422978305264110e+02 2.585648638388286145e+02 2.591686827843848278e+02
2.617824009563028653e+02 2.615514187518531912e+02 2.599589928464451987e+02 2.615940823071169348e+02
2.664554482580414287e+02 2.670021747813866000e+02 2.651289647485759815e+02 2.663915393654484660e+02
2.546247726094549932e+02 2.550751447820922237e+02 2.530131518000054029e+02 2.555811334423286496e+02
2.936722014594652705e+02 2.939357895423868285e+02 2.923940466850934286e+02 2.943302171621922980e+02
2.693365165764299149e+02 2.695597911915517670e+02 2.678207702433700206e+02 2.695775677094162575e+02
2.614591048589347793e+02 2.623225393085017458e+02 2.608192439439697523e+02 2.619584637486791507e+02
2.943996247016854682e+02 2.947514086465458831e+02 2.926128980985646422e+02 2.941753987356970015e+02
2.788656691030080879e+02 2.798812372864426834e+02 2.759547235797345479e+02 2.799578386236080405e+02
2.556637045462219930e+02 2.560692781548903554e+02 2.547017965811283489e+02 2.563725898640851142e+02
2.587766218420151176e+02 2.588474841943947240e+02 2.579621136542754130e+02 2.585892823424694598e+02
2.569280228860584998e+02 2.563345019699073077e+02 2.561935939953615957e+02 2.565565553073528804e+02
2.893464709575377469e+02 2.895045288361362736e+02 2.864650008563425558e+02 2.882877557141153488e+02
2.947218897532254687e+02 2.959411502253761341e+02 2.928494749141518128e+02 2.943859082346685909e+02
2.626740679325457677e+02 2.624575205520647501e+02 2.618829631380137357e+02 2.629652475801137825e+02
2.787027473805386535e+02 2.795996180678288852e+02 2.767495198416156654e+02 2.792425681334071896e+02
2.606413406450391790e+02 2.609891340067048873e+02 2.594508884389139780e+02 2.617069651099640737e+02
2.619613203906293961e+02 2.621250508635993128e+02 2.603457860199656579e+02 2.624699744781544837e+02
2.661175721970106451e+02 2.667138346853421353e+02 2.655024994291235885e+02 2.671719147619218688e+02
2.549786258843958819e+02 2.549327205369528428e+02 2.546071438775349520e+02 2.554159445432172220e+02
2.881500873445385196e+02 2.880325289520075103e+02 2.852621854506811587e+02 2.874630410525171555e+02
2.565553327780803556e+02 2.565508216550330189e+02 2.564230538269010253e+02 2.564886892929849296e+02
2.714970614502676085e+02 2.721048474029125259e+02 2.697660182826126061e+02 2.723069905616759456e+02
2.706254203145958286e+02 2.706615626361116824e+02 2.679265913507404093e+02 2.707372174145922372e+02
2.992502916953537238e+02 2.993576436251826749e+02 2.980679706900084511e+02 2.987372447284723194e+02
2.560797420409389815e+02 2.558977279036675725e+02 2.559756324473175084e+02 2.560841427176937373e+02
2.599165385485002844e+02 2.602469472967896422e+02 2.600800663206075569e+02 2.602608879088483604e+02
2.666667534241220210e+02 2.668110508246036261e+02 2.650899504353593557e+02 2.672403682521391488e+02
2.588789490209913424e+02 2.589648455806789684e+02 2.590760586491207391e+02 2.586319943048067103e+02
2.844770352949163907e+02 2.842433626507961435e+02 2.830481227804336299e+02 2.846778033356378614e+02
2.698558749999543238e+02 2.694694757362410087e+02 2.680800245458883069e+02 2.698199131141360567e+02
2.702488188509222482e+02 2.702382165472924953e+02 2.686128336447625315e+02 2.708960639656290255e+02
2.575243185282731702e+02 2.576544279552353487e+02 2.567830839431776440e+02 2.577375683764872178e+02
2.555014683208163433e+02 2.559287271932545025e+02 2.555064105481355057e+02 2.560795571769007779e+02
2.751456453158860427e+02 2.749314365037717494e+02 2.725160461869866140e+02 2.758152350200794558e+02
2.569736563690823345e+02 2.571659637610163713e+02 2.563426732038822138e+02 2.568985166893434666e+02
2.619782572614488458e+02 2.621890584010189968e+02 2.611855612560970030e+02 2.626194459372254641e+02
2.641030742185163263e+02 2.650219215292528929e+02 2.634226419032297599e+02 2.649952276840531340e+02
2.638300790789005532e+02 2.634730366745986316e+02 2.622046291828350491e+02 2.639522912941168329e+02
2.902880156487104841e+02 2.908798432537050189e+02 2.882820430221777883e+02 2.908073801094121791e+02
2.564150966154665525e+02 2.566293177162225447e+02 2.556933908375791304e+02 2.565718359139094105e+02
2.608164382619148114e+02 2.607333216722896054e+02 2.611008467946217593e+02 2.609712662997514485e+02
2.539256716631121265e+02 2.538181215599080645e+02 2.532074037466367713e+02 2.542239867317323956e+02
2.588445278259291626e+02 2.593305639716724613e+02 2.572450994889589424e+02 2.597245262945701825e+02
2.598430407060776588e+02 2.595753248834000146e+02 2.587143872567082212e+02 2.602119522629068342e+02
2.618048766672301326e+02 2.622489646768470379e+02 2.607846172069613431e+02 2.616934472575582049e+02
2.571165361484175946e+02 2.573787795935481313e+02 2.560712680513979649e+02 2.577527791509615440e+02
2.692593577102974791e+02 2.693052533434099587e+02 2.675576337803906313e+02 2.696951153674852435e+02
2.569042064217751431e+02 2.564237667936328648e+02 2.565896289666541747e+02 2.573530732225470956e+02
2.901621616487120718e+02 2.903633426938061461e+02 2.872726726470042991e+02 2.905656382983222557e+02
2.694471958827207914e+02 2.686661863360270104e+02 2.660013861375377360e+02 2.691217334639966907e+02
2.593372889393126002e+02 2.594592093476387618e+02 2.586347632644365149e+02 2.594210300590110023e+02
2.618258341320888576e+02 2.620155652276397404e+02 2.611760175033953715e+02 2.620792379064166084e+02
2.656392543084781437e+02 2.663588038646046243e+02 2.646502669466521525e+02 2.656672739360305968e+02
2.616781059115465382e+02 2.617954018088435646e+02 2.607827472129023931e+02 2.620078561337950873e+02
2.546322949830625362e+02 2.542999125656173192e+02 2.538063870975012719e+02 2.545966609702447272e+02
2.634230185036818170e+02 2.638117363996947802e+02 2.620820151422639697e+02 2.645214167699014070e+02
2.596135778487006860e+02 2.602761747353139299e+02 2.584610300957814388e+02 2.595448755685717970e+02
2.572167232820472123e+02 2.573955439269817589e+02 2.559261537268463940e+02 2.579506372054611916e+02
2.646112234289497565e+02 2.651854624351385041e+02 2.634970062143988798e+02 2.646512177640976233e+02
2.527989020352127625e+02 2.527879247111521011e+02 2.522715907090344558e+02 2.525204552070052273e+02
2.855427320574586929e+02 2.847005145529081460e+02 2.818092222151064448e+02 2.861563734671781845e+02
2.573346855240760078e+02 2.572507955206893939e+02 2.567253757634912859e+02 2.576349831439264335e+02
2.569298843413737927e+02 2.569592151540371106e+02 2.568972085516429615e+02 2.575598929322865160e+02
2.564113365286781345e+02 2.557666150181285047e+02 2.553720033624934729e+02 2.565938365950522098e+02
2.597783223716562020e+02 2.596999294688807254e+02 2.591856308502277102e+02 2.605651590438666290e+02
2.638352089867849486e+02 2.640007803698898101e+02 2.630414779147783975e+02 2.641473678528122377e+02
2.569635940522626925e+02 2.576071986924120552e+02 2.568163037036129595e+02 2.578274689001050888e+02
2.581543701399388624e+02 2.585150171123126484e+02 2.566787038938888372e+02 2.583436718207487957e+02
2.810044590319166673e+02 2.825321667009220050e+02 2.797670064926197711e+02 2.832538884444185783e+02
2.563987305288052880e+02 2.563914528910224249e+02 2.558031572247013514e+02 2.566352120920518587e+02
2.699621418996175066e+02 2.708920863661726344e+02 2.678923321883490871e+02 2.708273616313704224e+02
2.792363910078788649e+02 2.798973831326177333e+02 2.790356061385062958e+02 2.793363119323550450e+02
2.574637501188415740e+02 2.576165616546579713e+02 2.570354407169966748e+02 2.578355338075332384e+02
2.705859765727868762e+02 2.703987766387072611e+02 2.687999896597474390e+02 2.708409636110908991e+02
2.612120864520659893e+02 2.615779681684743991e+02 2.602772913584391290e+02 2.614728852624886599e+02
2.648746425810288656e+02 2.642657452809512506e+02 2.631619497003491688e+02 2.651487763716244785e+02
2.678836143377737926e+02 2.685058558148235193e+02 2.666484768233107729e+02 2.680633986688898744e+02
2.983237167792777313e+02 2.994704092798627357e+02 2.981096314088378563e+02 2.973261625971232434e+02
2.656836924961480690e+02 2.655696554144341235e+02 2.635508310106313843e+02 2.657264046299490587e+02
2.596667800439250868e+02 2.587649718340591676e+02 2.575088296253139220e+02 2.597655099639176228e+02
2.665969873697104617e+02 2.668757571810504032e+02 2.650326115002861229e+02 2.676190363023349619e+02
2.593804673394305951e+02 2.597585459328516890e+02 2.586357097756944654e+02 2.593952446561288525e+02
2.553037012995625901e+02 2.559969255743324084e+02 2.541649287389199117e+02 2.560316934717705522e+02
2.557462891513986847e+02 2.554967944931782711e+02 2.551072861376281935e+02 2.561039329629986128e+02
2.774168667263698467e+02 2.777584285294424262e+02 2.742469172906455697e+02 2.777092941583954939e+02
2.565133199881550468e+02 2.562514534136280986e+02 2.561180748041608126e+02 2.568353034197735383e+02
2.654316005211409788e+02 2.660008029223008634e+02 2.647764248250672949e+02 2.659249704290732552e+02
2.603020308987943849e+02 2.600491475101635501e+02 2.584552314655406349e+02 2.603252806725138839e+02
2.519918772846160948e+02 2.522721047737634024e+02 2.515674347038523138e+02 2.528072483864648632e+02
2.608053991568850734e+02 2.607950608290465766e+02 2.606262333115960814e+02 2.606236308991287274e+02
2.634486272759078247e+02 2.645869814861758869e+02 2.619038450695875326e+02 2.643077780995607782e+02
2.603151348028699772e+02 2.605271485637578053e+02 2.595356823334233241e+02 2.603321095880993425e+02
2.781521321177493178e+02 2.779477889689208041e+02 2.749002619957404931e+02 2.777474262409588164e+02
2.544338604223692357e+02 2.550150213190938757e+02 2.543006428191987993e+02 2.548498556574604379e+02
3.040345462500501412e+02 3.041088463231649257e+02 3.029321092159709679e+02 3.036870123195053566e+02
2.657734135051101703e+02 2.669071597137052549e+02 2.644889632672478115e+02 2.666855908518000433e+02
2.854482203566288945e+02 2.855710026631571168e+02 2.838894180006762440e+02 2.863080301838927539e+02
2.588882809001652845e+02 2.586525349815950108e+02 2.579708943921355626e+02 2.586510819221248880e+02
2.723665622043881172e+02 2.732189170396677582e+02 2.703558267673352589e+02 2.727376860961991838e+02
2.733223175488419088e+02 2.738013010834146144e+02 2.715998918846019023e+02 2.740609460115426259e+02
2.552814917914918453e+02 2.552478000540337462e+02 2.545259103274290737e+02 2.554972665441604533e+02
2.577823722414565282e+02 2.582863102111818421e+02 2.569054882411350604e+02 2.586878512726926260e+02
2.659159124084286532e+02 2.666439911864538885e+02 2.641612591215884436e+02 2.667515218361682514e+02
2.519868330506145071e+02 2.521540163867555862e+02 2.514123353011196116e+02 2.527602366445743201e+02
2.623802862898124886e+02 2.624316347962525811e+02 2.622808682988013516e+02 2.624769254167567283e+02
2.533454368592355763e+02 2.537552177435818805e+02 2.530377512869530108e+02 2.538531833921402381e+02
2.806955311315365407e+02 2.817562556497729247e+02 2.786311822402485063e+02 2.816368977150047499e+02
2.623039848278551744e+02 2.620074917875958249e+02 2.609058690671196246e+02 2.623495263288646129e+02
2.993483382299924074e+02 2.982426375866652393e+02 2.981269368752388118e+02 2.992814005264939397e+02
2.638337206123624696e+02 2.636192578169369654e+02 2.624967595385584787e+02 2.647180964933970131e+02
2.701717298727537013e+02 2.706494922941117807e+02 2.686517463899098175e+02 2.697126852689454495e+02
2.612068423847650820e+02 2.623353358717257606e+02 2.615325283615380272e+02 2.617438493894337057e+02
2.903169574178253924e+02 2.901533471047106332e+02 2.886826238357549528e+02 2.896725263358829352e+02
2.895871644007282839e+02 2.887601854011588784e+02 2.868378317986419574e+02 2.884533246259196062e+02
2.613205147894264542e+02 2.613530847637726424e+02 2.601113740794035039e+02 2.614950452628234530e+02
2.667765591550613067e+02 2.669920461605721016e+02 2.656444544557325003e+02 2.671394382833385066e+02
2.624738019607024171e+02 2.628932544603885617e+02 2.611666085815627412e+02 2.635818441934844714e+02
2.649777433071541282e+02 2.650074851649283687e+02 2.627439313525867419e+02 2.655803677427164189e+02
2.958323571386341655e+02 2.978093009937744569e+02 2.954442207415177677e+02 2.962664114610616366e+02
2.938639601900979414e+02 2.932891529666860038e+02 2.928566203373453050e+02 2.931767278166400388e+02
2.577052986275864441e+02 2.571714273893294376e+02 2.564357097221525237e+02 2.578864835257151640e+02
2.533507294683558939e+02 2.538251500304671708e+02 2.526369216657051311e+02 2.543160206504269354e+02
2.603003395062455070e+02 2.607328044512407814e+02 2.586975886243326386e+02 2.611340645458142262e+02
2.682814394646047162e+02 2.682336156885734795e+02 2.660526111601027424e+02 2.685913762016525652e+02
2.575060374628595241e+02 2.573830892784902744e+02 2.565484088638446565e+02 2.580429989270793385e+02
2.576619696707548997e+02 2.574685844548727118e+02 2.570336670439929776e+02 2.583005037196870148e+02
2.575789654288440147e+02 2.574198010217667729e+02 2.569962529857425579e+02 2.575480005231221980e+02
2.738332352507724750e+02 2.751706231213827323e+02 2.731522455187815126e+02 2.757698961537960827e+02
2.531781164575437231e+02 2.534977187004612631e+02 2.526861361869657401e+02 2.537578090702663474e+02
2.622625129173115397e+02 2.623279803453678483e+02 2.607810348250003472e+02 2.624527744593344210e+02
2.598234824334993505e+02 2.599795099503130587e+02 2.589479014149605405e+02 2.603735877856669276e+02
2.701262898918893711e+02 2.701095807966601683e+02 2.681804084630349507e+02 2.702725517448773758e+02
2.538927040738337269e+02 2.540156180285389098e+02 2.527101211625004282e+02 2.543385777471883955e+02
2.747986215331025051e+02 2.754214844413600645e+02 2.729871651337357434e+02 2.754415333222762570e+02
2.889215199333080477e+02 2.909298416140865129e+02 2.872470666706368547e+02 2.892280805626548954e+02
2.962469887527665833e+02 2.974315362230000801e+02 2.970118900631056817e+02 2.967692507419042727e+02
2.568675497006813657e+02 2.571948962302091104e+02 2.563230832909735000e+02 2.571380448143059994e+02
2.648273291514119592e+02 2.656828402051115177e+02 2.636938744220591389e+02 2.657409598536108319e+02
2.657893106080784378e+02 2.656561917613159949e+02 2.639772318844488836e+02 2.671818492649426844e+02
2.638464114323385274e+02 2.641146525971248025e+02 2.632559813183289634e+02 2.646803347038629113e+02
2.628044792977988209e+02 2.633740165274366518e+02 2.624429920882312786e+02 2.632538354514444450e+02
2.807069320207236842e+02 2.809232065198058308e+02 2.787027903096737305e+02 2.806439420141603591e+02
2.535312450796806445e+02 2.540695775307692656e+02 2.530320693251411228e+02 2.542473458457854179e+02
2.564886331456308994e+02 2.568758430882919583e+02 2.564564260177432402e+02 2.572154933244997892e+02
2.556313930542178809e+02 2.561833388440514909e+02 2.551326275626813924e+02 2.559026825458692826e+02
2.597888221817834165e+02 2.596835121412337344e+02 2.589034979290902356e+02 2.600433203353662179e+02
2.620820111774013412e+02 2.629338087549235752e+02 2.610906157675516965e+02 2.631522660883495632e+02
2.755925875532004170e+02 2.759692506580686313e+02 2.728289091322952231e+02 2.758106693812080721e+02
2.599968727128024284e+02 2.599086328924720988e+02 2.598312201428531125e+02 2.601653978121485125e+02
2.673789096541989920e+02 2.684608109333588004e+02 2.665748286930719928e+02 2.690448950232421907e+02
2.748451528866651188e+02 2.748943712906310566e+02 2.726958071461208419e+02 2.755657757920097879e+02
2.542562726825074435e+02 2.542195811209354304e+02 2.539171263206044955e+02 2.546694579619092167e+02
2.502228303434537793e+02 2.505403011473362653e+02 2.494419447247923358e+02 2.506703291182576265e+02
2.818960038960875067e+02 2.826383155523333244e+02 2.800242108958714766e+02 2.839541251739502172e+02
2.686828941453381390e+02 2.686514376179768533e+02 2.676068400718220346e+02 2.695611492189499927e+02
2.553743655318047558e+02 2.554679604948755127e+02 2.544570844132489356e+02 2.556877556177041129e+02
2.608967044555492407e+02 2.604122404686193590e+02 2.591205557422075003e+02 2.614080683810452115e+02
2.612411387036158885e+02 2.616779733963098238e+02 2.606689335870477180e+02 2.619070567122539615e+02
2.549737932504068851e+02 2.546543785404682012e+02 2.543825992485580230e+02 2.547307514916754769e+02
2.594323278330771245e+02 2.600084557211555989e+02 2.584327830181610466e+02 2.608713056043769143e+02
2.609039805018131801e+02 2.614963011241638924e+02 2.597407937247782002e+02 2.618599392106910955e+02
2.639067306982731793e+02 2.641482761624866384e+02 2.637873875011103451e+02 2.641964103338037262e+02
2.560656847347227654e+02 2.564316540381316258e+02 2.552119752094882017e+02 2.562825734698756150e+02
2.634144101427388023e+02 2.643988376409222383e+02 2.626631671563089867e+02 2.647236775020195978e+02
2.667243915525031639e+02 2.660235672208113442e+02 2.645397259551134539e+02 2.664793762494952603e+02
2.600676624006522957e+02 2.602627202730370186e+02 2.592577301747085130e+02 2.604211901852403344e+02
2.602838325389221268e+02 2.608009745625819278e+02 2.592745614382892541e+02 2.605244937820636437e+02
2.594985576098911793e+02 2.595824825538783216e+02 2.590731731739213615e+02 2.594076534169326465e+02
2.789195404135251124e+02 2.803868256145626674e+02 2.763068379920605366e+02 2.799813872449303744e+02
2.676671046765089272e+02 2.673980032055196716e+02 2.646496701534393310e+02 2.677051481937236872e+02
2.713985320045957224e+02 2.720490520847758376e+02 2.689151461321206398e+02 2.725881396631621669e+02
2.674892350084136297e+02 2.678794611118894977e+02 2.658918553968967444e+02 2.675890348802913650e+02
2.550356331810891106e+02 2.557087920564140973e+02 2.548410133384769551e+02 2.561445778735916292e+02
2.556198668106056857e+02 2.561545385389956095e+02 2.553711417180963679e+02 2.565636451075351374e+02
2.895828101480831833e+02 2.897355815601811173e+02 2.877572897672829413e+02 2.906146910401361083e+02
2.827722902790117701e+02 2.842432470617549143e+02 2.810602148314431474e+02 2.834493862766037182e+02
2.580195524130694480e+02 2.586255827594231960e+02 2.567005215852780111e+02 2.587615756754714766e+02
2.518978553809681955e+02 2.517314089280677649e+02 2.508070142040240000e+02 2.520326282014667356e+02
2.587388124765436714e+02 2.584119427554542767e+02 2.587481948407642562e+02 2.589900710958839340e+02
2.696172765966705356e+02 2.696157459307376598e+02 2.673394294604142942e+02 2.695265675626059192e+02
2.679091518599230994e+02 2.691195974332338778e+02 2.669085245068195604e+02 2.689540914278176160e+02
2.658345445244266898e+02 2.664467251759945725e+02 2.642175026470090415e+02 2.665048315564058612e+02
2.551323557096724244e+02 2.554746082906946469e+02 2.540011953955145145e+02 2.555338108628693305e+02
2.601252398256606284e+02 2.606825622759868111e+02 2.595187596470760241e+02 2.604023718616630845e+02
2.992893537013836749e+02 2.987691344732559173e+02 2.971837881646600295e+02 2.993060439011710514e+02
2.917033063216046003e+02 2.921871958109254024e+02 2.894216717156044751e+02 2.917354975580659016e+02
2.689987770398178668e+02 2.696089316137060905e+02 2.672699704438437038e+02 2.695423856982374673e+02
2.575716370580282728e+02 2.580894445147262672e+02 2.566222256854703687e+02 2.580107464149436396e+02
2.706977525923407484e+02 2.706135985524829835e+02 2.690304550012850768e+02 2.707333395897596233e+02
2.736998666406157099e+02 2.736813027291674416e+02 2.716102420821083001e+02 2.730717721734132510e+02
2.575534502148672686e+02 2.579450385173811924e+02 2.555738553597755640e+02 2.583163049943327110e+02
2.862648472919153164e+02 2.869792803050379462e+02 2.853786437480446239e+02 2.864860043436331694e+02
2.605790994728119472e+02 2.606634167611335897e+02 2.599929898725409316e+02 2.604878634719156594e+02
2.623339671075740398e+02 2.637005833112112896e+02 2.614625084800297827e+02 2.636895335646675562e+02
2.530061024096387712e+02 2.531833145332384447e+02 2.527306979739476844e+02 2.533307686299917521e+02
2.904236801919860795e+02 2.903062980122742829e+02 2.877495970057655086e+02 2.910613645281921436e+02
2.580851309746998368e+02 2.582008325485550131e+02 2.573117826025030581e+02 2.583221690825218388e+02
2.661141853524748626e+02 2.666132448045165688e+02 2.635684251152707134e+02 2.666634573257367151e+02
2.602050041936637967e+02 2.607290529800693548e+02 2.586097758328132841e+02 2.604871785352995062e+02
2.532941196076610879e+02 2.537185680942604620e+02 2.527069449057727581e+02 2.538068380885675879e+02
2.608809843171673037e+02 2.611691857026196431e+02 2.594004011726493673e+02 2.617602793556700931e+02
2.944833407822617914e+02 2.947513912134938892e+02 2.935452391312199438e+02 2.946115415869056733e+02
2.719200391667453687e+02 2.720360383739638337e+02 2.694610279700312958e+02 2.721869322513962288e+02
2.573705587227598244e+02 2.575145564910977214e+02 2.566568804010037752e+02 2.579051804964572625e+02
2.691240066239656699e+02 2.706405011834472703e+02 2.670708723939449101e+02 2.703189720309172799e+02
2.525435561851377315e+02 2.522100624943894331e+02 2.521911806648269589e+02 2.528647330186800843e+02
2.603653404975688659e+02 2.602250401849574359e+02 2.600375218936019337e+02 2.610776150652695833e+02
3.015419228784624011e+02 3.011619824536612668e+02 3.002634561887236373e+02 3.006247857803208490e+02
2.578668804107003325e+02 2.575284469226558031e+02 2.573408606524782840e+02 2.579340781001315008e+02
2.687848368670084369e+02 2.688921817000527312e+02 2.669458982419309336e+02 2.692739691084337892e+02
2.590198577844743681e+02 2.592648827122316106e+02 2.578001247193535619e+02 2.596060472305679241e+02
2.630834556834502678e+02 2.626324646386360655e+02 2.627131290228763305e+02 2.625240501509697992e+02
2.608286641072677980e+02 2.610220310283929734e+02 2.597338880136209696e+02 2.615164128094249349e+02
3.016923010357828048e+02 3.025072381030985866e+02 3.011681594422015564e+02 3.008442192953492054e+02
2.560562868304155018e+02 2.562165035457925342e+02 2.557739633015868606e+02 2.564447569950001480e+02
2.534109276922439449e+02 2.538412799503433348e+02 2.531554255783404983e+02 2.538964239253290316e+02
2.536097197575267046e+02 2.542198758482466587e+02 2.537859781983105734e+02 2.552461636293599554e+02
2.594573809479429087e+02 2.598490546952723435e+02 2.593310865308362736e+02 2.608254795370571628e+02
2.591178215159408182e+02 2.593947076805321217e+02 2.577336629406236739e+02 2.596821303652396296e+02
2.565582134437799482e+02 2.565223796417880635e+02 2.556604603149742729e+02 2.572519411851490077e+02
2.642370587680334211e+02 2.642357521102294982e+02 2.628954565620599055e+02 2.640834753187801311e+02
2.553826300568246097e+02 2.558385826533559282e+02 2.546909496064481573e+02 2.563974279339312830e+02
2.625076123296540231e+02 2.628405293813645471e+02 2.607050135923688572e+02 2.627879725354059133e+02
2.535700614959552865e+02 2.536148282393204738e+02 2.530387357995739990e+02 2.541298381530955908e+02
2.638288777215515211e+02 2.643725132687703763e+02 2.614253694540390711e+02 2.643958395604886960e+02
2.573767454274052966e+02 2.573471875545662328e+02 2.563176888043556687e+02 2.573313274913735427e+02
2.594243775748975054e+02 2.601723162158061200e+02 2.589155510487972833e+02 2.600099030448847088e+02
2.594056853761989032e+02 2.594243448641167333e+02 2.587376218036662863e+02 2.599587633393596775e+02
2.583396675639487512e+02 2.587939026548382344e+02 2.574381027798736454e+02 2.585578170597627263e+02
2.573026338687564589e+02 2.567730345292332004e+02 2.566907129334649085e+02 2.579504779942911341e+02
2.877119915617286665e+02 2.873193266578983867e+02 2.866891174873015871e+02 2.873324842124632710e+02
2.615453217677621751e+02 2.610002244098533311e+02 2.607934794123476081e+02 2.616980509705033455e+02
2.587002682953209387e+02 2.585126553012560180e+02 2.582047808453024231e+02 2.590927075828621469e+02
2.849366106970019246e+02 2.851132359704500345e+02 2.829786650898035418e+02 2.857116996957777815e+02
2.544012425567525497e+02 2.539498157647245193e+02 2.527033864613151195e+02 2.540754693377820104e+02
2.561107647741763458e+02 2.564239863042561183e+02 2.559687854543111598e+02 2.568227587716802987e+02
2.530002426140747502e+02 2.526793210034556978e+02 2.519273689478719405e+02 2.524817319672973497e+02
2.687027803238202068e+02 2.689882560646453271e+02 2.666930337313668815e+02 2.687617660943350302e+02
2.604418795276504284e+02 2.604038309612668058e+02 2.597508457411111635e+02 2.612314451898288894e+02
2.615867458864495916e+02 2.628981444322367338e+02 2.605715704064015767e+02 2.629892802335596684e+02
2.596636918358756247e+02 2.595905482328975609e+02 2.589936017226070248e+02 2.600107282573360408e+02
2.673205687165601603e+02 2.676450894959954780e+02 2.645151785653032448e+02 2.681009256322709007e+02
2.537799812420502406e+02 2.541583741609521212e+02 2.533436161527378374e+02 2.539683631099361776e+02
2.762244160950479568e+02 2.762600391969833140e+02 2.743435333887412639e+02 2.761483352852024495e+02
2.559501049331122147e+02 2.559233467409469824e+02 2.549575334240775817e+02 2.556509068704287131e+02
2.648637913839564817e+02 2.657011653049325446e+02 2.635800242685677972e+02 2.659380665916322073e+02
2.808285089147545364e+02 2.812743467642780502e+02 2.791661841678281348e+02 2.813029556320576035e+02
2.674811371776788747e+02 2.674942868852978108e+02 2.648652231750743340e+02 2.675850214585872777e+02
2.713565290711448483e+02 2.721968552215590762e+02 2.699937792762533491e+02 2.715734255916090092e+02
2.654119088172957390e+02 2.655140554763730165e+02 2.643243319575435066e+02 2.659453190100581423e+02
2.695136385628747462e+02 2.705637312184343841e+02 2.675940904601965826e+02 2.703302330610425770e+02
2.579036588020302929e+02 2.589847177706145089e+02 2.572656827667523203e+02 2.588072526216882920e+02
2.590860037788206114e+02 2.596127878477234390e+02 2.591364916265932834e+02 2.602113506720855298e+02
2.710031057120179412e+02 2.713546600793396806e+02 2.690620213450991969e+02 2.707837787122729765e+02
2.571036249425969800e+02 2.565712002714030291e+02 2.552379049981864512e+02 2.568608480343223164e+02
2.677034431868864317e+02 2.689469335795496363e+02 2.664609208770871192e+02 2.685624587896977573e+02
2.885667644555975357e+02 2.886717880607166080e+02 2.849241178139855037e+02 2.880001502964140059e+02
2.575974248239537019e+02 2.577914045456269605e+02 2.565436734114997535e+02 2.584102221148473859e+02
2.776355938562221013e+02 2.775214376293224632e+02 2.745843149034709541e+02 2.771934692826361584e+02
2.658239359446101844e+02 2.667532574780067876e+02 2.648211565419902627e+02 2.670716833243092765e+02
2.609689704978384839e+02 2.611804192851402036e+02 2.600936004714620253e+02 2.613606193302852603e+02
2.599975463693414781e+02 2.601274460504601507e+02 2.590238835836623821e+02 2.603041383008583125e+02
2.573460587954031666e+02 2.575846397056514547e+02 2.562380640477030624e+02 2.572513337249865231e+02
2.871161805753957879e+02 2.864566460582082641e+02 2.841334177034326558e+02 2.865460940454069032e+02
2.711117159601407707e+02 2.719219802423788224e+02 2.690395816839146619e+02 2.717740778385350495e+02
2.612918745832887453e+02 2.618482802009973511e+02 2.604195847018746122e+02 2.615493073498324748e+02
2.921002510225886226e+02 2.912556641565738005e+02 2.899098314310913338e+02 2.915679808766934684e+02
2.632499005297237318e+02 2.634852121808414154e+02 2.627516327882680116e+02 2.641225470722713453e+02
2.542094895567230992e+02 2.554013864918285037e+02 2.542708661523698481e+02 2.548587111355606112e+02
2.691523886685599223e+02 2.695193058988098755e+02 2.680394664584483166e+02 2.697093382192149988e+02
2.675743905833669487e+02 2.674335936918573680e+02 2.657168068898128013e+02 2.681750260786212152e+02
2.556004072525844322e+02 2.562489642170692150e+02 2.553395184499919992e+02 2.564488017777824780e+02
2.545426519843037170e+02 2.546436193962830998e+02 2.532802595697394281e+02 2.548924531396571354e+02
2.574285717747626450e+02 2.573777520341789113e+02 2.571962841019977191e+02 2.577798063923536347e+02
2.656520339731041531e+02 2.664255544470894961e+02 2.642569723242270925e+02 2.658566013793682714e+02
2.600946050409127679e+02 2.601824480662252768e+02 2.584715646450376312e+02 2.612150852979377760e+02
2.556334400935060387e+02 2.562417649813743310e+02 2.552583753871579404e+02 2.565409627026382964e+02
2.629991495331206579e+02 2.626817886294779782e+02 2.609758512745581243e+02 2.629285851715416698e+02
2.533192494635034393e+02 2.542780763583545252e+02 2.535690323700998192e+02 2.540367588497254303e+02
2.923934894460836063e+02 2.923207327904675026e+02 2.916229192416100204e+02 2.923502173653565706e+02
2.552273489262658757e+02 2.556131997945477963e+02 2.546666223693503639e+02 2.561334034965985325e+02
2.843146626126267051e+02 2.845622265193810563e+02 2.827097966249482965e+02 2.831312772146376346e+02
2.646763280314705753e+02 2.643922476527965273e+02 2.638822350245553139e+02 2.648649113462054743e+02
2.889369131500208709e+02 2.877363170833527874e+02 2.873888144427401699e+02 2.885327754632522783e+02
2.542398723079249976e+02 2.543107418536009732e+02 2.530244202548360306e+02 2.547509537332090588e+02
2.567242198477053989e+02 2.569593828259360748e+02 2.559697838925774818e+02 2.572311855186359253e+02
2.616009253074584535e+02 2.615463487023126845e+02 2.611145332229759219e+02 2.617803812521901818e+02
2.590859102352137597e+02 2.587123913709952490e+02 2.586284785167023870e+02 2.589579153870066648e+02
2.585363590894294816e+02 2.588035341431533425e+02 2.578201464883130143e+02 2.586673778364553300e+02
3.040603666467475250e+02 3.043683123711578560e+02 3.029326983996919580e+02 3.037243922453488949e+02
2.590875484352238232e+02 2.595001239042728116e+02 2.582924187159889016e+02 2.594353383005995397e+02
2.774096276266622567e+02 2.777845504505897338e+02 2.755448935399697348e+02 2.772184152416164693e+02
2.580632386028254359e+02 2.581926979656378762e+02 2.571417332149760000e+02 2.590952119804701397e+02
2.577682622213999366e+02 2.580635264266960007e+02 2.563307288385224183e+02 2.584215992753200339e+02
2.579727888496287846e+02 2.582571597882796937e+02 2.578485561423838703e+02 2.575830604923045826e+02
2.595856194241802086e+02 2.597348958205171812e+02 2.577181362650037499e+02 2.600141782342064403e+02
2.826091075553089809e+02 2.834824697175968709e+02 2.805299295285444146e+02 2.838592703763820850e+02
2.671324206163938015e+02 2.672439293716360567e+02 2.650889599671590986e+02 2.680179812648945585e+02
2.576135400113823835e+02 2.581143698297759101e+02 2.571806033491918697e+02 2.581809947890304215e+02
2.704190975056681054e+02 2.699226177364978980e+02 2.674457132376753066e+02 2.704444332444979864e+02
2.598759150953872563e+02 2.607536454319957215e+02 2.591073505461453124e+02 2.611998182931926067e+02
2.609646124659251996e+02 2.607289148568489736e+02 2.606517805487664532e+02 2.611284247446347422e+02
2.552454311009924481e+02 2.553498931379867258e+02 2.551043514526474212e+02 2.558903154263725241e+02
3.027086724660719028e+02 3.021551093857237902e+02 3.009614509825751156e+02 3.015599838573137959e+02
2.586287035668096905e+02 2.583483204965019695e+02 2.581092025817132480e+02 2.590433157551257750e+02
2.741753845200132105e+02 2.733282944639446441e+02 2.720583081868946351e+02 2.746505019803854566e+02
2.535323195923312483e+02 2.539292625212619612e+02 2.530662211255210821e+02 2.536595846624978776e+02
2.513106170271171891e+02 2.513739483223725415e+02 2.503834197740396803e+02 2.514728532183881669e+02
2.595652624279766769e+02 2.601253698245997157e+02 2.594257081204387418e+02 2.603188787283420425e+02
2.974471661685144568e+02 2.964578589933347530e+02 2.939948563408606788e+02 2.959972246969707044e+02
2.647099252588072318e+02 2.655573915881652169e+02 2.630379277874617401e+02 2.654089951881507545e+02
2.567896313592371484e+02 2.570564274896682946e+02 2.568352703066063896e+02 2.570384152360685448e+02
2.641781215692772662e+02 2.650916812222901626e+02 2.629003574881338068e+02 2.662763942799505799e+02
2.670263208594285516e+02 2.672339009509400967e+02 2.651592072436952208e+02 2.680782524546081618e+02
2.540327770157692271e+02 2.544925367377865655e+02 2.530331367822985555e+02 2.544433158366456666e+02
2.710487393462998398e+02 2.717776166039096211e+02 2.695473667538924474e+02 2.718726055715380312e+02
2.566772686390146418e+02 2.570380913264105516e+02 2.561448602274501809e+02 2.570052621430313593e+02
2.597589775387585291e+02 2.597979537078770136e+02 2.581802108389643990e+02 2.593783232225812299e+02
2.652944161977101771e+02 2.649882951376414439e+02 2.644798486413527030e+02 2.651096469713991155e+02
2.558453087598440732e+02 2.555716807011642686e+02 2.542887178054036781e+02 2.559955241015982494e+02
