2.507235139746711354e+02 2.510266105481770751e+02 2.492907569642297858e+02 2.511592545040158484e+02
2.944170690599938212e+02 2.963028789307821285e+02 2.944464916594628789e+02 2.949639728097350826e+02
2.500089877849996469e+02 2.497993433283045306e+02 2.487346520351890717e+02 2.507603208711983882e+02
2.556076572609354400e+02 2.566365444218610605e+02 2.551001379321136540e+02 2.567558556607833680e+02
2.633114034252064926e+02 2.635307503545278109e+02 2.614576569345464350e+02 2.641424225807648440e+02
2.468645844042933390e+02 2.482276652804413004e+02 2.466554338996392630e+02 2.485054660227152397e+02
2.527367888908912903e+02 2.530512444295080456e+02 2.515705582166578722e+02 2.532383527018533016e+02
2.884434846255536513e+02 2.894085366639353083e+02 2.856617835407888606e+02 2.886260996431220178e+02
2.501414748395263530e+02 2.504176867458057245e+02 2.495155216043321502e+02 2.509950300197890556e+02
2.512371057848378086e+02 2.516922310802782192e+02 2.513374010282452673e+02 2.518940171606876106e+02
2.532243775317519123e+02 2.527859560609836933e+02 2.515624162084116904e+02 2.535780643967636081e+02
2.501834612836385361e+02 2.500246269145236795e+02 2.486672211693114036e+02 2.504974321722562536e+02
2.545517314449875812e+02 2.540788517384442287e+02 2.536404135429733913e+02 2.550420661348408373e+02
2.635632804556475435e+02 2.633750050002457215e+02 2.620345850764960574e+02 2.637959264498373386e+02
2.477862627351342724e+02 2.481893258487820333e+02 2.469056973600920060e+02 2.484257548717482393e+02
2.554316331897890677e+02 2.550357397253445413e+02 2.540632718937793868e+02 2.564958646930386976e+02
2.552435230725570534e+02 2.555406516830881003e+02 2.538240064811342336e+02 2.558878822506266033e+02
2.586930849954449059e+02 2.596407085230839584e+02 2.558682912660705995e+02 2.599358974719863227e+02
2.681098889315213682e+02 2.689784308772673853e+02 2.660568549326990251e+02 2.695523611763610461e+02
2.489501567259001433e+02 2.488842435720705453e+02 2.479015221368428001e+02 2.490984757952303710e+02
2.701781962849616434e+02 2.708512747643650300e+02 2.680313435858824391e+02 2.714418455319710688e+02
2.503628227219237772e+02 2.507113910620618071e+02 2.496285537976421267e+02 2.511664038252630462e+02
2.511875923805191633e+02 2.515892545672265328e+02 2.507097583022566596e+02 2.510261306165524218e+02
2.718939945382579708e+02 2.728036431457989579e+02 2.694882926670141501e+02 2.728835580377451606e+02
2.494840114033038390e+02 2.493604671215163648e+02 2.485692252710920798e+02 2.502794137548820856e+02
2.492986145095234463e+02 2.494411190543488033e+02 2.482353017094687004e+02 2.493212542724773755e+02
2.610487131742518159e+02 2.620025671818899582e+02 2.593202990398510792e+02 2.612638891631982574e+02
2.559406512812699077e+02 2.568714946198840039e+02 2.541376165295452552e+02 2.576957292111256947e+02
2.537662750590701819e+02 2.539223529671567974e+02 2.532887808090863189e+02 2.540273831353523519e+02
2.450364118237003765e+02 2.451182246001101248e+02 2.440064243874674048e+02 2.458690417214965578e+02
2.583924978789945612e+02 2.592374038853023990e+02 2.570875381309494401e+02 2.590357415013394302e+02
2.601623694313044552e+02 2.604821602544608368e+02 2.587466949087658463e+02 2.608961713041678649e+02
2.910620635312737932e+02 2.915406413209215089e+02 2.902331149930762990e+02 2.926328345844022465e+02
2.837689431440990120e+02 2.854169461460020329e+02 2.818695160983219807e+02 2.843254946766139710e+02
2.657567564160270308e+02 2.647614077398982886e+02 2.625932349645318027e+02 2.660422536218523533e+02
2.838581717843646857e+02 2.847464625358853709e+02 2.809710994224562342e+02 2.844064601505729115e+02
2.589937908239752460e+02 2.584116610062047243e+02 2.555138278045759535e+02 2.583057138837252182e+02
2.470712776825187973e+02 2.476746802120860025e+02 2.460441534775705748e+02 2.478215906986193033e+02
2.502034038354258314e+02 2.506001129623864188e+02 2.488100030174180688e+02 2.511148137366664912e+02
2.562340337100229135e+02 2.568587960803235433e+02 2.548877178802864307e+02 2.570238322454285367e+02
2.562812414546827426e+02 2.573652886650079950e+02 2.550547168897610959e+02 2.574948707392647407e+02
2.504343861403821450e+02 2.505568308716884474e+02 2.494133263184369582e+02 2.513517227810538373e+02
2.558887594953092730e+02 2.564770149025782757e+02 2.541916464573832570e+02 2.566472952752512811e+02
2.521651118415254302e+02 2.516058831497025210e+02 2.517922938957385384e+02 2.527939955664136562e+02
2.867657023906917857e+02 2.870804767358307572e+02 2.854044246970452718e+02 2.872747260017227404e+02
2.487377211299730106e+02 2.493670254632126841e+02 2.480867249460365827e+02 2.492669261965511680e+02
2.526061455295275664e+02 2.527964320235171840e+02 2.522314936657546696e+02 2.530924872760405435e+02
2.821695876375657690e+02 2.824137273349385282e+02 2.791425122913450991e+02 2.817277141291689873e+02
2.516972562994634472e+02 2.523153671456858547e+02 2.511492429230858363e+02 2.521463990545067304e+02
2.652108577697443934e+02 2.663156417125646271e+02 2.622940364528000146e+02 2.674651847084263636e+02
2.495928019130310815e+02 2.499482530788328916e+02 2.486751369398035649e+02 2.505237898717699352e+02
2.533115193855904295e+02 2.538758148636701151e+02 2.527527877348477432e+02 2.543272453451764363e+02
2.628568684144639747e+02 2.628258439219512184e+02 2.613320480774567045e+02 2.637381467075600767e+02
2.682407191437103506e+02 2.689844085200856512e+02 2.655287338976247042e+02 2.690629489076888490e+02
2.511247658193043435e+02 2.514080911034123176e+02 2.497720395496922947e+02 2.520038846387297724e+02
2.535967048512604549e+02 2.542740487486367442e+02 2.528567376101321429e+02 2.545023351108160625e+02
2.576205739354504090e+02 2.584285526986694776e+02 2.554807772842890188e+02 2.580211920285855740e+02
2.546290080687157342e+02 2.550582235645448748e+02 2.528126873537721622e+02 2.553039858694246220e+02
2.503989237126596947e+02 2.503498790455445260e+02 2.497984878784953935e+02 2.508525551303477528e+02
2.497732681250240319e+02 2.497621472007586476e+02 2.485473744071766191e+02 2.503890750350417704e+02
2.863554548572562908e+02 2.869493093401533201e+02 2.849736119127842358e+02 2.857601544002199034e+02
2.855214117484418921e+02 2.845907821787154717e+02 2.821575689100084787e+02 2.861662422943450679e+02
2.595494876795663686e+02 2.604440867748429582e+02 2.571957108572884181e+02 2.608733379603067419e+02
2.486578832681448148e+02 2.490154444970537213e+02 2.478052677700068500e+02 2.491211851718854859e+02
2.504132080918445524e+02 2.503452194529431267e+02 2.499805158947336565e+02 2.507969723612912674e+02
2.518004293920128305e+02 2.525418189315474820e+02 2.511062633828848618e+02 2.527107233053479831e+02
2.544612637915057292e+02 2.546027233497092368e+02 2.536146417292951583e+02 2.553493249173312165e+02
2.725584872547310624e+02 2.718865755477743278e+02 2.694518125183945472e+02 2.725134083789594683e+02
2.576745938144758270e+02 2.588227642937862356e+02 2.560040891218162074e+02 2.590735874754345787e+02
2.480685516306751026e+02 2.481440441390444107e+02 2.469106501110230454e+02 2.487069390409792504e+02
2.514133449537520448e+02 2.517415854943226918e+02 2.509309497910164737e+02 2.522411737456858134e+02
2.741769467913353537e+02 2.740608451818553704e+02 2.695000726901058670e+02 2.731505814736697744e+02
2.470792321938922669e+02 2.473963576356168801e+02 2.460728874647663531e+02 2.476779201187067088e+02
2.479990142256074250e+02 2.482995491996846056e+02 2.472733999398442961e+02 2.488663476059965376e+02
2.583640458603360912e+02 2.588263563019592084e+02 2.572699161510935824e+02 2.591446722691010791e+02
2.528378960608916941e+02 2.526209252033006578e+02 2.514739063179727339e+02 2.526029766015130349e+02
2.458896251476879797e+02 2.462334893811513155e+02 2.452398429922565697e+02 2.468899778183942146e+02
2.538944555433552068e+02 2.545915537514852076e+02 2.526868982748685539e+02 2.548244339754880912e+02
2.478972211581819067e+02 2.484872781773572399e+02 2.470644007227530778e+02 2.488668646768980750e+02
2.735190672269695256e+02 2.745303146777981169e+02 2.711336188679591146e+02 2.749104713703189873e+02
2.921054675016700912e+02 2.932270155243587055e+02 2.910339745945204868e+02 2.919834479531542684e+02
2.729402470043908693e+02 2.741514543549259315e+02 2.705958010260811761e+02 2.749598730342971749e+02
2.481685058484483477e+02 2.484382497391400761e+02 2.477929877204174716e+02 2.486589812703748521e+02
2.513601751271023659e+02 2.516665205681985356e+02 2.505645582685378088e+02 2.517574126570424937e+02
2.466742167872616278e+02 2.468252421187602295e+02 2.457561168923263608e+02 2.471685037187361900e+02
2.531585049883671559e+02 2.535071204158887497e+02 2.521781836341226040e+02 2.539026320928713858e+02
2.553768306935115788e+02 2.560025076988973183e+02 2.544074967480332248e+02 2.557709608575055142e+02
2.789922399626409515e+02 2.811922388209069936e+02 2.780700886944786703e+02 2.795609606067961295e+02
2.497152778111377529e+02 2.499337992182598214e+02 2.489087663859929194e+02 2.505112667805017850e+02
2.555589414534186403e+02 2.556938311366591563e+02 2.540812118558572763e+02 2.560069803090651703e+02
2.536604452001090522e+02 2.537036088807251133e+02 2.523638815157773365e+02 2.542662358545793211e+02
2.557298903200286020e+02 2.553098065153406253e+02 2.528682832793004138e+02 2.556884264816172276e+02
2.479009446744819911e+02 2.482364763309193165e+02 2.477286974786698011e+02 2.485941171665062654e+02
2.498653381740049326e+02 2.497761720116141362e+02 2.490861550166036409e+02 2.505787694604214835e+02
2.588213048389659434e+02 2.592954139356816654e+02 2.566079238712727033e+02 2.591227450300741566e+02
2.518926830828129653e+02 2.526636436301714923e+02 2.512601551725830973e+02 2.529247457669034986e+02
2.742806654470220451e+02 2.741888672700771394e+02 2.710889015017323231e+02 2.734165730026347205e+02
2.528075716767877736e+02 2.530278887170978237e+02 2.524154212598892855e+02 2.539370144658309414e+02
2.483880831535887239e+02 2.484512611151506576e+02 2.478919814050947537e+02 2.485219378303295343e+02
2.676096862421288165e+02 2.680178027108592573e+02 2.645561838770730674e+02 2.673787702528683212e+02
2.507968939838847007e+02 2.511871177711055623e+02 2.498103804504641801e+02 2.518545640762318385e+02
2.832852802269529207e+02 2.832662575893348276e+02 2.806035578458967166e+02 2.823658750079217725e+02
2.606385559525118651e+02 2.612059995448281597e+02 2.593249696497656487e+02 2.616195148986652157e+02
2.476780012642377642e+02 2.482742452306949303e+02 2.466465057097103681e+02 2.491478240767837633e+02
2.574591605387906270e+02 2.576789633610831061e+02 2.552782334511065585e+02 2.585158300846317729e+02
2.555095220428967195e+02 2.558722766273767490e+02 2.544134241304119541e+02 2.564770096677962101e+02
2.634063341061481083e+02 2.645809423907747373e+02 2.620327141704335077e+02 2.645345689316926041e+02
2.715095669546333284e+02 2.709757982455801653e+02 2.677142625052335347e+02 2.705435541234786569e+02
2.520664737577126573e+02 2.525269497789793718e+02 2.516253031502379542e+02 2.529414051374484131e+02
2.954234575484691732e+02 2.954827359916083083e+02 2.943103950855087305e+02 2.952352898486090567e+02
2.508340334374532290e+02 2.513479681052990600e+02 2.495312772297556876e+02 2.511539188855300324e+02
2.496716210708741244e+02 2.500963922248685378e+02 2.493801678492907001e+02 2.500944992753367444e+02
2.598825497504392388e+02 2.603448249639773735e+02 2.588604768860564036e+02 2.611777584076168068e+02
2.506460626447374125e+02 2.505187899641219644e+02 2.493637373492223617e+02 2.512992324406940838e+02
2.519280875521156133e+02 2.525679825410963986e+02 2.511918830211996010e+02 2.533154623599391471e+02
2.539415058430279259e+02 2.540317429040557045e+02 2.528175243499694318e+02 2.537612907359411452e+02
2.585745556541634187e+02 2.588176146633687722e+02 2.562856798745829678e+02 2.592304278123376093e+02
2.466820788442669823e+02 2.468226593822603832e+02 2.463744140037973125e+02 2.471978058271238297e+02
2.563671161432387748e+02 2.559210199497732674e+02 2.548096061848239060e+02 2.567496194878677898e+02
2.475316564273787492e+02 2.476954032610537126e+02 2.468240078370634194e+02 2.481580123372324351e+02
2.504630241673472710e+02 2.507823563567386032e+02 2.500455895749257991e+02 2.511051497864694113e+02
2.497665231511770401e+02 2.500793203054872151e+02 2.493730869419156022e+02 2.502468813826595238e+02
2.504674504179009205e+02 2.506773603848945697e+02 2.501173492743141935e+02 2.509803102577272398e+02
2.526055814124182177e+02 2.526672405154826890e+02 2.518216403764361644e+02 2.533853130814170243e+02
2.510943573369840749e+02 2.516564181385970755e+02 2.495719375793717347e+02 2.515263400008817030e+02
2.660501007226314982e+02 2.659684033340097926e+02 2.642228230939711011e+02 2.662210120988899007e+02
2.494422875844596206e+02 2.499512929982149387e+02 2.488897366211830331e+02 2.504690565049304496e+02
2.518569715390425188e+02 2.519159175096343688e+02 2.509907337628251298e+02 2.523992147149226071e+02
2.474821791227486472e+02 2.478632718700680186e+02 2.469175506033051875e+02 2.482190562050772087e+02
2.564838559191903755e+02 2.568723361358926809e+02 2.548566686069721356e+02 2.574590815329991074e+02
2.637309273123974549e+02 2.643165802107257036e+02 2.611222882874328661e+02 2.643863751796443466e+02
2.503153962570027602e+02 2.502822730088594199e+02 2.494695566084924678e+02 2.506213853099623918e+02
2.463863547224713670e+02 2.467241336127933096e+02 2.462088504247047354e+02 2.475554772671210344e+02
2.528107904703286977e+02 2.530458871522508559e+02 2.515048974878078525e+02 2.535630560227344290e+02
2.595082266430026152e+02 2.591416008764329604e+02 2.579852585857290137e+02 2.605826293253555832e+02
2.655624313344743541e+02 2.652589657782107793e+02 2.629747483942239796e+02 2.659397912247970908e+02
2.617484179622819624e+02 2.628546477122980605e+02 2.596414719589017182e+02 2.627393831017806178e+02
2.493123002248924536e+02 2.498615775970060611e+02 2.485863782510162991e+02 2.501746440276326098e+02
2.538064967592364098e+02 2.541371866760907494e+02 2.531200784413487384e+02 2.541774307536453534e+02
2.527896438334744857e+02 2.528464651487466028e+02 2.521088293577144555e+02 2.533875237802670313e+02
2.554079292718849388e+02 2.561511821919879708e+02 2.537166391371354734e+02 2.562776528190256613e+02
2.929754000779218472e+02 2.941999831460897212e+02 2.913816024725547891e+02 2.923298811121643439e+02
2.524466827883889266e+02 2.529210317900861753e+02 2.511007170348942452e+02 2.535428823795279811e+02
2.492972694575325363e+02 2.496405615753238578e+02 2.486806128625372594e+02 2.499195733639392643e+02
2.751323675605726180e+02 2.750145528400486796e+02 2.726084592288916610e+02 2.755815198593068658e+02
2.555020940603964732e+02 2.556718988433143238e+02 2.541273817298400672e+02 2.558102372588155617e+02
2.748972247204624182e+02 2.759020324422934891e+02 2.720581140863253609e+02 2.754795652262590693e+02
2.555416046687464586e+02 2.561167713240891430e+02 2.536670348582805445e+02 2.572053213765952933e+02
2.927357400660382609e+02 2.912931250646842045e+02 2.905347760456409105e+02 2.910324560375774468e+02
2.528426387884663882e+02 2.530327024616734093e+02 2.518419012338917184e+02 2.532589815467594292e+02
2.745960582233349783e+02 2.733769231024467672e+02 2.701522422633019573e+02 2.734315763393907446e+02
2.650468337132217584e+02 2.653194852781782629e+02 2.631270523154145735e+02 2.650465470433425139e+02
2.508698345228826554e+02 2.508832432214427115e+02 2.505838978379448179e+02 2.516116121674177748e+02
2.550698217642345469e+02 2.557980282895103699e+02 2.521642466305330572e+02 2.554758396914032517e+02
2.824383562692966620e+02 2.842186288182921885e+02 2.785047190519200626e+02 2.819657605351129632e+02
2.561216164791251231e+02 2.565566209548231882e+02 2.543117566106311074e+02 2.578763543613452498e+02
2.831044509972601873e+02 2.840668861528631055e+02 2.807982728320803858e+02 2.838591378059696808e+02
2.533377255829975354e+02 2.538126563869685128e+02 2.522311670071030676e+02 2.539603294653137766e+02
2.468992303820319023e+02 2.472030355791371790e+02 2.462588874072451119e+02 2.474691256861976001e+02
2.944168142908357026e+02 2.946143632820885614e+02 2.930107196164627794e+02 2.948862790426870220e+02
2.494946442306238907e+02 2.499031612952869637e+02 2.482982288816208722e+02 2.503410075487063011e+02
2.652624886920365270e+02 2.647876872134221458e+02 2.616767454567886944e+02 2.650881526726060429e+02
2.475712922059638856e+02 2.481053800117487640e+02 2.468592289272634730e+02 2.483667332578724540e+02
2.553264560366346814e+02 2.555998573740181428e+02 2.539603252828686095e+02 2.555497284456446891e+02
2.436873245393026934e+02 2.441410203650690107e+02 2.428918112516490453e+02 2.444085939353483070e+02
2.683652874106565491e+02 2.684934674644264874e+02 2.662895367405477032e+02 2.683229115008774102e+02
2.527030998015208922e+02 2.534868710620727938e+02 2.509719992197180716e+02 2.531961961121675131e+02
2.490878788091798128e+02 2.488257554845413040e+02 2.482592787621443620e+02 2.494393401348068551e+02
2.794250463606412609e+02 2.791069663760966364e+02 2.761703624241546891e+02 2.791495259208254538e+02
2.513848602799107255e+02 2.523687647891046311e+02 2.502666220034004994e+02 2.523031113621321424e+02
2.501666160722137704e+02 2.503435968903655180e+02 2.489961963649548409e+02 2.504281024750824258e+02
2.573019163253172792e+02 2.574329333885365827e+02 2.555133116955537673e+02 2.580204009336626427e+02
2.477424505765724518e+02 2.481602692143503930e+02 2.469759563820495032e+02 2.485238368606016479e+02
2.485092152743350482e+02 2.485373611404125143e+02 2.475188529581739942e+02 2.486232249402827961e+02
2.473478136493007753e+02 2.470578328896069422e+02 2.467898390179967123e+02 2.476921610393033291e+02
2.487926595463732156e+02 2.484894415332104245e+02 2.474378010526566811e+02 2.485787843952302296e+02
2.569550305113521631e+02 2.577112719757489572e+02 2.556494667523728879e+02 2.587886640851421589e+02
2.605519011957786120e+02 2.615977069391160512e+02 2.593197942205221125e+02 2.622365966745144306e+02
2.526600024486520510e+02 2.526739903642655349e+02 2.520085922453840794e+02 2.530111747122256531e+02
2.607985376316770498e+02 2.614998150570455664e+02 2.587163665170346576e+02 2.618233312182991881e+02
2.933258903871432040e+02 2.932258578406168681e+02 2.923479482319845033e+02 2.923023356412739986e+02
2.664374095255541874e+02 2.652720684786420406e+02 2.632254185254560639e+02 2.653838989220081430e+02
2.612811585295502255e+02 2.611813510549825423e+02 2.594594136316206914e+02 2.626670367444303906e+02
2.466256502993435333e+02 2.470096688616008578e+02 2.462450640656310838e+02 2.470356611782750349e+02
2.629585067177123392e+02 2.634834065893529669e+02 2.605621895768113632e+02 2.642898469747220815e+02
2.522482930834958665e+02 2.521649959493451547e+02 2.510572941212385842e+02 2.529349733830491687e+02
2.533001301877133358e+02 2.533710421675291400e+02 2.528286989200807966e+02 2.539093868932124849e+02
2.589095860965623501e+02 2.600900402420872979e+02 2.574534486074190340e+02 2.601567085057955069e+02
2.493770720955240563e+02 2.497997451752342783e+02 2.491047317538344998e+02 2.499784868609264095e+02
2.489052725835391016e+02 2.493974747448861251e+02 2.484736806822081689e+02 2.494610555836508183e+02
2.511417172278056000e+02 2.514896775851269979e+02 2.509195659126544626e+02 2.513128777413833177e+02
2.624260134402541667e+02 2.628488388774622990e+02 2.603829433072889401e+02 2.619793600771881756e+02
2.622513249858770337e+02 2.636634695881942889e+02 2.611301299946073868e+02 2.635395431516848248e+02
2.492366267103068083e+02 2.496961273003129804e+02 2.488860288877406504e+02 2.498046454895854538e+02
2.465797180816914533e+02 2.465692376859907711e+02 2.454955891030560338e+02 2.472068383745931044e+02
2.611713676191122886e+02 2.610761573880149626e+02 2.591054187237359088e+02 2.621201606942269677e+02
2.804151429112587834e+02 2.790377543355523358e+02 2.764138504327768260e+02 2.806325755924999612e+02
2.917568434221867619e+02 2.921236651982247281e+02 2.881021642605169291e+02 2.914812388479433594e+02
2.937050377024090722e+02 2.932328916380124042e+02 2.900592919413238064e+02 2.930140399739881900e+02
2.533279270814424535e+02 2.538131142761582737e+02 2.511885135749801066e+02 2.540459922316891266e+02
2.638611747219145514e+02 2.642290286637131089e+02 2.624226767491630881e+02 2.650438733699676845e+02
2.494811360948588685e+02 2.499197547247800060e+02 2.489610454519302891e+02 2.505788691552153864e+02
2.553073564540756593e+02 2.550423264471103550e+02 2.536869394030284184e+02 2.555745591405799075e+02
2.552621145232649837e+02 2.556832704843362762e+02 2.534303429843153310e+02 2.559928680219950650e+02
2.596958392591774327e+02 2.599341090538998742e+02 2.580924690203656837e+02 2.605702371071066068e+02
2.543448528985747998e+02 2.546577507925804866e+02 2.525827571642708449e+02 2.544777546416866585e+02
2.622519718058230751e+02 2.623607274119931958e+02 2.597532530814478378e+02 2.630884215738386160e+02
2.682021470470444342e+02 2.675281757914106038e+02 2.650317260172813576e+02 2.683365936103703575e+02
2.501043917332523563e+02 2.503714398317130758e+02 2.497012671470708369e+02 2.502155531171021607e+02
2.910437081611923986e+02 2.908509771987852446e+02 2.894757755133973660e+02 2.913654371297905072e+02
2.604865068816767462e+02 2.599118499234015189e+02 2.586409866461402771e+02 2.608889961696754654e+02
2.484494369268577145e+02 2.486672790809059563e+02 2.476254556102393281e+02 2.489622861836099332e+02
2.485089486402691819e+02 2.483083931608182979e+02 2.472802318666742281e+02 2.486780216216996848e+02
2.630096644023355452e+02 2.627443294055196361e+02 2.608315645010398498e+02 2.639975353895164289e+02
2.931631835358892317e+02 2.944014226057110477e+02 2.930813012647054165e+02 2.934461493542250992e+02
2.540113316751896946e+02 2.537496182597314487e+02 2.526445552347934438e+02 2.550803018939948572e+02
2.571065645947115854e+02 2.573061886121139992e+02 2.559708765852207364e+02 2.576188175882748510e+02
2.674641244285040216e+02 2.682435556356234656e+02 2.653577996475548844e+02 2.682310327812768946e+02
2.598610726552161623e+02 2.607620963167046853e+02 2.584928951617290522e+02 2.611890371048050952e+02
2.487357522443814730e+02 2.491918805424515426e+02 2.482722660024478216e+02 2.491239581914706207e+02
2.491904267682030820e+02 2.493867248853433694e+02 2.486128463076364881e+02 2.499097440318165013e+02
2.868101860885597603e+02 2.869380343920932432e+02 2.830545394509151151e+02 2.864539140175753005e+02
2.553694225807249722e+02 2.556638610419697670e+02 2.533029352361432984e+02 2.555276097065618899e+02
2.702645299496443272e+02 2.706358009275365362e+02 2.678653641365103795e+02 2.711759768917036695e+02
2.479265211693265769e+02 2.479700904590455082e+02 2.474147353114032626e+02 2.483055636191439532e+02
2.460318696978671369e+02 2.461645782907442310e+02 2.450865057099464650e+02 2.462695242192182263e+02
2.515153729776089904e+02 2.522171745899211146e+02 2.498288391833668811e+02 2.524466098200409192e+02
2.475947744118633693e+02 2.478827250844481682e+02 2.468013655819741814e+02 2.479731006062654330e+02
2.484106894228682734e+02 2.488558866072670526e+02 2.476387395440189607e+02 2.490347410121420353e+02
2.481474965039424490e+02 2.479960937816889839e+02 2.471179703541258732e+02 2.482997861154991313e+02
2.679362180728077760e+02 2.692714304488401353e+02 2.674880745316512503e+02 2.700601399261315123e+02
2.482341738182941526e+02 2.482005126326498896e+02 2.474950996503139606e+02 2.486492182236694077e+02
2.496742341372558087e+02 2.499071841020437716e+02 2.483562301935058372e+02 2.501316718209094745e+02
2.477965218324211492e+02 2.481315275565551985e+02 2.471392120154219185e+02 2.485085187672930545e+02
2.458666444297776081e+02 2.463765115080270220e+02 2.452257865268795172e+02 2.463840639520122693e+02
2.549830207388924634e+02 2.554144764245813803e+02 2.535986052842804668e+02 2.552662064436117078e+02
2.609349452332063493e+02 2.612275698779154141e+02 2.587857251831559893e+02 2.615588964055377232e+02
2.536319334027249965e+02 2.542272769047526708e+02 2.536095494167637980e+02 2.548497419905976926e+02
2.468456604946298683e+02 2.471554650057755680e+02 2.460501992359712062e+02 2.476898338858962063e+02
2.504716763671913782e+02 2.512230487002986195e+02 2.494699329841645010e+02 2.512815928811509139e+02
2.682719897149043504e+02 2.690689152266993460e+02 2.653862355243034017e+02 2.686803105154149307e+02
2.524931623786199566e+02 2.531958774052293677e+02 2.511707663841881981e+02 2.534571586413173918e+02
2.489648056031993519e+02 2.490033534433477200e+02 2.479785304290931265e+02 2.495197081153384033e+02
2.575735128346682927e+02 2.582892745489006643e+02 2.563771930573378199e+02 2.597390976394896143e+02
2.477562313059713119e+02 2.478822379150771553e+02 2.471781477926532204e+02 2.480045340238995379e+02
2.536215711509154573e+02 2.541196458053895526e+02 2.518544422560307225e+02 2.547105952484203328e+02
2.668634832401456265e+02 2.673132293044202470e+02 2.653744469552352143e+02 2.683146838894618895e+02
2.538840623974925563e+02 2.539845163746003607e+02 2.525431813738088636e+02 2.541908104608360759e+02
2.531246244723011216e+02 2.533958762379319296e+02 2.518086533697741913e+02 2.538767840394790767e+02
2.579542351098109521e+02 2.582046093967596221e+02 2.563107900832800965e+02 2.594423690426128815e+02
2.563182538723985431e+02 2.559283325896280985e+02 2.546667419224499440e+02 2.571839821399398716e+02
2.518236902420445062e+02 2.522127513309875724e+02 2.510455446722165220e+02 2.525378811997341302e+02
2.480852855339937264e+02 2.478652849369774458e+02 2.470164419405111573e+02 2.484066158243627740e+02
2.478703397540633659e+02 2.481464358224657474e+02 2.471000017762723076e+02 2.481743934602222339e+02
2.533082581960980235e+02 2.531816507625696318e+02 2.521405804079337258e+02 2.535199202683038777e+02
2.981404722013976425e+02 2.959885471461631710e+02 2.957530386120544676e+02 2.981599749370330983e+02
2.535127513989960732e+02 2.542967259614135855e+02 2.521821101516680699e+02 2.539885978719895832e+02
2.527321010374969887e+02 2.525791653691373142e+02 2.520824731064085995e+02 2.528968970925447195e+02
2.561669244001237189e+02 2.565217954164784260e+02 2.555414761067492293e+02 2.565391853794442909e+02
2.528893455323820945e+02 2.528118627348852101e+02 2.516114052708280724e+02 2.528652711011599195e+02
2.520439461613706271e+02 2.523643552375213801e+02 2.501951438268983736e+02 2.528423435798379160e+02
2.507608151311303004e+02 2.512465433566835316e+02 2.501180671827730180e+02 2.511182793357446030e+02
2.555997195910738071e+02 2.555827455731004534e+02 2.540460538412159792e+02 2.563656873775970553e+02
2.901297848986777694e+02 2.903079150056436788e+02 2.868996529375086197e+02 2.895312934919930399e+02
2.512100632562283806e+02 2.514127521635126925e+02 2.504960064186027751e+02 2.516862138817348296e+02
2.500030991004701093e+02 2.497705059660636664e+02 2.495611964340398856e+02 2.500909898671903591e+02
2.737243448620736217e+02 2.726045928518371966e+02 2.698130068292189208e+02 2.735122476183062759e+02
2.948607687174211378e+02 2.933485726980997583e+02 2.936624772081995047e+02 2.945081088901903286e+02
2.493694735638921998e+02 2.493149089291804046e+02 2.481726647764018310e+02 2.498840844548471694e+02
2.622108682711085521e+02 2.629467751528803774e+02 2.599399408005145915e+02 2.630394402740073474e+02
2.493049490329393336e+02 2.495893692169699136e+02 2.485960428470857835e+02 2.499036751570171191e+02
2.503353593777410140e+02 2.500730692872308225e+02 2.497183276035203221e+02 2.499259138589165445e+02
2.515261693956196041e+02 2.518928155201960237e+02 2.495966693482343999e+02 2.518878920425306092e+02
2.530216455057414464e+02 2.535856737567153516e+02 2.526819943534943036e+02 2.543520295699790665e+02
2.584931355891083058e+02 2.589304158556996640e+02 2.564482471271865620e+02 2.590516656104193203e+02
2.505441285357333356e+02 2.504406296370861185e+02 2.495012270591323329e+02 2.511425609987395546e+02
2.585721126030597361e+02 2.595714843899193625e+02 2.569292828418168142e+02 2.598127698367904941e+02
2.502205157826937523e+02 2.506136922721427709e+02 2.498318433908087002e+02 2.508154624458721855e+02
2.536101067724989662e+02 2.547499736969091657e+02 2.523552700142398066e+02 2.547749129740558374e+02
2.545080317090547055e+02 2.546531800711257461e+02 2.536831269887569533e+02 2.549144584732129601e+02
2.476984139688318578e+02 2.481897192730716597e+02 2.473804860720564420e+02 2.485947260642455490e+02
2.586881666264710589e+02 2.592588987031888905e+02 2.561563997809706734e+02 2.596458306469676245e+02
2.651503580306976460e+02 2.670406344908985830e+02 2.639166117182705875e+02 2.675203494626121028e+02
2.501160287451877196e+02 2.498122217903421074e+02 2.492784620312075958e+02 2.505155421038753332e+02
2.540267361956470324e+02 2.543664477097083818e+02 2.526782082866145061e+02 2.542478476480895893e+02
2.492642931131284740e+02 2.498972912039252776e+02 2.493094525410153324e+02 2.503580086004764098e+02
2.506825227023651053e+02 2.509381940036194862e+02 2.496016001852006525e+02 2.513024557141871753e+02
2.470926472270944316e+02 2.473459097375800013e+02 2.464292874585841275e+02 2.480014939121605835e+02
2.543337002364852992e+02 2.553971740254471001e+02 2.530920982513376885e+02 2.550984524574472232e+02
2.533461091120908577e+02 2.534882689562626297e+02 2.525167563899581182e+02 2.534928377661727836e+02
2.696756988313092052e+02 2.691262163932210569e+02 2.670336085361800542e+02 2.713858258063793301e+02
2.530176591130201587e+02 2.536941581904745249e+02 2.509299870083366670e+02 2.536842559194432454e+02
2.577899495527194063e+02 2.580988802747685327e+02 2.554753353679077463e+02 2.584097935475124928e+02
2.473608377736899229e+02 2.474595529205815581e+02 2.469201391081206793e+02 2.483910535727998763e+02
2.603167407421748862e+02 2.620406321281867577e+02 2.588464224947696266e+02 2.624449610100606947e+02
2.460157297947349946e+02 2.462644373540991580e+02 2.451313859885362376e+02 2.465020329207722227e+02
2.499922467386414553e+02 2.503543876998263897e+02 2.491277370206380226e+02 2.507142736761907713e+02
2.506979229698980589e+02 2.513841422668803887e+02 2.498375920598989239e+02 2.516374120657691833e+02
2.602976874676621719e+02 2.605171462875977682e+02 2.584161865823044764e+02 2.608044997981576785e+02
2.587803828397663892e+02 2.591165222915043955e+02 2.569594094466413026e+02 2.601412891865040820e+02
2.474834118378601318e+02 2.481296800245225427e+02 2.470156153699587378e+02 2.483720551733619288e+02
2.689921661015817449e+02 2.703263567989860690e+02 2.673885780877413936e+02 2.706217936359376495e+02
2.533371987236732537e+02 2.540469500328580921e+02 2.523394495318773352e+02 2.537106005648045368e+02
2.590834039791695318e+02 2.592465891497575399e+02 2.562256345993859554e+02 2.595544107238987976e+02
2.863629355285564202e+02 2.872863524783138587e+02 2.838053020468650516e+02 2.858071390048525586e+02
2.543023002329506426e+02 2.543689049468428891e+02 2.524432379443354932e+02 2.551366769530078500e+02
2.616267850897956464e+02 2.617814480871019782e+02 2.600997073056368549e+02 2.622596861987427133e+02
2.448764631984369942e+02 2.450084357935050718e+02 2.441966982661734278e+02 2.455772831833461112e+02
2.575341046586361813e+02 2.590348216556786838e+02 2.569511323838426620e+02 2.584258307686206990e+02
2.769290908356659884e+02 2.776892324551167235e+02 2.723649986594677443e+02 2.759834419399102785e+02
2.606078477154659936e+02 2.606842016361065930e+02 2.585113471701853882e+02 2.611113954051780297e+02
2.642008633971768745e+02 2.649979709925198108e+02 2.620612458443587798e+02 2.644686247782589135e+02
2.476805614070211163e+02 2.478684070470324627e+02 2.469048546631418901e+02 2.480380786450075732e+02
2.489971897923565507e+02 2.485815922723204210e+02 2.476037410687639237e+02 2.493163469505341538e+02
2.653955609907411599e+02 2.657270267795031486e+02 2.614078698585964844e+02 2.654896697141576283e+02
2.600452029213417404e+02 2.603666031730419377e+02 2.588718713237346947e+02 2.605918470338822885e+02
2.815249605846132113e+02 2.832189571400401178e+02 2.795963581173692205e+02 2.819207132097371868e+02
2.532450943268434287e+02 2.527596355834369319e+02 2.519198314398681475e+02 2.535678805083672387e+02
2.466165602291840742e+02 2.466415212475995702e+02 2.456707437632854010e+02 2.473811190306949754e+02
2.479282864614133928e+02 2.479184268272195197e+02 2.472800198107579490e+02 2.488637615660159099e+02
2.609995421860032820e+02 2.604590373548191451e+02 2.574294439961207104e+02 2.600874180534154902e+02
2.497492366045956373e+02 2.502728764001433603e+02 2.487972155312974110e+02 2.499141371079273028e+02
2.592987998168644026e+02 2.590241884920095004e+02 2.568190182708793259e+02 2.593405901691684790e+02
2.677834760101895313e+02 2.683331188060277555e+02 2.654650393468251082e+02 2.679408563181610248e+02
2.493947515437236575e+02 2.497049931544868002e+02 2.487941313614818171e+02 2.496489441006598611e+02
2.481524850447409847e+02 2.482672659294818516e+02 2.477013332341103649e+02 2.488446459091883867e+02
2.725934891502338360e+02 2.736838956432573013e+02 2.700030609529587764e+02 2.723512191392152317e+02
2.529586892169953671e+02 2.531588482657211046e+02 2.520065523191990451e+02 2.533313935010490923e+02
2.498160924927158533e+02 2.502685469750250604e+02 2.490281994984000278e+02 2.506811173882538526e+02
2.505988689459792056e+02 2.506821887322061002e+02 2.493539204159034455e+02 2.507690689627767711e+02
2.521147891849605003e+02 2.526000986121992469e+02 2.510991668310975911e+02 2.528186657565219377e+02
2.661789405900946122e+02 2.668283142417325280e+02 2.622547678492974228e+02 2.662994781339144765e+02
2.795784102602514736e+02 2.802388440832543210e+02 2.775007572637551334e+02 2.800541825311781849e+02
2.472297863672346239e+02 2.470639219196143017e+02 2.461852455443051895e+02 2.470250624962557424e+02
2.774550090406929144e+02 2.776545456046216032e+02 2.739231258325128806e+02 2.770877232743102923e+02
2.498938718564201054e+02 2.504313459084047224e+02 2.494421663382162819e+02 2.498520370112084663e+02
2.495407691399581438e+02 2.496867037029991536e+02 2.488455251614046517e+02 2.501978153840624941e+02
2.579162012100397874e+02 2.581576050978629269e+02 2.563885178718813336e+02 2.582920794921931247e+02
2.545786375230503893e+02 2.555146503015235453e+02 2.530162582452988715e+02 2.554163661934895515e+02
2.497910263311151482e+02 2.501785481241708169e+02 2.491606920900103148e+02 2.506028534179945950e+02
2.560600896802646957e+02 2.568229431028227623e+02 2.542249435972566687e+02 2.566846772519626825e+02
2.497247332320974920e+02 2.499256760996802313e+02 2.496274931664213170e+02 2.498940437482920913e+02
2.476568370702351842e+02 2.484896168165041104e+02 2.473904860827289838e+02 2.488520889623933385e+02
2.626348614666150638e+02 2.637412503837007876e+02 2.615395183425820278e+02 2.645060747941021191e+02
2.949398754284501933e+02 2.954685116342002971e+02 2.939165487986141443e+02 2.944928920985620948e+02
2.498052006845037454e+02 2.502028079125295505e+02 2.485870681291221160e+02 2.504219547299334465e+02
2.563580483663878340e+02 2.561505181441194736e+02 2.550172780684455347e+02 2.566472740836003936e+02
2.461136137875062673e+02 2.470789439352420231e+02 2.447690859276468416e+02 2.462337193380917881e+02
2.552406913964285877e+02 2.552040849153893305e+02 2.534858800421222327e+02 2.556166972511669258e+02
2.498395092382907592e+02 2.502452516961445781e+02 2.491251572012683368e+02 2.499260155243860311e+02
2.494758555839550240e+02 2.500721514267198131e+02 2.486452384883316427e+02 2.502438936954113728e+02
2.500121833705252641e+02 2.507340503292825531e+02 2.496575698082749568e+02 2.507182894071164583e+02
2.486827574748122629e+02 2.490710210039257788e+02 2.475597629011481899e+02 2.495201460319559033e+02
2.509546459832461096e+02 2.514916007740706618e+02 2.505097632172439432e+02 2.507724324631840602e+02
2.549696410493944541e+02 2.555148283100094204e+02 2.532352149647719273e+02 2.565970191079961751e+02
2.726012846484992451e+02 2.742762532985053099e+02 2.710995597367575556e+02 2.737610979408484013e+02
2.469027466906653672e+02 2.469896630857498678e+02 2.458797686395231779e+02 2.476419214666233302e+02
2.566377365211545225e+02 2.565202925525247792e+02 2.540493778308911317e+02 2.577610005458556088e+02
2.505009599491895926e+02 2.509541921002952165e+02 2.496688983886573681e+02 2.514002415982586740e+02
2.533325692805576068e+02 2.550281791952989181e+02 2.522673245558669635e+02 2.548771715348910902e+02
2.522532558170459822e+02 2.526369454325921140e+02 2.509772583126532766e+02 2.523988234227394685e+02
2.679817132564261328e+02 2.674967970868464704e+02 2.671634047521603748e+02 2.698642773762353499e+02
2.613842666753898243e+02 2.616556131020267344e+02 2.595025086848823435e+02 2.623850077440565087e+02
2.584894631230376376e+02 2.586490346565236678e+02 2.573749343317551279e+02 2.594106835458446199e+02
2.488218448324925589e+02 2.492639425007766079e+02 2.484450225968614916e+02 2.492275693756601243e+02
2.946467012186436705e+02 2.938461520126302844e+02 2.924083193110700449e+02 2.930263723744898243e+02
2.574226759113276444e+02 2.583265292814976419e+02 2.568694040268723597e+02 2.587330302205447765e+02
2.523206782648582589e+02 2.530094959514836148e+02 2.517194026381093579e+02 2.531910214747671262e+02
2.801424981651389885e+02 2.804636173400528492e+02 2.774642453926118151e+02 2.805616809760596766e+02
2.672029853823548251e+02 2.675063250386613731e+02 2.640708599290876464e+02 2.681078278114852083e+02
2.599941745325627949e+02 2.607995690656068177e+02 2.579804239476044359e+02 2.599194604946072786e+02
2.892324819013226147e+02 2.874104074507301334e+02 2.872943315024262461e+02 2.890727502330094580e+02
2.536310071654018259e+02 2.538810658769380382e+02 2.527344196116707167e+02 2.541338318964090206e+02
2.524444371937581764e+02 2.533422819148507017e+02 2.534177259505237885e+02 2.531098002979521482e+02
2.474006824666958551e+02 2.471481525802711303e+02 2.460750612695916004e+02 2.477491624890952551e+02
2.907100140406505488e+02 2.902563456894237106e+02 2.880956080749585908e+02 2.906641723455134070e+02
2.511095879137278644e+02 2.521498504251988209e+02 2.504405540211542132e+02 2.520947327542949665e+02
2.808741392116813245e+02 2.797489128746572646e+02 2.772868774621401258e+02 2.801415914856509062e+02
2.514957789926350813e+02 2.515884780142670536e+02 2.498599616422170016e+02 2.522913816230905866e+02
2.534079812204340669e+02 2.534835476415670996e+02 2.525730755679088304e+02 2.539773035150709575e+02
2.500727879854227069e+02 2.510824216753391056e+02 2.486390179719251137e+02 2.514095013546046857e+02
2.642095550452303314e+02 2.646937487913136238e+02 2.624749658713496387e+02 2.659959086002874642e+02
2.609780712956420530e+02 2.622539088646195751e+02 2.587401675471105591e+02 2.621768465772357786e+02
2.493616367498445925e+02 2.492247417035187027e+02 2.477445782557873599e+02 2.496025480998925161e+02
2.551426532235494449e+02 2.558700169134717441e+02 2.529131975116268336e+02 2.565105580600469466e+02
2.865493157147492980e+02 2.865974621967592952e+02 2.835898098257889046e+02 2.841838996844008420e+02
2.491437960784846837e+02 2.493546741353824245e+02 2.485129024005347844e+02 2.494159202265961426e+02
2.470668774163211765e+02 2.475509182747454702e+02 2.467194333929775496e+02 2.478881526174830299e+02
2.510753579152361112e+02 2.512128149099279142e+02 2.503212649340535165e+02 2.514253879075121176e+02
2.928950348396217009e+02 2.940818074711534678e+02 2.911446216246573044e+02 2.933314168884203923e+02
2.522423935420399914e+02 2.527660989474488815e+02 2.502693471110038388e+02 2.533621096645508430e+02
2.500729885325161490e+02 2.502612395309386102e+02 2.495206670470487325e+02 2.504572843180427810e+02
2.528379174303533716e+02 2.527919631423253009e+02 2.512174565558421193e+02 2.537750695809945967e+02
2.657602331387498680e+02 2.666540366580491650e+02 2.637520498346328850e+02 2.666994010279022973e+02
2.514740959283323036e+02 2.516108044480298247e+02 2.509985104334614618e+02 2.517122527211883494e+02
2.639596620306157320e+02 2.646663312362178999e+02 2.622606338555655725e+02 2.654158167081288866e+02
2.487494551166892904e+02 2.493377807499380765e+02 2.481890870434083354e+02 2.498582631374628136e+02
2.481834083663481465e+02 2.483199639483748058e+02 2.464949803523740002e+02 2.485052666826472603e+02
2.624415255872073089e+02 2.628907463241743585e+02 2.596016719427438488e+02 2.636842920734972608e+02
2.707859011582992821e+02 2.712964317876309224e+02 2.679808932507835948e+02 2.722533054664618248e+02
2.470536497164743537e+02 2.473579449593239872e+02 2.457007407344106298e+02 2.473261684072265894e+02
2.539245009257565187e+02 2.539457437082529907e+02 2.525588526347826530e+02 2.545108262529153080e+02
2.554891444647127514e+02 2.552417971880578875e+02 2.538719625544200937e+02 2.559793594020804051e+02
2.506440233650006064e+02 2.512518422287480178e+02 2.492711340728539540e+02 2.512182958856272137e+02
2.591948960325386793e+02 2.600471163082911517e+02 2.569468775756661785e+02 2.602787901847589751e+02
2.835098625514335140e+02 2.851892910915290145e+02 2.810736759326671859e+02 2.837841124004086168e+02
2.911028146276239568e+02 2.916205080450996547e+02 2.894885666512866464e+02 2.911547349760362522e+02
2.858734937764449455e+02 2.849778277607377959e+02 2.810024313961253029e+02 2.851055783359130942e+02
2.740979901609820217e+02 2.756103430303783171e+02 2.713152992175672011e+02 2.759940423209973233e+02
2.762434090837163012e+02 2.772769016156378825e+02 2.733009087554893313e+02 2.761139268958121420e+02
2.520257531732796110e+02 2.519401389007441310e+02 2.515465362375318534e+02 2.525727075239944668e+02
2.518698280147796140e+02 2.514037175750782751e+02 2.508460848170410884e+02 2.520008362506559365e+02
2.499897781574093756e+02 2.509937953835891733e+02 2.490081470026873376e+02 2.511134713445787270e+02
2.698218291055734994e+02 2.704361044258300240e+02 2.663875284092132461e+02 2.697521894845410770e+02
2.537217221323998899e+02 2.553528471903851198e+02 2.522242591339170588e+02 2.550569577908156305e+02
2.547365003947900277e+02 2.544685077529565262e+02 2.524323169501432460e+02 2.554766981940358619e+02
2.539728660706718983e+02 2.542964166968706365e+02 2.517399977534964250e+02 2.551197765426885553e+02
2.568282139526824608e+02 2.578101194583326219e+02 2.555811456019451100e+02 2.578079610355819113e+02
2.873457458447613249e+02 2.888806313619816706e+02 2.845319544263306852e+02 2.867727990285441138e+02
2.553896269809358444e+02 2.555199182017136934e+02 2.542506044850918556e+02 2.559350156504379754e+02
2.533686410345702029e+02 2.532476024862702388e+02 2.519446217108881285e+02 2.540402051498714400e+02
2.889902836955246812e+02 2.889236052919364397e+02 2.862780520947763421e+02 2.889542653480679633e+02
2.787898213045775151e+02 2.779845181391204960e+02 2.753657713650821961e+02 2.787304562246911814e+02
2.917983716943737136e+02 2.917321300650291391e+02 2.900009922199828907e+02 2.918301947811348782e+02
2.481110132353483095e+02 2.481828743607382535e+02 2.475893791565927700e+02 2.481998458672803451e+02
2.527618571737480693e+02 2.526693607721088881e+02 2.518028175099042016e+02 2.528735710773723326e+02
2.866609091489445973e+02 2.877715022388071588e+02 2.855350954905885601e+02 2.865176624038772388e+02
2.497587166043656737e+02 2.497483443551612936e+02 2.489203643762965044e+02 2.503255592271516718e+02
2.948302716242613997e+02 2.951650965575277610e+02 2.927198126906605467e+02 2.945583007220441232e+02
2.682355069868358441e+02 2.688452297608827166e+02 2.649369741260392743e+02 2.689309971262314889e+02
2.470246441731844698e+02 2.470656338407246722e+02 2.469830523895053602e+02 2.475860165596993738e+02
2.520045553677763337e+02 2.517926071375919150e+02 2.503982075430695318e+02 2.523498323807327210e+02
2.547705684981697800e+02 2.556408439014095109e+02 2.530468121437527316e+02 2.560158278008617572e+02
2.529816490500476505e+02 2.536379165112415990e+02 2.517710846023147440e+02 2.535061543491479199e+02
2.673263570386235983e+02 2.669215127533879581e+02 2.646961317173072530e+02 2.679236279916675585e+02
2.665442933783619424e+02 2.657262617823553796e+02 2.641896941742153331e+02 2.668442567198994766e+02
2.492891276571300523e+02 2.495747926862397037e+02 2.494377500956505287e+02 2.494333866958361057e+02
2.560522312435523418e+02 2.565163161395167890e+02 2.544878627272970846e+02 2.574144073429674222e+02
2.504642481762750776e+02 2.505877798591090198e+02 2.488265607490407660e+02 2.504659076229153527e+02
2.525688242934447487e+02 2.528895997896109975e+02 2.518581862467414965e+02 2.529951246622992471e+02
2.497561763836296791e+02 2.497460124366796492e+02 2.489480148741846790e+02 2.500657370393790870e+02
2.488122261085257207e+02 2.490106784781608269e+02 2.477931412427231521e+02 2.490418264341248857e+02
2.499762535652403415e+02 2.496868564813475189e+02 2.492447697884950344e+02 2.507613286077399266e+02
2.744764229828558086e+02 2.740786848596143273e+02 2.718082340410978759e+02 2.737772062019810733e+02
2.833229447226631805e+02 2.835304550867419380e+02 2.793525592734627594e+02 2.821268273171010605e+02
2.464442318576066668e+02 2.464110274131105314e+02 2.455894282163336868e+02 2.471417539528422367e+02
2.538326358032349503e+02 2.535502939501805031e+02 2.518314260671239708e+02 2.544470585525972410e+02
2.584125218342700236e+02 2.588597976196111290e+02 2.570761338627158352e+02 2.600122625450048872e+02
2.790674742291668622e+02 2.800661497166994991e+02 2.778088169619028918e+02 2.802334862043480257e+02
2.476065074542209175e+02 2.478892567936274247e+02 2.470606735194169801e+02 2.484708841950571525e+02
2.469833080675407473e+02 2.474231946970140257e+02 2.463679997200263756e+02 2.477473946293365827e+02
2.573784858371219002e+02 2.569039243004955893e+02 2.554254192345729848e+02 2.574620302861993082e+02
2.501824804523743921e+02 2.504116764805430080e+02 2.496403635131146075e+02 2.507083547511155359e+02
2.986513109359240161e+02 2.979426440194758925e+02 2.957114537873691802e+02 2.972643370232765960e+02
2.517576874869928929e+02 2.518588033763824114e+02 2.509296232502464363e+02 2.523177714703517722e+02
2.515933662090930625e+02 2.511126871389031407e+02 2.503722366104588559e+02 2.521283510418312233e+02
2.517599752127520674e+02 2.518804535686355734e+02 2.508915267099836797e+02 2.522943485843640588e+02
2.678137645059430838e+02 2.700008640816864158e+02 2.659893584822881394e+02 2.689629855646944065e+02
2.657656465233060885e+02 2.659263092609696741e+02 2.633191236207787256e+02 2.665031482867707950e+02
2.511671923317566097e+02 2.521055483069854972e+02 2.504925621575553691e+02 2.525910118176322214e+02
2.593323159588232443e+02 2.599415520049117845e+02 2.575362411082523977e+02 2.601643909028866801e+02
2.486455326865884388e+02 2.486735030441261074e+02 2.481001704274411850e+02 2.487661146860758379e+02
2.526733972900162257e+02 2.539939524915811546e+02 2.513106521318266573e+02 2.543357749713281919e+02
2.508809074879755485e+02 2.516254533032397944e+02 2.495793813043124203e+02 2.513865598186301327e+02
2.534765566319217100e+02 2.540027926733172876e+02 2.518341605555601177e+02 2.544473688226956654e+02
2.605497081076642303e+02 2.608193138454796554e+02 2.581245606456664632e+02 2.610612524227236690e+02
2.591502224435015478e+02 2.590497545317073218e+02 2.574755828682693277e+02 2.598701289989379575e+02
2.602529388312226502e+02 2.624195486928679202e+02 2.582233910324895874e+02 2.630811578285640167e+02
2.690899698466590735e+02 2.690656185908658813e+02 2.663046284639455052e+02 2.696848267266665289e+02
2.710940811756651101e+02 2.705274414658853175e+02 2.673076531688283239e+02 2.712286890128538062e+02
2.627846079034161448e+02 2.635838657108251937e+02 2.607019939227544114e+02 2.629883184755209982e+02
2.525213894092059377e+02 2.524523853567917797e+02 2.512361171456132354e+02 2.530750492562481213e+02
2.519086434887730093e+02 2.533925733327048988e+02 2.509849956887847213e+02 2.533181535754144988e+02
2.517105393282169246e+02 2.514408903734170053e+02 2.503336145350005495e+02 2.523881095363447002e+02
2.561043047216812738e+02 2.569264902467413094e+02 2.553839451288077100e+02 2.565197582114574857e+02
2.508381935587461555e+02 2.508647301038253374e+02 2.502497834299150838e+02 2.510514513293428820e+02
2.538609237626099855e+02 2.546484763926120820e+02 2.522587771932291218e+02 2.556996637814524718e+02
2.497362265293565713e+02 2.499207324932440031e+02 2.490566756712880192e+02 2.502991986055760663e+02
2.784807157948266081e+02 2.779111551766813477e+02 2.750840998655613703e+02 2.787127202990596970e+02
2.492359192974315647e+02 2.498872328314518256e+02 2.487044747079315243e+02 2.507196222961822230e+02
2.531371809962597581e+02 2.530943988414335024e+02 2.522804327752265010e+02 2.539953717555354729e+02
2.553110213752084974e+02 2.549528843080869080e+02 2.545181655481055429e+02 2.547523649193641404e+02
2.517701703514582050e+02 2.519945126155492403e+02 2.513202052946597576e+02 2.525441790247110134e+02
2.684328610654602585e+02 2.678179134371331429e+02 2.655561471417521489e+02 2.684653993186860816e+02
2.649791055338521915e+02 2.659049514445084128e+02 2.631829174490988521e+02 2.665044527053512979e+02
2.492553236991827532e+02 2.494507224091083799e+02 2.485441813027877913e+02 2.496654245088251685e+02
2.639638539960362209e+02 2.648747000592873064e+02 2.610361420020799414e+02 2.638853615280826261e+02
2.793974210089214694e+02 2.798484643283363766e+02 2.768652789412838047e+02 2.816673702372384014e+02
2.542024709799891014e+02 2.543380191890678645e+02 2.529832939332725346e+02 2.548563920434420709e+02
2.566697411746446846e+02 2.574435367572939981e+02 2.553186389043908946e+02 2.581078138068644421e+02
2.539627570461525750e+02 2.548858721907553502e+02 2.528973294234909872e+02 2.547201110736420162e+02
2.665438561359480332e+02 2.673094396514543973e+02 2.648525423092418691e+02 2.675439542194103524e+02
2.488023105140719053e+02 2.489544828730033714e+02 2.481855386675035220e+02 2.491720082829627074e+02
2.481710960507029995e+02 2.482364997015334040e+02 2.475512198261647256e+02 2.487747243050061172e+02
2.530140979739406930e+02 2.537202012915513478e+02 2.524016002408926909e+02 2.534338764844254968e+02
2.514164096807121211e+02 2.513739679172535659e+02 2.499594663129239507e+02 2.520665676914771609e+02
2.497927974621770488e+02 2.499310088553217781e+02 2.488725955839578603e+02 2.501097135566232339e+02
2.528361496625909979e+02 2.529807455748864982e+02 2.518438856923165758e+02 2.534388111590158985e+02
2.515419093894954017e+02 2.516280579157230477e+02 2.508046897579226027e+02 2.520051195390900887e+02
2.641027760114095599e+02 2.637534645500730335e+02 2.614851368844339277e+02 2.651891433261643556e+02
