2.669034126354497403e+02 2.669705047264905602e+02 2.665322143307619740e+02 2.664806383817436313e+02
2.674253925408492023e+02 2.670268333066749733e+02 2.672009090311170212e+02 2.665811426546237612e+02
2.732328471610107385e+02 2.727554423770538961e+02 2.719738354680241628e+02 2.727496954557976210e+02
2.731291968934264105e+02 2.732496197105098190e+02 2.720527206634550907e+02 2.731578975923063126e+02
2.661340060521002329e+02 2.663137093602245500e+02 2.655988736937062527e+02 2.662548302815955026e+02
2.663686739490239006e+02 2.665144627932358503e+02 2.659211129089045471e+02 2.665996445039148171e+02
2.829662198240134217e+02 2.833072543759939776e+02 2.814186850276446989e+02 2.827203798499565437e+02
2.630698963259089282e+02 2.632549371687022131e+02 2.630758102150859372e+02 2.627686383272591684e+02
2.646936009099562739e+02 2.646131939759090415e+02 2.651935793733685500e+02 2.650307496386153048e+02
2.697115738656297594e+02 2.693912396033744017e+02 2.697677634557358033e+02 2.685688648475057789e+02
2.703666229009182302e+02 2.703900654928605718e+02 2.699771130033599889e+02 2.705809585548404925e+02
2.920747203135198333e+02 2.920938474193812908e+02 2.907710435832757980e+02 2.921627140081659491e+02
2.713333937396535021e+02 2.720546986844009325e+02 2.709024043793390888e+02 2.719475270992084006e+02
2.705914510620247597e+02 2.706338797221320078e+02 2.704677018649525166e+02 2.709710204361817318e+02
3.057271528413712076e+02 3.067251311566138270e+02 3.058763936731818376e+02 3.051365798902077699e+02
2.765924944349172279e+02 2.768961173814985841e+02 2.769740218231780204e+02 2.768445876027972190e+02
3.000857966611961274e+02 3.003309643108193541e+02 2.993548265770470493e+02 3.000074364301591459e+02
2.690806093489729847e+02 2.695024980754305375e+02 2.683147422312467256e+02 2.692101150017861073e+02
2.701234684644230697e+02 2.703225264389526501e+02 2.704637933274523220e+02 2.699405482581767615e+02
2.661212592620561281e+02 2.662690358992155097e+02 2.658875763700345374e+02 2.659949697065853229e+02
2.783236613446779870e+02 2.784338497139912647e+02 2.763788183686497177e+02 2.786335427107645728e+02
2.690365994677819117e+02 2.686716292808161484e+02 2.686517696308865766e+02 2.685135368010932666e+02
2.658093891301259077e+02 2.648614977369842904e+02 2.649376174291869575e+02 2.650715103608944219e+02
3.020955082073272706e+02 3.020018786580403116e+02 3.015631700472262082e+02 3.018576606416070831e+02
2.608408315933122026e+02 2.610784220496755097e+02 2.608599285555620781e+02 2.607617582362283883e+02
2.628953001148555018e+02 2.628913415159447027e+02 2.630488386277604036e+02 2.621303219149634174e+02
2.762176575766372935e+02 2.763901139881410245e+02 2.770782143108344826e+02 2.768745882128226299e+02
2.811665794037264163e+02 2.813989136448802242e+02 2.800429965183632817e+02 2.814511562057264200e+02
2.631817305879857827e+02 2.637104986204500960e+02 2.627955651800643295e+02 2.636299271296113602e+02
2.637952761304724731e+02 2.636962876825453463e+02 2.640158443675658191e+02 2.639098420193217862e+02
3.027115859224334145e+02 3.030030785501999162e+02 3.024660508294051056e+02 3.021655689012052335e+02
2.925491604992637349e+02 2.929526401338229675e+02 2.914262497593835519e+02 2.920654012953882557e+02
2.737671557180325408e+02 2.745144713127663181e+02 2.734386954454022884e+02 2.739681953604353453e+02
2.708951498403737332e+02 2.710818301954873846e+02 2.710087716791501293e+02 2.711542929587016033e+02
2.618762984796497335e+02 2.611750951628141024e+02 2.617025189605693072e+02 2.616176581725685537e+02
2.711156348663226936e+02 2.718649419553662483e+02 2.700826043858214121e+02 2.720996010741123428e+02
2.685074641278537797e+02 2.685995362381272571e+02 2.684046793741846955e+02 2.688834397595686596e+02
2.655969939213158000e+02 2.650408979969136567e+02 2.649971507060528779e+02 2.651851866619037992e+02
2.671704222656632624e+02 2.672470848283193732e+02 2.673283141394958307e+02 2.676376285141859626e+02
2.648004195527905722e+02 2.644866786020367613e+02 2.640293845409284472e+02 2.638448048131742780e+02
2.679737847227113434e+02 2.680496928786334934e+02 2.674509251288945393e+02 2.679363221369088706e+02
2.786342244653952775e+02 2.790378421448667154e+02 2.768350213769814445e+02 2.794985755520020803e+02
2.735315919294024525e+02 2.735835426592004751e+02 2.728930229482093068e+02 2.744310002681731930e+02
2.755123129332154122e+02 2.765120657482702882e+02 2.745788771792699094e+02 2.757686857936020601e+02
2.690270507653399932e+02 2.695230993546559262e+02 2.692474603078264863e+02 2.701715783419722356e+02
2.722968697230679140e+02 2.722896962593530361e+02 2.709203696102756567e+02 2.725922316706955257e+02
2.737936393596331754e+02 2.739314685424662912e+02 2.735522568250866584e+02 2.744207366430348998e+02
2.702622108314500338e+02 2.697438283965981896e+02 2.690715280335653006e+02 2.699107697633513112e+02
2.690224331859311064e+02 2.686818459923499631e+02 2.688136061889577491e+02 2.691916584902577370e+02
2.694442659155207025e+02 2.690647651109731555e+02 2.693556737062736488e+02 2.691889906718716929e+02
2.643449632216917280e+02 2.640035703307532344e+02 2.640339721392761589e+02 2.640038417611161208e+02
2.698723537735356217e+02 2.703221002944337101e+02 2.696450264519340863e+02 2.699477186709613079e+02
2.628909203052598400e+02 2.617765985773039006e+02 2.620302596687571395e+02 2.618195988563841183e+02
2.667825364999202975e+02 2.661047820738163523e+02 2.663247403384493737e+02 2.662845372861027613e+02
3.087744134521297497e+02 3.085423300586951996e+02 3.086170636634797120e+02 3.073257553823555099e+02
3.034948101959926703e+02 3.026488416732481710e+02 3.024004375612065587e+02 3.018375516565517387e+02
2.732419457521431809e+02 2.731655950415662915e+02 2.720618727867476423e+02 2.732941994701290014e+02
2.750841794768930413e+02 2.750697106532993530e+02 2.741104795893847950e+02 2.747262257775398666e+02
2.635405896124830747e+02 2.640033060383350971e+02 2.642490170121375854e+02 2.639623099721405879e+02
2.827148386329667460e+02 2.826380546793356530e+02 2.809699615191021280e+02 2.826892523246104929e+02
2.928286154461015940e+02 2.927718934167480143e+02 2.908947501117138472e+02 2.928169186317383037e+02
2.664493017303229863e+02 2.662946519159916647e+02 2.669067475554090265e+02 2.663454093674160390e+02
2.758310498271465008e+02 2.757146581403377468e+02 2.747891825396154104e+02 2.761060819802123092e+02
2.683234017996800844e+02 2.685232527097001025e+02 2.691659152675907762e+02 2.678521914615191690e+02
2.868609492144049113e+02 2.881556716317273867e+02 2.856927678688264223e+02 2.869354813265141502e+02
2.633619841609692571e+02 2.629447053956183140e+02 2.634185295910377249e+02 2.635852405693695459e+02
2.640897622214753255e+02 2.642025174160347660e+02 2.647348201390342979e+02 2.639638066167488546e+02
2.737242794115823585e+02 2.737584762452956397e+02 2.727376984285825756e+02 2.738836845862209088e+02
2.659428557498960686e+02 2.660765028392162890e+02 2.657918019024036198e+02 2.657761514812261225e+02
2.705192231378427437e+02 2.706368412450077017e+02 2.699907690060902041e+02 2.705976333454822225e+02
2.688402898964493488e+02 2.694061339815962697e+02 2.687568900143253359e+02 2.688878712364456760e+02
2.622096346022433409e+02 2.618608298690180618e+02 2.626832180504868575e+02 2.622647108769715487e+02
2.635340376723765985e+02 2.634573128475220187e+02 2.638890295783562578e+02 2.635034237220042996e+02
2.650510534563250076e+02 2.650255545513214770e+02 2.648522698409898908e+02 2.650544795763394177e+02
2.797420455415236802e+02 2.799172239897615100e+02 2.785973398777975945e+02 2.802064571640294730e+02
2.839868137579219933e+02 2.839577177598669664e+02 2.824835365212114198e+02 2.840000507806015548e+02
2.644391369712854498e+02 2.640279730589184055e+02 2.652159802470719114e+02 2.650367272099657043e+02
2.676647768418062583e+02 2.679023206442550418e+02 2.681837266369267354e+02 2.676753096946323467e+02
2.681538719663804500e+02 2.685174208460551313e+02 2.685470427582795310e+02 2.684587943646591839e+02
2.831596790813614462e+02 2.826514822522350414e+02 2.818260319348674443e+02 2.832209358994970785e+02
2.688828203258552776e+02 2.696321882332085238e+02 2.683362234862794935e+02 2.689730263372842387e+02
2.708248628167347078e+02 2.706806249676945981e+02 2.699602189509891446e+02 2.710542330514623472e+02
2.772187940428152046e+02 2.767040260055354679e+02 2.756268125149069306e+02 2.769021472561293535e+02
2.631325808787977394e+02 2.633450843044140584e+02 2.636853269692623485e+02 2.633123885124733761e+02
2.695288431163495488e+02 2.694443843382583168e+02 2.693591252983939626e+02 2.700752322540769796e+02
2.618189077139533651e+02 2.618728888371553012e+02 2.619482134257353323e+02 2.621191637267355645e+02
2.834056656695272522e+02 2.844101978762253111e+02 2.824032377889859049e+02 2.848912712937685683e+02
2.951323854609816522e+02 2.947387100049290325e+02 2.938070281666001051e+02 2.942149293416018736e+02
2.678033549643675997e+02 2.687207960534544782e+02 2.681765102109598615e+02 2.688762016779030546e+02
2.731243774485570270e+02 2.733066996955377590e+02 2.722718701575892624e+02 2.731625748674696297e+02
2.741376226160090823e+02 2.748903062995545383e+02 2.737705018565035289e+02 2.744798845671687673e+02
2.635818528266723888e+02 2.641284945847908716e+02 2.642858658798189140e+02 2.641966344324291640e+02
2.911291005262409044e+02 2.909905244087146912e+02 2.897326676087703845e+02 2.901684899823612227e+02
2.642433773948689577e+02 2.641126540710058066e+02 2.636464583883645787e+02 2.642521586532643596e+02
2.658069585807089652e+02 2.658105482118793361e+02 2.667817305870819951e+02 2.660352627929712526e+02
2.639015748213339521e+02 2.638566630299142730e+02 2.643666505020564159e+02 2.641744614568651741e+02
2.657670177549175605e+02 2.656775340076483189e+02 2.659017953392032609e+02 2.660638231501862947e+02
2.663577042085406106e+02 2.663530260620167383e+02 2.662173929071355474e+02 2.668526737511562601e+02
2.955628487005001830e+02 2.968645999619101303e+02 2.945345182130430430e+02 2.954436628491063175e+02
2.763666263313463105e+02 2.768592450149017168e+02 2.763219526042200300e+02 2.770265707348428919e+02
2.674061305716346055e+02 2.677593889926016004e+02 2.669223557115457766e+02 2.678479442730088635e+02
2.663375607807915912e+02 2.664320399662815930e+02 2.658952418406343554e+02 2.658131594891840450e+02
2.617191300365105349e+02 2.613551059231808722e+02 2.616577257308313733e+02 2.616252756636923777e+02
2.709920975390999160e+02 2.705040226838615922e+02 2.697297352793725622e+02 2.705553384314036407e+02
2.626139873263059599e+02 2.629101148650389632e+02 2.623628121001307818e+02 2.630346723640486175e+02
2.693025775440560778e+02 2.694705398062221207e+02 2.688904288185839278e+02 2.698026614714888751e+02
2.691086653363375376e+02 2.689467117333169881e+02 2.695806408180774270e+02 2.689989980453021872e+02
2.743285119998623145e+02 2.743379068693564591e+02 2.731155264151324218e+02 2.749575238343275032e+02
2.712296958938046600e+02 2.716177952158424205e+02 2.716698437621357130e+02 2.719444394456646137e+02
2.884420149283938031e+02 2.874061484336177728e+02 2.866790558378504556e+02 2.867614295383310719e+02
2.621486094295898397e+02 2.624170586723170686e+02 2.618352956475722522e+02 2.621342702670426661e+02
2.701275763437088813e+02 2.703192541547425662e+02 2.704236377319643339e+02 2.698252818657088028e+02
2.707238763902020651e+02 2.709726750474483765e+02 2.705239731470180118e+02 2.713106191931977378e+02
2.746485619598456651e+02 2.747947234026140109e+02 2.735759396943944921e+02 2.748983578690555305e+02
2.761952301956982296e+02 2.769547121641862191e+02 2.757273780598158623e+02 2.769251407842789376e+02
2.772511567045776246e+02 2.770778732330160210e+02 2.769672108553437511e+02 2.772465498118286860e+02
2.652562016103495921e+02 2.653263226927103346e+02 2.653868676540716365e+02 2.657672175264960970e+02
2.912970324753065938e+02 2.912329069574968230e+02 2.894780470271150534e+02 2.913427486965201751e+02
2.716430747872267375e+02 2.722999884846446434e+02 2.722610000169680688e+02 2.727388712423895640e+02
2.626474520546353233e+02 2.625062316179267441e+02 2.624034559025494104e+02 2.625687317786270114e+02
2.716737945683595399e+02 2.717096200286560475e+02 2.713053372659906017e+02 2.720845163388126480e+02
2.673699518954871337e+02 2.670717741284867657e+02 2.671977309153483588e+02 2.672669313468646237e+02
3.002399671039988789e+02 3.000473365992590402e+02 2.989201206933665844e+02 2.992016922260523302e+02
2.665069738846109431e+02 2.669355564819954338e+02 2.666702683884600447e+02 2.667583767827799761e+02
2.819132983834688844e+02 2.825682162516139897e+02 2.808301324228508520e+02 2.824432875330394950e+02
2.681513145851829449e+02 2.684140878224307585e+02 2.673478667235261810e+02 2.675624668815048040e+02
2.675258375548746130e+02 2.681648067098202546e+02 2.674986166069341493e+02 2.683210909133497353e+02
3.063828977246747627e+02 3.070947084770532456e+02 3.065183834818188302e+02 3.051889083437400245e+02
2.659057114931317756e+02 2.650137152627450519e+02 2.658018617144661562e+02 2.652517751405932245e+02
2.819237349312094807e+02 2.820315638326832186e+02 2.809437216408431937e+02 2.814848347534007758e+02
2.957079669827533053e+02 2.965117420879814745e+02 2.947979464860904955e+02 2.957387179910568875e+02
2.814201632860986138e+02 2.819230152732422994e+02 2.809872749810313621e+02 2.821278192676195431e+02
2.655532058258316397e+02 2.650670573037600093e+02 2.654097338374002675e+02 2.648072089073014013e+02
2.786976425425636421e+02 2.780298209312257995e+02 2.770368131188662915e+02 2.778943798062091446e+02
2.647409588431907537e+02 2.645708000519745156e+02 2.648762848539423089e+02 2.650226882482004953e+02
2.733521952067297320e+02 2.741103602025738155e+02 2.729773920706832655e+02 2.739381916617150523e+02
2.692452105504493147e+02 2.688495642749518311e+02 2.684000116050646056e+02 2.694031301566918160e+02
2.661599842670552221e+02 2.662910860373319792e+02 2.659148703242109377e+02 2.660195200388645276e+02
2.641200976222238523e+02 2.645513255074445738e+02 2.646679821637042096e+02 2.647400277611105253e+02
2.859905650609623535e+02 2.859472760208420254e+02 2.848742270969660240e+02 2.849815981207545974e+02
2.983920307522166127e+02 2.982464269930179057e+02 2.971641902755595197e+02 2.974929453512160649e+02
2.700086118576112995e+02 2.708212130658393448e+02 2.703178807997441595e+02 2.704675571688058540e+02
2.720483703303926291e+02 2.716114426941529132e+02 2.713362587874676706e+02 2.715996804078844207e+02
2.656866523992839006e+02 2.661740168836043949e+02 2.660935067878681366e+02 2.652675801639802557e+02
2.746594622216550761e+02 2.751134488263342064e+02 2.737336943479956517e+02 2.750396050831994330e+02
2.744553618374627035e+02 2.740065193169897952e+02 2.727195643802721179e+02 2.752330592525991051e+02
2.618288482040190956e+02 2.619366458274815272e+02 2.617252129722310201e+02 2.620815204026134779e+02
2.670159427129692062e+02 2.663940701460849141e+02 2.668984839687803969e+02 2.665426676483136248e+02
2.720826732724896715e+02 2.724140674235442816e+02 2.706381199328761227e+02 2.723140090482198161e+02
2.695664406308025036e+02 2.697657660051099242e+02 2.705664255994572613e+02 2.692653495861620172e+02
2.873729178073637058e+02 2.873247806377265192e+02 2.858882087206349638e+02 2.871522317377553009e+02
2.769166009383637856e+02 2.770984902645321881e+02 2.762278471736497067e+02 2.772853895567478730e+02
2.759954953203228456e+02 2.760204748288039127e+02 2.746916945616545718e+02 2.758514656365327937e+02
2.763634862597525625e+02 2.765590955110459959e+02 2.758699478182294911e+02 2.763258256370443746e+02
2.610225351965634104e+02 2.615243616955079915e+02 2.606484688748710710e+02 2.609499711074810193e+02
2.727147469806239997e+02 2.727498576192583641e+02 2.708838482587044609e+02 2.724643688166689799e+02
2.649921090905467622e+02 2.658547972271118169e+02 2.658649930138371928e+02 2.654926248597041081e+02
2.701484287753870035e+02 2.705456530976911154e+02 2.699881756687623806e+02 2.694550377162318000e+02
2.687061715524604324e+02 2.684906905838694229e+02 2.685368708866628822e+02 2.688049118159350428e+02
2.670898242963191365e+02 2.667821761677081440e+02 2.666739026358280285e+02 2.666504178114195724e+02
2.665623863621796090e+02 2.678769106756067231e+02 2.672972427150780845e+02 2.677603849982482416e+02
2.679399097242101107e+02 2.686520386990726479e+02 2.670063623442410972e+02 2.686886272447370061e+02
2.676466445004296020e+02 2.676667625013363363e+02 2.676919401976482504e+02 2.683191371182187481e+02
2.735268324810782019e+02 2.732536885020331283e+02 2.722124920159845374e+02 2.730034772184738472e+02
2.891681470990787375e+02 2.897487022707299502e+02 2.875076869217596709e+02 2.882410825011417046e+02
2.928521767656966972e+02 2.934195783377111297e+02 2.925253805700131124e+02 2.928442439483334283e+02
3.117932360164774650e+02 3.112375008753575685e+02 3.115233998205295620e+02 3.098345418704354302e+02
2.677421158907815766e+02 2.671906778879974240e+02 2.675655148680314142e+02 2.676682094828512959e+02
2.709786408056548908e+02 2.709888994335142911e+02 2.702489022586298120e+02 2.714255299572975559e+02
2.693780907969897385e+02 2.693070854796738445e+02 2.694882782824140008e+02 2.699559556349112768e+02
2.693578837352693540e+02 2.699542033677745962e+02 2.699641205363188305e+02 2.697676280380661638e+02
2.698126712463221111e+02 2.687445604073841992e+02 2.690224676336924290e+02 2.690589725753311541e+02
2.964739972371318686e+02 2.962142650705341111e+02 2.948695486512987713e+02 2.961681595062926249e+02
2.776812234060992068e+02 2.770883758067461144e+02 2.762545775922744724e+02 2.775042535558035297e+02
2.664644894696901360e+02 2.662361431020435134e+02 2.664455849035238089e+02 2.661356342715172900e+02
2.669045729408799161e+02 2.672505984600683746e+02 2.663040948934853986e+02 2.674488752683603821e+02
3.050910105138202653e+02 3.044940068996610307e+02 3.039082600510445786e+02 3.041022559042125977e+02
2.791790971187020887e+02 2.790959270973592083e+02 2.775510823148001123e+02 2.790332205894031290e+02
2.667755413529619091e+02 2.658238930194948466e+02 2.669171682044235467e+02 2.665363812583512981e+02
2.637366065661586845e+02 2.638278476378476398e+02 2.637459671633929474e+02 2.641131378016234521e+02
2.644632410921067276e+02 2.640417117330599694e+02 2.644613244387979876e+02 2.641784334507680114e+02
2.658839717687275197e+02 2.664100056549320925e+02 2.665871113261464416e+02 2.664647688628243145e+02
2.873935279982677002e+02 2.877122229771645152e+02 2.857932721491742996e+02 2.870509321330895887e+02
2.673935864596538750e+02 2.670730671292794227e+02 2.674680327203262777e+02 2.675231366694360418e+02
2.932476103755195709e+02 2.934595178114184932e+02 2.927778171713587199e+02 2.937196261399643049e+02
2.775745059579858776e+02 2.778518348195244698e+02 2.759891361102464202e+02 2.778745979901149781e+02
3.041531074438348696e+02 3.038121085749256167e+02 3.039415510072984716e+02 3.030257405907468069e+02
3.102334532519242885e+02 3.099153218713703382e+02 3.099782002618920274e+02 3.091280936854423658e+02
2.640722712267496490e+02 2.643908756167563183e+02 2.644749886659866434e+02 2.643233714735270610e+02
2.789774250713514903e+02 2.787267664174820538e+02 2.772104294457846549e+02 2.787529451009265244e+02
2.713440937009879121e+02 2.724602351470587109e+02 2.713156779162084717e+02 2.717044817282600206e+02
2.680287241651441832e+02 2.681648661488854941e+02 2.673946114318313221e+02 2.682080796077303830e+02
2.700469734083245044e+02 2.707639178132137658e+02 2.704236872531114386e+02 2.705003132503465508e+02
2.679968474648733263e+02 2.680125531197238047e+02 2.679352475582734314e+02 2.680874895878004622e+02
2.885971797345063123e+02 2.885291481989718250e+02 2.865668339794441977e+02 2.879049140043056241e+02
2.693136012471274512e+02 2.696178710083432293e+02 2.692072598224834792e+02 2.700241015607558097e+02
2.757733545097982528e+02 2.758934713736230719e+02 2.747035262546428385e+02 2.754784804497361392e+02
2.689608244234686367e+02 2.695047324565322242e+02 2.698867530284865666e+02 2.690474094035716348e+02
3.056845991121132897e+02 3.067394289614759941e+02 3.059222919855236000e+02 3.052238940255942339e+02
2.675506312475413893e+02 2.675097704643097245e+02 2.668229348722855434e+02 2.668895955144519689e+02
2.937402612977796252e+02 2.937992444582213238e+02 2.925583428715594323e+02 2.934222217309593361e+02
2.672884906734950050e+02 2.677547960608678181e+02 2.674884982732640424e+02 2.676566311967930005e+02
2.691213898273821883e+02 2.681632841451888680e+02 2.670010282129305779e+02 2.683648143822127281e+02
2.727513823803086552e+02 2.723836694250449568e+02 2.729876156016980531e+02 2.731699301643310491e+02
2.768295630592319867e+02 2.768014380518619078e+02 2.760766410338423498e+02 2.769888014949857507e+02
2.743564693784675796e+02 2.744126623866389991e+02 2.740338756216667662e+02 2.745247700887056226e+02
2.663512335805907583e+02 2.666805934731769980e+02 2.666456172654026773e+02 2.664753517949488355e+02
2.635073305614660626e+02 2.648511746879784710e+02 2.639474089176145526e+02 2.643890029570018214e+02
2.646705883951712508e+02 2.652173588227048526e+02 2.659300003874539016e+02 2.653323621114370781e+02
2.648188628190903842e+02 2.648802165534627306e+02 2.648242104078485681e+02 2.648566325054310937e+02
2.881726934621047462e+02 2.879509654587972705e+02 2.871261767768997402e+02 2.878106807018606901e+02
2.668948929608408775e+02 2.667168262680884254e+02 2.665403994731792068e+02 2.664911899818804955e+02
2.943972689562663163e+02 2.941659470982564244e+02 2.931230338608775696e+02 2.936658488587870579e+02
2.931971653082512717e+02 2.929809623555310054e+02 2.920393075877107663e+02 2.928882528212524790e+02
2.662593579146869160e+02 2.669269958960643976e+02 2.663320340365584684e+02 2.666053767327708783e+02
2.781418858474135050e+02 2.792320163557753290e+02 2.774726486267157384e+02 2.791830803884088255e+02
2.980326488713546382e+02 2.984324137855187473e+02 2.975371958441328957e+02 2.979133487088715810e+02
2.635219472020379499e+02 2.637492303663323128e+02 2.632749675722535017e+02 2.632338197852358235e+02
3.076943894327550311e+02 3.081098684670599255e+02 3.077705297317089048e+02 3.064633196024042832e+02
2.720310799270529856e+02 2.711696456245225590e+02 2.713528979544931303e+02 2.722485034086974451e+02
2.798379520968855445e+02 2.799953379505220141e+02 2.784164571106319386e+02 2.800993323381212008e+02
2.636201482877593207e+02 2.633421900634742201e+02 2.637176486144044247e+02 2.636091658612211859e+02
2.654600775105782304e+02 2.657915418351614676e+02 2.662922018751965538e+02 2.656856345623409652e+02
2.809308838818300842e+02 2.819195271377507765e+02 2.793748536420061441e+02 2.817342591429464278e+02
2.737868317179592168e+02 2.741652946454697712e+02 2.734848329916464991e+02 2.738950751288720085e+02
3.064797090134564428e+02 3.066311876314756546e+02 3.054467226817858432e+02 3.061027244866010619e+02
2.949564822962172457e+02 2.957751135428699740e+02 2.943950602905846949e+02 2.951622555085705812e+02
2.687466096201853247e+02 2.685604503318743355e+02 2.677953363180062638e+02 2.689719999666212402e+02
2.680210281419302305e+02 2.681408645998222369e+02 2.675091898195696558e+02 2.682483225168202239e+02
2.658160917982982028e+02 2.657855274476354452e+02 2.658643634410013874e+02 2.650662127250776621e+02
2.679853419813042592e+02 2.678648365069192323e+02 2.680857583215680506e+02 2.675984696433108638e+02
2.646940007609288159e+02 2.646136680455063583e+02 2.655598923716119657e+02 2.646685713113046177e+02
2.659275219494429621e+02 2.656290202183603242e+02 2.656087408111653190e+02 2.664634473280130464e+02
2.672588437129639942e+02 2.672329460006189947e+02 2.666228626168433493e+02 2.675960804856685513e+02
2.634480619613440808e+02 2.642406099050596140e+02 2.635198143315393509e+02 2.631639590722288631e+02
2.679609791651509454e+02 2.680299842175674030e+02 2.685469166036990600e+02 2.681525471089554458e+02
2.714438396919601360e+02 2.718559602701626545e+02 2.713253760439604889e+02 2.717914453462590814e+02
2.662074116070735954e+02 2.661713261415249008e+02 2.662444811142329968e+02 2.660448516672170740e+02
2.731834010209922781e+02 2.736876179307631674e+02 2.720310130811317890e+02 2.734549752850372784e+02
2.679650451797335222e+02 2.670903340463983113e+02 2.686248914589738206e+02 2.675970291292464935e+02
2.958675731662183921e+02 2.959618192629982332e+02 2.940160812543217048e+02 2.951801986124170298e+02
2.662658138699207484e+02 2.663434321841343717e+02 2.674614039326618240e+02 2.662175807574608939e+02
2.668164147364473706e+02 2.675817996275728206e+02 2.666128099262899127e+02 2.667754468993321098e+02
2.863357244758787488e+02 2.868939751575846344e+02 2.845424655280053798e+02 2.861178413991019056e+02
2.670114222058559221e+02 2.667662314486436799e+02 2.669700974174843395e+02 2.672647870342059377e+02
2.736347161289489804e+02 2.745604392618847669e+02 2.735084612083995239e+02 2.745577874311898086e+02
2.702111021904627250e+02 2.707207050748662596e+02 2.700535997417571821e+02 2.708236481971621856e+02
2.824572127678626430e+02 2.819531985244852308e+02 2.808109457856788254e+02 2.818987743572120053e+02
2.653059167311832880e+02 2.657312092896633544e+02 2.654151728207245924e+02 2.654242070102532125e+02
2.788511193022844168e+02 2.789893553575129204e+02 2.772808172078970301e+02 2.793518412578214907e+02
2.682997031942218200e+02 2.681346422891286352e+02 2.679377946181743937e+02 2.680002176238471066e+02
2.688656879956208172e+02 2.689091755310338385e+02 2.678239630218581624e+02 2.687356961778962159e+02
2.820811263183744018e+02 2.829030911356729234e+02 2.811963286539183287e+02 2.826273250536058299e+02
3.036253367542362867e+02 3.040586895316602636e+02 3.023192209549893619e+02 3.031667041285066944e+02
2.675052413295754832e+02 2.674750571307947666e+02 2.681797829784329679e+02 2.671750510439759410e+02
2.687139721559840950e+02 2.681518505921503674e+02 2.697601522724121992e+02 2.686117166458076895e+02
2.645217424018603651e+02 2.642747525910481841e+02 2.649923153094152326e+02 2.642044950446821190e+02
2.661612465847057365e+02 2.661203067774390547e+02 2.659924528805385648e+02 2.662502795424642841e+02
2.663227131165497781e+02 2.660809340724303524e+02 2.657690638272599699e+02 2.664713323226050079e+02
2.666918549176249371e+02 2.661744452604985440e+02 2.662416674787134525e+02 2.655242756347442992e+02
2.659858566600318568e+02 2.654955098806734668e+02 2.657803688477653736e+02 2.656215496220548857e+02
2.711651211388652882e+02 2.721079258075482699e+02 2.713806819419581871e+02 2.719736393433709054e+02
2.864634222195839470e+02 2.873679770007394723e+02 2.853403376150478152e+02 2.861702548046384322e+02
2.844212344959288430e+02 2.843647382640322121e+02 2.823176141628757136e+02 2.840577576735253160e+02
2.658648483797044832e+02 2.658966352434119358e+02 2.673640044588790374e+02 2.658086864231603954e+02
2.844056236118014453e+02 2.839215608254725112e+02 2.824991234422194566e+02 2.834349195317095678e+02
2.626759778250383874e+02 2.630703518239816390e+02 2.623712715474508173e+02 2.625836125607501117e+02
2.877546996069176544e+02 2.872658893225868724e+02 2.865171277279250148e+02 2.870940031374312298e+02
2.980963655322048567e+02 2.985522511787186204e+02 2.972095853080333541e+02 2.980053055916736753e+02
2.990170424987956039e+02 2.984127755816858780e+02 2.969004835664461552e+02 2.968821523235504856e+02
2.891890116089968501e+02 2.898054121778006333e+02 2.883308075845521898e+02 2.894491409417288423e+02
2.681150399682472312e+02 2.684395688391017529e+02 2.686107376004284220e+02 2.682468288984630931e+02
2.638741953240656812e+02 2.638236884446196768e+02 2.643178613054631683e+02 2.638348536536113897e+02
2.644484625978886925e+02 2.643598951920288869e+02 2.637873419557963075e+02 2.643710764696355113e+02
2.769112153086281864e+02 2.776082174040705581e+02 2.763425459747627428e+02 2.772504140900423408e+02
2.747248743668271231e+02 2.752403962567165649e+02 2.738207891858820062e+02 2.750263653549208698e+02
2.736344618268660156e+02 2.739837720677016364e+02 2.726289997312234732e+02 2.736077240435969884e+02
2.704307456749632479e+02 2.707586252466740007e+02 2.698788171906369371e+02 2.709486832619170400e+02
2.642637830601073574e+02 2.642333556091953710e+02 2.645296142105540866e+02 2.640946421532802333e+02
2.955665242729336342e+02 2.951424872464665441e+02 2.941734166804166080e+02 2.947996711616297034e+02
2.706986697580006194e+02 2.702160494526448247e+02 2.704464939671108255e+02 2.707331284579732369e+02
2.633444696501267117e+02 2.633193956815798060e+02 2.628345694044836591e+02 2.632138416389015561e+02
2.909831855927404263e+02 2.913125678898496176e+02 2.893418317031110405e+02 2.912397232105051330e+02
2.651745022706533632e+02 2.657137570138918363e+02 2.647531779729759478e+02 2.654077500945568886e+02
2.624815146369973036e+02 2.623719557068332620e+02 2.625097924003898697e+02 2.628992519339624891e+02
3.071294536947676193e+02 3.057062099559699959e+02 3.059613490234646065e+02 3.043606884729618400e+02
2.817975470011484163e+02 2.818676513565246751e+02 2.804069532349522547e+02 2.817087173628414689e+02
2.826816186651080329e+02 2.832103206633209425e+02 2.813812343580589186e+02 2.829901503043745379e+02
2.684725890786690456e+02 2.685888260299586250e+02 2.686936619018840702e+02 2.678776903511030127e+02
2.923614773734792038e+02 2.923759509899999216e+02 2.900264172275918781e+02 2.908683801050430588e+02
2.621443818569129576e+02 2.625722731041047382e+02 2.621028658273744441e+02 2.623993629834812964e+02
2.641861033737867501e+02 2.643386907163362594e+02 2.637443102871798715e+02 2.642883957915997257e+02
2.681080090290990370e+02 2.684911126821920107e+02 2.676190933050697254e+02 2.684928927694634808e+02
2.729460728748081806e+02 2.730082494927998482e+02 2.725589785707419992e+02 2.729639314982834435e+02
2.659306665387059070e+02 2.668095481447309112e+02 2.663899074866668570e+02 2.663284546543233091e+02
2.730300224014161472e+02 2.740116340483631348e+02 2.729253559809466765e+02 2.725120039794569493e+02
2.944522685723277959e+02 2.943505440505815614e+02 2.932510507551182286e+02 2.945197456966517393e+02
2.688873842923669599e+02 2.682681674936908962e+02 2.692100210906875191e+02 2.684014605143140670e+02
2.675249953703838059e+02 2.669294557903786540e+02 2.674492321005834583e+02 2.671752322377105315e+02
2.652651725424690312e+02 2.655213502754087926e+02 2.652035518833527021e+02 2.657365506178638839e+02
2.652726361408517732e+02 2.647558053787387848e+02 2.646947807925191114e+02 2.645138003715351260e+02
2.788013939274441668e+02 2.792243015856087709e+02 2.774497610916520216e+02 2.797747663307332004e+02
2.667277437234224635e+02 2.671037059523043240e+02 2.666660233410247542e+02 2.669950057461188067e+02
2.809803260208710753e+02 2.817589461188393329e+02 2.801442703511720538e+02 2.816437286051451565e+02
2.915947811869777979e+02 2.919135161565577050e+02 2.906637039904875337e+02 2.908786312669331551e+02
2.842181170424650531e+02 2.843599149934730121e+02 2.828754499934723867e+02 2.840561343332876163e+02
2.711564606926888814e+02 2.718292303569850219e+02 2.719686016946429277e+02 2.722779846141943949e+02
2.790560004899591604e+02 2.795213561504087352e+02 2.775515600881720388e+02 2.800333090011212676e+02
2.901687789382647225e+02 2.897571948581009451e+02 2.889569361510199883e+02 2.897882048753048707e+02
2.640698950906992764e+02 2.643802124758852301e+02 2.647236216859598130e+02 2.645346875115509988e+02
2.653627607408980680e+02 2.656009708089160881e+02 2.655708576978356064e+02 2.653237108937097446e+02
2.724357071043416454e+02 2.728820274532767485e+02 2.717991641555144042e+02 2.721663370342570261e+02
2.652256911310938676e+02 2.654951149034331479e+02 2.652038840339077410e+02 2.651866285096451747e+02
2.665071336048270609e+02 2.662048349062218904e+02 2.652323320563272659e+02 2.663653463835526622e+02
2.715653072044362375e+02 2.713963844292655381e+02 2.713224377469225033e+02 2.715437113460520209e+02
2.807803763856804835e+02 2.811183739372447121e+02 2.798072603568472232e+02 2.805328999799620533e+02
2.825459678599756899e+02 2.826831805332299155e+02 2.803978793887577581e+02 2.820300557807517521e+02
2.745965341236755535e+02 2.755444837312219306e+02 2.747951385895512999e+02 2.750919638031123213e+02
2.802428383488240797e+02 2.797203136171780784e+02 2.788234687571328436e+02 2.793342597977800210e+02
2.723001316904644682e+02 2.721665903531515482e+02 2.714981041761520828e+02 2.720878635160000840e+02
2.965488506194545835e+02 2.971221902829955184e+02 2.955619421714720261e+02 2.959164083822192879e+02
2.756958481943010497e+02 2.758300997439943103e+02 2.757061920484179609e+02 2.757919642287739634e+02
2.831324193951469965e+02 2.842214382129902219e+02 2.823616258620710937e+02 2.837370551127462477e+02
2.658032523967912653e+02 2.655313995304749710e+02 2.665441547546868151e+02 2.656144618622729467e+02
2.700505075151431242e+02 2.703294984689766807e+02 2.698714354240242415e+02 2.699711730807969161e+02
2.654344662355844662e+02 2.645352958595810264e+02 2.647438021554404486e+02 2.650769048505763976e+02
2.666414444186997343e+02 2.662914969445509428e+02 2.663195320526833711e+02 2.656715876835616541e+02
2.683818545334374903e+02 2.681545122245441917e+02 2.676622819929269781e+02 2.680769815262534053e+02
2.666829607433399474e+02 2.658679003789786748e+02 2.655696895239551623e+02 2.662197335740546578e+02
2.714204392493512046e+02 2.711123413282147112e+02 2.704349493002827671e+02 2.712516998344448780e+02
2.677947734923051826e+02 2.678428921881180713e+02 2.682212875038655397e+02 2.683176552325142552e+02
2.682964620606234121e+02 2.685181193626330014e+02 2.682526286669952356e+02 2.680400803459478993e+02
2.659040217913643005e+02 2.660545805886970925e+02 2.659314163158843485e+02 2.661278026957340330e+02
3.066281625376927877e+02 3.059953295938884708e+02 3.072234475976624140e+02 3.054986840769793162e+02
2.796156224202069893e+02 2.800472431001468294e+02 2.786696246398851713e+02 2.798537034083194044e+02
2.931963660506432916e+02 2.944967612577914906e+02 2.930805097135162214e+02 2.936461231756350685e+02
2.648727500324666266e+02 2.651220575371803534e+02 2.655010983618355453e+02 2.647333716308262979e+02
2.673203986253393509e+02 2.680606618749855556e+02 2.680977753081637047e+02 2.676361855445462652e+02
2.758834265671431467e+02 2.760816363375456604e+02 2.748296698374899734e+02 2.757387411865923355e+02
2.919053193311662540e+02 2.916540589152451730e+02 2.897880684264389402e+02 2.910486348674265855e+02
2.658906902016768754e+02 2.659214114112517677e+02 2.663336972691153051e+02 2.658255496797769410e+02
2.660965965067907746e+02 2.662958308092274251e+02 2.661416190341917627e+02 2.661056617595726834e+02
2.620991154170198456e+02 2.624077245462539167e+02 2.627798161922519853e+02 2.628533736558374017e+02
2.657208778209916318e+02 2.650927600000598545e+02 2.653760879580457868e+02 2.647821908138610070e+02
2.716201097966473412e+02 2.717608885027453880e+02 2.715602205563482698e+02 2.722605679124989706e+02
2.733891142381177133e+02 2.736834175718067286e+02 2.734300870596494519e+02 2.738293068295646435e+02
2.694145179723063848e+02 2.687343785157355569e+02 2.680554072233349530e+02 2.690852749963337374e+02
2.766410729149276335e+02 2.765247836617277244e+02 2.759371682879810237e+02 2.769394559159136975e+02
2.784770244695170049e+02 2.787393706295346192e+02 2.778724984686201083e+02 2.788672860559771607e+02
2.761747291155509174e+02 2.772438995459526723e+02 2.752446334791347340e+02 2.763360358551753961e+02
2.740292533255787362e+02 2.742903285011323078e+02 2.736106224604322392e+02 2.749998719587813412e+02
2.671459914598140131e+02 2.670269638820166165e+02 2.668249988565178228e+02 2.671921442692207052e+02
2.870900495501674641e+02 2.867988007450791201e+02 2.853436802298271573e+02 2.870625750737396515e+02
2.982931556268301279e+02 2.981204341962031208e+02 2.979807657600755419e+02 2.979597587325887389e+02
2.663404597698485077e+02 2.664368817625172596e+02 2.657065523205181989e+02 2.661031745009939868e+02
2.655907091773439674e+02 2.652755667195006595e+02 2.657334565203699981e+02 2.650514569630915958e+02
2.700383196138305948e+02 2.693528733312497820e+02 2.693246027736869337e+02 2.695081759793066567e+02
2.828174799010653828e+02 2.822834915157221189e+02 2.806392691083964337e+02 2.816553061878907442e+02
2.644829394430242360e+02 2.642884803917822296e+02 2.645563149278091259e+02 2.636252765341308759e+02
2.696048900640022339e+02 2.696801824572764872e+02 2.694872184271350761e+02 2.692659158530638024e+02
2.883663432454318354e+02 2.884959781140214545e+02 2.874906031562836120e+02 2.892809394805664169e+02
2.737943792271975099e+02 2.739428041897309072e+02 2.723491538641106899e+02 2.735262148497520229e+02
2.722639266078882656e+02 2.725019771365844008e+02 2.716013796482638440e+02 2.715188884375558018e+02
2.908004911931965921e+02 2.908984831632948840e+02 2.885391110770960950e+02 2.905093875906554217e+02
2.638388861388978057e+02 2.641851819809750168e+02 2.641060739301345279e+02 2.639067782726807536e+02
2.789285747877825656e+02 2.791297939161307227e+02 2.778749014752866628e+02 2.786436933233671311e+02
3.123402989684539648e+02 3.125414495158469776e+02 3.130219204798823398e+02 3.114878816879031547e+02
2.748134808957034920e+02 2.755681945938719650e+02 2.735812213733436238e+02 2.754437025524762817e+02
2.859015167528002053e+02 2.868240316059508928e+02 2.839770998928098606e+02 2.862892590204568819e+02
2.979552024918708639e+02 2.984685058877917072e+02 2.973476378941808775e+02 2.971748321465001368e+02
2.657533329547291601e+02 2.658659439549523995e+02 2.659075537614042446e+02 2.665029304877085110e+02
2.736074628217218674e+02 2.741312937395164226e+02 2.730200155038864409e+02 2.737579352513691333e+02
2.643223120921835516e+02 2.643281936125127913e+02 2.645517433685411675e+02 2.640465951286449240e+02
2.660993788244114171e+02 2.660791339845415564e+02 2.662840833543888266e+02 2.659485120204695932e+02
2.888157953618361375e+02 2.881388479808102829e+02 2.876010797739136251e+02 2.885240691510745137e+02
2.678801437310054894e+02 2.677037694284037457e+02 2.671062345239636215e+02 2.679630206534960166e+02
3.054982346375638826e+02 3.056658111461878775e+02 3.051051432361957154e+02 3.033167110602125831e+02
3.070280189798145898e+02 3.067831433585155310e+02 3.063675320777411457e+02 3.057914890276123856e+02
2.666510814566767635e+02 2.669469212304531993e+02 2.660531871922845539e+02 2.670247240905033550e+02
2.722491338423141087e+02 2.728102564600085884e+02 2.698505843869835417e+02 2.728881862480220661e+02
2.651263550912404412e+02 2.649894947111035322e+02 2.643821035824689716e+02 2.651060614709223273e+02
2.643729113633216343e+02 2.641693780837019290e+02 2.648215208167580386e+02 2.638855659148459267e+02
2.809716791102803199e+02 2.809706828872253936e+02 2.796681736328121133e+02 2.815656282080439041e+02
2.655003436600991336e+02 2.648998733123808620e+02 2.648170921847560066e+02 2.654353630588676083e+02
2.827622419972743728e+02 2.827672392805009167e+02 2.814924619461256725e+02 2.832309867290078955e+02
2.662143247522553793e+02 2.656485837267065904e+02 2.658700741276950907e+02 2.664200060520175271e+02
2.661493830186568061e+02 2.652953416837913210e+02 2.655086338407644462e+02 2.659879405821679939e+02
2.783543612786915560e+02 2.790955492696820670e+02 2.779556432134452280e+02 2.789288573046389388e+02
2.704682883678541998e+02 2.709894152280906496e+02 2.710194461788468061e+02 2.704737997477101317e+02
2.608260174318365330e+02 2.608451207738413018e+02 2.614657477429499295e+02 2.613660143615683182e+02
2.654065736618950950e+02 2.658114764518596758e+02 2.665281571742920619e+02 2.656008153333498853e+02
2.659380422589146065e+02 2.664319309768551420e+02 2.657164385297705280e+02 2.663981665014608780e+02
2.714483914768074442e+02 2.716124251678841688e+02 2.705319314657783139e+02 2.716861663366041739e+02
2.666582990171629035e+02 2.670751771493788169e+02 2.664184143108422518e+02 2.674855399100897557e+02
2.672099042280684671e+02 2.672143032963459746e+02 2.676664875242234984e+02 2.673137498514439017e+02
2.623888000766772848e+02 2.628670870907022845e+02 2.629651242549792300e+02 2.625369597752410300e+02
2.697005306589495603e+02 2.696105181226401442e+02 2.700513010752717378e+02 2.695796782211220375e+02
2.822400726518175702e+02 2.821019008076133900e+02 2.815763494127946274e+02 2.830312641955154049e+02
2.675556163499458648e+02 2.674484548199073970e+02 2.674811651941814148e+02 2.677671330560510228e+02
2.642054201470716066e+02 2.645448376651741569e+02 2.647133473847856067e+02 2.638090023138620950e+02
2.642448755712017601e+02 2.656437462704424206e+02 2.650752526248392087e+02 2.653305411520501025e+02
2.702898334836505683e+02 2.706434991166363488e+02 2.705970727271342753e+02 2.705583689583539808e+02
2.929030092632773972e+02 2.934645839112707222e+02 2.916876601543439165e+02 2.934669737375656950e+02
2.638834265154258674e+02 2.643982364607431919e+02 2.638207365556144737e+02 2.641639947333367786e+02
2.738185800593191175e+02 2.740455308407922530e+02 2.726250281493806824e+02 2.738434076629353058e+02
2.670449024517871521e+02 2.661743347440441880e+02 2.664470926392789352e+02 2.659419207844525772e+02
2.696468254339390000e+02 2.701880664822581366e+02 2.693551044002250592e+02 2.693917268889613865e+02
2.928595774076529210e+02 2.936158462361150328e+02 2.915561295862615339e+02 2.919063660349407314e+02
2.734035702337432099e+02 2.737150405039735119e+02 2.731673452766539185e+02 2.738289346161141680e+02
2.676878293216447560e+02 2.671908574998934682e+02 2.678159709730650775e+02 2.665636326158392535e+02
2.754458056126979386e+02 2.753769435675395698e+02 2.745414295553006241e+02 2.758296368365776630e+02
3.010941463698308098e+02 3.007665032960557028e+02 3.007083888764908011e+02 3.002046209550124445e+02
2.659670542786183773e+02 2.658074196490446752e+02 2.664642414391502143e+02 2.661222382299650349e+02
2.694386332486855622e+02 2.705686719661890152e+02 2.702147966274685587e+02 2.701852679335302696e+02
2.684289771177976149e+02 2.687368657053833658e+02 2.680224343239934797e+02 2.686232996263320842e+02
2.657551913327057491e+02 2.655385430991019575e+02 2.651632791667151992e+02 2.660632049466665308e+02
2.693056566060066643e+02 2.691067138106180892e+02 2.691128060177944690e+02 2.689949017262176767e+02
2.684617706076932109e+02 2.682833739040099772e+02 2.677395727188346655e+02 2.681365851408588696e+02
2.611990199895707860e+02 2.608554543137344695e+02 2.616123555543471753e+02 2.608539849501948424e+02
2.647465178756959858e+02 2.638822834311447423e+02 2.644731090882919489e+02 2.637396388666730331e+02
2.701528595574137626e+02 2.700535453032387068e+02 2.694676390919444202e+02 2.704061253719397655e+02
2.873414287777609388e+02 2.870235879814881059e+02 2.857793250716551370e+02 2.865103291971668682e+02
2.855512691370908556e+02 2.855862510995997354e+02 2.835430334047818519e+02 2.853334570936025330e+02
2.683345802893695122e+02 2.684681414323635522e+02 2.682922148175311463e+02 2.688745837351776231e+02
2.799092205071688682e+02 2.801042240013152309e+02 2.793224390450108672e+02 2.804012235968253890e+02
2.721441883387713006e+02 2.719563237390871109e+02 2.714989643982284520e+02 2.727759727672109307e+02
2.636427004299385999e+02 2.636633994960967016e+02 2.632748048143769779e+02 2.637385606870923311e+02
2.743628109490691713e+02 2.744716206221386301e+02 2.742599608297032319e+02 2.748057695325956615e+02
2.708522818247188297e+02 2.707920101760100238e+02 2.695636616765007716e+02 2.704868339811985720e+02
2.698832128183316854e+02 2.688653619601860214e+02 2.692832352348063978e+02 2.695374479176006162e+02
2.814449767169132883e+02 2.818033004069671961e+02 2.799770626350248222e+02 2.813388115226794639e+02
2.674481038702622868e+02 2.682308157430854294e+02 2.685290079861972572e+02 2.685201939757313880e+02
2.905871821409789391e+02 2.907650055671580276e+02 2.891769127270064814e+02 2.897179575416784019e+02
2.895717972814831001e+02 2.909253957345522963e+02 2.889923423469920749e+02 2.897250036668351640e+02
2.705326149466212655e+02 2.705785265060890197e+02 2.702688825235437662e+02 2.707777082386590450e+02
2.682854384317827794e+02 2.689594686510107522e+02 2.684673330470920973e+02 2.678381953381597214e+02
2.659780114157263142e+02 2.654684793761766741e+02 2.657805880863249399e+02 2.657116047043166986e+02
2.620387640548158856e+02 2.621626494812276178e+02 2.614523924826549433e+02 2.624973538504696648e+02
2.898243402203894448e+02 2.904266918142222380e+02 2.896241931486137560e+02 2.906311583203513464e+02
2.765280010216243909e+02 2.770750501642161794e+02 2.752901925366026035e+02 2.767524273351228317e+02
2.703545326554944950e+02 2.700230017234368347e+02 2.695385859278407565e+02 2.712875045924661777e+02
2.616581070001232092e+02 2.619541445317220223e+02 2.619915996698398999e+02 2.617346524850905780e+02
3.006793336436385857e+02 2.999926313258990263e+02 2.994370886616993062e+02 3.001370688979857846e+02
2.683421383157540845e+02 2.688639865747470594e+02 2.680677278651671713e+02 2.685154158543314225e+02
2.651133422865336797e+02 2.650053096658485856e+02 2.648560720319186998e+02 2.661206907379728364e+02
2.665555748471812194e+02 2.657284379425307179e+02 2.661279143409008157e+02 2.661974234098886996e+02
2.652121726494827385e+02 2.654540020843873549e+02 2.659364165419018491e+02 2.653845280155043724e+02
2.762498122943514431e+02 2.770701738045149227e+02 2.756149751355027320e+02 2.764950483653299784e+02
3.049920443303240631e+02 3.051734476886826997e+02 3.046014527035026731e+02 3.043866721928789048e+02
2.695758138009334743e+02 2.691710960724988126e+02 2.693283690327373847e+02 2.683011065196981804e+02
2.649328084998049917e+02 2.647734846383086733e+02 2.653274535879816085e+02 2.646173674087344807e+02
2.719271674360738871e+02 2.724283456349679113e+02 2.717509951675783100e+02 2.723516951373804886e+02
2.837546725215766514e+02 2.845902265158528621e+02 2.831762006633580881e+02 2.827677192422239045e+02
2.821158201779812771e+02 2.826218875126725720e+02 2.817651867217368817e+02 2.825908285364474750e+02
3.009926695506456440e+02 3.008488643386272088e+02 2.998126610667745240e+02 2.999201464523506502e+02
2.666441559201273890e+02 2.668122324133832990e+02 2.672922542866935487e+02 2.663289878868168898e+02
2.659973575541923196e+02 2.667139454570175872e+02 2.666158697674216569e+02 2.670671560897169456e+02
2.685190053474080969e+02 2.694655359131933210e+02 2.688994261764034377e+02 2.683916887140237577e+02
2.777299664249340481e+02 2.779986951082655651e+02 2.761638213944578411e+02 2.780419816321617077e+02
2.658811819298783803e+02 2.655370617156723370e+02 2.655032477785700848e+02 2.652220870519264508e+02
2.673281701531614658e+02 2.676763548208090242e+02 2.679000077534733464e+02 2.672479633171387832e+02
2.776158559195398539e+02 2.779878359624914310e+02 2.772648412510319531e+02 2.785049226238581355e+02
2.684405072881262981e+02 2.682867143145232944e+02 2.691328352660293035e+02 2.681949251441216688e+02
2.691848994992334951e+02 2.691700879482706341e+02 2.688898085085778575e+02 2.693725693068936948e+02
2.781794943760289129e+02 2.787048556934735757e+02 2.778375348455749076e+02 2.785057051675323692e+02
2.716267413394526216e+02 2.724082626720954181e+02 2.720263615069217167e+02 2.724691067838684262e+02
2.797958416514550208e+02 2.790388455745253395e+02 2.777357363880284993e+02 2.796372475495639378e+02
2.637918487328380479e+02 2.639042393431683422e+02 2.635324623448072998e+02 2.639428885452865075e+02
2.784231123783255839e+02 2.788998984035593480e+02 2.778731173020929077e+02 2.785537662786419446e+02
2.733809968943048716e+02 2.736290440004694346e+02 2.726111020651977128e+02 2.736557334482162673e+02
2.869751360787507792e+02 2.873551724604140531e+02 2.863009595736253345e+02 2.867803613037399941e+02
2.657366981981039089e+02 2.653148533223568961e+02 2.653700618525394930e+02 2.662781205808365144e+02
2.662402597313556498e+02 2.660900187411679667e+02 2.659762758672396217e+02 2.660809733138625575e+02
2.718469519914211787e+02 2.722545855066695708e+02 2.715138696271088179e+02 2.718828256279383027e+02
2.701671472701606262e+02 2.706286614697434629e+02 2.699372903444123040e+02 2.698730078909907206e+02
2.870263156175567474e+02 2.871465759775296647e+02 2.848809537384500459e+02 2.871221276288702597e+02
3.110323644420676601e+02 3.101787950949605488e+02 3.104853891213735437e+02 3.084126708247239321e+02
2.741166710058371336e+02 2.743352224122686494e+02 2.728001060687855102e+02 2.741072231713202427e+02
2.723672101610914069e+02 2.731452397335239084e+02 2.719807976606817306e+02 2.730768345994717947e+02
2.915264215536031998e+02 2.915693792334209320e+02 2.906957487835911706e+02 2.914235074275592865e+02
2.735863384144324186e+02 2.738644558829635116e+02 2.730888938732050519e+02 2.737608779472822675e+02
2.688319143167886978e+02 2.694278682511683201e+02 2.691890647594518100e+02 2.694166737675955687e+02
2.668482307141834440e+02 2.666944988872098747e+02 2.668098434786697339e+02 2.661116147223268058e+02
2.857283152154003005e+02 2.859171697959280323e+02 2.848319451665172437e+02 2.858356920225247677e+02
2.665510531849383824e+02 2.667298243447385744e+02 2.663654051622997940e+02 2.666423359767646843e+02
2.618073721951221842e+02 2.621905095695861405e+02 2.625733390982971969e+02 2.618403012989448939e+02
2.666174989623208944e+02 2.669751261271183580e+02 2.665781028509746875e+02 2.662988050119559489e+02
2.656760083702480983e+02 2.657387225152987185e+02 2.656627164382642832e+02 2.659114001868495052e+02
2.995808959091093584e+02 2.994419918565030798e+02 2.978687733979762697e+02 2.984631719994849277e+02
2.689588446177268679e+02 2.679936112794746350e+02 2.681146931790374879e+02 2.687891140905783232e+02
2.675292225938057982e+02 2.671034696570115443e+02 2.669459822070522250e+02 2.675665635540093490e+02
2.664510279588259323e+02 2.668591276830940160e+02 2.667774143891462586e+02 2.662149837676631705e+02
2.799644238287906433e+02 2.804127734418674436e+02 2.783265871979019153e+02 2.805184812629282760e+02
2.758734956477912306e+02 2.761592156303713637e+02 2.750963091428467919e+02 2.753087423137735072e+02
2.694424336144942913e+02 2.693554489443263833e+02 2.684570091450908649e+02 2.693056058498908101e+02
2.986837002609191813e+02 2.991910312734415811e+02 2.980214175463910919e+02 2.989289144634018385e+02
2.784248702578093457e+02 2.787796814246445933e+02 2.771007227569812699e+02 2.784750814243744230e+02
2.656690806038917572e+02 2.657480085435836372e+02 2.656751294471445703e+02 2.659214960639244509e+02
2.626939110589360666e+02 2.630659723377441992e+02 2.630603993766453073e+02 2.628445501257687624e+02
2.964518279060462760e+02 2.956218466416813158e+02 2.954521328029566689e+02 2.956631321777271069e+02
