2.521417289147758254e+02 2.523133848050437678e+02 2.506727218579829923e+02 2.525856961535045286e+02
2.494073420456194299e+02 2.494245095023302667e+02 2.486786663835944751e+02 2.495883811399969829e+02
2.542453100615770438e+02 2.545172885293559659e+02 2.523970620465916284e+02 2.555050861242738165e+02
2.630494733266912135e+02 2.625311791821857241e+02 2.595219087538901022e+02 2.639859823620178645e+02
2.481552847289201509e+02 2.482853401968723404e+02 2.474570781433034483e+02 2.486931921806739183e+02
2.484092317220220707e+02 2.485958281779312813e+02 2.479738823025864463e+02 2.490679410247268208e+02
2.641420437097427225e+02 2.646373467035582507e+02 2.613530293071942197e+02 2.647205664521283666e+02
2.644269584728629638e+02 2.647848024000641090e+02 2.612833153202971062e+02 2.654322962105063084e+02
2.514557074309912252e+02 2.519985415587349848e+02 2.507324051868286574e+02 2.515768147115527427e+02
2.650111801268047884e+02 2.646012516631408289e+02 2.619779322706138487e+02 2.650935070023334106e+02
2.671240465916993685e+02 2.682900673416327209e+02 2.645870649789154072e+02 2.681622872517030487e+02
2.483824462635240593e+02 2.489204673173331344e+02 2.478765678493074347e+02 2.488775034468971228e+02
2.550913612000146031e+02 2.559643437292137662e+02 2.535963289693065121e+02 2.563994018113440347e+02
2.808794126687445782e+02 2.800495385137587618e+02 2.762395984232388173e+02 2.792786774429176830e+02
2.475749839854214258e+02 2.476678623300332447e+02 2.466537735490000216e+02 2.482481755405078445e+02
2.893675336974592369e+02 2.907863041414427698e+02 2.863541249581063539e+02 2.881087307653573930e+02
2.540075664542736433e+02 2.538744378946786355e+02 2.530027334885350569e+02 2.542802564047658223e+02
2.577902901271975225e+02 2.572340878644005215e+02 2.557671986007337352e+02 2.580564963338930511e+02
2.912982085237564434e+02 2.925754700349057202e+02 2.906695754453090785e+02 2.918407870495323664e+02
2.638984395527800189e+02 2.638089278885433941e+02 2.617856670477220860e+02 2.645068965305779898e+02
2.506634523644761998e+02 2.508324171672180682e+02 2.499208531375625739e+02 2.513446357571834824e+02
2.855034003425375886e+02 2.859057497419197489e+02 2.820410337280019348e+02 2.854149130377266488e+02
2.529677088762433641e+02 2.535971290575043611e+02 2.520882883776722849e+02 2.545553795066680607e+02
2.607097501175328489e+02 2.617408057840104334e+02 2.581326832251754695e+02 2.624549659145338296e+02
2.876066600792813119e+02 2.860272827910829960e+02 2.853354292494420292e+02 2.877008313810671893e+02
2.475867694199673394e+02 2.477653499035227469e+02 2.467520104318889480e+02 2.480643734946167456e+02
2.846944471749940249e+02 2.863120305226553910e+02 2.832625331571293259e+02 2.860628861689576183e+02
2.913531777304830825e+02 2.915651835828457479e+02 2.904838288670080146e+02 2.911909979327003271e+02
2.480587222972479537e+02 2.487456756057751193e+02 2.472885699014204306e+02 2.488212829277672711e+02
2.684569655102741876e+02 2.691839732153358682e+02 2.657754780881662100e+02 2.694060360640775116e+02
2.737367280228195909e+02 2.747166815205668513e+02 2.709298632636737238e+02 2.741343786003414493e+02
2.563010851190577455e+02 2.563921995709887369e+02 2.549247893689480122e+02 2.568960280180469908e+02
2.552506583910787867e+02 2.548069523365968223e+02 2.535758333535015936e+02 2.554903595003738133e+02
2.514813271129131067e+02 2.515045964688258948e+02 2.504077977152348922e+02 2.522683195880943288e+02
2.509491689029203485e+02 2.520794093469804693e+02 2.498760293238730128e+02 2.525370024714840724e+02
2.769686747947513936e+02 2.787512143238185445e+02 2.751713498044553603e+02 2.783438856050400432e+02
2.577758563736858264e+02 2.581263542155802497e+02 2.552033028126280954e+02 2.582227849997204316e+02
2.519992464226520497e+02 2.520401005857365249e+02 2.509663974923020646e+02 2.529873217781388348e+02
2.509638170637469727e+02 2.508935718148982801e+02 2.496858721604864968e+02 2.511654767124372540e+02
2.476100672469067661e+02 2.481328661256054318e+02 2.468989041263415061e+02 2.481751628505056715e+02
2.476453029773688570e+02 2.477302562474698675e+02 2.468443733352516176e+02 2.481887119712008314e+02
2.556000300513681225e+02 2.551098963149365488e+02 2.538443559728743253e+02 2.558025620598550063e+02
2.499186483839267225e+02 2.514835401452341728e+02 2.492833554019457836e+02 2.516596710104339820e+02
2.529230744972961133e+02 2.526446371656553538e+02 2.511239889269141656e+02 2.528935682458909469e+02
2.514739906342465190e+02 2.509580102099770329e+02 2.509256269767189451e+02 2.519309033171232386e+02
2.510655287746287172e+02 2.510857228459154840e+02 2.495135984307586909e+02 2.516691309711088991e+02
2.513782381812454219e+02 2.516432531276608984e+02 2.497522329332927313e+02 2.523792516021072174e+02
2.487483729215412041e+02 2.491687129291661620e+02 2.473136554713254895e+02 2.498821092901218890e+02
2.572034373797657167e+02 2.574950352068535722e+02 2.558053358301018250e+02 2.575276398574866334e+02
2.525492347924939622e+02 2.530254896502635802e+02 2.504093560639951761e+02 2.524098072683422060e+02
2.544480741907665049e+02 2.545599262550074684e+02 2.525234461459291708e+02 2.546832404569246364e+02
2.518126761226725137e+02 2.519086535419249344e+02 2.515465030293249811e+02 2.520457542501944772e+02
2.476408617941649197e+02 2.479581905911891795e+02 2.472419583244434023e+02 2.481211636756320615e+02
2.548484633093919172e+02 2.547664487407293450e+02 2.536940326481306442e+02 2.550913982949936951e+02
2.534729144084444101e+02 2.529791038788376341e+02 2.521000820096744235e+02 2.536986572324001372e+02
2.491104253474323968e+02 2.489062943788794371e+02 2.480426061567586942e+02 2.494139717457121037e+02
2.506139773848910011e+02 2.509476025557555943e+02 2.494901703565239472e+02 2.516954336111596433e+02
2.769183663419818799e+02 2.771693997789643049e+02 2.736448755235903718e+02 2.791486182464138892e+02
2.565474574721497447e+02 2.563014235422247111e+02 2.543881764760944293e+02 2.569890876856437671e+02
2.721608155719512752e+02 2.723954405118465161e+02 2.699706213388521974e+02 2.725281920947809340e+02
2.494549327107063164e+02 2.496411406835276807e+02 2.487153069083734636e+02 2.497205537164641385e+02
2.523489146305446980e+02 2.527008446284642957e+02 2.514211317426930918e+02 2.530988983826708534e+02
2.847939272892442659e+02 2.838685457030757675e+02 2.819637151871081642e+02 2.851311396718053857e+02
2.616705587239086981e+02 2.614261355560096831e+02 2.594774494033450196e+02 2.618604114285037099e+02
2.888873676285133456e+02 2.890301240929658206e+02 2.860706458880022183e+02 2.877301072948731644e+02
2.948219870883782505e+02 2.941078617936560136e+02 2.928875380775615440e+02 2.943201742121214579e+02
2.615502604329261658e+02 2.618928877739176642e+02 2.596409826828830774e+02 2.619565828093972755e+02
2.493421110142841997e+02 2.498168307179928149e+02 2.484263711249658968e+02 2.500564067723343555e+02
2.699506947118885591e+02 2.699672921907268801e+02 2.665304363148635503e+02 2.705023910703461070e+02
2.509472860421948042e+02 2.514445097111506868e+02 2.493094389544861826e+02 2.516410908924178784e+02
2.540619961472297348e+02 2.542889590407153548e+02 2.527368939054879036e+02 2.543374942732455963e+02
2.503156108673796609e+02 2.503719637699051646e+02 2.497125887335507457e+02 2.507217112727950052e+02
2.549448647004084307e+02 2.550397533586576913e+02 2.534907722399652528e+02 2.551454382759204691e+02
2.511936351467956285e+02 2.515047026340419904e+02 2.502427208676103874e+02 2.515566404977364243e+02
2.534955302476577117e+02 2.532869246737286062e+02 2.521212585363439302e+02 2.536731521827803704e+02
2.570410301877222423e+02 2.582247161074555493e+02 2.557325317759298002e+02 2.589607606365480592e+02
2.554263092508039108e+02 2.554801300994087114e+02 2.533800564153010555e+02 2.559964220811063171e+02
2.502688548106387714e+02 2.501430864516033807e+02 2.489431848725574810e+02 2.512283298643121441e+02
2.560694469485781042e+02 2.563040734821261708e+02 2.546112918334316930e+02 2.572103823657235466e+02
2.472322637617309340e+02 2.477189687811872432e+02 2.465763918995388622e+02 2.483202251806615664e+02
2.563389504032848549e+02 2.566349327900061894e+02 2.539869209645360399e+02 2.576800727185989217e+02
2.570636569984873177e+02 2.566485685586538352e+02 2.553875451815972042e+02 2.572416671602929341e+02
2.526358088906166586e+02 2.526922710123008358e+02 2.530553206849624530e+02 2.527008039301739757e+02
2.579083220381363049e+02 2.578561663618403941e+02 2.562357349230513250e+02 2.587172813507032743e+02
2.490971979613766507e+02 2.499841540913498079e+02 2.484897767688915735e+02 2.500490380715096990e+02
2.450108261053194951e+02 2.451631144129885342e+02 2.442177165699114880e+02 2.457851952912079412e+02
2.531488012137934618e+02 2.535077935833060678e+02 2.524224919715655062e+02 2.537091488676963706e+02
2.578444742789320685e+02 2.588191817769636032e+02 2.561672523890452453e+02 2.590107468117823828e+02
2.541795554996684245e+02 2.547914304330552682e+02 2.533785447674269449e+02 2.552352540573839121e+02
2.512689067929887585e+02 2.514411009351690893e+02 2.502974909887587387e+02 2.517815626227491066e+02
2.469125211748332163e+02 2.472389879375356259e+02 2.464591389211543913e+02 2.473336592071549376e+02
2.523762913771390402e+02 2.522349949364244424e+02 2.512431107596363518e+02 2.524525317655910897e+02
2.602707904435392265e+02 2.614419895226794210e+02 2.580407585848961958e+02 2.607969285093255962e+02
2.494631730091059580e+02 2.494769604154533056e+02 2.490817926511697351e+02 2.498508173139953215e+02
2.486322794907084131e+02 2.482834913922648070e+02 2.477047947523751361e+02 2.486806134779464230e+02
2.511194316530392712e+02 2.516541103039936900e+02 2.499824557375824838e+02 2.519328722319122846e+02
2.467028123214843163e+02 2.472930380019820404e+02 2.461504450968971582e+02 2.470879245321813755e+02
2.565211230852937661e+02 2.562429746812831581e+02 2.549246042225781537e+02 2.567719063359450615e+02
2.489997938867604148e+02 2.490990413348382049e+02 2.483272350378543365e+02 2.496949194858723047e+02
2.492505485679047581e+02 2.494073627556571182e+02 2.488113402717368388e+02 2.500522440488294649e+02
2.754066498168035650e+02 2.748602403010888224e+02 2.724458784519251253e+02 2.749215938410386570e+02
2.508141230884999686e+02 2.508722914131276980e+02 2.494712013145161222e+02 2.516828805786806527e+02
2.527390635721572494e+02 2.526244117259273594e+02 2.520616893362367819e+02 2.531194883085287302e+02
2.679438543938573503e+02 2.695205231318369670e+02 2.664058110437982236e+02 2.689950011059528379e+02
2.836750958865115990e+02 2.847402337714479472e+02 2.810368549180078617e+02 2.846821500519227470e+02
2.502045873111084120e+02 2.504929340783994576e+02 2.494868666518813427e+02 2.507304134288784780e+02
2.902706662632049301e+02 2.900118051425827161e+02 2.897863779036442224e+02 2.909938743134051720e+02
2.526033462564884360e+02 2.538783142509981872e+02 2.519753190122734736e+02 2.531326543581563726e+02
2.943389946562519413e+02 2.940636667159365629e+02 2.934249924549454249e+02 2.938142957477556365e+02
2.521758350710100842e+02 2.524760386719332530e+02 2.519435384187218858e+02 2.529659089705138513e+02
2.514916852966274234e+02 2.520479192417183185e+02 2.505065178268125408e+02 2.521574496253164170e+02
2.497123015712952565e+02 2.502002961414445110e+02 2.490438637747695054e+02 2.503844279906851682e+02
2.546391430196744636e+02 2.547846069781498386e+02 2.535097222351301411e+02 2.549785844864977093e+02
2.519838118279021444e+02 2.518266667486490462e+02 2.512856585150533135e+02 2.522053660474300898e+02
2.517529013375591376e+02 2.520886580145669882e+02 2.503147331587481972e+02 2.521758640642373734e+02
2.759235703395117980e+02 2.756531883236193607e+02 2.725139569808241617e+02 2.755168606895277321e+02
2.533065047939518593e+02 2.539232153479817669e+02 2.519999915232475587e+02 2.542313171025413681e+02
2.488553715877626189e+02 2.493089381594788563e+02 2.484345792457068001e+02 2.499785791015443408e+02
2.469609829190359278e+02 2.473452427985127429e+02 2.465441574945934633e+02 2.476333878090086102e+02
2.474390279171309999e+02 2.476422083302736894e+02 2.470311079704432586e+02 2.478181049198609003e+02
2.656843253684946831e+02 2.667605172191188103e+02 2.638550148436077052e+02 2.667477044320389155e+02
2.474316406127286143e+02 2.477915586347445469e+02 2.470870846595397552e+02 2.482035913786835408e+02
2.616874429837396860e+02 2.613518882768609615e+02 2.589580392537311013e+02 2.615308712736133430e+02
2.595581812352451720e+02 2.597153214914691262e+02 2.573022281953666379e+02 2.599600124428726531e+02
2.492197886458395431e+02 2.496382031990679593e+02 2.489620663696922804e+02 2.499283614273435887e+02
2.507036623201254883e+02 2.510859021078582316e+02 2.493619177669847602e+02 2.512899799709004753e+02
2.820930474384879290e+02 2.838577707754880066e+02 2.799706800553330481e+02 2.830531858577753042e+02
2.486400054564453797e+02 2.489785982210903512e+02 2.482365345324290331e+02 2.492773619172912447e+02
2.502032876659146439e+02 2.503811643036406736e+02 2.493604216990455029e+02 2.504886514863182754e+02
2.952903216233555099e+02 2.945427878230428860e+02 2.934821309559536644e+02 2.939845139015284872e+02
2.545699704662382885e+02 2.549169833862654855e+02 2.534699711688436707e+02 2.557839219683387455e+02
2.514257184301974064e+02 2.513438037090992623e+02 2.505627129256949104e+02 2.517229646322643930e+02
2.506336792658201205e+02 2.505167273852583492e+02 2.489971807849752281e+02 2.513431491677993392e+02
2.721525570661869438e+02 2.733748290927716198e+02 2.701641784789527492e+02 2.733376988760582549e+02
2.477483080578920180e+02 2.477165497591338692e+02 2.470075801140692136e+02 2.480375766563420825e+02
2.527473304632293036e+02 2.532931786745852776e+02 2.518395107441116068e+02 2.535681790331248067e+02
2.738524825400897953e+02 2.758941857752439546e+02 2.714341266345861641e+02 2.754387882122290989e+02
2.559202554964213050e+02 2.561196114563570063e+02 2.552728091299194944e+02 2.566732084683206949e+02
2.560008078935123876e+02 2.572166438872017125e+02 2.542369958966412753e+02 2.564653907272888205e+02
2.610753699640707737e+02 2.625520362964450669e+02 2.588450330949680165e+02 2.625722658354796408e+02
2.520278871441670674e+02 2.522053220130800639e+02 2.509309659282876623e+02 2.521359768388056466e+02
2.473686862723584170e+02 2.478175054211577333e+02 2.466639266182506276e+02 2.476016860332090062e+02
2.506411152640379214e+02 2.506312657012661589e+02 2.490381037497523380e+02 2.512613196030196434e+02
2.526801158626653034e+02 2.531636068675359752e+02 2.521045861368462511e+02 2.537528895504025002e+02
2.521667224184404574e+02 2.523658143129986797e+02 2.507094540393069906e+02 2.529965917598057104e+02
2.586063495352794916e+02 2.594014926920984863e+02 2.566285334627830252e+02 2.594124350001845301e+02
2.500617785817784124e+02 2.515490523560607130e+02 2.491202851129114606e+02 2.516812430529865594e+02
2.455589223749900327e+02 2.460472779304041353e+02 2.450897581247283199e+02 2.459960511760233146e+02
2.513572947166460096e+02 2.515631019379281099e+02 2.502852253900642836e+02 2.523539259970981448e+02
2.489665942153431217e+02 2.490405398484074055e+02 2.485921956315233956e+02 2.494045654639247687e+02
2.539345839523103905e+02 2.541036297847518597e+02 2.532096310344604717e+02 2.542543251858252518e+02
2.512145152359227609e+02 2.516386350168065746e+02 2.502983116462519604e+02 2.519271528840926919e+02
2.494246744106956157e+02 2.499184282127725112e+02 2.490514524856424146e+02 2.501964777332125607e+02
2.494818423528303697e+02 2.497958592246598357e+02 2.492255479029591640e+02 2.498852657126942631e+02
2.513146221595389136e+02 2.519911679721043072e+02 2.499397844420020647e+02 2.518560917750054671e+02
2.483637070869157526e+02 2.483716794748967231e+02 2.469729070317219453e+02 2.488990743774033376e+02
2.600078911225992897e+02 2.605180313233416882e+02 2.570784891662013365e+02 2.611102592339878470e+02
2.541080735359595906e+02 2.546031011858445083e+02 2.525520297183638263e+02 2.548266177778895383e+02
2.501292095757451932e+02 2.506671073687450075e+02 2.491187371342890913e+02 2.508617454524225252e+02
2.510007795399430961e+02 2.509594594087986650e+02 2.502216559957127231e+02 2.515007348695018550e+02
2.477785792187588640e+02 2.481600065231807832e+02 2.470255238175472812e+02 2.483539873747135687e+02
2.534068018284271488e+02 2.533773302026053216e+02 2.516059276651566279e+02 2.537334524018461934e+02
2.734736302055886199e+02 2.733603418603778437e+02 2.709625044533375444e+02 2.738745957526597863e+02
2.505315308981341218e+02 2.504946411252639678e+02 2.494530405142864140e+02 2.508572622903061244e+02
2.533766927187199087e+02 2.538597609015805006e+02 2.523106814026616007e+02 2.541718295426086911e+02
2.496642105308341115e+02 2.494296601890521572e+02 2.483383624943226664e+02 2.500347448385824976e+02
2.476599551045067642e+02 2.482012890869669093e+02 2.470099349969454181e+02 2.482558119699225188e+02
2.502377134147242828e+02 2.506036286376557882e+02 2.493218283765919807e+02 2.505624244273965928e+02
2.498048549737402197e+02 2.502797962226209449e+02 2.497895174724210108e+02 2.499688551254760398e+02
2.596888512274015852e+02 2.601625508712892838e+02 2.577781827678603577e+02 2.606898595317205150e+02
2.673816789858387892e+02 2.672226681548302736e+02 2.636468237471194129e+02 2.668528501171342668e+02
2.451924170182138880e+02 2.453651133980442580e+02 2.440208558342494598e+02 2.454793374650797375e+02
2.939086511132672399e+02 2.938679233447045362e+02 2.924009648757357240e+02 2.934441537071563175e+02
2.508741763811833323e+02 2.516541308418044025e+02 2.502432481816445602e+02 2.524793782879189337e+02
2.511740139501576721e+02 2.513044934127467798e+02 2.500786907694235026e+02 2.511002790139103809e+02
2.498326176708585251e+02 2.494076058145047909e+02 2.485487937086317061e+02 2.502210848436643005e+02
2.558856737499691008e+02 2.563232021519106070e+02 2.540862046159345482e+02 2.566135091327995497e+02
2.512147717439794405e+02 2.514607981445012399e+02 2.495050734441063298e+02 2.517430497324417047e+02
2.858130542410449948e+02 2.861701821913679282e+02 2.830118009394848286e+02 2.865962043411423679e+02
2.485620031504494136e+02 2.487627380135688497e+02 2.482181579437074674e+02 2.489824613602882835e+02
2.568160136248313847e+02 2.574653390655836347e+02 2.547798093280755438e+02 2.575737703668151539e+02
2.503194854060036789e+02 2.510116718049325470e+02 2.494184939899056417e+02 2.510316557636722052e+02
2.684642532542762865e+02 2.690768003472209102e+02 2.656841558300893098e+02 2.680833438846843251e+02
2.516878267544269647e+02 2.520571777270110090e+02 2.516493852986014872e+02 2.525046900247444910e+02
2.914478876808580026e+02 2.911680802420644909e+02 2.890464769586532725e+02 2.896969462597974143e+02
2.905997860312178318e+02 2.897354051662995289e+02 2.882160715969397984e+02 2.905462492173211331e+02
2.479206198319140526e+02 2.482646185604606330e+02 2.470888178249218754e+02 2.491285986618308641e+02
2.721762953472072013e+02 2.726020408265490573e+02 2.697173637684961705e+02 2.723278809749763809e+02
2.472070311367458260e+02 2.472619140573425227e+02 2.464728352189925431e+02 2.477338528892227885e+02
2.502474046870500217e+02 2.503758852731501747e+02 2.496283097873396741e+02 2.503164995274668740e+02
2.494225083790117878e+02 2.492296687653626748e+02 2.489230099392637214e+02 2.496437575955714863e+02
2.890705468290726685e+02 2.917324334399895065e+02 2.889125094372764693e+02 2.901678930381503392e+02
2.529728673480731800e+02 2.533604900293744890e+02 2.521590112177199217e+02 2.535988910272091061e+02
2.476250691996057185e+02 2.482404433810438036e+02 2.471009727967067420e+02 2.481050871556735160e+02
2.512091271384981894e+02 2.516103810581697360e+02 2.500947706116896825e+02 2.519910470393228081e+02
2.507752763008041370e+02 2.513663619439201682e+02 2.501999463766065901e+02 2.525782094695114779e+02
2.816543836250546633e+02 2.820045892121240172e+02 2.777833745432681667e+02 2.826320462924297203e+02
2.557882786021655193e+02 2.559804045664660919e+02 2.538447517575147856e+02 2.570940669601212676e+02
2.493814688793346477e+02 2.497107981250578348e+02 2.488654092672488787e+02 2.497927508304538833e+02
2.524472034435556793e+02 2.529909192188656846e+02 2.517656574827331895e+02 2.533347474293764208e+02
2.487525770289144589e+02 2.491437475386533436e+02 2.483574933028160956e+02 2.491434047733661146e+02
2.503431607677264310e+02 2.507388070915396554e+02 2.497078107207960329e+02 2.515313853384418792e+02
2.523216907055459615e+02 2.526713202345440834e+02 2.509466583976492586e+02 2.527898959240071406e+02
2.499925773646422158e+02 2.498726971832973902e+02 2.494172745445920043e+02 2.507640567108815901e+02
2.944591132133906513e+02 2.946859063463230655e+02 2.947780797599405673e+02 2.941731667697158059e+02
2.536324660769376180e+02 2.539797094408685041e+02 2.526884907395729272e+02 2.547452099920307660e+02
2.484637041065132905e+02 2.485441407261283189e+02 2.472478863751333904e+02 2.493817536091257807e+02
2.466144806934047438e+02 2.465722227167476603e+02 2.459621164186934266e+02 2.471293457045436242e+02
2.871576441539997404e+02 2.861257126774045219e+02 2.836201873465163317e+02 2.851323532544845989e+02
2.563966955307424769e+02 2.581078420909298643e+02 2.551112385510112688e+02 2.572474091576287947e+02
2.890370000002741335e+02 2.910339398207378849e+02 2.871369963438111768e+02 2.888245438640947214e+02
2.567256819547597502e+02 2.560922190943192049e+02 2.554318416904777678e+02 2.572193223722513267e+02
2.608468933794052305e+02 2.612009056630997179e+02 2.590301837292493587e+02 2.618928834094089666e+02
2.544143683120649371e+02 2.552589711894220272e+02 2.539607853592103197e+02 2.550017158303490703e+02
2.676145151386071461e+02 2.691530195393366398e+02 2.658738306857697467e+02 2.694780066114252008e+02
2.480007885810229311e+02 2.479763557683417048e+02 2.474225464727593931e+02 2.481687118937163916e+02
2.476813955825475944e+02 2.478268026025511404e+02 2.469087779376465903e+02 2.481096000793787368e+02
2.494949256657542662e+02 2.493229246291078312e+02 2.483992127258651692e+02 2.493277291336370922e+02
2.458062616656887371e+02 2.459510874504061348e+02 2.446528326516109075e+02 2.463903172862452209e+02
2.701836399156193238e+02 2.702167270311803691e+02 2.683586656973400864e+02 2.704639119935162626e+02
2.718533539197917435e+02 2.722933962243220662e+02 2.694394363769807228e+02 2.737695787808525552e+02
2.474020466164769232e+02 2.475793298825032025e+02 2.468553391660709337e+02 2.477840652919931586e+02
2.898481767114153627e+02 2.896014360178394895e+02 2.866592517177994637e+02 2.887796372106100193e+02
2.513690763804932828e+02 2.519355098950836691e+02 2.505286069414999020e+02 2.526641120692594313e+02
2.590263300700743230e+02 2.581640652821615163e+02 2.560888926169019442e+02 2.590009432326583578e+02
2.642505713747376035e+02 2.649028591883253512e+02 2.622367302878212172e+02 2.652674886405571328e+02
2.705422914299921331e+02 2.702992321503363655e+02 2.677286544934890458e+02 2.717666370264783495e+02
2.650204094940889945e+02 2.668242949642533972e+02 2.637369315840302875e+02 2.665261146859000974e+02
2.501626301096450220e+02 2.503470537587774345e+02 2.491078274349881099e+02 2.502916939167923545e+02
2.493021913155016307e+02 2.493863092434050088e+02 2.475594029359158412e+02 2.500900601287533220e+02
2.547367107278436720e+02 2.546639532025727988e+02 2.528455643922206662e+02 2.550674992519089130e+02
2.615830737820012359e+02 2.638905682825557619e+02 2.598931829901736137e+02 2.622745419653326167e+02
2.511449194478680909e+02 2.509174288269938984e+02 2.500600873001694140e+02 2.508224185262203036e+02
2.500808867268823974e+02 2.500076771181512356e+02 2.488711420400405245e+02 2.503574247229141179e+02
2.606293931536769719e+02 2.604261432497214059e+02 2.580097229810291424e+02 2.612407761294086868e+02
2.472114784154903759e+02 2.471609930835610953e+02 2.462378410398076483e+02 2.478821813103675709e+02
2.630731414024556898e+02 2.632605891332342480e+02 2.601184672947300101e+02 2.633393827238050449e+02
2.668102262597273011e+02 2.670487757555555390e+02 2.635499287051513875e+02 2.679618269185803570e+02
2.669954126342125846e+02 2.690458755843688436e+02 2.650997070798619575e+02 2.699229541071065910e+02
2.473672498349559419e+02 2.477863826451159639e+02 2.463363823015198477e+02 2.476387345802730806e+02
2.512884832192214333e+02 2.517675796146429832e+02 2.504840062728639509e+02 2.523235244895809899e+02
2.495813741281198759e+02 2.497887984459506754e+02 2.491605985110324468e+02 2.500942096768315821e+02
2.495928570838414942e+02 2.496405490170631651e+02 2.484319722115488958e+02 2.497191230094516357e+02
2.556037817205267970e+02 2.562230536711813329e+02 2.547671859623799264e+02 2.567548618103962781e+02
2.518664748322810567e+02 2.514321932461556628e+02 2.495029235835633585e+02 2.522504685558631365e+02
2.494592411387613424e+02 2.495468698135576346e+02 2.483493732124149460e+02 2.494986712815123724e+02
2.564826249207856108e+02 2.571093432398378127e+02 2.551733839385492217e+02 2.574442360385610868e+02
2.507899311367734185e+02 2.506745902738147720e+02 2.495166914094506012e+02 2.512364198390012007e+02
2.489812011045699194e+02 2.491679951868258343e+02 2.482464750725087299e+02 2.500319044988937662e+02
2.467568684024749359e+02 2.470189441225924725e+02 2.456936534281087461e+02 2.472930582907420103e+02
2.648433191868152790e+02 2.653068361398727006e+02 2.625518277436523817e+02 2.657189118735983016e+02
2.506953090561413262e+02 2.509103455689010502e+02 2.505816353246133872e+02 2.511095879952120526e+02
2.470438242011555019e+02 2.475934198055047091e+02 2.463548923584200452e+02 2.476039931984086024e+02
2.638684553662180861e+02 2.651243621898602214e+02 2.632624991461796640e+02 2.657244100987847446e+02
2.511901301311859243e+02 2.516022767093171808e+02 2.506610942027280089e+02 2.516483279855106332e+02
2.517986117501212107e+02 2.523720674848799490e+02 2.510599335972111987e+02 2.529401425198807374e+02
2.488693211269627170e+02 2.492225635110096391e+02 2.481884501489020067e+02 2.492759847833721665e+02
2.499500006952616786e+02 2.505222054734246058e+02 2.493612713748148622e+02 2.513155195051924977e+02
2.492319373911885521e+02 2.493537010390917033e+02 2.482390739633658256e+02 2.491809716625478472e+02
2.510489784417653993e+02 2.508928789028551307e+02 2.497356298712522573e+02 2.516786593545811286e+02
2.502615042534333156e+02 2.506262560765412388e+02 2.497480532921821350e+02 2.504790190725235561e+02
2.591939243124700738e+02 2.598124048243275865e+02 2.570106978062981398e+02 2.596232452272271303e+02
2.481057345207280775e+02 2.480954050065114984e+02 2.478983817059756802e+02 2.484960362126570317e+02
2.728618308413936120e+02 2.728448922218763073e+02 2.694318087368675378e+02 2.725424255972539527e+02
2.564167411850476128e+02 2.569547051048120352e+02 2.558538129173184643e+02 2.575829999073073395e+02
2.493339020803279027e+02 2.491718810835579916e+02 2.484980409496968718e+02 2.498509956005803190e+02
2.483892146473954767e+02 2.483290078463323880e+02 2.478101929491806459e+02 2.487059766534119660e+02
2.562940771383096603e+02 2.574709990283085403e+02 2.543732880123407654e+02 2.580085863826836885e+02
2.483411329157118246e+02 2.486798828058990694e+02 2.481224457652309070e+02 2.492371907268983477e+02
2.502935049580518694e+02 2.502153531217896614e+02 2.495539024963976829e+02 2.501915975183535465e+02
2.552979283348136903e+02 2.553151115744604169e+02 2.544747869476198900e+02 2.563787130833670176e+02
2.612711880309949493e+02 2.620574907234722559e+02 2.592162982927559938e+02 2.622857085654898128e+02
2.483729838632787050e+02 2.486304127725300077e+02 2.474679326164599331e+02 2.487402905945562850e+02
2.686025931522713677e+02 2.690682145753036707e+02 2.663393121875647580e+02 2.697886208575036449e+02
2.450755062625636072e+02 2.456736407092828642e+02 2.441169248520259032e+02 2.452895461511973849e+02
2.516340771803359075e+02 2.519778759587674983e+02 2.503944959609817431e+02 2.522032547874162844e+02
2.512248714174519364e+02 2.515190198902651844e+02 2.504484750337188359e+02 2.518663925475366057e+02
2.461435300668433683e+02 2.465908064289575066e+02 2.457318294757212698e+02 2.463305597595897325e+02
2.528428350617374463e+02 2.526341796502122179e+02 2.518603388701946528e+02 2.527012523440479583e+02
2.526443509447796316e+02 2.526168198317431859e+02 2.520525050519071613e+02 2.530910048058649409e+02
2.473971836248936711e+02 2.474764515654195520e+02 2.463783123066346832e+02 2.478614892710143636e+02
2.638149007787323512e+02 2.649257955408440353e+02 2.610693703298634318e+02 2.647864571944914474e+02
2.601943096166654072e+02 2.601637861859826444e+02 2.586357546604135109e+02 2.612190713324633293e+02
2.461052829738225398e+02 2.464572348069067687e+02 2.450966554106695696e+02 2.470921638438769037e+02
2.737006402135282315e+02 2.751106844203755486e+02 2.716074163766684251e+02 2.757742413396186976e+02
2.699630315406733985e+02 2.698123701272293715e+02 2.670924312928572135e+02 2.701893273982976780e+02
2.507332343557323213e+02 2.507184790882517404e+02 2.495169067595084869e+02 2.526595530756500807e+02
2.582209024762260583e+02 2.588317486031120325e+02 2.573202721595964704e+02 2.594498683895155295e+02
2.556605268669583779e+02 2.552569686469681187e+02 2.536954836006360097e+02 2.552352574625968487e+02
2.513178224847197555e+02 2.518726865062704121e+02 2.506228825124840682e+02 2.530712715696870134e+02
2.532685610477787179e+02 2.527330149697089325e+02 2.521317499641338600e+02 2.533280130480580681e+02
2.543674195478079127e+02 2.546993598140545600e+02 2.531877951447894191e+02 2.545943966182592533e+02
2.524638571479952418e+02 2.520209586701729165e+02 2.517700398212663515e+02 2.529058956439619976e+02
2.817681258315411696e+02 2.826709406499376769e+02 2.791562568703870397e+02 2.828035462114023062e+02
2.831793604753771092e+02 2.829026315122147821e+02 2.805655597592554500e+02 2.823829352265199759e+02
2.589172857737145250e+02 2.589295019584480997e+02 2.567472811927224257e+02 2.593019448197901511e+02
2.521274814789099139e+02 2.522211763516244503e+02 2.501499445484437842e+02 2.530219653924071679e+02
2.564694421559117359e+02 2.577104033548742450e+02 2.542826524781219177e+02 2.571290097775805634e+02
2.531234106703830093e+02 2.532504487507701754e+02 2.521851651446602318e+02 2.535840830025968842e+02
2.492896205126420455e+02 2.488382804272409601e+02 2.479912368409195551e+02 2.496241016619767095e+02
2.505200850819840639e+02 2.503813065476405768e+02 2.490634118537292636e+02 2.509036187997916443e+02
2.644231005434414215e+02 2.650301091933307589e+02 2.624845042923763572e+02 2.653838634429608874e+02
2.557051587151592571e+02 2.562273410047332618e+02 2.540708733163245938e+02 2.570182653146688381e+02
2.533012480049652027e+02 2.531768849791159255e+02 2.519380686288300524e+02 2.534598700675800842e+02
2.504768447466250336e+02 2.504322875585482109e+02 2.493064195521453712e+02 2.511269758323234669e+02
2.532259679938652823e+02 2.537489305293541122e+02 2.522526899183029627e+02 2.542361784412992165e+02
2.552644024624475207e+02 2.549153897740577861e+02 2.528191334084328332e+02 2.558138260648685218e+02
2.500697458749523889e+02 2.501907533423249674e+02 2.490869491191073166e+02 2.503966294885496495e+02
2.549692565953225198e+02 2.549626004668654105e+02 2.527163022097828673e+02 2.551358912702078214e+02
2.705384775594480971e+02 2.713151992742939456e+02 2.681332325601786124e+02 2.716598193761789162e+02
2.496482970396818644e+02 2.504182882945109441e+02 2.489998468759909827e+02 2.509041809198969304e+02
2.461592132756442197e+02 2.465869463135868784e+02 2.448246241888294037e+02 2.466427658244200529e+02
2.549019157086001712e+02 2.546556215576669615e+02 2.538589795296012426e+02 2.557481215793330023e+02
2.520398353963471720e+02 2.529087286340115952e+02 2.508700768706745237e+02 2.532795743509956878e+02
2.505512853996534659e+02 2.509378562154670931e+02 2.493457574612767758e+02 2.509053332298228440e+02
2.512677769598213047e+02 2.515909096437124219e+02 2.505040794231819348e+02 2.515247292527945433e+02
2.765631030770998677e+02 2.755836257581380551e+02 2.720242310303145814e+02 2.762645336686698556e+02
2.510639131907404362e+02 2.512313599105243327e+02 2.502074078868788263e+02 2.519126855419521576e+02
2.537748532360880347e+02 2.544268849213921158e+02 2.522289696884409125e+02 2.544321173438517008e+02
2.566163851203320974e+02 2.562487080957533863e+02 2.543837974982529317e+02 2.567245590808235534e+02
2.801211710585630499e+02 2.793862333452180451e+02 2.767600314852904262e+02 2.792284562795762781e+02
2.775901148733941568e+02 2.769080366700695208e+02 2.757351527109351537e+02 2.784385662957643603e+02
2.662056859428728899e+02 2.668456667495534589e+02 2.641084424699653255e+02 2.665753941183083953e+02
2.483786961877619035e+02 2.482483937910265297e+02 2.475825002682168190e+02 2.485612172229969019e+02
2.449396759812792368e+02 2.448883200713335668e+02 2.437984397746807019e+02 2.451848868282968112e+02
2.485053258857328728e+02 2.487809690836886318e+02 2.483020014037829242e+02 2.493222568612472401e+02
2.749897703437468977e+02 2.776542402453845284e+02 2.731305455276835801e+02 2.766213695075808232e+02
2.487301028375773342e+02 2.487611570171723940e+02 2.479793327212717031e+02 2.490484417542492110e+02
2.501453746030073262e+02 2.503036114757190944e+02 2.495541671525893435e+02 2.505957761939872341e+02
2.483737722315142094e+02 2.487221107821525834e+02 2.475590242433582944e+02 2.488084300759168173e+02
2.677822320317310414e+02 2.682586994759192294e+02 2.660324866508377113e+02 2.694013625755835051e+02
2.504916222432649704e+02 2.508676103488804472e+02 2.504783511081583924e+02 2.512218417850986896e+02
2.564563878151458880e+02 2.573513476134454550e+02 2.544836319270786475e+02 2.569277661763239280e+02
2.754675999673773390e+02 2.765326142357765775e+02 2.743856948232021296e+02 2.752859430944495216e+02
2.502692916280555835e+02 2.507487839934898943e+02 2.497338206694661551e+02 2.509134259726039886e+02
2.486991945197913765e+02 2.488990527049192849e+02 2.480295041034054861e+02 2.490178394534378583e+02
2.471938976683570104e+02 2.470206120806494710e+02 2.464213218185014682e+02 2.474824819901239721e+02
2.532078454278894242e+02 2.534391694361463010e+02 2.512087521451668124e+02 2.542144225252476133e+02
2.940450732468872843e+02 2.951051983132388727e+02 2.927777395937998222e+02 2.928040503484353962e+02
2.511756683120462981e+02 2.511475011227473999e+02 2.502497562134769566e+02 2.517398855772559045e+02
2.482886223859053985e+02 2.480553980428017837e+02 2.470537903612278967e+02 2.496675277179665784e+02
2.611532555072761852e+02 2.609438782091124267e+02 2.584703194381834237e+02 2.615430140532623113e+02
2.491961493154715015e+02 2.491642102676164257e+02 2.484321532081881401e+02 2.494249859127665445e+02
2.502095348623101074e+02 2.505314848096964511e+02 2.488067322378289248e+02 2.506649824800705062e+02
2.721132181040082401e+02 2.739287463540442786e+02 2.694953982023271237e+02 2.729533761949754194e+02
2.504521741375865531e+02 2.511302716243735631e+02 2.496510353703127123e+02 2.515878282307280926e+02
2.783456577715210187e+02 2.792024672626205870e+02 2.757803306504011971e+02 2.795697998155280857e+02
2.495925889100512336e+02 2.500655923605960993e+02 2.486313309552280941e+02 2.497157856063862198e+02
2.532638574758539676e+02 2.548078810406210550e+02 2.522994178326509882e+02 2.547270383553266981e+02
2.787694703639839986e+02 2.785668418276019906e+02 2.747625318534323355e+02 2.793027120636714926e+02
2.676364815583248173e+02 2.676743113998701347e+02 2.646960963900210686e+02 2.673919487478150927e+02
2.618698832070957678e+02 2.621570667908444534e+02 2.591025580261038499e+02 2.628488393418671762e+02
2.481893081159439305e+02 2.482296646345569684e+02 2.472130345260507909e+02 2.486222462596931280e+02
2.611074557255323612e+02 2.610952564625866330e+02 2.585499327618301209e+02 2.607660916728573852e+02
2.489310011894241654e+02 2.489485456216166881e+02 2.474768716822592296e+02 2.495115962945802437e+02
2.528312445064692611e+02 2.530579049735591184e+02 2.513209472430916094e+02 2.539327614145575751e+02
2.523952118758691938e+02 2.523735870999931592e+02 2.516599558067203475e+02 2.528327886418424555e+02
2.491453650391471797e+02 2.493384054221365318e+02 2.483365360517947238e+02 2.497592432403542091e+02
2.482004554952791580e+02 2.485161036653683198e+02 2.471325453629874858e+02 2.483611209013647567e+02
2.526081740135891209e+02 2.530591558914990458e+02 2.517679172285280345e+02 2.531893458408038384e+02
2.499765770841809456e+02 2.501918020210727889e+02 2.486790316079068361e+02 2.508953359290431138e+02
2.682102389510787930e+02 2.680470039924849743e+02 2.661433681380807457e+02 2.686843112996000968e+02
2.574914787444092781e+02 2.576169103443297104e+02 2.551441774822765183e+02 2.583548635232537549e+02
2.527041076399303279e+02 2.532558980259775581e+02 2.517678013618347279e+02 2.536106342443974881e+02
2.522374538262534145e+02 2.519277116457697900e+02 2.512782026425179822e+02 2.525829176215413838e+02
2.493395288191082955e+02 2.494458926997116919e+02 2.482465161040319686e+02 2.500171129444572671e+02
2.546244899277660068e+02 2.550367986401077189e+02 2.536726367026787159e+02 2.548957284252930151e+02
2.496479236320212181e+02 2.498186007571284506e+02 2.492618712184159335e+02 2.499306710154926634e+02
2.569308036727950935e+02 2.577693644863105646e+02 2.550413389402355619e+02 2.580131272808574181e+02
2.834184440526605044e+02 2.832242811562553584e+02 2.808629924821763097e+02 2.842131988889373133e+02
2.511906827259389843e+02 2.512712064702969030e+02 2.499793249370533488e+02 2.515628028288643634e+02
2.458945139883191757e+02 2.460758983436267897e+02 2.450449132324476693e+02 2.469093385870252746e+02
2.766335530890884229e+02 2.770315050989758561e+02 2.738040788450997525e+02 2.776745895205547185e+02
2.508502841760005140e+02 2.510440578039936952e+02 2.503636023721266497e+02 2.509812672166421521e+02
2.800284831268111247e+02 2.800150255108405872e+02 2.771669290939759662e+02 2.800201654114727035e+02
2.504604904903255829e+02 2.503987435157500272e+02 2.498354571336443541e+02 2.504989909984443557e+02
2.502645641455812040e+02 2.502412031445294645e+02 2.498677062791942092e+02 2.501325955295544645e+02
2.488519121471820768e+02 2.489924471369290302e+02 2.482109045269376963e+02 2.491474211372560319e+02
2.524539470410301476e+02 2.532697094444615971e+02 2.511268700553582391e+02 2.533804021570001339e+02
2.601619031831370989e+02 2.610973390236521254e+02 2.577374644475667651e+02 2.611930659045830794e+02
2.586228365152956030e+02 2.599729854938171911e+02 2.567796762302674551e+02 2.591042487024690217e+02
2.526171424471211822e+02 2.533290593059384719e+02 2.520422990490383768e+02 2.531481448209739824e+02
2.631570589605494206e+02 2.631585628749920716e+02 2.613745832036286174e+02 2.641265413368909094e+02
2.519372832788278913e+02 2.522373048685040828e+02 2.506719024566275493e+02 2.528708672835759614e+02
2.515985310006242628e+02 2.521024503533105587e+02 2.511623567926963858e+02 2.520941021462694778e+02
2.930920465114375020e+02 2.925931459893092210e+02 2.905397360285491573e+02 2.930382715916324514e+02
2.533627165457659487e+02 2.537129102723849599e+02 2.525048619330989368e+02 2.543282151510135236e+02
2.490371442466634448e+02 2.496704958431061527e+02 2.486796838870733382e+02 2.497234210695453385e+02
2.513543969734155326e+02 2.510260501520574223e+02 2.510664897521169223e+02 2.515749490411698730e+02
2.901484360423031603e+02 2.908840413710620965e+02 2.884683232671782775e+02 2.904030172040431239e+02
2.524250386522719509e+02 2.523313275247113552e+02 2.505855744543912351e+02 2.529571369584673732e+02
2.492050297482416568e+02 2.493178054689883538e+02 2.484134157967435783e+02 2.499045562374153917e+02
2.493283452238323719e+02 2.494924499026899412e+02 2.483379716913058814e+02 2.496884813541980179e+02
2.510585638379093609e+02 2.515299291961690074e+02 2.505119648863767736e+02 2.520395809337771595e+02
2.559936826244016856e+02 2.570710679229194966e+02 2.540120457258448994e+02 2.566040312051399042e+02
2.883492193574705311e+02 2.880955439551590302e+02 2.859894853623894733e+02 2.888872358299598204e+02
2.565970914147813460e+02 2.570277063823797334e+02 2.549109539213289395e+02 2.576192380990662514e+02
2.791962002015496296e+02 2.790188086740042195e+02 2.775652617106149478e+02 2.792839538745964205e+02
2.529806863873943712e+02 2.534361789188822058e+02 2.523616061440696399e+02 2.534426383409163464e+02
2.708862231653996560e+02 2.718394952424816324e+02 2.686614704804308644e+02 2.714969718777915659e+02
2.483524589692972029e+02 2.480816004058195574e+02 2.468260743746332082e+02 2.487383484874792146e+02
2.713870289765019947e+02 2.700216470720211532e+02 2.668770366769426232e+02 2.713550853225161745e+02
2.556459032062436165e+02 2.565049859730484059e+02 2.542486676445147964e+02 2.565811296030116750e+02
2.507746552591515865e+02 2.511015407940274997e+02 2.487622898037693915e+02 2.510671125624657520e+02
2.490185310260396818e+02 2.489171995536034103e+02 2.477913419217580326e+02 2.492898542005299305e+02
2.492739684631453088e+02 2.494128042127165372e+02 2.485737437629949227e+02 2.499690078319246140e+02
2.533259063093869941e+02 2.535422424473671867e+02 2.520527310888164436e+02 2.538808850094832223e+02
2.503135557765695864e+02 2.506755858063815197e+02 2.497856704332088498e+02 2.507179457284879049e+02
2.539935075069477932e+02 2.545776816377563136e+02 2.526967039004292133e+02 2.546860315598705711e+02
2.788880739154203638e+02 2.783966312795479894e+02 2.754983825195315603e+02 2.789629173426392867e+02
2.483038688107624807e+02 2.490829430297660565e+02 2.472871388297887449e+02 2.489814937363802301e+02
2.477229268844195360e+02 2.478308177586284557e+02 2.469057658316882566e+02 2.483451194470823680e+02
2.670250058619704987e+02 2.674580260978601132e+02 2.641010326923428693e+02 2.678693246379153265e+02
2.651288123909517367e+02 2.656798534808000340e+02 2.626801541157909128e+02 2.654179976079508947e+02
2.846070318190902526e+02 2.871945570142012798e+02 2.828595921804605950e+02 2.864056817847452407e+02
2.474038661952785958e+02 2.475089307280516948e+02 2.461026166134580535e+02 2.478363385143510129e+02
2.503097713713208350e+02 2.506211409329141588e+02 2.498377355278107075e+02 2.512334862710966661e+02
2.896820952210576365e+02 2.896476274856381679e+02 2.871047175215308584e+02 2.885176534459600930e+02
2.531312891567725956e+02 2.534763319312106944e+02 2.510069476698511721e+02 2.549002234970915310e+02
2.512723051642261112e+02 2.515514491860882629e+02 2.505545933249894972e+02 2.521508753701430408e+02
2.819722508272840287e+02 2.819562207443721036e+02 2.783283377612683580e+02 2.821944554232608198e+02
2.501654205299267062e+02 2.503647584040164134e+02 2.490636606584057802e+02 2.508934408846074291e+02
2.475802292383531267e+02 2.477958867128981524e+02 2.465367748480250043e+02 2.487529042703889957e+02
2.576979097293528298e+02 2.586636726070665873e+02 2.559053550043927601e+02 2.589198231397762129e+02
2.500817179811188851e+02 2.501612126268369423e+02 2.486073270235530970e+02 2.510469490749457862e+02
2.624711307876486899e+02 2.623603491304806425e+02 2.599988626239104406e+02 2.630851912353144826e+02
2.615688034794526402e+02 2.622798110656362951e+02 2.597868789631625646e+02 2.622319170246714748e+02
2.514434274951596535e+02 2.518082225881969691e+02 2.507514274468501299e+02 2.521018692452077232e+02
2.954718418948991712e+02 2.949554399304061008e+02 2.931808260062448994e+02 2.941914846207592973e+02
2.486952519743438188e+02 2.486538698069817599e+02 2.475784124023499828e+02 2.487294899221196545e+02
2.518703764606887034e+02 2.526055550528709830e+02 2.508760656552378236e+02 2.531405859251088373e+02
2.567655084646459045e+02 2.572154747328553981e+02 2.554939606982264024e+02 2.574958580357930487e+02
2.517685522131789355e+02 2.520454353960435867e+02 2.508326863157094238e+02 2.523020312891089816e+02
2.487363629315450453e+02 2.485874110986683263e+02 2.475888899806112704e+02 2.491601466095329158e+02
2.520361508546071434e+02 2.522582286316666966e+02 2.514511869041721468e+02 2.526243528720619906e+02
2.546816929445724043e+02 2.551238419960879753e+02 2.536576447658384836e+02 2.556669079583353721e+02
2.524471660115053453e+02 2.528597904917705250e+02 2.513600383824237952e+02 2.533652342574350200e+02
2.644967488186187552e+02 2.656560063788878097e+02 2.628804914976452096e+02 2.658642155088506911e+02
2.455544002514695308e+02 2.459301567655783174e+02 2.450742392238049092e+02 2.460626409767832854e+02
2.524218408535282094e+02 2.523089150143655672e+02 2.510236021964953181e+02 2.525718861174890435e+02
2.519897832318129360e+02 2.519597603651386351e+02 2.509006607661963812e+02 2.521131284987895071e+02
2.703831469098446405e+02 2.716724860447973811e+02 2.684144033587524518e+02 2.702680318878959156e+02
2.881917908107882340e+02 2.878773976783603530e+02 2.856356965262787639e+02 2.892820133368213646e+02
2.457394766758806384e+02 2.461501552035971372e+02 2.447044873239329945e+02 2.463377700792176199e+02
2.490093291913566986e+02 2.491974183521106454e+02 2.482416440959582644e+02 2.497695184604239671e+02
2.653705668409544387e+02 2.652907025405735908e+02 2.627483177101822207e+02 2.659801902915191931e+02
2.496482287889063514e+02 2.499965315760065323e+02 2.489070716892109658e+02 2.499075372051528063e+02
2.457010396171782816e+02 2.456327115022450585e+02 2.448075174865969075e+02 2.467150820744892883e+02
2.530271149261626817e+02 2.531774513723607924e+02 2.521240047958220600e+02 2.535239267390327882e+02
2.545188348179973445e+02 2.550525154127510348e+02 2.527655697623655158e+02 2.557233621963617338e+02
2.469739050203308182e+02 2.475690158421612352e+02 2.464261065942507685e+02 2.476041529452462271e+02
2.516580621036722505e+02 2.514689638409741121e+02 2.503546821976044896e+02 2.522911883940585938e+02
2.581358414616006485e+02 2.579891091184732090e+02 2.558379379984436639e+02 2.592896379749638527e+02
2.495607078890333241e+02 2.497246057423450338e+02 2.486662297666177039e+02 2.499406019974702247e+02
2.519776034169045715e+02 2.517733031488247661e+02 2.503957944051230413e+02 2.528211213173153737e+02
2.543584125698640719e+02 2.542408276394891118e+02 2.527344421424282359e+02 2.550776669783004706e+02
2.532322710164435193e+02 2.529518339575759569e+02 2.505990913332831269e+02 2.545099379897323786e+02
2.459712914218437732e+02 2.458426650792824546e+02 2.456046245828409837e+02 2.464488272913702076e+02
2.498577855469590929e+02 2.503686729029082301e+02 2.494596273997032085e+02 2.505307672760978335e+02
2.974610397627828320e+02 2.960468184718046700e+02 2.955613817324866659e+02 2.975129046961300787e+02
2.489497081114022592e+02 2.489479883710289698e+02 2.482015381141429771e+02 2.492248310521709982e+02
2.534966334812944524e+02 2.534295131268819432e+02 2.526063058594263850e+02 2.533708864576207418e+02
2.648662397123057417e+02 2.671606906551782572e+02 2.632954150663868518e+02 2.671007080244240797e+02
2.490123172163067125e+02 2.492111541929515681e+02 2.485970148514130074e+02 2.495116953216325157e+02
2.467262466705421389e+02 2.469821486203126710e+02 2.461496593078132946e+02 2.471420528349704853e+02
2.486450316989683813e+02 2.495991548434057563e+02 2.481441459590671457e+02 2.495683601877928481e+02
2.538097445220513464e+02 2.536107845564326908e+02 2.523860839189012211e+02 2.536432084512000529e+02
2.570247189405876043e+02 2.573628736981094107e+02 2.550695901819252072e+02 2.571916565525726242e+02
2.545457983222112830e+02 2.546224471033211501e+02 2.530136030104335703e+02 2.546990634803137823e+02
2.556101648028361240e+02 2.562521668958293617e+02 2.548405876635958975e+02 2.562617819483871244e+02
2.612094803895813584e+02 2.610748327219009184e+02 2.588466778523832659e+02 2.619678060747687027e+02
2.543489883163580600e+02 2.548829747007114861e+02 2.534967329394524143e+02 2.550461002934981423e+02
2.607627309980442192e+02 2.606210944217393148e+02 2.593369074460852630e+02 2.622104960683453214e+02
2.469782696257819907e+02 2.470182345600412361e+02 2.461169521813998813e+02 2.474644159512361909e+02
2.899314912934769382e+02 2.902291032563692852e+02 2.882749598635008397e+02 2.902309998017810813e+02
2.769422926875670328e+02 2.778180702031245346e+02 2.750274874110457972e+02 2.782582548492442811e+02
2.538110701823650572e+02 2.544576245481450201e+02 2.531709491633048117e+02 2.545738044132725406e+02
2.480876385132743565e+02 2.479875373231607512e+02 2.473410045080253212e+02 2.487009459943795946e+02
2.477407318813764334e+02 2.477248900956813600e+02 2.466624680878791764e+02 2.481267007599695944e+02
2.922157351684523405e+02 2.913952016997195074e+02 2.904195716183456284e+02 2.903890101384109812e+02
2.528053066293063864e+02 2.530806664569105919e+02 2.525526490763133154e+02 2.534295951692677704e+02
2.575735242788591677e+02 2.576105420587840058e+02 2.550413759284467687e+02 2.584370203926353042e+02
2.524043826294445978e+02 2.525360451823483174e+02 2.520996321869304495e+02 2.529064316932127667e+02
2.512665191704368510e+02 2.515562337329081402e+02 2.510168666963501778e+02 2.517173385471908489e+02
2.500489949370266061e+02 2.501904984498304145e+02 2.497410133555279970e+02 2.504648359264311068e+02
2.497508323075269061e+02 2.498557899350420541e+02 2.491452216468189533e+02 2.500450468084451074e+02
2.841167847537021203e+02 2.857863967131683580e+02 2.816418514293501971e+02 2.835974641591986938e+02
2.567781532714599280e+02 2.571922009589125651e+02 2.545836951909708432e+02 2.579558770493814563e+02
2.794248275183785495e+02 2.812803810837315837e+02 2.785715558033090247e+02 2.807154727232808114e+02
2.929615741561348159e+02 2.942453777247527569e+02 2.916820850032565886e+02 2.924895915404443372e+02
2.461634997105249738e+02 2.466705961433714265e+02 2.455379180252036235e+02 2.466233059965303198e+02
2.723192066562269247e+02 2.733252116744608884e+02 2.693896141253870269e+02 2.736326546265681827e+02
2.486018915674734160e+02 2.485261651049316640e+02 2.478304365611385549e+02 2.491834648038752391e+02
2.555830755054181793e+02 2.568747447320706101e+02 2.546125635691454647e+02 2.572826615546202333e+02
2.502631028455712965e+02 2.500033994052352853e+02 2.495736452480578578e+02 2.505528492962072846e+02
2.492412976722230553e+02 2.494027408313149010e+02 2.488811610132967189e+02 2.497143141890689435e+02
2.629702869830602481e+02 2.625286945654004853e+02 2.609782559364300596e+02 2.630179640586335950e+02
2.538343283464032538e+02 2.539601481167981945e+02 2.535745822279190804e+02 2.546048833954037320e+02
2.738827514413785025e+02 2.749454081914796575e+02 2.707778643774424836e+02 2.745122083310247945e+02
2.535735182879460581e+02 2.537060755330610959e+02 2.520482808952231721e+02 2.543251916270277775e+02
