2.861828310897548704e+02 2.877598821685112966e+02 2.843784360279816497e+02 2.873690682005590702e+02
2.469339893130749317e+02 2.472338581175934564e+02 2.456253555939472051e+02 2.478718973793506848e+02
2.638962563460929687e+02 2.653630957469797522e+02 2.621840981964805906e+02 2.653895873143934523e+02
2.606052717444807740e+02 2.607243613813005254e+02 2.584968658215453274e+02 2.625221301348182692e+02
2.733795162600516164e+02 2.748377132998107868e+02 2.703821787006322666e+02 2.747652513059049966e+02
2.601729828541529059e+02 2.611662090531121407e+02 2.576179838772603716e+02 2.597847910130158198e+02
2.838634458831917868e+02 2.845919802122966757e+02 2.805172003678478632e+02 2.838836255563241480e+02
2.489670820256698391e+02 2.491238352011285713e+02 2.477747206132861777e+02 2.498643767077194298e+02
2.523924596078755087e+02 2.527395554535783617e+02 2.513844910702970026e+02 2.536887697412423961e+02
2.493778261945729469e+02 2.495234272210062727e+02 2.490020077248581742e+02 2.497816801367633559e+02
2.507217582903121809e+02 2.506230621269725418e+02 2.495943716179548346e+02 2.517579328404266334e+02
2.462634818973863275e+02 2.467895351944113997e+02 2.456556311616074595e+02 2.471876238688251135e+02
2.500237042307323634e+02 2.508304562500561303e+02 2.491766942380326384e+02 2.507377948821731479e+02
2.587356338783687875e+02 2.588963935724989938e+02 2.558872506111968050e+02 2.592135490478025304e+02
2.498432750730376029e+02 2.499224627989106580e+02 2.490297987046754997e+02 2.495464081091919297e+02
2.687345269033702948e+02 2.685938749452972161e+02 2.660240581012328107e+02 2.692392299270636045e+02
2.563528373315332374e+02 2.567487085981771884e+02 2.540702527698621793e+02 2.574946026614044285e+02
2.644361883392215304e+02 2.645916879951828378e+02 2.610737046468960898e+02 2.650777366824567594e+02
2.715532830100156616e+02 2.718364835421758698e+02 2.690458727179841389e+02 2.718703659894267730e+02
2.464614285633533370e+02 2.469511210956966352e+02 2.462115930518007758e+02 2.479044314409697165e+02
2.572481509711325316e+02 2.573006529855707640e+02 2.550901808138120828e+02 2.579091918830420695e+02
2.424536575712198783e+02 2.425362569893260059e+02 2.412181586958147079e+02 2.430645118897698751e+02
2.614768004114021664e+02 2.608326801289506420e+02 2.590732629782746130e+02 2.613504008486989960e+02
2.465435201288191820e+02 2.469157630081405728e+02 2.458106798114432365e+02 2.474716334215717666e+02
2.500237103202751712e+02 2.499263062759351612e+02 2.479431691597473559e+02 2.504305842122913077e+02
2.500428686748896325e+02 2.497266059195732737e+02 2.482579213934649545e+02 2.507469006895856012e+02
2.478849668250125546e+02 2.474538363048145584e+02 2.468024535915560307e+02 2.481567398812212559e+02
2.478787520657045320e+02 2.488519502522656239e+02 2.474192867118022718e+02 2.489380972207143259e+02
2.524825954466740825e+02 2.529835581488654555e+02 2.505605551948287655e+02 2.531377346882537722e+02
2.755855205735059030e+02 2.759054004996197023e+02 2.732558237974509439e+02 2.770933130559035931e+02
2.556601309941259217e+02 2.558677775329864801e+02 2.534307831078384083e+02 2.566186980839926832e+02
2.495990043210761087e+02 2.501759762246963703e+02 2.486354103942357767e+02 2.513877158935400473e+02
2.567050978537979518e+02 2.565135158972850036e+02 2.545770700032304603e+02 2.573575956493987178e+02
2.761467132777873985e+02 2.759205131474784594e+02 2.722871043614011342e+02 2.750518190079823171e+02
2.473739449911153656e+02 2.477415438068287870e+02 2.471155657067601510e+02 2.479962260952170823e+02
2.598616484404480502e+02 2.593382265244420637e+02 2.565796092696880351e+02 2.605341180393871241e+02
2.619524303450859861e+02 2.628760076659730203e+02 2.590975257769215432e+02 2.631134631554984935e+02
2.466621707440556577e+02 2.469435199496313089e+02 2.456692187682747317e+02 2.476237510748705120e+02
2.823127104842146764e+02 2.832746401451002498e+02 2.803291879310039576e+02 2.828459159100482907e+02
2.853125232616876019e+02 2.862848374044309026e+02 2.825193921454733754e+02 2.869706216767082196e+02
2.620246408225622758e+02 2.626559704799047950e+02 2.594908872726093136e+02 2.626239734375646435e+02
2.486365538729558011e+02 2.492343366989400408e+02 2.487099284112178168e+02 2.499191742911983738e+02
2.454637500337537688e+02 2.464378889827594890e+02 2.452084744011021371e+02 2.464081209007723885e+02
2.558298151396247988e+02 2.559204405612356368e+02 2.541474060163930062e+02 2.563411740093971503e+02
2.574946182033685886e+02 2.575342268655013527e+02 2.549577945796094696e+02 2.588138101119571957e+02
2.512769111447174737e+02 2.516707343083796218e+02 2.500858308023446170e+02 2.530467142624191297e+02
2.461213525492807719e+02 2.463577043460691698e+02 2.452471099171033302e+02 2.465704533483579439e+02
2.505204780007863121e+02 2.506256649495985300e+02 2.495325562740887619e+02 2.506749122458351735e+02
2.514447441269647072e+02 2.512090755918371485e+02 2.511406907604871321e+02 2.533475852358213842e+02
2.464245073981167877e+02 2.468035344777725300e+02 2.455452987548474084e+02 2.476713018135390882e+02
2.566400542295949094e+02 2.573719381828998962e+02 2.543033072192200734e+02 2.586582521500723146e+02
2.542234673986365863e+02 2.541672552248300860e+02 2.530126932873166936e+02 2.555425454219852668e+02
2.502173650305104502e+02 2.503897339361591321e+02 2.492927927137232018e+02 2.508675554396578207e+02
2.807696637287319277e+02 2.806640155290577923e+02 2.776445985365893421e+02 2.821031760282698428e+02
2.527853909281148503e+02 2.537582112571921016e+02 2.516147810310377793e+02 2.536886037284124313e+02
2.514786077757056830e+02 2.518900112477524544e+02 2.508063067946908689e+02 2.524130380724359668e+02
2.500327383035676689e+02 2.502746187296792755e+02 2.492446143168926653e+02 2.516979645684081390e+02
2.528671540556209436e+02 2.534718572460144230e+02 2.517519872074989280e+02 2.537132807748739083e+02
2.474298744822040419e+02 2.471969292072514293e+02 2.472996677469393489e+02 2.478950562202382173e+02
2.519205277889917909e+02 2.521940033858381582e+02 2.500340722860296125e+02 2.530079105655560454e+02
2.488847177523520884e+02 2.486353236145319840e+02 2.481443526284063239e+02 2.490814763917597361e+02
2.685600287024134332e+02 2.679003860533626380e+02 2.656980026463197078e+02 2.679612444695509339e+02
2.878914611026802390e+02 2.868144770980647991e+02 2.857694548513892983e+02 2.871563905480052199e+02
2.581762320803710509e+02 2.585046454840030492e+02 2.560625790630137431e+02 2.601330277570541512e+02
2.452763213368620256e+02 2.454506880338758776e+02 2.443495078984801125e+02 2.460752864533149591e+02
2.537890756728090764e+02 2.545779537430677806e+02 2.529054105132027246e+02 2.547180350750387845e+02
2.555929695814699016e+02 2.561826351595335609e+02 2.543610045383863110e+02 2.571076533623332807e+02
2.490318328972227846e+02 2.490354099004264583e+02 2.484846643698010951e+02 2.495019781738078279e+02
2.935232753046615812e+02 2.916996783555253501e+02 2.892875761032213973e+02 2.916776330252295679e+02
2.481705784462666884e+02 2.485633417686181019e+02 2.463981140535941563e+02 2.489991928671146582e+02
2.480781355297102380e+02 2.483639222791519785e+02 2.470636578903471730e+02 2.488392489682235578e+02
2.561945670740429932e+02 2.570773440862860753e+02 2.544557010680414635e+02 2.576935959533049640e+02
2.539030122996998102e+02 2.547505271299745004e+02 2.525398918056252455e+02 2.557944909081642493e+02
2.590868028109321131e+02 2.593490029906429299e+02 2.565166409316765339e+02 2.608305413361385945e+02
2.517980570753526877e+02 2.518932210354332426e+02 2.507063719203738685e+02 2.522980514993456325e+02
2.460901075713558441e+02 2.467004208534313534e+02 2.448336386201278856e+02 2.473293527626135528e+02
2.601540472864660387e+02 2.617027194129290706e+02 2.580408299914043369e+02 2.619856217991776930e+02
2.532320319545190443e+02 2.545446412298169037e+02 2.525576832950499977e+02 2.546909684087751771e+02
2.469585932764103404e+02 2.468431821516698221e+02 2.461253088756484715e+02 2.473038016003316670e+02
2.561420777271955558e+02 2.557740223613217836e+02 2.546301848932266978e+02 2.563029098728294457e+02
2.644585053477247243e+02 2.649872869447563630e+02 2.612407523229510389e+02 2.653985122619335471e+02
2.488879270078802790e+02 2.489629631866598061e+02 2.486473950824226335e+02 2.491534770375563141e+02
2.507141491256250845e+02 2.506020543760511714e+02 2.496444639303059887e+02 2.512241645077888279e+02
2.498019164175525759e+02 2.499041940869900600e+02 2.487553000989913983e+02 2.500454707375138810e+02
2.621528604191560703e+02 2.633469206756603285e+02 2.595701050529548297e+02 2.632258446903171603e+02
2.523557226392553332e+02 2.533028606467213422e+02 2.515697356153762598e+02 2.536550923636288815e+02
2.568400871913998458e+02 2.574125019100005147e+02 2.543536720253643466e+02 2.576423834544437454e+02
2.500440388716530151e+02 2.500008116231362010e+02 2.491933258914471594e+02 2.503720249232942763e+02
2.759251041056688791e+02 2.755502054604861542e+02 2.729148688078052487e+02 2.769420056116204023e+02
2.464362831314469986e+02 2.465792388671019353e+02 2.455785337749355222e+02 2.467326872615768139e+02
2.507321119201991735e+02 2.508334921675676981e+02 2.504018360317069778e+02 2.501553962788019589e+02
2.694583087275750586e+02 2.702356928091757595e+02 2.668644108731788833e+02 2.702679411424693399e+02
2.479043026234483307e+02 2.482344769368153834e+02 2.470131005502834114e+02 2.482161590057623641e+02
2.475489200162733994e+02 2.475032102639294749e+02 2.466818436739470428e+02 2.480507007006156357e+02
2.509336464972108729e+02 2.513525544320205256e+02 2.503763127433715852e+02 2.523437242198072283e+02
2.520333768688687144e+02 2.531630003291928404e+02 2.507419079636389370e+02 2.533680007230109652e+02
2.493671789569499708e+02 2.497873599726840439e+02 2.485994408503849797e+02 2.506363887597122755e+02
2.508028146294203964e+02 2.512578815647832755e+02 2.494306290638981807e+02 2.512781145556843967e+02
2.493974593293943656e+02 2.490561932577137441e+02 2.471660006119545017e+02 2.500690311388990210e+02
2.490249749751471882e+02 2.494227168017539498e+02 2.481726563309578637e+02 2.500087942161732144e+02
2.511193243772717949e+02 2.518287637953646367e+02 2.500845477098409617e+02 2.519214768021021200e+02
2.471166667110812796e+02 2.469686692515241759e+02 2.463026448769915646e+02 2.477940448828105957e+02
2.626624735454532811e+02 2.633039641557217578e+02 2.597469851975138795e+02 2.634476702979304150e+02
2.518689951176780255e+02 2.523859874449183849e+02 2.508928577171823235e+02 2.522860778760098697e+02
2.534319278141021243e+02 2.536194267222319070e+02 2.521359625610839714e+02 2.551908016049615355e+02
2.449200572116001524e+02 2.456283656702228200e+02 2.443969383319524411e+02 2.459813004544048454e+02
2.486466449838997335e+02 2.484609558433326697e+02 2.478338140010615405e+02 2.491259722905988099e+02
2.558575360686491535e+02 2.565420464904269124e+02 2.539456708292240137e+02 2.568305818446231115e+02
2.462638591817388658e+02 2.463525476795250029e+02 2.455835107099944992e+02 2.469317855915396933e+02
2.515647017847658446e+02 2.528214213682607010e+02 2.496474513455488307e+02 2.527650453582866987e+02
2.739761486487336697e+02 2.737997194247590187e+02 2.711750031438014048e+02 2.739406413415376846e+02
2.508091081871927202e+02 2.501235096225229029e+02 2.489446599150310533e+02 2.517338659896024353e+02
2.510516274475349405e+02 2.509401563519751619e+02 2.493005121957446590e+02 2.517371777627570282e+02
2.479650581257433544e+02 2.479888499143578713e+02 2.469659176817861237e+02 2.488700476626553382e+02
2.502845935555758672e+02 2.506666380888077299e+02 2.496339555046318424e+02 2.505846625440426294e+02
2.865225205254482148e+02 2.877646732396107723e+02 2.856446490276683221e+02 2.868806117047027442e+02
2.486657429042602416e+02 2.491141737286635589e+02 2.481109124526725509e+02 2.495428407095001546e+02
2.638802182425437763e+02 2.655825713857648793e+02 2.606140355161737148e+02 2.641950452880614648e+02
2.489983218680788184e+02 2.493640169629369723e+02 2.486371480597181005e+02 2.492220488775069498e+02
2.530212961691860301e+02 2.534272105181836423e+02 2.515787544499166017e+02 2.537037157557148248e+02
2.449513927281426504e+02 2.452748318140336892e+02 2.444938801078042445e+02 2.458153586189966120e+02
2.628566562576165211e+02 2.638080730528063214e+02 2.614948418331514972e+02 2.642288355716975730e+02
2.611493043807240042e+02 2.608172638246724091e+02 2.594525934114613506e+02 2.614023117213430965e+02
2.724769383861387837e+02 2.737409393442719647e+02 2.710052629762388960e+02 2.745164687339225225e+02
2.499455278118547028e+02 2.501150657059403386e+02 2.489591842621298383e+02 2.506146027898499256e+02
2.564489095401555687e+02 2.562080267383447563e+02 2.555338311322433640e+02 2.568915072282793517e+02
2.613094530949853720e+02 2.613426162613297947e+02 2.592291565210747422e+02 2.628490582312123252e+02
2.619174899410967896e+02 2.627679878528705899e+02 2.604972123005778144e+02 2.630675567780096458e+02
2.508847347115865318e+02 2.513136524832272585e+02 2.506127339192724151e+02 2.514143825765898157e+02
2.494391151968641225e+02 2.502554598138160884e+02 2.494079444304227025e+02 2.503384706378490989e+02
2.536066903153073042e+02 2.533647696354936159e+02 2.525868924134833833e+02 2.545972707766082124e+02
2.579093771953628220e+02 2.591476230258410283e+02 2.559815428121184198e+02 2.593049588031758503e+02
2.648918769705589966e+02 2.664669125473316740e+02 2.631858223836784418e+02 2.657709047840068024e+02
2.816678760932894647e+02 2.812186231148642150e+02 2.787777090994258629e+02 2.817293730553864748e+02
2.976619731538565929e+02 2.975393619505629772e+02 2.964617218357246884e+02 2.969821568158715195e+02
2.508898378339566477e+02 2.514194666119473709e+02 2.493193028489012875e+02 2.517616614930536798e+02
2.497142574761914489e+02 2.500810590182246074e+02 2.489283077878501160e+02 2.502105065710377403e+02
2.481843677774048160e+02 2.482849267067230699e+02 2.470348261507511722e+02 2.484350498998645946e+02
2.549904708700872504e+02 2.554175228484171782e+02 2.538851793731440694e+02 2.561284922136758269e+02
2.483358480614674590e+02 2.485537477503554840e+02 2.469908995649445558e+02 2.484471080086202335e+02
2.530904990709736921e+02 2.532054191365658369e+02 2.511990621311527718e+02 2.533110603523207089e+02
2.453490604995285764e+02 2.458129445040776488e+02 2.445548705148692648e+02 2.457786976170705771e+02
2.593193670489295641e+02 2.592545661831087500e+02 2.572677882870013946e+02 2.602009076679638611e+02
2.633047750925338732e+02 2.625095734696667478e+02 2.597077341711636222e+02 2.637770341878440945e+02
2.464566570803189052e+02 2.466094021721983154e+02 2.454355089957504674e+02 2.473848961742890538e+02
2.523575768678801694e+02 2.521550142395510363e+02 2.510564088241740421e+02 2.526527295645198308e+02
2.623392322364276197e+02 2.618679434059274627e+02 2.590140087617684230e+02 2.632655953258777686e+02
2.829900805562033952e+02 2.833677174967757537e+02 2.806524900473521029e+02 2.842515667899842242e+02
2.899700110210006869e+02 2.886506300067769644e+02 2.866165920877405711e+02 2.885586936247501058e+02
2.522124992549643139e+02 2.519616257361935254e+02 2.513852743150911806e+02 2.523016491174898590e+02
2.460406394108146628e+02 2.460766595976012070e+02 2.451844548841167466e+02 2.464208992873195712e+02
2.495867389509644170e+02 2.493695646149923562e+02 2.489038835873926416e+02 2.505379692812874453e+02
2.486761418824912937e+02 2.491818891137151013e+02 2.484291008562776142e+02 2.494677056670219599e+02
2.532221473162132099e+02 2.534244390989522060e+02 2.518078111125552425e+02 2.536540996797771186e+02
2.811458709750998537e+02 2.810289746319808728e+02 2.780367414821748753e+02 2.815080759327575493e+02
2.484450308613716629e+02 2.492363372115756874e+02 2.472486658901589180e+02 2.488719543710477637e+02
2.614166521071850298e+02 2.612977393393492207e+02 2.597308709516075282e+02 2.627773258212623659e+02
2.486791616601760495e+02 2.490746127403685932e+02 2.480215008733228785e+02 2.493494003026112864e+02
2.733486604004323226e+02 2.734679753060507323e+02 2.703924914180193468e+02 2.727721113179574672e+02
2.484448407122646643e+02 2.485149346411184013e+02 2.478263316773639247e+02 2.489010312471308737e+02
2.484783349084133590e+02 2.487738706836738345e+02 2.479890816531849111e+02 2.490658556972062172e+02
2.553131260987584596e+02 2.560937896905487605e+02 2.541881726217155517e+02 2.560808228797021115e+02
2.543563954818229433e+02 2.547813023431222064e+02 2.529790379818398094e+02 2.560606013597696915e+02
2.497959638009597825e+02 2.497823076387742844e+02 2.482205296332724629e+02 2.502290772026805143e+02
2.561469645642773116e+02 2.565049650658621090e+02 2.544834993634766533e+02 2.565998224256175035e+02
2.582896520891125647e+02 2.589730201986619704e+02 2.562721040962206303e+02 2.604311879259967100e+02
2.477081514667472959e+02 2.478074265971247883e+02 2.471525422013780826e+02 2.484584963646371136e+02
2.480110785241406575e+02 2.482078743749133025e+02 2.472792890973244084e+02 2.486615160918298102e+02
2.462694643101983445e+02 2.470121543228220560e+02 2.456446423021243675e+02 2.472923696514288281e+02
2.810239005677393038e+02 2.819439198261658817e+02 2.783105879669627711e+02 2.819204456810423380e+02
2.460509088489872909e+02 2.463359093563893509e+02 2.451877413802908166e+02 2.466163151838732688e+02
2.545036309971685569e+02 2.550404622736445219e+02 2.522512042471002474e+02 2.552018916657277998e+02
2.577961079550889281e+02 2.576592631107924944e+02 2.553425285883220397e+02 2.577318412472050113e+02
2.578814898057071900e+02 2.589478739288632028e+02 2.564614217964829663e+02 2.588263016887311210e+02
2.638302620906599714e+02 2.639897084281935804e+02 2.606456838853700333e+02 2.647164930130944640e+02
2.509103021986763054e+02 2.516323096770962877e+02 2.497932402646824528e+02 2.523689834576908879e+02
2.491203362530905281e+02 2.493622429100560964e+02 2.484315385778994312e+02 2.497356879566242469e+02
2.866622044509657030e+02 2.862039342371694488e+02 2.857291936860866599e+02 2.871446648648343398e+02
2.502740561435412019e+02 2.505142932041183599e+02 2.495219767623781308e+02 2.508889746082332408e+02
2.639149833389076889e+02 2.644366112480624338e+02 2.610952782124696228e+02 2.650414726358338839e+02
2.568151833341516976e+02 2.572690332481847690e+02 2.553822762306024856e+02 2.577699096931270901e+02
2.853983294672207194e+02 2.848328245006501334e+02 2.823091764595744735e+02 2.846669662858981269e+02
2.516097053683749039e+02 2.516075472850141352e+02 2.499618046036587486e+02 2.520970558565118154e+02
2.510789618111519701e+02 2.519476649836473428e+02 2.506722464649525364e+02 2.520925127145336262e+02
2.743458162492606789e+02 2.759278127330115353e+02 2.713242754890450215e+02 2.747254773495574227e+02
2.564588321740752122e+02 2.572691242934592424e+02 2.548544834451433019e+02 2.576234772134675950e+02
2.518948819904957759e+02 2.524455103029151530e+02 2.504231363010636073e+02 2.522594345360695343e+02
2.479144984953614141e+02 2.481470279236714020e+02 2.475705955023655633e+02 2.484070796299986341e+02
2.495186551920513693e+02 2.491754997978128756e+02 2.481795610745429315e+02 2.495619936482549122e+02
2.518068659521557038e+02 2.519560158148569826e+02 2.503093937856349100e+02 2.518913294468747779e+02
2.517853232411424074e+02 2.519678607463778519e+02 2.504303872829225668e+02 2.520839349302459027e+02
2.557545525647093143e+02 2.557200724959477043e+02 2.543021572381170472e+02 2.576716428665334320e+02
2.501783426821204728e+02 2.507146252749221276e+02 2.497611049112127262e+02 2.509911895082412627e+02
2.723554840661094545e+02 2.728128893251511613e+02 2.685993330498785667e+02 2.711984835684251038e+02
2.516829578334688335e+02 2.518084875791550132e+02 2.502427606803113918e+02 2.524740290399112439e+02
2.486633791727785763e+02 2.493580634412466281e+02 2.480757338854594991e+02 2.498774620424650266e+02
2.483710303354149289e+02 2.483742546673040579e+02 2.477746225946310119e+02 2.487190599825365780e+02
2.554767247078137302e+02 2.562136798514883367e+02 2.534687958832401478e+02 2.562317561280659106e+02
2.473399430753147783e+02 2.471268129970391101e+02 2.467990207086996008e+02 2.472124459386058675e+02
2.503661645005668106e+02 2.504931941613909316e+02 2.492007240157682872e+02 2.504268777319825006e+02
2.899663486151853817e+02 2.904043350451946139e+02 2.875538970625145794e+02 2.899731819174095904e+02
2.524421285188125239e+02 2.533270235438027385e+02 2.503515943524005536e+02 2.529971616364320539e+02
2.488644975728097108e+02 2.485968849649495382e+02 2.477128952018820200e+02 2.491178884948701295e+02
2.534289799970158299e+02 2.532047423515955700e+02 2.514207991754780664e+02 2.539398677108754896e+02
2.622075104249781248e+02 2.625828090093975788e+02 2.595862816637193191e+02 2.622218254322797293e+02
2.479597079635439059e+02 2.483922859199363700e+02 2.476302770104293813e+02 2.487956199766199745e+02
2.492142586730487892e+02 2.501327635913989127e+02 2.490274729277026040e+02 2.497764235000855706e+02
2.540584068187898481e+02 2.552996649241189004e+02 2.527154269198579470e+02 2.551160959464269240e+02
2.546331433630181493e+02 2.547597331692885803e+02 2.534005458079251127e+02 2.559475263730976735e+02
2.466258146763229604e+02 2.465440885267274780e+02 2.453930477589293844e+02 2.472507396972461322e+02
2.651939278776803803e+02 2.658005804621335528e+02 2.628926155599618255e+02 2.652576091663506759e+02
2.512587748197640281e+02 2.513394433952066436e+02 2.501513577219732554e+02 2.519097932972499621e+02
2.691675813778158499e+02 2.704030680560197197e+02 2.672741758232578491e+02 2.702738621886120427e+02
2.454476256405518768e+02 2.457944259027008513e+02 2.451649008232506617e+02 2.460358107794833984e+02
2.454996653082022817e+02 2.457214053056789282e+02 2.444798594163486030e+02 2.462001370438036645e+02
2.578734155048247771e+02 2.580820515641393627e+02 2.562432712483849855e+02 2.583210635981362771e+02
2.642825998491604196e+02 2.651049240793727790e+02 2.623822717563286346e+02 2.651572411248631056e+02
2.737164297416211411e+02 2.738929891685353368e+02 2.708469495306823660e+02 2.731329661225906875e+02
2.518385969392475658e+02 2.519177485160759318e+02 2.503646711245236247e+02 2.521628196130257891e+02
2.911415864268126370e+02 2.929354589541408131e+02 2.899423865495490418e+02 2.908606137436175345e+02
2.480674246864298595e+02 2.481488077003543253e+02 2.472516531060803118e+02 2.483444380217779894e+02
2.571723879558973067e+02 2.579257579466835750e+02 2.559999497540997311e+02 2.582674375100778548e+02
2.919648742651435214e+02 2.922311968635402764e+02 2.915033842329599452e+02 2.924855305000450016e+02
2.582949856328396550e+02 2.588227347607383422e+02 2.562941463244779357e+02 2.587978378885908342e+02
2.517544820508562680e+02 2.532872929991078195e+02 2.508524602284474838e+02 2.530218481598803635e+02
2.493588273410313718e+02 2.497256736271980344e+02 2.484431730869835064e+02 2.504152185190301907e+02
2.613863522414883391e+02 2.622302529083331137e+02 2.595090484688601009e+02 2.618756991627753905e+02
2.487664399798922545e+02 2.493620115562219155e+02 2.485209308671744566e+02 2.491942067184418477e+02
2.508476687803566278e+02 2.513332311030960966e+02 2.497839062075250069e+02 2.517647373329436391e+02
2.566939603793774722e+02 2.568062249853545040e+02 2.548202146625619946e+02 2.583417862916421086e+02
2.476955148115717691e+02 2.478169321731779178e+02 2.471160611378977023e+02 2.481509017180879368e+02
2.824118060718845982e+02 2.839878987430025177e+02 2.814658088223602590e+02 2.829512361751772005e+02
2.747857479233618960e+02 2.737494447820837991e+02 2.713285143995283875e+02 2.765270362797626831e+02
2.480155862102557478e+02 2.481966956365066039e+02 2.471861255932454355e+02 2.486990362415417053e+02
2.601343554749504392e+02 2.600158517160998599e+02 2.570348921603280132e+02 2.612620012381244692e+02
2.477410186773342389e+02 2.474257847838314888e+02 2.468258802507194218e+02 2.483844113862079723e+02
2.450821239136510599e+02 2.452273065150496336e+02 2.440406368414657265e+02 2.453940017453997200e+02
2.629140486283244513e+02 2.625959592210742812e+02 2.606798207464248094e+02 2.637668926083259180e+02
2.486680690160123390e+02 2.488365681211066942e+02 2.479647141366002074e+02 2.489899140249339951e+02
2.456734861795500535e+02 2.464866347726731419e+02 2.453467490426534994e+02 2.465501090749594653e+02
2.506696228967988702e+02 2.504730870891715142e+02 2.495482841638991545e+02 2.517577211556816508e+02
2.720681034473241766e+02 2.715603047868045792e+02 2.692852308865711279e+02 2.725302599007564481e+02
2.475019579946048793e+02 2.479770012846676082e+02 2.462856957643494411e+02 2.480060807664100935e+02
2.597317238835371427e+02 2.599968604192664543e+02 2.576208511648794115e+02 2.602606884921839310e+02
2.692313058031205060e+02 2.705417355403575925e+02 2.673214150322566525e+02 2.700095233068025777e+02
2.477136232677187877e+02 2.474923280938056678e+02 2.472398766181173073e+02 2.483057165544750831e+02
2.464339868557300974e+02 2.464178029174593973e+02 2.454464518135807793e+02 2.472730438060740710e+02
2.638975241752017382e+02 2.639811283856969908e+02 2.615282145061887036e+02 2.650232839236730342e+02
2.457414526219190520e+02 2.465702729579676316e+02 2.452606823082767846e+02 2.467535244019604761e+02
2.507994252951869498e+02 2.509400729965238668e+02 2.496834678717032148e+02 2.515271952918168950e+02
2.488178140774384417e+02 2.486537847868751214e+02 2.471101404512589568e+02 2.490406807127682214e+02
2.596011143779109602e+02 2.593898721319465039e+02 2.576277772842948366e+02 2.598630968507210923e+02
2.549989235092563717e+02 2.555183504607670386e+02 2.529706500022182354e+02 2.562942989251386621e+02
2.461251475475660584e+02 2.466475746239055979e+02 2.454818153564129943e+02 2.468723307707567187e+02
2.734116025854051486e+02 2.728763452356875518e+02 2.709794426230069462e+02 2.753774802916054227e+02
2.698426172519870647e+02 2.693778653540745154e+02 2.672873676590493233e+02 2.705773957950935369e+02
2.549829551220040855e+02 2.554111169575629106e+02 2.537864524655245191e+02 2.559405358554396059e+02
2.482877597765573512e+02 2.487533244951564200e+02 2.482834193263055909e+02 2.486109826953889979e+02
2.496776948465762871e+02 2.497030549037899334e+02 2.487320953103873364e+02 2.503403004604051034e+02
2.686960598920962866e+02 2.700403136141070490e+02 2.649092119616186665e+02 2.693431243163782369e+02
2.499453589625250913e+02 2.494305792382776303e+02 2.483644177366149108e+02 2.511082402647256515e+02
2.800238855858341935e+02 2.796471836239142021e+02 2.770725457971599894e+02 2.804968649903991036e+02
2.471951928378119590e+02 2.469243615586441081e+02 2.458570099523957140e+02 2.476958420682269946e+02
2.583606932838459898e+02 2.587972818626075195e+02 2.560914364026759813e+02 2.587921929695582435e+02
2.632750035182067450e+02 2.641493144655850642e+02 2.615566411280644843e+02 2.633469302591732344e+02
2.851699298908583842e+02 2.866645077246754454e+02 2.823416633954829535e+02 2.845712407410611036e+02
2.572815108249947116e+02 2.574973031443001901e+02 2.555493685820405858e+02 2.581233194424887643e+02
2.513286725562833794e+02 2.513247779609416739e+02 2.503721761791054803e+02 2.517873260980379087e+02
2.525783844117291039e+02 2.526717142571345960e+02 2.514271731075293417e+02 2.525109133863777231e+02
2.675661917916156654e+02 2.681245357717583602e+02 2.657841447240824095e+02 2.676838385609049169e+02
2.473409202883028115e+02 2.472908478339967928e+02 2.467396218296582333e+02 2.483360201548391615e+02
2.622831519000116032e+02 2.629024969339698714e+02 2.599128960925768865e+02 2.641772905165675525e+02
2.559059062150495834e+02 2.560898929782461551e+02 2.548935025708629212e+02 2.564118943186675779e+02
2.458935987984082772e+02 2.461939438994145348e+02 2.451629055797940566e+02 2.464141172051016895e+02
2.486405255844937017e+02 2.482813911708349792e+02 2.478721571566828175e+02 2.489059512013168103e+02
2.497157598648887813e+02 2.496789969589605391e+02 2.484017548461027900e+02 2.511016989474509842e+02
2.449369284090197993e+02 2.455789020135437966e+02 2.443511773918311860e+02 2.456879889706894176e+02
2.747942656083085353e+02 2.754871092828648784e+02 2.727837784777908041e+02 2.775194493441559302e+02
2.497979395597184578e+02 2.500302658635322359e+02 2.484251958969230998e+02 2.505033171919632480e+02
2.537162496821844684e+02 2.542935828808867313e+02 2.526489958792387256e+02 2.547348611390170561e+02
2.565369192734402759e+02 2.567437586010342443e+02 2.549351882577771562e+02 2.576405578920674770e+02
2.553893141134095401e+02 2.559328297468925371e+02 2.543225636450513605e+02 2.561894535597506319e+02
2.505515470846181358e+02 2.513677606285181128e+02 2.499559418538797217e+02 2.518003001664947078e+02
2.503324480138588797e+02 2.500825209556379036e+02 2.492136081543322916e+02 2.509611572673759667e+02
2.471965159949118345e+02 2.472884864768475666e+02 2.463133516189674594e+02 2.481631407514396983e+02
2.894453172390245186e+02 2.898881072506445662e+02 2.878113705141658443e+02 2.907240841311361237e+02
2.627352743837431603e+02 2.635404075056562760e+02 2.611500510424104391e+02 2.636102778169146177e+02
2.557373863626174568e+02 2.566353951657034713e+02 2.547639014447363195e+02 2.564805532826551939e+02
2.484525351769318320e+02 2.485704195144221842e+02 2.475584110096519339e+02 2.485643077113984987e+02
2.593409356528688932e+02 2.584024569028642873e+02 2.567403476917733656e+02 2.595211564731633302e+02
2.482031397805352242e+02 2.490682363431731972e+02 2.480638753598786366e+02 2.492515218659278560e+02
2.481792575731313946e+02 2.485451392582617700e+02 2.477664139421920027e+02 2.486758133126465964e+02
2.599447814154625007e+02 2.591792513898778907e+02 2.578910149021597817e+02 2.606514664714831042e+02
2.813807572111828676e+02 2.809131301293207912e+02 2.773142348085573872e+02 2.804525631418765101e+02
2.512964855418761374e+02 2.515281328539539629e+02 2.506421050599770695e+02 2.514560163719908985e+02
2.947417227326748161e+02 2.941379717670551486e+02 2.933894243516330675e+02 2.940108575319131319e+02
2.855715986164740343e+02 2.857708932806180542e+02 2.835204120201994442e+02 2.867329322002645426e+02
2.562460246862081021e+02 2.563340983282632806e+02 2.552431213785675368e+02 2.571119975880999391e+02
2.549266280329071037e+02 2.554213704248216459e+02 2.538876228112167439e+02 2.557280245803179923e+02
2.489020074750490039e+02 2.490305763037160034e+02 2.476651612378148286e+02 2.494858627298127942e+02
2.510280043283269151e+02 2.514154310408797244e+02 2.501301451348657565e+02 2.515649092241771712e+02
2.448626901458396503e+02 2.455643358227187889e+02 2.443283964553707506e+02 2.456060955164468567e+02
2.555085659304125443e+02 2.561781092532488628e+02 2.537523807250654215e+02 2.560593618124242425e+02
2.462801549957768827e+02 2.465447155762693683e+02 2.455607679881053684e+02 2.468964431233931123e+02
2.550565358242750165e+02 2.545988183778489713e+02 2.531384237620036970e+02 2.560541690527723517e+02
2.485764902944356436e+02 2.480741997837316717e+02 2.473943021336408776e+02 2.490441840828873410e+02
2.494341749491427436e+02 2.493725083677354633e+02 2.484874498163178771e+02 2.496238711311427210e+02
2.492264683084601984e+02 2.494768122869223532e+02 2.488483449457643815e+02 2.496675184707927428e+02
2.593011570316888879e+02 2.590343746218922547e+02 2.562232323924391153e+02 2.601163424945072506e+02
2.482901578641875915e+02 2.483073675785166472e+02 2.479366199057635924e+02 2.486292127323944214e+02
2.488094086976385597e+02 2.493979060024201715e+02 2.478025436933423009e+02 2.493770122106226097e+02
2.500427504074227727e+02 2.507370797779639133e+02 2.488037726581144398e+02 2.511780755632774458e+02
2.528354611140732402e+02 2.525605729425554387e+02 2.512458541187095875e+02 2.533494436677769670e+02
2.543879768140266435e+02 2.551884219921107615e+02 2.538861385679151113e+02 2.553566295527140255e+02
2.491011804954659965e+02 2.488863552623747921e+02 2.482322949992423844e+02 2.499364779818244813e+02
2.536826047659325525e+02 2.538019530090548699e+02 2.522292427231018337e+02 2.543392049166643289e+02
2.470081239518966925e+02 2.471479291510298708e+02 2.462046577576251138e+02 2.476410686493323681e+02
2.512196697301708639e+02 2.508232445818701990e+02 2.500913783885684438e+02 2.511895749870969894e+02
2.547380058178067088e+02 2.555886836248352836e+02 2.527879529273542403e+02 2.562043488447945947e+02
2.470886374151040172e+02 2.477173386706560905e+02 2.467716101130210404e+02 2.477558173766283005e+02
2.576620464781617557e+02 2.591577875035825969e+02 2.558871699168401790e+02 2.592952105847626854e+02
2.538401837321530650e+02 2.541913330798689401e+02 2.523952138959288050e+02 2.544589641974386041e+02
2.584149293057642467e+02 2.604041590842177811e+02 2.542174794318105455e+02 2.603461137899503797e+02
2.499079838397757953e+02 2.499858306635885867e+02 2.491539462565397969e+02 2.499247845755797641e+02
2.547455707031673455e+02 2.559372412278065667e+02 2.533303070264680628e+02 2.563450935883734587e+02
2.733801130805174466e+02 2.737354035811320614e+02 2.703107394808666868e+02 2.739526266155735357e+02
2.556653657452156381e+02 2.561992842224786955e+02 2.546245132178838446e+02 2.570098951311417181e+02
2.495368270806013129e+02 2.494656184102983900e+02 2.485936776771408745e+02 2.497731940842161578e+02
2.866601125950523965e+02 2.880188065018146517e+02 2.853828958611048847e+02 2.858731471318732247e+02
2.492734382062090219e+02 2.500278309928370106e+02 2.477448659345360511e+02 2.498977566190495736e+02
2.649479243182833557e+02 2.662899499123745954e+02 2.634486501193970867e+02 2.666486421359620067e+02
2.518204315664127364e+02 2.520537340437326748e+02 2.510223084857786375e+02 2.523168896636435932e+02
2.474851620713086788e+02 2.477264557225184944e+02 2.472746038058271267e+02 2.479545608165940962e+02
2.722001809698782040e+02 2.741279924365591683e+02 2.694351623238275693e+02 2.727168487420018437e+02
2.586545199275878986e+02 2.582647999176890039e+02 2.567642502343462070e+02 2.583242605919564312e+02
2.733506963062068280e+02 2.717083270982389536e+02 2.674429694838462979e+02 2.722658371664267065e+02
2.512268411318359256e+02 2.511482792462672649e+02 2.502265682698800333e+02 2.516115871915142179e+02
2.863542582774663856e+02 2.859726790871202411e+02 2.829771876801953567e+02 2.863017826181168743e+02
2.784990393340996206e+02 2.784607475526224789e+02 2.758927827260364438e+02 2.788948953332200631e+02
2.509807046323790587e+02 2.509858549178617011e+02 2.497789326255525850e+02 2.520090230003370380e+02
2.481394220599521816e+02 2.481720484761482908e+02 2.472608962342330017e+02 2.489170126785602974e+02
2.605554940579236245e+02 2.602037655614980736e+02 2.581486742109822217e+02 2.609304341623825962e+02
2.939036046641949724e+02 2.949676397288728822e+02 2.925333040089873293e+02 2.933873886358358050e+02
2.566106722129999298e+02 2.578252265263664640e+02 2.551947793909003508e+02 2.589990945620317575e+02
2.666710854688966492e+02 2.674773317044167129e+02 2.644343850638427966e+02 2.672576844135331839e+02
2.815066911710067643e+02 2.820886125101250741e+02 2.797223168338895221e+02 2.811151605620691498e+02
2.451863288140149564e+02 2.452615083564410270e+02 2.441490300081460418e+02 2.459407185608042425e+02
2.726668145997769557e+02 2.737304096833358358e+02 2.695238507794153975e+02 2.736478361716071959e+02
2.520927427530576495e+02 2.524322426715734764e+02 2.508392520135725476e+02 2.527764157203013440e+02
2.587103610966456131e+02 2.596851396740678979e+02 2.569102771977543966e+02 2.594316274420884270e+02
2.500233733364984516e+02 2.505998685528414285e+02 2.491287548289357687e+02 2.514091703756173217e+02
2.469421602529280051e+02 2.471327938421598844e+02 2.465044185807436179e+02 2.477703754358825279e+02
2.504185132935284059e+02 2.504880994966077878e+02 2.497331644231613836e+02 2.510625278776515472e+02
2.470005396294710636e+02 2.478496363286513713e+02 2.461296035435415774e+02 2.481366610565581539e+02
2.491336124898346895e+02 2.493902853439469709e+02 2.486806832020953095e+02 2.498704981706673891e+02
2.474482175628074572e+02 2.476777541726536640e+02 2.466982562847979068e+02 2.480114713938608020e+02
2.497958896197645231e+02 2.500297845443534186e+02 2.488308865454659724e+02 2.506136699363628964e+02
2.483412950277322011e+02 2.484267217720537246e+02 2.469616069875765731e+02 2.486813533073449776e+02
2.472103576047431943e+02 2.471843488540200440e+02 2.464606381262925083e+02 2.475203025083377497e+02
2.455185015734480203e+02 2.460215537817004474e+02 2.447801687311013268e+02 2.459388036355565532e+02
2.562852209401397090e+02 2.564244376867665665e+02 2.550063764484496005e+02 2.574791058210232109e+02
2.512499639454070461e+02 2.512402198936062518e+02 2.512348652413784578e+02 2.516778850716893032e+02
2.518254031040029588e+02 2.524276647521182610e+02 2.510996016373066198e+02 2.526460849645035580e+02
2.506250779857595319e+02 2.502365391988984982e+02 2.493291762599677384e+02 2.512561582504090723e+02
2.497235632581556501e+02 2.498336537120732714e+02 2.491501989313506726e+02 2.499827151317594769e+02
2.470433509722330712e+02 2.473862616113620447e+02 2.465096254003666729e+02 2.476218145250120415e+02
2.601788790406541807e+02 2.607712813759736719e+02 2.584585615727830259e+02 2.611246829278818495e+02
2.476896172860875822e+02 2.474006881548932029e+02 2.467650940379431290e+02 2.481219451093722341e+02
2.466297227812882795e+02 2.467629968204563227e+02 2.456363413763793915e+02 2.469031691121738561e+02
2.535725494108085627e+02 2.543482744512691909e+02 2.524579902016612891e+02 2.551366831178106338e+02
2.733430063783636683e+02 2.747071898000202737e+02 2.714697415718427465e+02 2.739901608145548266e+02
2.570898458311153831e+02 2.579996134777322254e+02 2.554352893561680844e+02 2.587070174377239482e+02
2.511902352231847431e+02 2.517709146757467238e+02 2.505492774414106805e+02 2.514495329287930190e+02
2.625216459665733169e+02 2.631311931658751178e+02 2.588809345600211032e+02 2.621409077326878787e+02
2.867902262127491895e+02 2.861474235805117132e+02 2.838858786760118846e+02 2.865485806919008382e+02
2.504569570689879470e+02 2.514722139910821568e+02 2.500037758495386129e+02 2.512386536849782601e+02
2.481883632896575591e+02 2.482335096713838709e+02 2.473886558863710832e+02 2.484963081419534205e+02
2.494682199330770516e+02 2.495366054212609015e+02 2.481511496064953235e+02 2.504594909967885883e+02
2.755035646449125011e+02 2.747406746210866686e+02 2.715414199835615818e+02 2.751203880523787006e+02
2.563377658080037236e+02 2.555943429412432693e+02 2.541290700461059942e+02 2.569602799520314420e+02
2.569256196287400940e+02 2.570662711268971066e+02 2.553192480033714276e+02 2.581866089107114135e+02
2.729823782233302154e+02 2.734309557506055057e+02 2.708645246286090469e+02 2.718675223031004862e+02
2.547710650947222177e+02 2.552925321105197440e+02 2.539167773383168480e+02 2.558767726789489814e+02
2.457591461844452851e+02 2.462636386411854517e+02 2.457024625749605207e+02 2.465566044228496878e+02
2.468386109958740633e+02 2.469950532779065497e+02 2.463409941748754477e+02 2.472465810662716876e+02
2.488822236974774000e+02 2.491848411857160386e+02 2.482937379942019049e+02 2.492503856550117405e+02
2.473925774326501426e+02 2.478630011462053631e+02 2.469873404133822703e+02 2.483210924484840518e+02
2.654198871073012356e+02 2.654940742482770020e+02 2.632914804082751630e+02 2.668259184970723368e+02
2.503509004387910011e+02 2.506540529708198903e+02 2.489321894431074895e+02 2.512078995089086959e+02
2.493073584385410015e+02 2.497897497692436559e+02 2.474454220443508916e+02 2.502295967267307049e+02
2.484569832643185521e+02 2.491151981856074826e+02 2.470379384875190567e+02 2.496281084478396508e+02
2.509290867938399288e+02 2.508063818462563859e+02 2.495179206370376335e+02 2.512696465429770853e+02
2.508580077637985255e+02 2.513376601708338285e+02 2.499395562613676134e+02 2.515370609626477858e+02
2.750068783593502530e+02 2.763147947043062231e+02 2.722513647628334184e+02 2.752324249889084058e+02
2.490709124495686808e+02 2.492123844155467225e+02 2.486149569677174895e+02 2.499261063839960286e+02
2.640502463702628120e+02 2.634296968085542971e+02 2.607506806469726257e+02 2.647476836628733281e+02
2.525365993158063986e+02 2.529909651385171685e+02 2.501245167312544595e+02 2.538037970741812615e+02
2.568407049655987180e+02 2.566759885317325143e+02 2.545448442947991907e+02 2.574094655536351866e+02
2.510660276956949133e+02 2.514162173439863750e+02 2.506494701648485943e+02 2.511562723643138497e+02
2.635976372833116557e+02 2.645548745159587156e+02 2.617065233252418466e+02 2.654078446992270415e+02
2.463102224115741308e+02 2.464759852357315140e+02 2.460964934831000619e+02 2.469207064144268884e+02
2.554500353176338763e+02 2.557163116003707160e+02 2.536092731855812019e+02 2.558440147364910615e+02
2.482047055277150207e+02 2.489508390911096853e+02 2.466406871662537128e+02 2.491556939834358957e+02
2.481972123396533334e+02 2.488956780309434009e+02 2.472049897704810917e+02 2.487637310572167166e+02
2.480279230565168405e+02 2.482335921213198731e+02 2.466066676931293955e+02 2.490651049359575495e+02
2.531959793915162606e+02 2.535241852003206020e+02 2.513027417445797767e+02 2.541752195003790860e+02
2.510937667819898422e+02 2.519951830962321537e+02 2.493484320015857918e+02 2.513120353802675311e+02
2.504036038998555114e+02 2.508911741809072566e+02 2.504482444517165618e+02 2.510829195323860290e+02
2.468371226925796122e+02 2.470668359554207711e+02 2.463668573008492046e+02 2.475878145750571946e+02
2.511932050246016388e+02 2.514334657880623638e+02 2.490633710020857734e+02 2.515785475447091528e+02
2.464743505949728331e+02 2.468342137497471072e+02 2.458337463638729616e+02 2.470164768663762800e+02
2.476857533896642565e+02 2.474098787464550639e+02 2.468054191279418319e+02 2.477445356124399609e+02
2.581410789471237877e+02 2.587918857378908228e+02 2.565890359826698273e+02 2.589184066796612456e+02
2.516414440505813275e+02 2.521452296953253267e+02 2.508014196384564514e+02 2.524006641978618291e+02
2.469286264867904492e+02 2.474881008926062975e+02 2.465722449682007493e+02 2.479500315993063566e+02
2.492520490863524287e+02 2.491028809479875292e+02 2.482693678991224431e+02 2.494672976154799358e+02
2.463530295631418596e+02 2.463935229827259548e+02 2.455252593054495946e+02 2.471466735298113804e+02
2.527193481205905812e+02 2.529501940791248273e+02 2.517267878828758967e+02 2.531802530511321550e+02
2.525984417383920970e+02 2.530795753769146756e+02 2.518832851945930145e+02 2.537597937074611991e+02
2.481090366042596713e+02 2.476082512240450626e+02 2.465740406461971190e+02 2.481616919905491443e+02
2.470321984665391994e+02 2.474355083778534095e+02 2.463924056509727336e+02 2.481737713018305840e+02
2.596413587037368416e+02 2.595184908120673413e+02 2.583025960613948087e+02 2.603930942586779338e+02
2.779544205847300304e+02 2.792144294410244925e+02 2.752692122628351967e+02 2.805125950206604557e+02
2.575481899345681427e+02 2.583307755012328926e+02 2.558340109152109108e+02 2.584778962554560167e+02
2.967122246902716824e+02 2.963653503150924280e+02 2.939839341370835086e+02 2.955444629540552341e+02
2.499052388362628108e+02 2.503464336727518003e+02 2.490748818875028689e+02 2.507172323221346915e+02
2.685419893199734815e+02 2.689971355524745604e+02 2.653758140938900283e+02 2.684622987574474564e+02
2.556081474127121851e+02 2.557490228222164887e+02 2.535644355341484300e+02 2.560824695063452054e+02
2.556670783647966232e+02 2.560305228846307273e+02 2.540133824204316113e+02 2.561691173072225638e+02
2.567190762990869644e+02 2.572771263886834845e+02 2.552098895620038377e+02 2.578509305160305303e+02
2.457164755745175171e+02 2.458269186723879898e+02 2.450640111172597813e+02 2.461102980794538837e+02
2.480855314951220691e+02 2.483873543435023805e+02 2.479717160052856570e+02 2.490337146869373726e+02
2.635377690350352395e+02 2.633800765381442943e+02 2.603897856176100731e+02 2.645880385207680661e+02
2.504182566325521577e+02 2.505996343357871865e+02 2.493271020815559496e+02 2.513065152661533546e+02
2.446858443843471491e+02 2.447584757476605262e+02 2.436933747765849319e+02 2.451676945258479918e+02
2.783263614685562857e+02 2.784811736944135987e+02 2.766381090294706269e+02 2.790390514470003609e+02
2.865662153817365265e+02 2.869619798866664837e+02 2.837615068431497320e+02 2.850917342748214764e+02
2.475850051324315189e+02 2.479487278068671401e+02 2.472505417526621443e+02 2.480902869623268430e+02
2.488755571571594203e+02 2.496187959383302370e+02 2.482147819650436418e+02 2.501762254659415134e+02
2.527692623443779212e+02 2.539259279317945754e+02 2.517912201900749380e+02 2.534797506838516483e+02
2.468407400950415251e+02 2.469599754290655085e+02 2.458525673250730392e+02 2.476111715866846339e+02
2.581231241204748699e+02 2.589266036856863025e+02 2.558735400829181970e+02 2.590935714496901028e+02
2.498419724039810603e+02 2.500535224235555631e+02 2.488468371797212342e+02 2.501564757240285246e+02
2.761847091512266275e+02 2.769383440288692100e+02 2.739449946841605197e+02 2.778347131089643653e+02
2.602290997396552825e+02 2.608694151147924458e+02 2.579471537031518551e+02 2.610722396371751870e+02
2.549339280281999436e+02 2.560500901045316482e+02 2.538812965151374499e+02 2.561476991841117297e+02
2.455261704205792057e+02 2.455098131467213420e+02 2.447929460523751573e+02 2.465572294501419606e+02
2.558323170830449556e+02 2.564339994140935346e+02 2.551152681560590167e+02 2.563416036163573040e+02
2.484756388470163415e+02 2.488638532406299078e+02 2.480666462056854300e+02 2.494239590016806005e+02
2.506069074656924727e+02 2.516922966420321188e+02 2.505830598721913418e+02 2.520813636644389817e+02
2.831940919209066578e+02 2.862438104109294272e+02 2.820014635002963246e+02 2.852161333132148684e+02
2.684010778515653328e+02 2.695204936295981497e+02 2.666890138332077527e+02 2.693744757523989506e+02
2.517370811141713602e+02 2.512952658101236807e+02 2.509617101587201944e+02 2.520023179145889287e+02
2.462295488546865556e+02 2.464915103373298848e+02 2.454931417601713690e+02 2.471213482687320209e+02
2.750431815737316583e+02 2.741446533600555426e+02 2.712831945987358608e+02 2.742576193801994577e+02
2.503525244597248332e+02 2.504409584312678021e+02 2.493943778292053821e+02 2.507992097402367619e+02
2.491291877336514347e+02 2.494406714944316832e+02 2.482368536117215001e+02 2.499925774152299027e+02
2.901534714777762360e+02 2.920970179399765811e+02 2.892786740592690080e+02 2.909018839387464368e+02
2.477595276176699599e+02 2.481367813554157067e+02 2.470793012696241533e+02 2.485345479996354072e+02
2.600609305322612954e+02 2.611593935128511248e+02 2.577465958063497737e+02 2.611787181366848927e+02
2.492285212816086926e+02 2.494369458681690332e+02 2.489722922995846091e+02 2.494936986793458971e+02
2.488142036487238897e+02 2.487687078721762930e+02 2.476792061299778993e+02 2.499995442686616514e+02
2.494158958023928960e+02 2.496141176177150669e+02 2.483507251966156559e+02 2.508349807174251396e+02
2.545915273609836333e+02 2.550932174111392783e+02 2.528265223535190103e+02 2.555914422500302692e+02
2.662967299794506175e+02 2.669667861474906090e+02 2.645231954406643240e+02 2.667377960528984886e+02
2.601862097635103055e+02 2.620952045835365425e+02 2.585569216758279367e+02 2.630184523330179331e+02
2.624007713854522876e+02 2.629469245439370866e+02 2.594001655461695464e+02 2.635312034369828211e+02
2.731270073203373840e+02 2.735145167696157387e+02 2.700047020231035617e+02 2.743905318779369509e+02
2.532495218049429866e+02 2.544251454180042913e+02 2.520782830631465856e+02 2.544893196910898894e+02
2.734262585320202561e+02 2.745112749783720005e+02 2.717050160236405532e+02 2.744047764152205104e+02
2.581426035588481795e+02 2.580719331430041734e+02 2.561365323088849664e+02 2.585909631931729109e+02
2.522680787432562965e+02 2.530204744789598692e+02 2.512412178560185794e+02 2.532404223151537224e+02
2.477282354752548770e+02 2.477897461125834582e+02 2.469587166702661420e+02 2.481794454799106120e+02
2.744128903179097279e+02 2.763665914448512240e+02 2.717754006708252632e+02 2.768511934144750057e+02
2.466423213434152899e+02 2.460132676313346849e+02 2.455506838274098129e+02 2.466082874851733493e+02
2.559005351119851355e+02 2.566811315464637460e+02 2.543998367118965973e+02 2.570789907950852466e+02
2.505091945743420752e+02 2.512993907801282205e+02 2.495359665059419569e+02 2.517380352902142420e+02
2.750796225005757947e+02 2.752126102419958897e+02 2.716030363753304187e+02 2.760497944032646274e+02
2.467398362341350548e+02 2.470165820101579470e+02 2.458176060071514542e+02 2.474345638195093784e+02
2.575437428923168000e+02 2.578505381475231957e+02 2.558967602677014099e+02 2.580464318926426017e+02
2.508149411205616275e+02 2.507813457321983037e+02 2.500636352234619721e+02 2.519743113201876383e+02
2.489456374268532954e+02 2.493510990634369477e+02 2.478266197683802829e+02 2.498943842611759578e+02
2.516875160055070637e+02 2.512550593121790712e+02 2.505890119320828262e+02 2.520558745435037622e+02
2.494366154906215058e+02 2.494400098227801550e+02 2.486191053856148017e+02 2.497533753822328322e+02
2.934870607927070978e+02 2.924188641138690059e+02 2.896425449641994874e+02 2.922910315333770086e+02
2.507404455777607950e+02 2.504283000358716720e+02 2.495149168707279443e+02 2.513303116602588148e+02
2.468189879095066885e+02 2.471458672255834017e+02 2.464176582992372175e+02 2.473082071328859399e+02
2.739858799083600616e+02 2.740961187787360700e+02 2.721405345216249998e+02 2.746382061168592941e+02
2.630587714947784548e+02 2.646613619592651503e+02 2.604268458350873630e+02 2.644044855459033556e+02
2.774569728721882029e+02 2.775215480453242662e+02 2.755542060384410092e+02 2.769983406898062412e+02
2.437088229864835398e+02 2.438803755745971102e+02 2.427868876069963164e+02 2.443098697884309445e+02
2.849204140239085632e+02 2.841034597767678633e+02 2.818553696544949503e+02 2.837212956735218086e+02
2.471789222744502865e+02 2.473503920080366356e+02 2.463744573560522610e+02 2.480025181910633023e+02
2.794116432206633931e+02 2.795559132096600479e+02 2.767908015881130837e+02 2.789667394419220727e+02
2.551409405830827097e+02 2.554822498398888797e+02 2.532672145732337583e+02 2.553715991962074554e+02
2.497920694207499253e+02 2.503368779767070578e+02 2.488462956687002645e+02 2.503565303117424037e+02
2.515216749168072852e+02 2.517127602173842718e+02 2.498982198550041858e+02 2.521943228218863737e+02
2.518760146439348091e+02 2.522159913058752352e+02 2.505420147756763356e+02 2.525905633163489767e+02
2.538858965410133237e+02 2.546795637176801677e+02 2.525254732734121887e+02 2.548753871064464249e+02
2.471192768837715619e+02 2.470840170900199269e+02 2.458602354757131820e+02 2.480801820792874537e+02
