2.489184194374470849e+02 2.495636533187490613e+02 2.482697342157943865e+02 2.504153356920807312e+02
2.567757341609209334e+02 2.569171354933210978e+02 2.551369173864684399e+02 2.574538146190625980e+02
2.476656605471637818e+02 2.473668524912188502e+02 2.465738232843881974e+02 2.478263060462248575e+02
2.518603836071790738e+02 2.522008850048644604e+02 2.514823741865994293e+02 2.519623465696166988e+02
2.509403016117858272e+02 2.512500363877578877e+02 2.500162968985160035e+02 2.513048437563835762e+02
2.736039424002752298e+02 2.737514031997389452e+02 2.703295149438810654e+02 2.740404133374439084e+02
2.937103216345720966e+02 2.945567612389978649e+02 2.934430205551319091e+02 2.940033681209375800e+02
2.802340575513570116e+02 2.796320034566085155e+02 2.768518996612825163e+02 2.792939791742197144e+02
2.785338153026638111e+02 2.786365340693105281e+02 2.764057226971397085e+02 2.789641569732060589e+02
2.699895380350216669e+02 2.705257561466265770e+02 2.680083780911203348e+02 2.701743671855732600e+02
2.494169882531295457e+02 2.491499255570418256e+02 2.482973224333105122e+02 2.494244178605910918e+02
2.517162826201009125e+02 2.520161210276791621e+02 2.513359259185583312e+02 2.517569299620135723e+02
2.560234995002887786e+02 2.566688140560447664e+02 2.551928220922540902e+02 2.572242203348082512e+02
2.911569978064927682e+02 2.908085117564700113e+02 2.894070427343442020e+02 2.913139093076429162e+02
2.579068275695185548e+02 2.581303277521407722e+02 2.555935674537867044e+02 2.594007263709364679e+02
2.531396539457551285e+02 2.536669311339439332e+02 2.514093514746780045e+02 2.542686414887780870e+02
2.502639773376472760e+02 2.504670587230617116e+02 2.488813832510816439e+02 2.503757121701987955e+02
2.546609005043821412e+02 2.549851999837305243e+02 2.536650988112904486e+02 2.553471130683155650e+02
2.509024083375283567e+02 2.511875154477246213e+02 2.499710263240593804e+02 2.514750210366698582e+02
2.544980661745796908e+02 2.550478258007934187e+02 2.533986651914435981e+02 2.550591385341185742e+02
2.474235918852384657e+02 2.477172736291562956e+02 2.463300889511675962e+02 2.476298146560073974e+02
2.518740131240447511e+02 2.520065008151532595e+02 2.508267884707757105e+02 2.523272331769788082e+02
2.744225361709288791e+02 2.736974882254122576e+02 2.720987638080587772e+02 2.753064093433921471e+02
2.734766150511267142e+02 2.730243223080254893e+02 2.715431690322337204e+02 2.738107845260065574e+02
2.531256256520252634e+02 2.538855270207212982e+02 2.524597994317288112e+02 2.536570429195624286e+02
2.638286245505526040e+02 2.644540865634366469e+02 2.609179024361707206e+02 2.655231708448885684e+02
2.564486198081247608e+02 2.573352252299761744e+02 2.550634639797369516e+02 2.576092316382550393e+02
2.515948404694425733e+02 2.516934339246697050e+02 2.507296730854363886e+02 2.523308460731910543e+02
2.449242198448338854e+02 2.450592052385698878e+02 2.439748157105203745e+02 2.456346326546493515e+02
2.806082453322135279e+02 2.820499139352991733e+02 2.795993296028376562e+02 2.817123930011794073e+02
2.598715413908183791e+02 2.607052843952996568e+02 2.582531981810295747e+02 2.612383578614068824e+02
2.492217468805351359e+02 2.493660804061145768e+02 2.480271836681804984e+02 2.494953283056851205e+02
2.515534961190426486e+02 2.516475730805551052e+02 2.511029217828821345e+02 2.518708272881422658e+02
2.488801170989763989e+02 2.487689041979081708e+02 2.474449880350971114e+02 2.494738521229147636e+02
2.517383320347383346e+02 2.523171800704770931e+02 2.496406756199116614e+02 2.520844938359453806e+02
2.673319480475392993e+02 2.679525465667862250e+02 2.642025988987805931e+02 2.676816827208992891e+02
2.518391239988241921e+02 2.521183668925655468e+02 2.508054049033200670e+02 2.524486583123973844e+02
2.518316788615792063e+02 2.516459918174349184e+02 2.511963105427656728e+02 2.522302503108791996e+02
2.527135288930102774e+02 2.528039685002098622e+02 2.517089196198506897e+02 2.524380468403266491e+02
2.493471694527789850e+02 2.494919590021153226e+02 2.479831383883117155e+02 2.493156122389291625e+02
2.649502979356132641e+02 2.656306023410417652e+02 2.630063321814448045e+02 2.650566905150100183e+02
2.487780481974281201e+02 2.488353227260750771e+02 2.483672384273808404e+02 2.489465191859058280e+02
2.507918513608212550e+02 2.517399593882403224e+02 2.504268856714952562e+02 2.520121183101258850e+02
2.536633376197359553e+02 2.545065033027400716e+02 2.525386258822307184e+02 2.546624074564140585e+02
2.594753601576092592e+02 2.609171619696663811e+02 2.579473203758690261e+02 2.617309298325583882e+02
2.538145761734838857e+02 2.538348104326103396e+02 2.520486257791115179e+02 2.541003967532378169e+02
2.575854948966947973e+02 2.578702911302798952e+02 2.554916617236558807e+02 2.581248662996568441e+02
2.536558028057587819e+02 2.538405079904029265e+02 2.526471822417930753e+02 2.534895189096833406e+02
2.518096615863487671e+02 2.512667664072481273e+02 2.509535488199545057e+02 2.517010095692128004e+02
2.539372853339963001e+02 2.539404126830943937e+02 2.522433860177590645e+02 2.549748627818682110e+02
2.461705301793948593e+02 2.467897379294204256e+02 2.455021991731094886e+02 2.468670642289299906e+02
2.542167291350098708e+02 2.546936286840745254e+02 2.534027626664160664e+02 2.548392195575318055e+02
2.521510107775419556e+02 2.522601951577730688e+02 2.510358804034956108e+02 2.528800993671459025e+02
2.485490387526738232e+02 2.487559353131557032e+02 2.476582759994691401e+02 2.493253792878236936e+02
2.684603524752056387e+02 2.693195023698912109e+02 2.659717517196892231e+02 2.693762679401449986e+02
2.738383869477005987e+02 2.747284976689795712e+02 2.708035187902841017e+02 2.745941523751407090e+02
2.651901809440031457e+02 2.661117375499574678e+02 2.633646460021626581e+02 2.669019825518909101e+02
2.784011013605832545e+02 2.773927796990009256e+02 2.749066494619057153e+02 2.791528726395557101e+02
2.662536505567613290e+02 2.664197637458945565e+02 2.651973498174210704e+02 2.674001210564244957e+02
2.773592236572122829e+02 2.770244836529264489e+02 2.742968081609440105e+02 2.780093228422309721e+02
2.567157045120164298e+02 2.573528821729323113e+02 2.553664189798720372e+02 2.576720861379306484e+02
2.584625059220724665e+02 2.589467456550307247e+02 2.579344074023389908e+02 2.596075561870261481e+02
2.660566019805923474e+02 2.675396217738956466e+02 2.632549647709828378e+02 2.678404355705004036e+02
2.736638734665131096e+02 2.738358811620943243e+02 2.709933443177327490e+02 2.753910532888533567e+02
2.492778882136610719e+02 2.489963401413944837e+02 2.488226850291629546e+02 2.493974300662630128e+02
2.656210014359833167e+02 2.653631155693861388e+02 2.632382631056271407e+02 2.666971081604625624e+02
2.833022615522144747e+02 2.855965172734134399e+02 2.816785515522169021e+02 2.838433090434295423e+02
2.524804841933936643e+02 2.528519721879494284e+02 2.522347573591000298e+02 2.527068232623030610e+02
2.620098317903049860e+02 2.618184016329383894e+02 2.594298534487785446e+02 2.630862507799158720e+02
2.647356445375245926e+02 2.648698917060115718e+02 2.616625313827744321e+02 2.643316708559841004e+02
2.488553914398819131e+02 2.486596158223255486e+02 2.475553415286249503e+02 2.491910483694096854e+02
2.506518203588951792e+02 2.504938557850432801e+02 2.494030791543436294e+02 2.513410575642394065e+02
2.486603057903786862e+02 2.491872635069377679e+02 2.475383534415576889e+02 2.496657055702171135e+02
2.498086395382904357e+02 2.502101934541976789e+02 2.488829515942403248e+02 2.506722122099594117e+02
2.880276980913233729e+02 2.891803378734801413e+02 2.864373054515268109e+02 2.886793341995771129e+02
2.484833056662739068e+02 2.484003388811620994e+02 2.475706485059384931e+02 2.488575569537559602e+02
2.509478221963794908e+02 2.517927362619128360e+02 2.502600431761515267e+02 2.521253968198045357e+02
2.505266338717416943e+02 2.506898444636428565e+02 2.496078983298615697e+02 2.513197115345123223e+02
2.481536381123138142e+02 2.483460001174152865e+02 2.477191447481758928e+02 2.493301431574302569e+02
2.495313969973993267e+02 2.498351917966306814e+02 2.489884473603424340e+02 2.500386608908987682e+02
2.591681399266147992e+02 2.595662482952140522e+02 2.571946026398916842e+02 2.587565207526174618e+02
2.541348222688527017e+02 2.546197043053803384e+02 2.529710249537703532e+02 2.548874015119153285e+02
2.477730184770204858e+02 2.482764375435124578e+02 2.467613667241525945e+02 2.490818016828803820e+02
2.583583860668260286e+02 2.581473247138067109e+02 2.567283225469810191e+02 2.596040618160319582e+02
2.921744423742563299e+02 2.913111883384305543e+02 2.883108752635366159e+02 2.904171161294196395e+02
2.570837702288994819e+02 2.578599218181598189e+02 2.541886060001561418e+02 2.580708435072136808e+02
2.482691091150376508e+02 2.483887932638774316e+02 2.475268906423739850e+02 2.488364811948101760e+02
2.548780203726446416e+02 2.550817902538776707e+02 2.529317858116523325e+02 2.564438760400394131e+02
2.533783672408065684e+02 2.533226693761321258e+02 2.524160905373482535e+02 2.536679562468073641e+02
2.498305097195924986e+02 2.497166766259293240e+02 2.488440198313422229e+02 2.502878263338799627e+02
2.565932551051837436e+02 2.552066842735426064e+02 2.536494818850693207e+02 2.562905357051047872e+02
2.500741576892727380e+02 2.496609722896868107e+02 2.489921942633508536e+02 2.501025327870252397e+02
2.550617945833682825e+02 2.548244993969107099e+02 2.534352997127647029e+02 2.554310445351050873e+02
2.556833408992660281e+02 2.555657393034894938e+02 2.536266770335480203e+02 2.559656571304565489e+02
2.669060624012524272e+02 2.662255329536454838e+02 2.625977925528037531e+02 2.664764580819018533e+02
2.495492389061402605e+02 2.499432390885622510e+02 2.487546762391837376e+02 2.507890845282717862e+02
2.472972913922273790e+02 2.475205866071199239e+02 2.466267616164574008e+02 2.481243822753091592e+02
2.646757518390604105e+02 2.637964644980826279e+02 2.607352991837651075e+02 2.647489487597804327e+02
2.499761815162713958e+02 2.501555629750704099e+02 2.489681411581797192e+02 2.504040392980149932e+02
2.701055287578557795e+02 2.715075806013830970e+02 2.682472091907201275e+02 2.724342980331812782e+02
2.854471439008829634e+02 2.863251995296305381e+02 2.840628019934769100e+02 2.858758377291057968e+02
2.864210471138821958e+02 2.867571546240576481e+02 2.852928072599444818e+02 2.871268571794253717e+02
2.814274145304923422e+02 2.819713841573609443e+02 2.783590058652376342e+02 2.804615714919789298e+02
2.480080096370458875e+02 2.490417623716847118e+02 2.475817998547140917e+02 2.490868513041227743e+02
2.454369690426081831e+02 2.459436874521546486e+02 2.446874437750510936e+02 2.458148154018058165e+02
2.485738173185083895e+02 2.483190501528939933e+02 2.476424636761504701e+02 2.484298007506097861e+02
2.474575947279388686e+02 2.473833561596401864e+02 2.469079535213199108e+02 2.479195809219035880e+02
2.523954988961492063e+02 2.525476884321445254e+02 2.515487790639505761e+02 2.532421313832625458e+02
2.489569877921335603e+02 2.494056006781900692e+02 2.482286170235379927e+02 2.501634481389775146e+02
2.502179357867370015e+02 2.504848747437664542e+02 2.494846115457596909e+02 2.511388419625510267e+02
2.470819854112022540e+02 2.471213089863808818e+02 2.460619774262902126e+02 2.479396784983308066e+02
2.499851634446025912e+02 2.498905584249704077e+02 2.491261636720895751e+02 2.501619070807172704e+02
2.574896767711367715e+02 2.576239504771386351e+02 2.555436882327655894e+02 2.585112838281416998e+02
2.872644078488555124e+02 2.859499783564452287e+02 2.858510970082324434e+02 2.874126800042765808e+02
2.820662932242697707e+02 2.814498881831451627e+02 2.804878569749648705e+02 2.828696775619889650e+02
2.546273837365503141e+02 2.548431975217284844e+02 2.533019008541271830e+02 2.552661196015955909e+02
2.553068738631542658e+02 2.557589186365280796e+02 2.540828274676897252e+02 2.555898572137325289e+02
2.552544548808827756e+02 2.552950274300338833e+02 2.537886596049951891e+02 2.558130365789040468e+02
2.939503507114598619e+02 2.955149699081651988e+02 2.939480978898592980e+02 2.936963756844334057e+02
2.940015404808379458e+02 2.944560649418426124e+02 2.922718278953031472e+02 2.933191195761594372e+02
2.534334493748420698e+02 2.536480304962659318e+02 2.516786685218883122e+02 2.541260545427052477e+02
2.546322019818683486e+02 2.550557950760598942e+02 2.537103550879456293e+02 2.548924516013514960e+02
2.551819336760287342e+02 2.554179664950794120e+02 2.540423334817965042e+02 2.556495846720044369e+02
2.527461133401439497e+02 2.536800602972436423e+02 2.513790401638276535e+02 2.536774514896757751e+02
2.842439623094153376e+02 2.830300158840730660e+02 2.804363030921565496e+02 2.830113879702013833e+02
2.552257671852565863e+02 2.555054220822385389e+02 2.533863867902982463e+02 2.557503406027116739e+02
2.683112206427842352e+02 2.685690422155752231e+02 2.651527576439515883e+02 2.695518804155494195e+02
2.585643095491014947e+02 2.600908186114255614e+02 2.570894711425510764e+02 2.600390457264539350e+02
2.751142370342546428e+02 2.739862155619308055e+02 2.710137160727767878e+02 2.753942645407501573e+02
2.495735196536260219e+02 2.491850054531651324e+02 2.490256722301501213e+02 2.500933129606919181e+02
2.901197966067555853e+02 2.903490271458840084e+02 2.878057385591960724e+02 2.903231019053459363e+02
2.494706810766363958e+02 2.501023873880394888e+02 2.492754606131652508e+02 2.501125218796311174e+02
2.478503521679042194e+02 2.481539042430217421e+02 2.471206288106679949e+02 2.480051313984059220e+02
2.576418514422123280e+02 2.583874952525467847e+02 2.564286449101837775e+02 2.583977009902898772e+02
2.552988305526043860e+02 2.546106948506876790e+02 2.525075592633020847e+02 2.554040684892065656e+02
2.491761157169732144e+02 2.496330747159432519e+02 2.486771024853989047e+02 2.497241093380667110e+02
2.883268023888144853e+02 2.888303062572086333e+02 2.842517414779798628e+02 2.890094855098037101e+02
2.497083030736388878e+02 2.503919019711100304e+02 2.493506275628749336e+02 2.508204002135399833e+02
2.681821256192632177e+02 2.691646631974714410e+02 2.656891661560490547e+02 2.694176253949490842e+02
2.806761684694257610e+02 2.815642469867466389e+02 2.785070050232842505e+02 2.816355690974190225e+02
2.495772809242392043e+02 2.500589514999114158e+02 2.489111869862942399e+02 2.500058076704826533e+02
2.455052022389934336e+02 2.461354543448937875e+02 2.450660295843734673e+02 2.469087918353847328e+02
2.477721070400371843e+02 2.483181478351791327e+02 2.463698960767034123e+02 2.482433076572935988e+02
2.679927261195929873e+02 2.679918501456022000e+02 2.658994489858425823e+02 2.686479260869057839e+02
2.487512629808887255e+02 2.488970400198140283e+02 2.482027375948540566e+02 2.495715256376537070e+02
2.574584210216855809e+02 2.579188321970930815e+02 2.547307570865212654e+02 2.582359256452295995e+02
2.497806117415004792e+02 2.500762984113819698e+02 2.490235754899476319e+02 2.507272158319094899e+02
2.496412521423531530e+02 2.494164174586574916e+02 2.484091990184261078e+02 2.494504602811888390e+02
2.513305592175359777e+02 2.521329277234913206e+02 2.507743817968087114e+02 2.521325680582002065e+02
2.600083921676649652e+02 2.607211676587900229e+02 2.596149140872272483e+02 2.606651323931229172e+02
2.493555755335428046e+02 2.495737600618350029e+02 2.487295461978274318e+02 2.498432177018246705e+02
2.781165205409295709e+02 2.775675462238689875e+02 2.749954939109425709e+02 2.777716794414490664e+02
2.674359300185941493e+02 2.686346404870221818e+02 2.648752381391602739e+02 2.682348419150582686e+02
2.491224896654859151e+02 2.493252371508996532e+02 2.479619840546637590e+02 2.492143064853429166e+02
2.535462626799395309e+02 2.538070945753037790e+02 2.525627504238517531e+02 2.543025584123737985e+02
2.510035741742063067e+02 2.504743229036996581e+02 2.489378468461752618e+02 2.515966484106907615e+02
2.523440930358552805e+02 2.526552451467138667e+02 2.510227023993531361e+02 2.536268234725743866e+02
2.503146161454734795e+02 2.508695175653771798e+02 2.499270258200936610e+02 2.508460316358331283e+02
2.798226351573866282e+02 2.804052411606708120e+02 2.779402845103641653e+02 2.790947970875669171e+02
2.746182544492254465e+02 2.754878797837272373e+02 2.723207015099343380e+02 2.748528017556620853e+02
2.534429039548473668e+02 2.542319199304170922e+02 2.526523139197840919e+02 2.546097340355705683e+02
2.494800549507232006e+02 2.501929360874343615e+02 2.494421383885350849e+02 2.504358296867719105e+02
2.521696576133956285e+02 2.520701247678326240e+02 2.502046485918104395e+02 2.531440966437301938e+02
2.685660281049891296e+02 2.695834244899150463e+02 2.658661040353873091e+02 2.685909688142896243e+02
2.508855734899327956e+02 2.513150647508886379e+02 2.503307898470622490e+02 2.517246472910498198e+02
2.583290972492441142e+02 2.585981501685818102e+02 2.567970806276106828e+02 2.592711382693686915e+02
2.503002734325134497e+02 2.507891058247347473e+02 2.489322673479454409e+02 2.516389580124773886e+02
2.435664470997382125e+02 2.436854136223475109e+02 2.427350727132123609e+02 2.441071903336533921e+02
2.466604183052342307e+02 2.466253472091150627e+02 2.454646467397726610e+02 2.467950386358283481e+02
2.480026160015917185e+02 2.485410676483275267e+02 2.471549146063146338e+02 2.483557156176915157e+02
2.501238048120400776e+02 2.503244757053089700e+02 2.496276339777720068e+02 2.504477828875150180e+02
2.538776641455826848e+02 2.542709697786676202e+02 2.525277509664257423e+02 2.542899572948389846e+02
2.467418197313517680e+02 2.477818002879089647e+02 2.460775096579446881e+02 2.480163568620535273e+02
2.566366798192707392e+02 2.569744124873909072e+02 2.544954592087306935e+02 2.576936923573196623e+02
2.474919703496521493e+02 2.479395096141845727e+02 2.471584178050625269e+02 2.482837757448643572e+02
2.721751657551236008e+02 2.731770232586758880e+02 2.701476234401941383e+02 2.733412474799035863e+02
2.514490518682738411e+02 2.517795480576263571e+02 2.501568357746074582e+02 2.521517061430016042e+02
2.541378375322447880e+02 2.550570951803485684e+02 2.536541106794722680e+02 2.549199954681500060e+02
2.537198881035539557e+02 2.542813528108742105e+02 2.527074181603941838e+02 2.545346462251111177e+02
2.510475199492026661e+02 2.513705604834450753e+02 2.503157100670358091e+02 2.516840725916937345e+02
2.554755620107904974e+02 2.560306266759463938e+02 2.538579159243701326e+02 2.562425163865367495e+02
2.453539954221101027e+02 2.450330460734901692e+02 2.442420859433671296e+02 2.460790883531003317e+02
2.524995251459260714e+02 2.535396350633394320e+02 2.516269681085665013e+02 2.535129632938156590e+02
2.851346915129364561e+02 2.847228707651660216e+02 2.820051007090402209e+02 2.847526167543725819e+02
2.562041928977585599e+02 2.569384169606593105e+02 2.552012326507436910e+02 2.578988469942388519e+02
2.469082146371459885e+02 2.470712777824806778e+02 2.464805914343360485e+02 2.475375272872401240e+02
2.881913563591902516e+02 2.892755456156734226e+02 2.829947331500370638e+02 2.871657188643093264e+02
2.544242032203145811e+02 2.538170556253973871e+02 2.530672820673767376e+02 2.548192847429667154e+02
2.494996023156793683e+02 2.496958611999926347e+02 2.485909592304520856e+02 2.501201989741991838e+02
2.497748014085932482e+02 2.504937453364790088e+02 2.493961200690800126e+02 2.505087801189584127e+02
2.782198509688118406e+02 2.806613891634555671e+02 2.769799653203683647e+02 2.800189752437612469e+02
2.519477393490414840e+02 2.519448404276324425e+02 2.506301919656725374e+02 2.522787702711400470e+02
2.561278765481403639e+02 2.566407876717195791e+02 2.553509620552416379e+02 2.563058476867665831e+02
2.486457971815001997e+02 2.486015081470416419e+02 2.479014340746771268e+02 2.488454656543354417e+02
2.926103764396765996e+02 2.922631793107342446e+02 2.923811329291984862e+02 2.921986004329030493e+02
2.534095049585671120e+02 2.533336773524609384e+02 2.516923738213951367e+02 2.542685278312640946e+02
2.437966093229675550e+02 2.438760945644922060e+02 2.428565516212680109e+02 2.440390683433951722e+02
2.537602267859312235e+02 2.539064723598648072e+02 2.525228246154546810e+02 2.549541436370043641e+02
2.518952500005374873e+02 2.521423563414286093e+02 2.511778626102284591e+02 2.522089425677204986e+02
2.563515443843328967e+02 2.566409557123920990e+02 2.540024050043247996e+02 2.574358432349964119e+02
2.879907972066400816e+02 2.895013774816073351e+02 2.863745294449248036e+02 2.891560335291682122e+02
2.777928999734414788e+02 2.791918023923938108e+02 2.756967225962737302e+02 2.776201108105328785e+02
2.683907874757877607e+02 2.674583615377828210e+02 2.647885688910753288e+02 2.680665621842852602e+02
2.659620430056606892e+02 2.656383981092735098e+02 2.635895873823468492e+02 2.659089056536072917e+02
2.676420271063260543e+02 2.679730745975115838e+02 2.651910030914675076e+02 2.687130494874160149e+02
2.813693351468930359e+02 2.816400551302517670e+02 2.784923173409054016e+02 2.816722228582490857e+02
2.527546019185672321e+02 2.527991461807329188e+02 2.516706858742160762e+02 2.529207370327873718e+02
2.716620686308412473e+02 2.721549551777688976e+02 2.689569745638011682e+02 2.729258896799023546e+02
2.550363025416723701e+02 2.553154846628868313e+02 2.536515270660665635e+02 2.557931874573710047e+02
2.484829776985503429e+02 2.488431688693273429e+02 2.477631857172864613e+02 2.492047716287580954e+02
2.699343994204192541e+02 2.712438449916530772e+02 2.676431742709390278e+02 2.717226120288456173e+02
2.513152521894294296e+02 2.513891405365411913e+02 2.509245844099106080e+02 2.513850952435900865e+02
2.484325911653849630e+02 2.484835951121665119e+02 2.477910590013908916e+02 2.489054347575788029e+02
2.513653039323662597e+02 2.513299407203307112e+02 2.505862797996953475e+02 2.517099022346124571e+02
2.484810849138300739e+02 2.482971219787897041e+02 2.469972345495124273e+02 2.491427180765743117e+02
2.521656092612669511e+02 2.520572176445984098e+02 2.515489199792929185e+02 2.521823040788633818e+02
2.518651239583203107e+02 2.523061746102862060e+02 2.512133342492062695e+02 2.529452221124433038e+02
2.817005762801708215e+02 2.818556804011367944e+02 2.797917980977279058e+02 2.825641989661720572e+02
2.528126457283037496e+02 2.532323325024750034e+02 2.518392984967248083e+02 2.537792617201577343e+02
2.486483999144321899e+02 2.483777446504322199e+02 2.481964001794960950e+02 2.491783822324671291e+02
2.636134581532647871e+02 2.641186232600764470e+02 2.610102037476266332e+02 2.635980654475678193e+02
2.575694980798199367e+02 2.588725190712945050e+02 2.553941663866253009e+02 2.595967997894072141e+02
2.749280514202312702e+02 2.770840384646967891e+02 2.719675890177586552e+02 2.757512065366346405e+02
2.481155164790580159e+02 2.482522612831298545e+02 2.474534233079009198e+02 2.485031145248884457e+02
2.467724283512963552e+02 2.469648579559071777e+02 2.462602906639378091e+02 2.475281967645426846e+02
2.535287786349544490e+02 2.532592814706932529e+02 2.518599381824380998e+02 2.541059432535163296e+02
2.484733702427153048e+02 2.491085544155940568e+02 2.480421215532405199e+02 2.486911827302366191e+02
2.503163548480076770e+02 2.506990546456442814e+02 2.494002583268403157e+02 2.506924990720995368e+02
2.731148724139964088e+02 2.735725598456525063e+02 2.698686087708651939e+02 2.734094223741998348e+02
2.484827763049022167e+02 2.493914693279494657e+02 2.481317972426137430e+02 2.492891245930800892e+02
2.907880702144991574e+02 2.908049682798898061e+02 2.874039614826375555e+02 2.905416965106597331e+02
2.572836883563490460e+02 2.582187426748840267e+02 2.558379037871291928e+02 2.583899733848051596e+02
2.628096314348930491e+02 2.630953190606850853e+02 2.610863205470608364e+02 2.636974217768826065e+02
2.609096674231301449e+02 2.608712248546128762e+02 2.584460896928433158e+02 2.613810058484378942e+02
2.480931906776641540e+02 2.485447727477445596e+02 2.475083682366213225e+02 2.485885772468700736e+02
2.519532264642515997e+02 2.523573049329252171e+02 2.516619530853010076e+02 2.524574866084552980e+02
2.733860596302008616e+02 2.737103525389443348e+02 2.700857863786095550e+02 2.726506968030125790e+02
2.549477050203533111e+02 2.555661378376912864e+02 2.541944636840524652e+02 2.556898264791615816e+02
2.483899177740676976e+02 2.489246071953784281e+02 2.473434972447249720e+02 2.491849416993437103e+02
2.534368851930013591e+02 2.543575478151577443e+02 2.526990773997774795e+02 2.542109098404577026e+02
2.622391246025848091e+02 2.613668232377566483e+02 2.583225238929392731e+02 2.628327729059327567e+02
2.498857799272324485e+02 2.504422846111260128e+02 2.496950718607263582e+02 2.508265311484512381e+02
2.499709049075347878e+02 2.498952260598381372e+02 2.490918059208569844e+02 2.505218988632562969e+02
2.544560133231584018e+02 2.546943883119861596e+02 2.533205460397757349e+02 2.553796996198420572e+02
2.562289001520136935e+02 2.571049251471926027e+02 2.545375022642414820e+02 2.575015653739149002e+02
2.518699746769179626e+02 2.519641486449964987e+02 2.503957246615441363e+02 2.525037730344187423e+02
2.869705375468008128e+02 2.868244575720365219e+02 2.845372340971222798e+02 2.860041060494186809e+02
2.541170757118241568e+02 2.541804293475008762e+02 2.527372829326718602e+02 2.543605824992317537e+02
2.516362098392695259e+02 2.516265024879245402e+02 2.501622804926186632e+02 2.519926011122741443e+02
2.482311051075546118e+02 2.481497318028752375e+02 2.470651830686943811e+02 2.479655688620865988e+02
2.520516184110198594e+02 2.518239644867510663e+02 2.503426805110567557e+02 2.524156132917333935e+02
2.960759760970888692e+02 2.949940880889165555e+02 2.943177109683690560e+02 2.948395208313497733e+02
2.586044226219555071e+02 2.588082564260544132e+02 2.569105919981966508e+02 2.589944258335274867e+02
2.502840171711757762e+02 2.504599981255600483e+02 2.494785592028948145e+02 2.502236310594188353e+02
2.561609477551237433e+02 2.572581512902560803e+02 2.548763640248785123e+02 2.573370876488601198e+02
2.568553363005876804e+02 2.571965048593195320e+02 2.550962963072558978e+02 2.570102172711559092e+02
2.610320319633815416e+02 2.619811771282889481e+02 2.590040403003389429e+02 2.619185054102931645e+02
2.538940351928499126e+02 2.539610719700381765e+02 2.524819402321798236e+02 2.544473997782768606e+02
2.496269003206207628e+02 2.497271097870593621e+02 2.486584433241264094e+02 2.499630466207717348e+02
2.492078353626060618e+02 2.496464305278471159e+02 2.485556753133410837e+02 2.495347797995240740e+02
2.551469432465573846e+02 2.555239447354969684e+02 2.534754136148327461e+02 2.557099239445471426e+02
2.854479756956754954e+02 2.859336434459787597e+02 2.820177263548009137e+02 2.857828775384400615e+02
2.552153091293333773e+02 2.559206168261183052e+02 2.534144886784220887e+02 2.557773911605825106e+02
2.535161120548168014e+02 2.534814716023184644e+02 2.523449332667904059e+02 2.543065867695338511e+02
2.501279898982276961e+02 2.501879301433892806e+02 2.498501990906783021e+02 2.508692291722629761e+02
2.608983766594848248e+02 2.605352082899304378e+02 2.578884808920780642e+02 2.616179697794415233e+02
2.826166270345352132e+02 2.819212802835052116e+02 2.788660552217815507e+02 2.834561268210841263e+02
2.523315083891906454e+02 2.524749449181908290e+02 2.506389602756076158e+02 2.527493151582120277e+02
2.447647736619186389e+02 2.449328668076141753e+02 2.436771906854713450e+02 2.456959363547691737e+02
2.794165534044137758e+02 2.787898229180436260e+02 2.760588400130792479e+02 2.794458041702307582e+02
2.477811985331465792e+02 2.478919285224881435e+02 2.470354464361562634e+02 2.482467414929070912e+02
2.627635176445739376e+02 2.626951269061250400e+02 2.602902749004963994e+02 2.635370549936895941e+02
2.567294942313590695e+02 2.570340368302115053e+02 2.546055486699034418e+02 2.578123153753725205e+02
2.537509840061774469e+02 2.533768991149061094e+02 2.523757118569731404e+02 2.540509793824970473e+02
2.476830629792027310e+02 2.473074800181163369e+02 2.463647921179921809e+02 2.481250673628472612e+02
2.798211823873573394e+02 2.808554031542537359e+02 2.768759145376806146e+02 2.804626719148203051e+02
2.492605645256825255e+02 2.489049100199815143e+02 2.472690228156034777e+02 2.494098045592208166e+02
2.532133452363788990e+02 2.536200933331001863e+02 2.515184978963370668e+02 2.533343127108348654e+02
2.566819195215311993e+02 2.571507666741306934e+02 2.549940025798779004e+02 2.577366288200970530e+02
2.488425241950818076e+02 2.492054046992503231e+02 2.483095658102039351e+02 2.492935097349000557e+02
2.504646873500761615e+02 2.511890958655523320e+02 2.496136008709044063e+02 2.512406528233881318e+02
2.506007753591438529e+02 2.507882610209453844e+02 2.502834638298040204e+02 2.505462702354525391e+02
2.453583959000898744e+02 2.460652763242009939e+02 2.448598924235957952e+02 2.461350767404074418e+02
2.507441349237626866e+02 2.507651624051765111e+02 2.503889545182789504e+02 2.515522607879027817e+02
2.689101840442369848e+02 2.697241141460565359e+02 2.662440526817339901e+02 2.693004279079000298e+02
2.523544746012600797e+02 2.528071028430021840e+02 2.512627760353831832e+02 2.531653341178189009e+02
2.481472589054083642e+02 2.483261583135146964e+02 2.467826217639306776e+02 2.482322099331014726e+02
2.767759059498501415e+02 2.787257675477422936e+02 2.748242150382716318e+02 2.768954291081286101e+02
2.558952450085980104e+02 2.562583036593731549e+02 2.539713267417327813e+02 2.565420172803500805e+02
2.643614286028666811e+02 2.654453088024649219e+02 2.622587229724067015e+02 2.652986482080677320e+02
2.497460093962458529e+02 2.509196416164795949e+02 2.492944698797513468e+02 2.507562122222123833e+02
2.637031858402465332e+02 2.644138351941620613e+02 2.605613235863143018e+02 2.647236576918216429e+02
2.560349134642649460e+02 2.558697678013393215e+02 2.543480592724428391e+02 2.562198366433880210e+02
2.686233155556846555e+02 2.700499166384040564e+02 2.671285519800706538e+02 2.697169461573288345e+02
2.753489388320701323e+02 2.761449551018969260e+02 2.724517559809895033e+02 2.743145814112027665e+02
2.511692621050455614e+02 2.511308684668552189e+02 2.513209069715154271e+02 2.514808135476676796e+02
2.587185215575455572e+02 2.587691368197123438e+02 2.574235550865643631e+02 2.591531673396607403e+02
2.624993407359006028e+02 2.631654039511446967e+02 2.602183886384241305e+02 2.625069959758151299e+02
2.485585194694257609e+02 2.483593575179253605e+02 2.478928184618312116e+02 2.486122028575809395e+02
2.942791893245622532e+02 2.940642477019018770e+02 2.909412429173671626e+02 2.931004286370341561e+02
2.484685160041526615e+02 2.483631417767704193e+02 2.471391001312123024e+02 2.485991118654794150e+02
2.515600983458143105e+02 2.511980047889036314e+02 2.501970741178179480e+02 2.518796237016477164e+02
2.557466123203742256e+02 2.565594423240601145e+02 2.546456711254992058e+02 2.567180010145758615e+02
2.478880095891947519e+02 2.486648398369322024e+02 2.475158573598452278e+02 2.486278471158706509e+02
2.498040825145331496e+02 2.496090332071954094e+02 2.489930762150964085e+02 2.507670373419434782e+02
2.485495723303619116e+02 2.488243248253263857e+02 2.474901357401327573e+02 2.490152954732544686e+02
2.655230148340690448e+02 2.654089475501406241e+02 2.643311464582166650e+02 2.666844069008521387e+02
2.606329534886296528e+02 2.614949215202879600e+02 2.594588136772287044e+02 2.621162168900476672e+02
2.588625179109611167e+02 2.589865827989402760e+02 2.563163259563339125e+02 2.597525122464429046e+02
2.928552806148937293e+02 2.928985005410229405e+02 2.905805522511652157e+02 2.932014064338702610e+02
2.513476171286200724e+02 2.512388280269246366e+02 2.504655845744422038e+02 2.513539050585923178e+02
2.632928702833680177e+02 2.646545723250411015e+02 2.612943311078533952e+02 2.641686549225244107e+02
2.491688941873208591e+02 2.490033984485697829e+02 2.482885246249566364e+02 2.493961497477098419e+02
2.500375622913338702e+02 2.500159839974642182e+02 2.495894753301653566e+02 2.507237353186467885e+02
2.505058204656619125e+02 2.507764238482065196e+02 2.501323692672421544e+02 2.513822300983025002e+02
2.498511752011577869e+02 2.496541587748523625e+02 2.490269509698324271e+02 2.501193860574517487e+02
2.485246960523158180e+02 2.487406671794447561e+02 2.476452736907815506e+02 2.495099594839188626e+02
2.480425854588610548e+02 2.481893816154519641e+02 2.473700249730081566e+02 2.487064063974232795e+02
2.559807572597839851e+02 2.560084967265675573e+02 2.542739057898468786e+02 2.574397055422350036e+02
2.670688474021125671e+02 2.665956608229115545e+02 2.640905093819516196e+02 2.679486801465928352e+02
2.490747681436002097e+02 2.498930797804402744e+02 2.484480021309504139e+02 2.500838799159067776e+02
2.477086840637029752e+02 2.479353971204080835e+02 2.465295976750532532e+02 2.481151987306656679e+02
2.862723648811963244e+02 2.874012621934988374e+02 2.833045645330821003e+02 2.865582518910548515e+02
2.498609904315565302e+02 2.504421181803723471e+02 2.488636128676023986e+02 2.504084880945692078e+02
2.635173320679178346e+02 2.632362299378422108e+02 2.612830220838334299e+02 2.633056238350764602e+02
2.702091148148251136e+02 2.706894593349128399e+02 2.669037869330249464e+02 2.709026535087408547e+02
2.603454811995815703e+02 2.607865823795198139e+02 2.584724952148563375e+02 2.608078286070945637e+02
2.547508120634522015e+02 2.546334788479119027e+02 2.533388478613674408e+02 2.549427667330453176e+02
2.554794733210794107e+02 2.561918045295304864e+02 2.536839611431711887e+02 2.565190227278282009e+02
2.655815896287409714e+02 2.664561291343497942e+02 2.631655784401476694e+02 2.664053623481428872e+02
2.608839967642659872e+02 2.606173304327497817e+02 2.589924315174990284e+02 2.617641522221026094e+02
2.486442699776578422e+02 2.487983464999076375e+02 2.478969842598069988e+02 2.498151710856293448e+02
2.964229478235462238e+02 2.983120953908639308e+02 2.965694098196375990e+02 2.970932469544326295e+02
2.601255491048387967e+02 2.617783426346862257e+02 2.587404475332105562e+02 2.620458534085832980e+02
2.577233080127692801e+02 2.583952418576532182e+02 2.569666937353765661e+02 2.582995066174564727e+02
2.692960783560253049e+02 2.710443635737310615e+02 2.674806143182834148e+02 2.697293725253848038e+02
2.503533359580584943e+02 2.507941655788106345e+02 2.494704625317819193e+02 2.507414527143957628e+02
2.547707942904623621e+02 2.546980522888515850e+02 2.537506326274922799e+02 2.550621945711244791e+02
2.506897790859704855e+02 2.506993032394609884e+02 2.494905555984533407e+02 2.509707515527028932e+02
2.563644095535021847e+02 2.569302633465175631e+02 2.556119640043919787e+02 2.570741462472428225e+02
2.580802133388257857e+02 2.579879639078481546e+02 2.555515503231042373e+02 2.585167673186534216e+02
2.558734385778737703e+02 2.569982251338372521e+02 2.547685102313610628e+02 2.569478778514113628e+02
2.504898723297899039e+02 2.509374156241762535e+02 2.489824833402712727e+02 2.517623783201949834e+02
2.514360461156358326e+02 2.512744004605454506e+02 2.502738498935992197e+02 2.516307492065645590e+02
2.507787272115832025e+02 2.509908944061949398e+02 2.494136844084821405e+02 2.509080530593728611e+02
2.526157846742979700e+02 2.528687491858767089e+02 2.522447810989729362e+02 2.533986264486550795e+02
2.474706686799274280e+02 2.472996178954642517e+02 2.468216455931282098e+02 2.479371576486303184e+02
2.515918644871472907e+02 2.514139374664595437e+02 2.509444226821255768e+02 2.524510575918711766e+02
2.518211289868658866e+02 2.518607531542251365e+02 2.514845546523472706e+02 2.521613723613762090e+02
2.899279363240526664e+02 2.912745465429729279e+02 2.885381644980521401e+02 2.915692520645692980e+02
2.760208956174936930e+02 2.772104137962696200e+02 2.728274522350019424e+02 2.765305306240309733e+02
2.458220597135748733e+02 2.465141173865524991e+02 2.449453763586238608e+02 2.467006781827749649e+02
2.469315334780858961e+02 2.469199066952288604e+02 2.465672319421777843e+02 2.476435188449833333e+02
2.471544257253815715e+02 2.472811168168171321e+02 2.465190240981710019e+02 2.472316896159602493e+02
2.464612812140563847e+02 2.463066806526678931e+02 2.453741484352588316e+02 2.469033679102313670e+02
2.544083148786965296e+02 2.557247156897269065e+02 2.537561582642438225e+02 2.557392022356194445e+02
2.515634375006465007e+02 2.523639438809487388e+02 2.498190047410921864e+02 2.518895924903122534e+02
2.738529698159779286e+02 2.744254530129982186e+02 2.722579458205582910e+02 2.740132551085930572e+02
2.748274524019287242e+02 2.759346922142021867e+02 2.729689844001555343e+02 2.756754857873552282e+02
2.498328686690242648e+02 2.499473533792922240e+02 2.496187418082433851e+02 2.503524665096476554e+02
2.628611187511113485e+02 2.626601626133515879e+02 2.602846903247142905e+02 2.630636238112119258e+02
2.464511137995783656e+02 2.471150135406925017e+02 2.461505572803095276e+02 2.473648079871721563e+02
2.485123495725154612e+02 2.489166692403792069e+02 2.478185513963321966e+02 2.488663431478797463e+02
2.818067630409561843e+02 2.826796397422262999e+02 2.791813633648796440e+02 2.823676958375376103e+02
2.512584520097774146e+02 2.512160492042865769e+02 2.502633424127787691e+02 2.517134775406137237e+02
2.511128207515644704e+02 2.508558132033337529e+02 2.506385503276760573e+02 2.514089713110851108e+02
2.493357140323438728e+02 2.497713299145042924e+02 2.482093165958698364e+02 2.497818295860306534e+02
2.585773568362541255e+02 2.584360334687136742e+02 2.562343135401099516e+02 2.593257701584409460e+02
2.475013450165797053e+02 2.471990251975492185e+02 2.460861023214039278e+02 2.483994116421581850e+02
2.496141887075218619e+02 2.497637031000864454e+02 2.491457796894943044e+02 2.499735185071610317e+02
2.568658267586926058e+02 2.579317053741640393e+02 2.551949425843438632e+02 2.583714774825111249e+02
2.505735669767792331e+02 2.507569052924895914e+02 2.498266024937072132e+02 2.509352338522941182e+02
2.468172109033778838e+02 2.471752935868948100e+02 2.459901923190845991e+02 2.474652305706576669e+02
2.542990085814881525e+02 2.542913626924703863e+02 2.526655681871918659e+02 2.548486896084094155e+02
2.477030005189326971e+02 2.476228847062920977e+02 2.469778077793057207e+02 2.484447883338461907e+02
2.480993986265292222e+02 2.489791325831254483e+02 2.473959622557063085e+02 2.491996270495092745e+02
2.502707938158178251e+02 2.499990946972519623e+02 2.494947042039449059e+02 2.503866187821872131e+02
2.862289210031389644e+02 2.869668978114636388e+02 2.835101858435440363e+02 2.863947573617832063e+02
2.596563910073347188e+02 2.599683320914280671e+02 2.576670127808754387e+02 2.610091218276477889e+02
2.485608637104042771e+02 2.487839315396879556e+02 2.479860327855667492e+02 2.494792307495364412e+02
2.693331136776628796e+02 2.698568976557019710e+02 2.676922461126993085e+02 2.699302140514398616e+02
2.505434798657359181e+02 2.502722114265782807e+02 2.497234738389960000e+02 2.509843923866218063e+02
2.573610300563690316e+02 2.573074172595044047e+02 2.557600667841872735e+02 2.578607570061557226e+02
2.496331856358442565e+02 2.499090418909755726e+02 2.493153429976698305e+02 2.499330500258826930e+02
2.732278259107644658e+02 2.727590758059175755e+02 2.690373223586570930e+02 2.738431633568590087e+02
2.670466621689611770e+02 2.679343205539599921e+02 2.640972692858508140e+02 2.688252498922178688e+02
2.501706484555373322e+02 2.504151857270607593e+02 2.492284704951221386e+02 2.508650772144391681e+02
2.498453774689285751e+02 2.501121241311780352e+02 2.493732078824409371e+02 2.508995936267489242e+02
2.486299700448369094e+02 2.490019941064500983e+02 2.482551281463744317e+02 2.492690018760915223e+02
2.559198709133579825e+02 2.556336358057650955e+02 2.530582943808690288e+02 2.562214875042188282e+02
2.537943293374902112e+02 2.537329633702183855e+02 2.525948492958850693e+02 2.548053382388030741e+02
2.522244872691916555e+02 2.524546346749456234e+02 2.519299699492158879e+02 2.524549173844817176e+02
2.585562597250393537e+02 2.584174704968082210e+02 2.570870120506935450e+02 2.590221910790810398e+02
2.821568366987709169e+02 2.826236767793079139e+02 2.801359885848387989e+02 2.831628964763497720e+02
2.652703647800626072e+02 2.659663106695654733e+02 2.629682314754163599e+02 2.663221926506919885e+02
2.704439476575198569e+02 2.708932258973371745e+02 2.679639465020680973e+02 2.712959872565465957e+02
2.650600595287115198e+02 2.654920184265997705e+02 2.636339094364780067e+02 2.661687317021738863e+02
2.899752616745324758e+02 2.882804242126424015e+02 2.881453763857192598e+02 2.880763238261808965e+02
2.489052095565360503e+02 2.491567909827631411e+02 2.481337362033345642e+02 2.492373781191408568e+02
2.548328432239484016e+02 2.553634231339024439e+02 2.528524791472021036e+02 2.551858043725950438e+02
2.485369074222852532e+02 2.489258823779829299e+02 2.478516512646587273e+02 2.490449778010593604e+02
2.669437015652481477e+02 2.681578277437016027e+02 2.626701323576947402e+02 2.670015326456642697e+02
2.500226709939403236e+02 2.507769297242465996e+02 2.486957184229054008e+02 2.506123494907549514e+02
2.545891735672869345e+02 2.551159036440973011e+02 2.538684894140258734e+02 2.550690801102479099e+02
2.588678541622427929e+02 2.588319927042467157e+02 2.571177706590662524e+02 2.599226683043142998e+02
2.645511876444568884e+02 2.638266299647110031e+02 2.616563565692945872e+02 2.654122834306888308e+02
2.506374485649093913e+02 2.502762181875938268e+02 2.500498274811319845e+02 2.506949939046044449e+02
2.672633564459439981e+02 2.667904466634786331e+02 2.649842107014314934e+02 2.669964891895659207e+02
2.878414377036472160e+02 2.875848051457611518e+02 2.869504892582446018e+02 2.887829691799968828e+02
2.692932092025551469e+02 2.699824726698635686e+02 2.673888836038133832e+02 2.702893942755502508e+02
2.595797375624850361e+02 2.602989302143330406e+02 2.575659839640430278e+02 2.614608740954860764e+02
2.823335341637918532e+02 2.833381809466150685e+02 2.801577805708899973e+02 2.849338152445650394e+02
2.686122353143309738e+02 2.680660014265877749e+02 2.662232483370724481e+02 2.677530910808441718e+02
2.452238928555552491e+02 2.452922491923155519e+02 2.444072920152196957e+02 2.459642715633718240e+02
2.494281163145313656e+02 2.496926301265847883e+02 2.488905732368568806e+02 2.501385928820974129e+02
2.589386943205952321e+02 2.595039231540068272e+02 2.575076229719327898e+02 2.599832416756735256e+02
2.528646879320143057e+02 2.531645156956014091e+02 2.523345335535600213e+02 2.538784898971121322e+02
2.544415039670006706e+02 2.551256458935199021e+02 2.526840093041452064e+02 2.556889826124364333e+02
2.574533828511318916e+02 2.574517869833280201e+02 2.556295127733611707e+02 2.584666928473471899e+02
2.521560695292896526e+02 2.524606115450319237e+02 2.513588743941159294e+02 2.527034380515208056e+02
2.558555028413141770e+02 2.564117611865190156e+02 2.548268918864238799e+02 2.570358303248991092e+02
2.493158736314169346e+02 2.495601659777219368e+02 2.482741064262825148e+02 2.495921314550588193e+02
2.511358560180247821e+02 2.509734419662954963e+02 2.504076153277152059e+02 2.513955271403764868e+02
2.499954256182010965e+02 2.502819766006435600e+02 2.496582345512510130e+02 2.503318331165734492e+02
2.514752669503185700e+02 2.512542408205034405e+02 2.495291818023903545e+02 2.516370173176323988e+02
2.464915294697868262e+02 2.470162517088653829e+02 2.461603678940118982e+02 2.475408954928630578e+02
2.624757048421012655e+02 2.621959027890891889e+02 2.601084084925502111e+02 2.633481803934657250e+02
2.837529074678160441e+02 2.829798607588667778e+02 2.802427012612806720e+02 2.836291032396860601e+02
2.635966175895840138e+02 2.631148179555197544e+02 2.609851730084735664e+02 2.647701262991875524e+02
2.451389802733865508e+02 2.452151974384894118e+02 2.442684429143172906e+02 2.458789453005400389e+02
2.692979880954614487e+02 2.706819565834172181e+02 2.665019227157691830e+02 2.709560043646383178e+02
2.581059689015064578e+02 2.584676643600816419e+02 2.562527934463905126e+02 2.588556508220337946e+02
2.625245409726025514e+02 2.631283219872568111e+02 2.616110800024659397e+02 2.635062731220775163e+02
2.517061372571290860e+02 2.512661025394888554e+02 2.493885052955134256e+02 2.517601176257897748e+02
2.586254668754881436e+02 2.596182766452956798e+02 2.566867536594784269e+02 2.596967425249739563e+02
2.514572763621885656e+02 2.519636996915088787e+02 2.507368224196541462e+02 2.517292128328545573e+02
2.496895496149226403e+02 2.504040040616945646e+02 2.496088318273150719e+02 2.504760202423167641e+02
2.529201679098214868e+02 2.532521903624227946e+02 2.518754653719671524e+02 2.538054919634073485e+02
2.597995390253528853e+02 2.598202999188495710e+02 2.578809657070935941e+02 2.608083767994241953e+02
2.489784297379779616e+02 2.487178447187067150e+02 2.480761281107166667e+02 2.498720240026512727e+02
2.554632548179451703e+02 2.558543716632130725e+02 2.525096926866223157e+02 2.557780118041104913e+02
2.652437977440637837e+02 2.649458293104549398e+02 2.627605942195086755e+02 2.658157874026733225e+02
2.492401486395168035e+02 2.497958496353806481e+02 2.483851560036035266e+02 2.494323619347667034e+02
2.544630134210834171e+02 2.546590765713582698e+02 2.525787725804195247e+02 2.553401443103797988e+02
2.554821216391686107e+02 2.550250157175811410e+02 2.537944289270010358e+02 2.559214289861426153e+02
2.509619745480343909e+02 2.510932269245652151e+02 2.500791924273884490e+02 2.512499423076079665e+02
2.475325450918883234e+02 2.477458840232680757e+02 2.471644837389017937e+02 2.481416483976185248e+02
2.493159108863756614e+02 2.497775502736899114e+02 2.483636686999313383e+02 2.503694896873331572e+02
2.585069470112553631e+02 2.585944262656439605e+02 2.567922382726864612e+02 2.591064071777068989e+02
2.909013327438210013e+02 2.899611357108347534e+02 2.888968058117097826e+02 2.898214763040504636e+02
2.458887694309522658e+02 2.465383458748664225e+02 2.450890833244955331e+02 2.469192991194552462e+02
2.626532881932212149e+02 2.625137374036778510e+02 2.602362266066872962e+02 2.631811720083309183e+02
2.716610223525274250e+02 2.709326015871448590e+02 2.687969076106634247e+02 2.719466433268142396e+02
2.908551999920339313e+02 2.907637901312217537e+02 2.874221787574453515e+02 2.902330315130076315e+02
2.529756545589723657e+02 2.531563236927708260e+02 2.515496316499614409e+02 2.530952300076908443e+02
2.520259948351815638e+02 2.521727478906245494e+02 2.513402904408940515e+02 2.522767792500192456e+02
2.493619908754670860e+02 2.491522386976132850e+02 2.486920226005918266e+02 2.496396766013712920e+02
2.511460495005548239e+02 2.512631166351661136e+02 2.500711303157232805e+02 2.521370307347505673e+02
2.852173946235647009e+02 2.847268477128114341e+02 2.823346764722006128e+02 2.840707199383304555e+02
2.641117913389589944e+02 2.646816273991551611e+02 2.613803509615812573e+02 2.649167885330407444e+02
2.506770479044236879e+02 2.508967054125119489e+02 2.496899210344366793e+02 2.516534784993138771e+02
2.615978574625296460e+02 2.622994829103060397e+02 2.598137207817256922e+02 2.628056364842770449e+02
2.600742574791520383e+02 2.587132666608711133e+02 2.571294227345420609e+02 2.596760178623174511e+02
2.683803839519250687e+02 2.687921344272318720e+02 2.655076193077457560e+02 2.697553838770323296e+02
2.702058587180781615e+02 2.704100567929726253e+02 2.675306507528636075e+02 2.705313541591779654e+02
2.702611712168040867e+02 2.718601193243885632e+02 2.685541657739625521e+02 2.710367137397412876e+02
2.540977157889790021e+02 2.542429619668633052e+02 2.526006065231144930e+02 2.556380700865158246e+02
2.569872347601856859e+02 2.577773490243988022e+02 2.559455477872725169e+02 2.583183301035793988e+02
2.515205028902627475e+02 2.515256867969422672e+02 2.512129885196195858e+02 2.517565741868087343e+02
2.714287744911600839e+02 2.710974275743263888e+02 2.682422008165930833e+02 2.704811759513386846e+02
2.494701850705802428e+02 2.495673721449569769e+02 2.483386875191184799e+02 2.502695804226628695e+02
2.510628071736481388e+02 2.510182462355550683e+02 2.499977784020175875e+02 2.516487340621756914e+02
2.505902352501495898e+02 2.503969950387673578e+02 2.501291841385662451e+02 2.513969162555509342e+02
2.628244882894474586e+02 2.631456883361649943e+02 2.606481283278823184e+02 2.634935939025808125e+02
2.462511758515320821e+02 2.464523334104332264e+02 2.452394809221001992e+02 2.465721582053469660e+02
2.541525158876112584e+02 2.542868186277302414e+02 2.528523665059441043e+02 2.546133773888276153e+02
2.536613414700908891e+02 2.534424313072192945e+02 2.530010100425191979e+02 2.537584525477724071e+02
2.606639685951863044e+02 2.608180862565562279e+02 2.594120982034809799e+02 2.615786117510674558e+02
2.628211501485341159e+02 2.641876034439285377e+02 2.607396142354396034e+02 2.630947990674729340e+02
2.510002623786054983e+02 2.511804968331466910e+02 2.499320456242396062e+02 2.514684565318290481e+02
2.558725741411228967e+02 2.568789660314369598e+02 2.550135237036339788e+02 2.574527330951204362e+02
2.517030606528650765e+02 2.519645218404710647e+02 2.510156115701294652e+02 2.520066686339264379e+02
2.726062469611937900e+02 2.734124093616843538e+02 2.705220227395171833e+02 2.739553145981914781e+02
2.458016303954136106e+02 2.465537406032879346e+02 2.446882550580597524e+02 2.462233802995415033e+02
2.705720960924815017e+02 2.718465262209819002e+02 2.679659474439459359e+02 2.705986862901143581e+02
2.795793677093863039e+02 2.797857855420170949e+02 2.757715186171550954e+02 2.789976258096357924e+02
2.521958757085619709e+02 2.525104637597119392e+02 2.513206257858419974e+02 2.534527243128557359e+02
2.523225167764212244e+02 2.528609037408537006e+02 2.510682051502041361e+02 2.525697910387794991e+02
2.573195442192311475e+02 2.582018656116288184e+02 2.556809846902653760e+02 2.582544908749900969e+02
2.482526547541954471e+02 2.484497011094592835e+02 2.477351408505427628e+02 2.490807469584438252e+02
2.493650838980312017e+02 2.494610178697869856e+02 2.487763236886122797e+02 2.496105579215813464e+02
2.543722398484893006e+02 2.546348761346611127e+02 2.528533840404885495e+02 2.552510929466099583e+02
2.533746159521374182e+02 2.539296166303383870e+02 2.519332929081399470e+02 2.539417364479878074e+02
2.666628739369958794e+02 2.662648776747764146e+02 2.641314141566576836e+02 2.669317976192686501e+02
2.962796687732606529e+02 2.967986448995633282e+02 2.948191480707532151e+02 2.973635567226652938e+02
2.495394998364434400e+02 2.496312039463238364e+02 2.485845438920557626e+02 2.497984508227264371e+02
2.474593199109878014e+02 2.476253818102652815e+02 2.470182499062532031e+02 2.481547774201921186e+02
2.579705585583160428e+02 2.575098150623894071e+02 2.563250055118201089e+02 2.581418141907190602e+02
2.611045374135164252e+02 2.611858508397335186e+02 2.584428731367700038e+02 2.615656533901133116e+02
2.499962419155345401e+02 2.497649616419510323e+02 2.496806570042838018e+02 2.500917189646222312e+02
