2.446405968179329875e+02 2.448331625919321652e+02 2.430608289888422178e+02 2.453798522975211256e+02
2.591016041297969537e+02 2.592482886547825842e+02 2.561993805123587435e+02 2.611844983349848803e+02
2.449878758773275536e+02 2.450962178594083127e+02 2.443743747117733562e+02 2.453520024879340440e+02
2.503101358512357706e+02 2.517599028850936520e+02 2.496632552666295339e+02 2.518725267197728215e+02
2.445413239929049496e+02 2.448597078658949329e+02 2.438927991938481341e+02 2.446742280342707261e+02
2.463481585544567452e+02 2.459923073088260139e+02 2.447601690721677699e+02 2.470442170872456700e+02
2.561867704224803788e+02 2.552564273245883157e+02 2.532544249904310334e+02 2.566392282256197745e+02
2.479808430768653693e+02 2.490537686752105628e+02 2.470184395706834835e+02 2.489437392747725255e+02
2.478410164989934117e+02 2.481288626160263675e+02 2.471145725421886823e+02 2.484211312885184100e+02
2.482695295662824719e+02 2.484961710171123457e+02 2.464574241848565350e+02 2.484950446913498467e+02
2.492295698943536308e+02 2.491098765085742173e+02 2.481041473608223953e+02 2.495044856403334848e+02
2.441440245351972465e+02 2.445402891760255386e+02 2.438146992450566302e+02 2.450425650620221916e+02
2.534990092047092674e+02 2.543152842853164373e+02 2.523108135577145958e+02 2.547281129875592001e+02
2.852992021958206692e+02 2.863871420699271653e+02 2.837780651647609602e+02 2.872699506232353883e+02
2.504520667307155577e+02 2.518924916039898108e+02 2.489722372324175694e+02 2.521708570342798623e+02
2.448204045722121407e+02 2.452076328029386332e+02 2.443349738282478825e+02 2.459018897075695520e+02
2.595140350304139929e+02 2.595170874399094032e+02 2.568677974839018248e+02 2.604209545626286513e+02
2.442829071363549076e+02 2.446127247689186106e+02 2.436509132767056371e+02 2.448837415530434214e+02
2.438665767439190972e+02 2.440511348055105429e+02 2.427376827112469755e+02 2.442158431923257069e+02
2.706803996140898221e+02 2.715848588849112275e+02 2.688295552037021707e+02 2.724636100181239158e+02
2.448999231486050121e+02 2.454670779664350277e+02 2.440578044532203421e+02 2.457597501135292362e+02
2.446097394505264901e+02 2.451033597465746539e+02 2.437834878036560724e+02 2.453922584518448957e+02
2.558074578652694129e+02 2.558267313258668310e+02 2.544547288459073400e+02 2.563584822586997234e+02
2.490525152387349692e+02 2.499448748765158825e+02 2.474889404040490319e+02 2.496733954133188149e+02
2.463003678852512337e+02 2.458171395554911101e+02 2.448500244610203254e+02 2.466611508995916608e+02
2.752975283001682669e+02 2.769062308115073847e+02 2.716943272918201728e+02 2.757114583428345895e+02
2.535390170992974390e+02 2.541865437070567282e+02 2.515387677281168521e+02 2.536264387502442617e+02
2.466853128331022447e+02 2.468261277793551187e+02 2.456580526952449191e+02 2.468426063018441425e+02
2.731073116664933309e+02 2.741875234036885445e+02 2.709496118735528967e+02 2.741563251151177951e+02
2.607548433615276622e+02 2.613553025710840529e+02 2.584373297007674637e+02 2.626218091729422781e+02
2.471173366155472308e+02 2.471836029496867582e+02 2.464042797412656398e+02 2.474456518386996606e+02
2.515861317279448883e+02 2.522869037657453362e+02 2.505787202090409664e+02 2.531797707500510057e+02
2.466076988135467900e+02 2.465535934100694533e+02 2.459851191183652475e+02 2.467259297157779372e+02
2.861937608395338657e+02 2.859393755512032840e+02 2.840005835632597950e+02 2.858287876231053701e+02
2.508591340652864403e+02 2.514150849910174372e+02 2.498331223163420987e+02 2.523353239552088212e+02
2.471781756585307335e+02 2.477313974457288452e+02 2.460345686985431826e+02 2.484233599450307111e+02
2.494298546573494662e+02 2.503924778182859541e+02 2.481958785143494595e+02 2.511385222924511709e+02
2.490887188077034580e+02 2.495929734893684326e+02 2.483918445531397765e+02 2.504911326136176513e+02
2.431935990678337305e+02 2.433437476891134850e+02 2.424612513825165649e+02 2.441584301912652677e+02
2.459986448182155243e+02 2.465445650402585045e+02 2.453172060572132693e+02 2.478080061449159643e+02
2.510790387957222549e+02 2.515342495143485166e+02 2.497686126880149402e+02 2.525326300939570956e+02
2.620006698997494823e+02 2.632292638560657565e+02 2.599683126424191641e+02 2.626362360562418417e+02
2.591945359581249591e+02 2.585357431638183243e+02 2.560208884937543417e+02 2.614488541687002794e+02
2.511186298480206460e+02 2.504302252751888318e+02 2.486970390236317314e+02 2.512392578842679143e+02
2.472143972807942305e+02 2.476870589297510037e+02 2.462670913872556469e+02 2.477719995345057100e+02
2.495630964061765837e+02 2.497186395643271055e+02 2.480693343413317109e+02 2.507307204404432071e+02
2.589246441585625007e+02 2.593397763017522948e+02 2.563643041057419509e+02 2.587426948271930200e+02
2.486600656264837994e+02 2.488138277821157942e+02 2.480840358049466374e+02 2.484768592892930030e+02
2.769789217040979565e+02 2.775123469974311661e+02 2.748786158863493938e+02 2.787312936194452959e+02
2.731369123184899763e+02 2.733406660796094911e+02 2.693458930706009369e+02 2.738104199102586449e+02
2.648883184878093289e+02 2.656366724849214620e+02 2.619665331100609365e+02 2.664456434122523092e+02
2.494401387239769008e+02 2.502709260114055496e+02 2.482928784394302113e+02 2.503696181173939124e+02
2.608971930487633699e+02 2.609490257389200565e+02 2.580752021100263391e+02 2.618839935525974170e+02
2.443454153066256538e+02 2.444372843056492002e+02 2.436034336700160736e+02 2.447839607017770049e+02
2.650117618006067914e+02 2.656604383337759145e+02 2.619097006037664528e+02 2.654923925313370319e+02
2.476804464493872331e+02 2.475975437798759060e+02 2.463738627779129331e+02 2.487832665220334150e+02
2.507218097445691569e+02 2.516558053435657598e+02 2.489464069822580541e+02 2.515213287623712688e+02
2.637284629953616104e+02 2.637733556773805503e+02 2.599607697457178688e+02 2.646197035576256553e+02
2.465125490639674979e+02 2.467109733772344953e+02 2.452898538529839527e+02 2.476854170072307681e+02
2.417847803686938732e+02 2.418374532705466891e+02 2.410590805432753427e+02 2.422815701826714871e+02
2.461513413375338359e+02 2.458795076037102660e+02 2.445778724769690200e+02 2.472769016851944457e+02
2.460739369750721721e+02 2.465134173587846647e+02 2.457552792478665822e+02 2.464244066816166026e+02
2.469544088051714823e+02 2.468616241102329241e+02 2.458729597381880581e+02 2.476582759235615185e+02
2.478880256529225790e+02 2.485459061960924885e+02 2.467680955136020202e+02 2.495217050468904461e+02
2.462186975697676701e+02 2.463034969964974721e+02 2.452204631922734848e+02 2.464377549209378913e+02
2.621082386444679742e+02 2.617557995440222953e+02 2.596205280792177064e+02 2.640903360475014097e+02
2.936095414123774958e+02 2.932502034911092892e+02 2.906833171008517525e+02 2.942979663162856241e+02
2.478664069252529316e+02 2.480758540759405548e+02 2.465532768923846731e+02 2.484751548669464114e+02
2.572020278399054973e+02 2.575615224584151974e+02 2.552071445998099364e+02 2.576020789008837824e+02
2.455547185592787400e+02 2.461704797402817917e+02 2.454576455926427911e+02 2.467074421051512161e+02
2.705420728793008607e+02 2.704367946652485557e+02 2.674671943997358312e+02 2.719115221766639934e+02
2.493980560665689268e+02 2.494497972173897153e+02 2.485840891628612894e+02 2.496862150654227719e+02
2.469823677225887479e+02 2.473076386870632746e+02 2.466489257752261892e+02 2.477133555592710081e+02
2.498885799997702009e+02 2.516496453752081095e+02 2.485608344670202428e+02 2.508433817437429809e+02
2.437042417600140993e+02 2.439421357516667968e+02 2.425204114818913865e+02 2.446158349062967261e+02
2.663294801879514466e+02 2.662728181525525315e+02 2.631348893655830352e+02 2.665923761351979238e+02
2.538662907020674027e+02 2.541784905689430332e+02 2.519367432292661704e+02 2.541072359223516628e+02
2.864479509020671912e+02 2.870677913358488240e+02 2.849477800859747276e+02 2.871606390198971894e+02
2.471305395309672974e+02 2.472725525216462188e+02 2.464034750222549235e+02 2.478429300892468632e+02
2.509082484161902471e+02 2.510477421190912821e+02 2.486067223820551533e+02 2.523529576859509120e+02
2.465076462578981875e+02 2.467400023808501999e+02 2.453161852056172734e+02 2.469555075038921075e+02
2.552533316205097265e+02 2.551913562143350589e+02 2.525784015360736987e+02 2.566457587864276206e+02
2.448080133089222556e+02 2.454336574227124572e+02 2.438229979925507678e+02 2.461331113349529858e+02
2.467175134782938812e+02 2.470796352799627300e+02 2.458070495012544256e+02 2.474457824237264560e+02
2.481775777368070237e+02 2.488166909384053440e+02 2.472391843241345839e+02 2.492674388912254813e+02
2.447778923041343830e+02 2.453762606503529753e+02 2.436508559902069067e+02 2.456611436176310974e+02
2.483641352098377695e+02 2.486805994018767194e+02 2.467259063871705678e+02 2.486810739599835642e+02
2.417553085119467653e+02 2.423020490608145678e+02 2.409926054776605611e+02 2.429255008168460961e+02
2.491067763654596092e+02 2.488677886731072704e+02 2.475394695553427766e+02 2.493997601200029806e+02
2.731655505770644936e+02 2.732641920445272490e+02 2.706289486681247922e+02 2.733090013890640648e+02
2.589632349591206548e+02 2.588487501247956857e+02 2.560337774868730207e+02 2.598070462454465428e+02
2.558999177534016098e+02 2.561642151923808228e+02 2.539622978225561667e+02 2.568601256939798532e+02
2.525193895704185820e+02 2.534689917092408109e+02 2.516090112814412691e+02 2.538740325920901455e+02
2.435270128792308810e+02 2.435288013479965343e+02 2.423540709433406732e+02 2.443740799936817893e+02
2.463246979762184878e+02 2.465126253272976555e+02 2.458897640952049528e+02 2.467323677746384760e+02
2.483535907152867424e+02 2.489294747714695859e+02 2.475565099071682766e+02 2.493026308256217476e+02
2.483957557073287319e+02 2.490867012353864141e+02 2.465395466508713298e+02 2.486510623173079750e+02
2.450610057033626674e+02 2.455502728864989592e+02 2.443304662372699170e+02 2.460643232583375379e+02
2.502504637269076966e+02 2.499065530354241673e+02 2.484206213095104943e+02 2.505570598950645262e+02
2.439923451337966753e+02 2.447827622424638037e+02 2.436201874701307588e+02 2.446891565709604208e+02
2.667020268939111247e+02 2.676861275909099049e+02 2.638512545251732035e+02 2.678017797240364075e+02
2.499263273740999125e+02 2.499747510335942593e+02 2.492299359577149289e+02 2.504578612785209941e+02
2.863747310769226715e+02 2.872152419758431279e+02 2.856088067816864964e+02 2.881758429477334857e+02
2.499629519561628683e+02 2.514649939174790916e+02 2.491868848648955463e+02 2.512173864352054125e+02
2.509523420495516461e+02 2.524242184616052214e+02 2.500000112858148213e+02 2.516553894093526083e+02
2.486366255049349832e+02 2.486579525225934617e+02 2.475843065564198469e+02 2.487092905253286119e+02
2.532931305427122197e+02 2.538997668236623610e+02 2.501964912840543320e+02 2.543524044003657707e+02
2.454723335754497953e+02 2.459531671882098749e+02 2.451828315167051642e+02 2.465789591053496395e+02
2.479703951222034846e+02 2.481312148604561116e+02 2.475422779478756468e+02 2.482471365083008550e+02
2.476010654876282615e+02 2.482516254271019136e+02 2.463245040541367814e+02 2.478767875247409052e+02
2.476585943996809362e+02 2.480168079952717619e+02 2.467893097175212347e+02 2.494251214313033245e+02
2.566640623308066438e+02 2.583230168115921401e+02 2.557831481328063035e+02 2.572167285165145927e+02
2.638256262899298008e+02 2.647935697506825932e+02 2.613900457507886586e+02 2.641110705778615966e+02
2.455438259031296866e+02 2.457598128422963839e+02 2.442661146249440378e+02 2.461829845542650048e+02
2.586701062011454155e+02 2.595955170528009717e+02 2.566102046586822212e+02 2.599031165620335742e+02
2.488748414219851384e+02 2.486637027799139332e+02 2.477520539643151380e+02 2.492294235859013156e+02
2.486316128353763304e+02 2.490366019527805861e+02 2.469193952098478348e+02 2.495928336049752545e+02
2.531391128057676667e+02 2.523840305137890141e+02 2.511144699559672802e+02 2.535048661652579938e+02
2.580810534914663208e+02 2.585849961859352106e+02 2.573096932575737128e+02 2.598540435612951001e+02
2.568327608853722950e+02 2.579908072333861355e+02 2.559336536177968640e+02 2.587391072156225960e+02
2.479055920484583453e+02 2.484731711291931617e+02 2.469994026050002276e+02 2.486670873828074946e+02
2.539747568434861478e+02 2.534894962347919716e+02 2.514675151163320379e+02 2.542195805252234493e+02
2.491704866061389794e+02 2.491723335620826560e+02 2.472007702003059535e+02 2.499695885233333001e+02
2.489193296503691499e+02 2.497396934475383148e+02 2.481907271592257587e+02 2.498428546374161385e+02
2.536495016401302394e+02 2.539249752086025467e+02 2.518148607967663111e+02 2.545750200494933893e+02
2.472304748331507938e+02 2.476630948391352831e+02 2.459367752338585547e+02 2.478506489832915918e+02
2.598342365213424046e+02 2.602621532810537133e+02 2.577767796737506387e+02 2.610727439036097053e+02
2.907420488466017332e+02 2.910307680846419771e+02 2.894859378228174478e+02 2.896418954772683492e+02
2.931822472681414524e+02 2.927556516959717783e+02 2.901445088896508651e+02 2.929009047569718405e+02
2.709090401325965445e+02 2.721039700334467284e+02 2.683344336432199952e+02 2.737678065687863977e+02
2.589374702099796082e+02 2.594616036033021373e+02 2.571321119756847793e+02 2.593080567246051942e+02
2.514181030292602372e+02 2.518255837117050930e+02 2.494153073515168444e+02 2.520480692811131291e+02
2.659585189118031963e+02 2.664123901117626474e+02 2.633703462552551287e+02 2.666935638537292448e+02
2.483921262139637633e+02 2.485856048989350882e+02 2.471377655093940575e+02 2.485291220396592564e+02
2.525220308370477937e+02 2.521545507305068270e+02 2.508473038278220315e+02 2.533116540607907723e+02
2.469893240297048465e+02 2.471870204015288266e+02 2.466246702019759596e+02 2.475640249798327943e+02
2.567516126875809732e+02 2.569420798108907888e+02 2.554616504230952216e+02 2.583124205379181717e+02
2.766070135173854396e+02 2.752726012459754656e+02 2.724984580077428973e+02 2.760256817967639336e+02
2.473205775518092935e+02 2.479008052237359152e+02 2.470788896621413926e+02 2.479392780081961689e+02
2.600259025552931007e+02 2.592740082488442681e+02 2.570808088974023349e+02 2.598961078563722822e+02
2.473280308624503618e+02 2.479409251355220078e+02 2.465624065938010006e+02 2.479570450731963263e+02
2.459532289278669452e+02 2.460822682464335287e+02 2.446857974212254589e+02 2.465037675638373003e+02
2.623743067284765971e+02 2.625545832734550800e+02 2.588379818525364158e+02 2.634304616550771243e+02
2.495768307102227936e+02 2.496348656438130433e+02 2.487331268579175116e+02 2.501652514404753447e+02
2.533460201755654282e+02 2.543204683682351970e+02 2.511684225896038924e+02 2.541766527207882689e+02
2.806705043336218068e+02 2.800168638602683018e+02 2.771654340714140403e+02 2.802551395165959320e+02
2.461629458690677836e+02 2.465437671380975360e+02 2.456460534564749594e+02 2.471301650218862846e+02
2.445851739728879011e+02 2.454019763891766104e+02 2.436571448029690998e+02 2.455448207521116331e+02
2.475351792814123542e+02 2.475260396566311840e+02 2.461898416989996292e+02 2.475016872964164634e+02
2.431945561714651944e+02 2.435651647568679721e+02 2.423442867772583327e+02 2.437335359867250588e+02
2.743849653487718001e+02 2.759261140482021233e+02 2.696275792657490342e+02 2.749435948410897481e+02
2.518720506784940767e+02 2.524707434843821545e+02 2.506570344232112006e+02 2.526175490741708529e+02
2.455444609455473710e+02 2.453641697182901282e+02 2.446185901796035580e+02 2.457111251519158941e+02
2.799188972116717764e+02 2.816445734362198436e+02 2.775729482880738033e+02 2.810759754768495213e+02
2.476048619913902655e+02 2.475761240451169556e+02 2.465990526327124712e+02 2.484733676454253555e+02
2.436574446367557698e+02 2.436978764399696900e+02 2.422355889832315086e+02 2.438807847763651182e+02
2.674741311577019474e+02 2.672703755649857840e+02 2.638191790987493732e+02 2.676976987835984119e+02
2.431469884812443070e+02 2.432293811801198729e+02 2.423300633307203213e+02 2.440554329659571806e+02
2.661662150959861606e+02 2.662113032707553657e+02 2.629845525259378292e+02 2.664089735830359587e+02
2.462236758970107644e+02 2.465592880418050186e+02 2.446560952517120882e+02 2.475082021898059850e+02
2.735320811878236782e+02 2.741819087592267579e+02 2.717980105674071183e+02 2.736175749648828059e+02
2.555334392900915645e+02 2.558757235490646735e+02 2.538211760019736971e+02 2.562907343545409162e+02
2.603213464895661104e+02 2.621228237560120533e+02 2.597243210715703867e+02 2.624014681061159990e+02
2.451004438231974802e+02 2.458509899048212901e+02 2.436671365801531408e+02 2.463938791783176896e+02
2.503430256474321709e+02 2.506794101706302058e+02 2.483713378287147862e+02 2.519625992538377659e+02
2.525994865363060740e+02 2.529680566797361507e+02 2.507391289868452589e+02 2.544734442731361526e+02
2.515945765633416613e+02 2.516654438888074878e+02 2.490704344104179313e+02 2.527677427373419050e+02
2.538940345466651536e+02 2.534031934553595420e+02 2.512056432623782314e+02 2.549272704489850128e+02
2.456355169081830070e+02 2.458222986217052153e+02 2.451450435732965332e+02 2.460878305285407635e+02
2.420633826691180275e+02 2.424493924308603994e+02 2.405894382545207009e+02 2.424390717772237167e+02
2.830093105411259558e+02 2.831048759227996356e+02 2.804992840589762864e+02 2.832324618537888909e+02
2.613173693153102590e+02 2.610898794037144057e+02 2.587086046000430315e+02 2.609621463327435436e+02
2.477734669949524005e+02 2.480847929243839189e+02 2.475926088856611500e+02 2.481160255578559486e+02
2.776724480348010502e+02 2.791126153099500016e+02 2.740306500490844428e+02 2.791468857357088496e+02
2.523645830286891965e+02 2.536332153147112081e+02 2.498947487545422064e+02 2.535968921261107027e+02
2.458511802069819794e+02 2.457687384930664791e+02 2.451027316997145249e+02 2.466077648738409493e+02
2.543225329336856930e+02 2.560263789955920970e+02 2.530553786405658343e+02 2.556548204977686964e+02
2.668240893575164705e+02 2.669849483857838095e+02 2.633073935562404699e+02 2.672606031042398058e+02
2.454928216345219028e+02 2.460017211361691238e+02 2.455078894940017449e+02 2.467839503230529488e+02
2.549623422814249238e+02 2.562221547884853976e+02 2.533940750131502284e+02 2.560889465138186551e+02
2.466886143927188186e+02 2.467585304705277451e+02 2.457750874205836453e+02 2.474580865633402595e+02
2.576639995903020690e+02 2.571641217106482600e+02 2.548844957396416646e+02 2.589638962436470706e+02
2.479751518195369613e+02 2.485679908673216403e+02 2.470601766401996429e+02 2.487823141610189452e+02
2.448088172845669988e+02 2.452890138622321672e+02 2.443996361133992252e+02 2.452530805013753650e+02
2.521304946711282753e+02 2.522671317605972092e+02 2.508541099851414913e+02 2.528633907887112571e+02
2.574779005134878389e+02 2.573871844862413809e+02 2.539942196487301658e+02 2.591589906936856096e+02
2.466752347104228704e+02 2.471058593755361130e+02 2.461696549700466221e+02 2.474261494171202855e+02
2.460867083188720414e+02 2.463710884310469567e+02 2.447611409570569663e+02 2.474239884595391743e+02
2.471247572913935642e+02 2.470457972744479207e+02 2.464359917556860751e+02 2.482006719794756009e+02
2.733266309445534148e+02 2.734679338342564847e+02 2.709979900758581266e+02 2.744012168022979949e+02
2.477149541009551399e+02 2.482764435280909652e+02 2.472630171802266545e+02 2.482235091299070007e+02
2.560063827920759536e+02 2.562263681923773220e+02 2.541825888986473387e+02 2.571210063648017581e+02
2.590287991474164642e+02 2.607450238683754833e+02 2.567313491696150436e+02 2.607027695322680643e+02
2.493387561775160179e+02 2.497724882860039486e+02 2.479104116064710581e+02 2.499571679474519499e+02
2.562578685939758998e+02 2.570194381490933893e+02 2.535981764711812048e+02 2.569327239179791604e+02
2.469982610706071853e+02 2.472252255275748496e+02 2.461046212674180538e+02 2.480579760303866976e+02
2.471558538250289700e+02 2.476304615311763655e+02 2.453904280601511232e+02 2.477894069078627410e+02
2.469351603792851222e+02 2.472115412168441821e+02 2.457922595538508972e+02 2.475866146066454689e+02
2.502178351987413976e+02 2.504356180858259506e+02 2.482632411654083171e+02 2.516208697813974595e+02
2.530375048063328336e+02 2.535870878305292706e+02 2.510057459059363509e+02 2.540214401943944722e+02
2.485802960070245717e+02 2.490843316179078499e+02 2.481011341682188629e+02 2.490482134387638951e+02
2.448651267410298544e+02 2.449694665005518459e+02 2.439062627896717288e+02 2.451815336793773952e+02
2.516755357041216428e+02 2.521773817557713073e+02 2.508364073637677336e+02 2.516832907214841839e+02
2.652586906510871358e+02 2.638622961610508924e+02 2.621273251854187833e+02 2.653185769223335910e+02
2.631708511531686554e+02 2.637975478092842536e+02 2.603743271809958060e+02 2.638059227833260252e+02
2.468157705772112536e+02 2.468175153988570401e+02 2.461049567246850245e+02 2.479065732507473285e+02
2.542784932468290435e+02 2.544428785042368588e+02 2.525827617509574736e+02 2.551185803692392255e+02
2.452689820498015649e+02 2.453016018628758843e+02 2.443302958430357990e+02 2.456585138999295737e+02
2.470154553692848367e+02 2.472164337131280547e+02 2.462813790105670364e+02 2.474470109568073610e+02
2.829865130123114909e+02 2.847529571542154372e+02 2.810376024235194450e+02 2.840928027123643460e+02
2.612033385727492600e+02 2.609851635982423659e+02 2.579084281151094729e+02 2.614034393919876038e+02
2.719081784075453925e+02 2.728029052814292754e+02 2.696814534367629790e+02 2.737862330396241077e+02
2.565025014611528036e+02 2.569128586785210473e+02 2.548906010005642884e+02 2.582876127875439352e+02
2.653400026477860365e+02 2.655683340257064060e+02 2.626124236268348682e+02 2.672542505096509444e+02
2.701200039760559548e+02 2.699726786229288678e+02 2.682271289456065801e+02 2.711202709196878686e+02
2.563250837015086177e+02 2.579520856143157630e+02 2.548689569172653364e+02 2.572357605873996818e+02
2.444909896171783430e+02 2.447973797157251568e+02 2.436691045856061351e+02 2.452080682085154990e+02
2.454018606019530750e+02 2.455163431708417647e+02 2.443134469216504954e+02 2.462302836251623432e+02
2.582296517408109935e+02 2.591437955239426287e+02 2.565200300494605017e+02 2.590276139985503505e+02
2.823708286078968968e+02 2.817963395452914597e+02 2.793784199435528990e+02 2.825331307075593941e+02
2.555218763654857241e+02 2.560907096656042654e+02 2.537697739023292911e+02 2.557499494065010310e+02
2.600986401509379675e+02 2.602238017814339628e+02 2.570203689099000144e+02 2.616639268950646624e+02
2.427962890090351777e+02 2.435243840572188390e+02 2.419147340707576745e+02 2.438181294368294800e+02
2.470778227781820533e+02 2.474639470621388284e+02 2.461045223983557264e+02 2.479602951524908008e+02
2.811653555598055050e+02 2.836440000597395965e+02 2.789066544022987841e+02 2.822404774341536609e+02
2.577851489604179847e+02 2.591886453955422667e+02 2.557212944258294556e+02 2.588117555713997717e+02
2.470263383755277857e+02 2.467923477537148926e+02 2.459744193188533075e+02 2.479805653258243865e+02
2.494126338066178334e+02 2.492898064687168471e+02 2.483821463940514604e+02 2.496584737243141490e+02
2.487752286135483928e+02 2.489188031753473069e+02 2.478433440773025609e+02 2.494336786779030888e+02
2.645283160303361001e+02 2.654735468682334272e+02 2.630578874034812884e+02 2.663701562908938740e+02
2.545589715105600703e+02 2.551792216314583186e+02 2.526619212158985590e+02 2.547889757082568849e+02
2.460757704699448993e+02 2.465400414256084218e+02 2.453300332785714772e+02 2.469331226412093940e+02
2.902307164612433894e+02 2.902490607448578430e+02 2.880492502095353302e+02 2.906448545542655211e+02
2.470125503618150447e+02 2.471402329863919363e+02 2.463144483392948985e+02 2.472658212419619304e+02
2.480296052207178832e+02 2.482446506250172433e+02 2.474352675389132514e+02 2.483304374292881676e+02
2.701771829080256566e+02 2.726269439656975919e+02 2.685051257874291650e+02 2.726086641902912788e+02
2.801921380462107436e+02 2.819643746770109374e+02 2.782269523446234984e+02 2.826677866194239641e+02
2.446538943360923781e+02 2.446795581458831634e+02 2.435968287209340133e+02 2.452815278655259306e+02
2.474394283032152373e+02 2.479795003592005855e+02 2.470325890254035528e+02 2.486323309239395485e+02
2.493195532894339692e+02 2.493405826947600872e+02 2.481370452182827364e+02 2.492375954370668580e+02
2.486967033490102494e+02 2.484136338659083947e+02 2.479785932698105739e+02 2.487948537122041159e+02
2.545405688505990724e+02 2.547376402349276248e+02 2.525383680212611921e+02 2.550513728645228468e+02
2.598687549518916171e+02 2.602088212377555010e+02 2.576423662420525602e+02 2.603860391567872625e+02
2.449466042174201732e+02 2.454184927319231235e+02 2.441108847752763609e+02 2.454597345735878662e+02
2.456073236338303616e+02 2.452687847981141545e+02 2.434515404373114222e+02 2.458830873747260455e+02
2.438079734607291016e+02 2.440435913049485066e+02 2.430839186522527768e+02 2.444526574023793728e+02
2.517940063918213127e+02 2.525047675387200456e+02 2.498838713110167191e+02 2.523926505896531864e+02
2.529089118720461897e+02 2.535588895850404754e+02 2.509298990812720831e+02 2.545742722216088794e+02
2.474681837026488154e+02 2.477075481517119613e+02 2.465498181729965381e+02 2.481198568156376041e+02
2.490471899953516868e+02 2.500498376398084019e+02 2.480636615854357387e+02 2.496779111869888936e+02
2.786369916960492787e+02 2.792671212132260052e+02 2.774750504253862005e+02 2.805566703159652207e+02
2.598404127782799264e+02 2.595482244252588657e+02 2.574528862293099110e+02 2.607538557440930731e+02
2.696863413151189661e+02 2.714392172884244019e+02 2.672363615570183697e+02 2.710516225810904984e+02
2.523131812751067287e+02 2.518590914128888016e+02 2.503001562129013280e+02 2.524616870985348953e+02
2.904362531943204999e+02 2.930595571255186087e+02 2.891801885420547933e+02 2.907954605334947473e+02
2.470964561402988124e+02 2.466114554859846919e+02 2.451273933621246783e+02 2.470475272622058469e+02
2.511143013001340591e+02 2.521087708002195313e+02 2.495172604944567070e+02 2.522745892174390576e+02
2.439065759838283896e+02 2.444294437740492469e+02 2.433621720486734148e+02 2.449512585906741435e+02
2.913817219386775150e+02 2.906656067647430746e+02 2.891365209957731963e+02 2.896398729200832349e+02
2.471867206447267051e+02 2.470788518124062136e+02 2.458408880753392793e+02 2.474592711837414072e+02
2.886958106981617789e+02 2.882269525971117901e+02 2.865186698072955664e+02 2.891827374326081781e+02
2.470174894598734170e+02 2.479478728482769156e+02 2.461820429491293396e+02 2.486129804453296686e+02
2.645066447602952735e+02 2.659032793656968465e+02 2.624747823366393504e+02 2.665482037353438045e+02
2.433264445816562613e+02 2.437475736603175562e+02 2.426204024878416021e+02 2.446752476724576866e+02
2.567789278572511193e+02 2.565742693425920038e+02 2.549680109598839692e+02 2.578722829016316496e+02
2.620068819203213479e+02 2.619507215982742991e+02 2.590401927756559530e+02 2.625206160656017573e+02
2.821225291292052475e+02 2.820297561698999402e+02 2.800639319603548074e+02 2.829477139202118678e+02
2.478691538439579176e+02 2.478832518688649031e+02 2.472897084412662139e+02 2.489326629419407197e+02
2.440566428504168641e+02 2.439976082921296552e+02 2.425882606922754405e+02 2.442568367535957066e+02
2.554912361090907496e+02 2.561037302939032543e+02 2.533806865266933528e+02 2.562103711113949771e+02
2.536013041132472097e+02 2.534258381399743882e+02 2.508150838479562594e+02 2.542150753022025924e+02
2.522497723696264984e+02 2.530855504273136205e+02 2.508133960578669246e+02 2.540192654907866938e+02
2.432602975958284333e+02 2.431488300280819317e+02 2.421453531391124727e+02 2.438100521910488112e+02
2.450799010901202735e+02 2.451488148086181980e+02 2.441724202568408941e+02 2.452996288969944203e+02
2.471229084880235121e+02 2.477497237148961062e+02 2.463184384932987712e+02 2.479714430412605850e+02
2.461339758526847561e+02 2.461625138119037501e+02 2.446590218937222687e+02 2.462989573440730453e+02
2.553506750741794633e+02 2.558881932342191874e+02 2.535335852043800742e+02 2.569815756064439256e+02
2.483229523952970226e+02 2.479083196954529171e+02 2.459217986608293529e+02 2.492494206373563372e+02
2.496220744038534463e+02 2.494947517236579984e+02 2.476869649660831385e+02 2.502505521977293768e+02
2.446507343226804778e+02 2.448788376681484067e+02 2.440715517448902858e+02 2.451346860071027152e+02
2.482014027095273150e+02 2.480489435003372023e+02 2.468210624007309661e+02 2.492054284397337938e+02
2.791827847194280707e+02 2.787435322863439637e+02 2.744806835859627654e+02 2.803192927377795058e+02
2.456271902113764156e+02 2.460022585037538931e+02 2.447365682207939130e+02 2.465578252265559627e+02
2.682564322815152309e+02 2.681783098264343721e+02 2.661940105129005474e+02 2.685839132015857444e+02
2.462444099259860764e+02 2.466422411865019058e+02 2.456570871318135687e+02 2.472997788880122698e+02
2.918001644999853852e+02 2.915149522176585037e+02 2.884156339297452405e+02 2.910488638992903816e+02
2.456224218997948299e+02 2.457037618772247924e+02 2.440228828409195501e+02 2.456759634282496449e+02
2.797495807871287070e+02 2.788890778948347702e+02 2.772052357393893089e+02 2.788798020163437741e+02
2.564050096852289471e+02 2.573944558645075062e+02 2.545176683554535373e+02 2.585539375293967055e+02
2.729416076978748151e+02 2.726612706121859446e+02 2.697824127074529201e+02 2.732645682564406684e+02
2.515752961143662390e+02 2.521427693362672926e+02 2.501891660271536182e+02 2.525282491838287910e+02
2.459957356246113136e+02 2.464187177340359653e+02 2.456332006012648890e+02 2.468746221427545606e+02
2.480176443034701776e+02 2.485907234445576535e+02 2.471388182511549019e+02 2.491595692253031018e+02
2.545042063320065324e+02 2.552588924047098828e+02 2.534664737172834919e+02 2.561769497519973697e+02
2.454242489373642400e+02 2.453221357935461526e+02 2.441683355880778663e+02 2.459061187552918852e+02
2.455803312017258122e+02 2.456523932982162250e+02 2.449841738676411751e+02 2.460280847464989336e+02
2.467758389419661000e+02 2.473968638497729273e+02 2.460363939178972714e+02 2.476753473995119634e+02
2.485160476918771622e+02 2.489775203882432209e+02 2.485195933930108367e+02 2.494065273931820457e+02
2.449851150452042816e+02 2.446651589563288951e+02 2.441495792074852602e+02 2.450324352531305863e+02
2.463880937034845431e+02 2.465972732841186144e+02 2.449956726430250171e+02 2.471009267042182955e+02
2.485701594603550006e+02 2.488682586350698500e+02 2.471453906311195112e+02 2.494745173759831971e+02
2.500693983737343444e+02 2.500940248705409203e+02 2.481244569306523715e+02 2.504130147749311845e+02
2.593978082795089222e+02 2.597425628357277674e+02 2.573044652748311591e+02 2.596574889309901550e+02
2.494059260028911638e+02 2.501372873239085379e+02 2.489553941051790389e+02 2.503655778182157690e+02
2.554400437798576320e+02 2.570503307402325390e+02 2.544466409326088865e+02 2.565634272409325831e+02
2.495998240364805838e+02 2.502615140999798768e+02 2.482072120121263481e+02 2.509417066827125780e+02
2.464982932115797780e+02 2.470153654993922885e+02 2.455651009660316220e+02 2.476701660551017312e+02
2.448959111163035232e+02 2.455873585854362204e+02 2.439281851094177682e+02 2.456972182086323357e+02
2.544954265781896652e+02 2.551046295404136401e+02 2.524352929567706951e+02 2.557031809551932895e+02
2.558292620993081528e+02 2.565821069712063149e+02 2.534939353833170514e+02 2.585623796417865492e+02
2.443913876699332093e+02 2.451101269320606661e+02 2.438309263654606980e+02 2.450112020669008075e+02
2.447372144590900405e+02 2.449841997947147263e+02 2.437462666589273113e+02 2.451312185767490348e+02
2.480182703563669406e+02 2.477195982128631897e+02 2.471164199548383920e+02 2.484422130762613961e+02
2.522758020166432118e+02 2.530461610827826178e+02 2.511095641193410302e+02 2.535422540654028865e+02
2.446172164619394778e+02 2.445977355516913576e+02 2.434959389756160419e+02 2.454155331045901391e+02
2.467915108917667055e+02 2.473943297892155897e+02 2.459789087833854921e+02 2.477022757954029828e+02
2.440536769748984511e+02 2.442721703640113731e+02 2.432887085966069094e+02 2.446922878085393052e+02
2.547573892952809160e+02 2.552304583591389928e+02 2.531152552335772441e+02 2.552363215497286717e+02
2.516589524766318959e+02 2.531084651116055113e+02 2.501888991791549870e+02 2.527746085186159348e+02
2.479622926547202439e+02 2.479022574981402727e+02 2.462928271886658251e+02 2.485663394170337313e+02
2.606801773400109710e+02 2.615347189973660988e+02 2.594977861574216149e+02 2.614090162288916872e+02
2.539291873089165676e+02 2.550051111348061283e+02 2.525582414484513265e+02 2.552179411958549622e+02
2.479318953290683964e+02 2.478218578570561021e+02 2.471707803960995307e+02 2.486276714683256159e+02
2.452757748878675557e+02 2.453891874655217862e+02 2.442410629137218336e+02 2.457652413253116208e+02
2.610167407306499854e+02 2.622390302407225704e+02 2.590309308680330105e+02 2.625453177836019449e+02
2.538527294577436351e+02 2.539934979886846520e+02 2.523276692647858681e+02 2.542196876156847622e+02
2.491408321814813007e+02 2.501200647468261025e+02 2.484428987115301481e+02 2.500821047501371766e+02
2.514583821295003929e+02 2.523716747999020242e+02 2.502558316486689307e+02 2.522462352858750307e+02
2.441296365083830722e+02 2.447269874987800904e+02 2.432043462964017806e+02 2.449382451731256083e+02
2.490668319640647894e+02 2.490850364211567864e+02 2.481290165744181877e+02 2.491729061372224692e+02
2.593147792021609348e+02 2.596171075564168973e+02 2.570551257537347283e+02 2.609137548587401625e+02
2.435985201466981209e+02 2.435563346960786077e+02 2.425682186955866655e+02 2.444238305460580989e+02
2.528798824881272651e+02 2.531682542566018128e+02 2.500379901796269735e+02 2.538672108802901164e+02
2.553356204329868149e+02 2.561034815986211015e+02 2.526744628612695180e+02 2.554902072013372845e+02
2.438709775467076497e+02 2.438074129829374215e+02 2.423856053955884704e+02 2.444545456363803737e+02
2.544175104982612652e+02 2.543800937726699658e+02 2.525518447624867804e+02 2.552278491534374893e+02
2.475680149983744229e+02 2.477456309862242847e+02 2.459497558681094063e+02 2.483352185673331292e+02
2.586464743549567515e+02 2.591965382780597906e+02 2.566948401325562372e+02 2.594038312174806720e+02
2.478190876196646002e+02 2.477969830518734113e+02 2.462473618845976091e+02 2.488113432296658516e+02
2.520942304391724065e+02 2.530065038048383883e+02 2.503167483627531453e+02 2.536137366273754026e+02
2.458993649604756229e+02 2.465384756118425287e+02 2.455159459165678868e+02 2.469762679862812149e+02
2.582734877854627484e+02 2.585771582087963338e+02 2.560864194206456546e+02 2.581934673396067979e+02
2.491051375248890167e+02 2.493167860750819500e+02 2.476977285968990827e+02 2.502447479494811375e+02
2.456332196247693105e+02 2.460587622219819650e+02 2.449243136115241839e+02 2.463127640181305935e+02
2.770702419922355944e+02 2.770522979987602525e+02 2.747794567584518290e+02 2.793207373761644590e+02
2.559965294050462319e+02 2.578194646364507321e+02 2.543331842468502373e+02 2.582317495283853077e+02
2.824690037235275213e+02 2.824495959777071334e+02 2.806915039760492618e+02 2.831260165801075459e+02
2.663405296506347781e+02 2.670526112031757862e+02 2.640791006765589373e+02 2.687636642806618852e+02
2.577841645830030188e+02 2.577889923606052207e+02 2.570863725371713144e+02 2.589583073407046072e+02
2.458738460832294948e+02 2.466345785121044685e+02 2.455279519454398951e+02 2.465550980388243829e+02
2.533089905361168803e+02 2.544106309207150503e+02 2.515990932995696596e+02 2.543564304743728428e+02
2.520605719038733241e+02 2.520988513180774078e+02 2.506095776874248315e+02 2.523074247616019079e+02
2.564569485403159206e+02 2.572655394660798152e+02 2.538664097690309802e+02 2.566819366788957382e+02
2.532115286127834111e+02 2.538235574716468079e+02 2.517458857892255253e+02 2.542290682456645357e+02
2.492562960677624915e+02 2.500084549183164029e+02 2.478728100271407584e+02 2.501247976168862124e+02
2.437073890392773592e+02 2.442110657087589516e+02 2.430169108927651962e+02 2.443717009054053904e+02
2.471682902772309092e+02 2.476042074952987662e+02 2.453542522844365692e+02 2.481198749674853161e+02
2.902191576510759887e+02 2.897590358263273629e+02 2.857746724538924923e+02 2.899465559401484711e+02
2.754429593148601043e+02 2.763818390285669579e+02 2.720893566151743812e+02 2.758411400475599180e+02
2.476059264322925060e+02 2.476989180978682157e+02 2.465384545217581262e+02 2.479628606418000913e+02
2.500533978370464183e+02 2.505397872289888426e+02 2.480270188369143796e+02 2.500682576575075871e+02
2.507980855278114234e+02 2.511656514990466746e+02 2.491894702328419555e+02 2.511342077555624996e+02
2.723823808882156641e+02 2.729816757333622945e+02 2.678957883375566098e+02 2.725561444219328564e+02
2.468955622451928491e+02 2.475734962121326532e+02 2.457623750184685605e+02 2.480574769006593385e+02
2.528178515653187333e+02 2.535070602714052654e+02 2.524755974746579454e+02 2.534851928246631871e+02
2.466805712450137662e+02 2.471143680716334643e+02 2.453640870988240295e+02 2.473250907788927293e+02
2.576326891871119642e+02 2.587703432631851115e+02 2.543147482974316347e+02 2.597298875401756391e+02
2.530181547923123446e+02 2.535340740338834564e+02 2.507783197005620366e+02 2.537636445368108014e+02
2.597292192741109602e+02 2.610227951897759908e+02 2.581086153514401076e+02 2.610482709064796722e+02
2.455933312473823662e+02 2.451190350745739295e+02 2.443538537500219832e+02 2.459434436727265449e+02
2.433672723663550244e+02 2.433407932297516254e+02 2.425552525011718217e+02 2.437531948289760635e+02
2.611592770188574946e+02 2.612104332016393755e+02 2.592078575099450291e+02 2.614929396816210669e+02
2.532482453819421835e+02 2.542929364610230039e+02 2.516483872008118112e+02 2.537451144038252551e+02
2.489614024975606696e+02 2.490075907852256023e+02 2.482042695755581860e+02 2.501080646704820936e+02
2.520551246947066772e+02 2.525998272770263497e+02 2.503456119332674348e+02 2.530811660266645902e+02
2.498010282057970528e+02 2.501123679632503354e+02 2.484259091411151985e+02 2.507588490348339860e+02
2.512449684507066081e+02 2.516136372431599284e+02 2.498601231142679353e+02 2.520072580384043590e+02
2.444609502308252331e+02 2.450808518414536934e+02 2.437149288667475275e+02 2.451343784572491415e+02
2.487769614109036524e+02 2.487221610531690601e+02 2.470915640618416091e+02 2.498532437861510402e+02
2.453247889055976430e+02 2.450999145793614105e+02 2.437376303125107313e+02 2.457948887627661065e+02
2.444801257584964560e+02 2.447325488966372120e+02 2.433744653248876375e+02 2.448452694810000594e+02
2.510511551255113716e+02 2.516758666196697334e+02 2.493769209580505901e+02 2.527605641069072817e+02
2.497168179699833956e+02 2.495859116303110170e+02 2.474466990889937108e+02 2.499029377142346675e+02
2.559823364881043517e+02 2.562846141395582436e+02 2.541285988718931037e+02 2.566282730857316210e+02
2.651015840997436044e+02 2.662294362355781345e+02 2.622743225937693410e+02 2.655464896530023111e+02
2.475109125559619372e+02 2.473220455466021406e+02 2.462492486807320518e+02 2.476648362188597048e+02
2.505176109831837721e+02 2.516376042084420703e+02 2.495882763951247796e+02 2.522403052470184548e+02
2.589052176605001137e+02 2.602614837554869496e+02 2.569661782843090236e+02 2.603028496870030040e+02
2.485291335621104736e+02 2.485413747881130746e+02 2.470308251759996381e+02 2.487947158011212139e+02
2.535055915753553961e+02 2.539623349779200510e+02 2.525637465257391909e+02 2.544526862561623659e+02
2.609230921328688737e+02 2.617261738033721485e+02 2.586789831280185012e+02 2.621455826581061501e+02
2.473091436510132439e+02 2.476140203394963635e+02 2.464961267432318550e+02 2.480310517057446589e+02
2.522139786243837705e+02 2.534279858971735280e+02 2.497830805220411605e+02 2.536837169188813164e+02
2.480019932126388369e+02 2.487815258518371309e+02 2.467449524580480045e+02 2.490637078148472199e+02
2.456151229547364210e+02 2.460036782523885677e+02 2.448767336136926644e+02 2.464473170968180966e+02
2.615433328342426762e+02 2.617048611727328762e+02 2.587263597112070670e+02 2.615423128731112001e+02
2.453730258340717683e+02 2.461652463152845485e+02 2.441360751424429623e+02 2.464455597852388280e+02
2.478398700899048208e+02 2.482803146572315143e+02 2.474277211140057489e+02 2.487736805273558218e+02
2.476283636447064680e+02 2.478136571938994166e+02 2.463243988065885048e+02 2.482695984962106763e+02
2.506527100244996404e+02 2.512846266393962935e+02 2.492543496002226959e+02 2.519206457831556918e+02
2.463688475941320917e+02 2.464728648282855374e+02 2.447791375308277111e+02 2.467593880128312662e+02
2.441309584484287143e+02 2.453636765854719783e+02 2.424694492704103652e+02 2.450651135654757127e+02
2.803227144514817724e+02 2.823066619487512980e+02 2.783820986309574437e+02 2.804148203776704236e+02
2.503582696351219852e+02 2.509316953582864471e+02 2.493132889417796889e+02 2.509449338465186088e+02
2.628336864431269078e+02 2.635838013636051187e+02 2.610342119095806197e+02 2.633136454216129323e+02
2.581714364564396647e+02 2.578608494626770948e+02 2.546058078704248544e+02 2.594555111651948778e+02
2.609993857613812338e+02 2.607465262198002165e+02 2.582845630491418660e+02 2.619195551608552250e+02
2.471841747578238824e+02 2.471712015959994631e+02 2.463118487875821359e+02 2.473920298628569867e+02
2.451100651347817347e+02 2.451814804035756481e+02 2.441789965609677608e+02 2.460850289973456881e+02
2.536468678110448991e+02 2.537978374947786619e+02 2.522015053827230133e+02 2.541238360518198078e+02
2.573866556744763443e+02 2.584278213918757956e+02 2.545807638114740143e+02 2.583567301663193803e+02
2.421316839337837337e+02 2.417246203536128348e+02 2.406091059079587069e+02 2.417899612985268334e+02
2.495362590381108987e+02 2.501319443863111758e+02 2.488371121461624966e+02 2.505206922975335431e+02
2.625068017954741322e+02 2.618612465871810286e+02 2.590715566574033915e+02 2.633575894290536326e+02
2.445810107250117085e+02 2.445783422977396526e+02 2.428597159040062934e+02 2.452765765666764537e+02
2.864925773252006138e+02 2.871806909581993636e+02 2.850488382614615261e+02 2.867974094467327291e+02
2.586189812343882295e+02 2.588406231581330985e+02 2.567204447713422155e+02 2.598712547469843912e+02
2.516241421099895490e+02 2.522385399250373439e+02 2.504899868166585009e+02 2.526262361090020931e+02
2.550858664987657960e+02 2.557355405762422436e+02 2.536850023462292256e+02 2.566931616873741859e+02
2.512224903777867269e+02 2.516596008310731349e+02 2.496462461826976664e+02 2.526072922962443954e+02
2.679108631090070958e+02 2.679807311180293823e+02 2.637586663654463450e+02 2.665474476607315637e+02
2.469904345603507068e+02 2.468122890855093203e+02 2.458833563792772736e+02 2.472964663921919737e+02
2.573642243254772666e+02 2.577262452990077009e+02 2.563004308576827839e+02 2.588997488080737526e+02
2.514562110806188855e+02 2.515697978256231124e+02 2.501184025389008241e+02 2.515073332998376543e+02
2.550840014671242955e+02 2.565273550722046707e+02 2.532105676115115500e+02 2.572646047064110917e+02
2.439737296159161133e+02 2.445999765951527820e+02 2.431734414657654781e+02 2.443614278956426631e+02
2.518340464321877903e+02 2.520186106487384734e+02 2.492345539281272409e+02 2.521044969563262157e+02
2.492380605422459041e+02 2.493611145932568149e+02 2.481462964217899128e+02 2.496850438662681029e+02
2.483002058334728872e+02 2.486512536909071969e+02 2.469536502235217199e+02 2.498724664897524974e+02
2.484085239451405300e+02 2.489425017676640834e+02 2.474144580848558519e+02 2.490743933013786204e+02
2.517160780915904184e+02 2.523014945702494742e+02 2.495786026351069040e+02 2.532597980108178035e+02
2.447038760076092956e+02 2.447678059887515758e+02 2.438368900726479183e+02 2.456001997981604177e+02
2.479719549162827832e+02 2.484404744705552162e+02 2.470226980143837636e+02 2.486100767751704552e+02
2.730572455986365981e+02 2.733620729977600945e+02 2.701185586362107642e+02 2.728079335072955587e+02
2.649609424843592365e+02 2.668238801916072021e+02 2.619514620004141534e+02 2.653667686494847544e+02
2.860338221080595531e+02 2.866352518096127824e+02 2.830263052054825721e+02 2.862598731182795291e+02
2.509851484940388104e+02 2.518139811072838654e+02 2.493137293187406271e+02 2.523092090192054400e+02
2.464015182015294556e+02 2.464506779494083162e+02 2.457932427367209698e+02 2.469759382332922826e+02
2.648395178275759463e+02 2.648032906648948597e+02 2.624442990478646038e+02 2.660395227367505413e+02
2.518064573548490728e+02 2.527513300707606163e+02 2.500964256247286244e+02 2.532156068262583801e+02
2.469445907194638039e+02 2.476759050651403982e+02 2.464277593197981844e+02 2.478842250611393183e+02
2.501721725113115440e+02 2.500105897509245096e+02 2.478650679212602483e+02 2.499750790502693008e+02
2.489340283741815938e+02 2.494731915451456246e+02 2.480737881441780530e+02 2.492386857634911905e+02
2.863865618244938673e+02 2.871996294391736910e+02 2.813975473209886786e+02 2.840856435444784438e+02
2.453038886091720485e+02 2.451364597737083386e+02 2.445183708307913264e+02 2.454946664781369918e+02
2.480357311710145893e+02 2.483007416130131162e+02 2.466078581262406146e+02 2.485615548064156712e+02
2.633942049848802753e+02 2.642224355981276176e+02 2.605658666824103307e+02 2.645025464071004535e+02
2.514655105491995357e+02 2.529470523210129329e+02 2.507602220947746616e+02 2.529435444076984822e+02
2.477475288800554836e+02 2.480240585182064308e+02 2.459339057245595654e+02 2.482044840096527309e+02
2.482030179066881885e+02 2.485320017960612802e+02 2.472329665501160605e+02 2.486827593290738037e+02
2.577814485650139318e+02 2.586606617846386484e+02 2.556724544971959574e+02 2.587546525597108484e+02
2.584601263245658629e+02 2.587887186054587119e+02 2.564716610795545648e+02 2.597113464775447369e+02
2.492700097289780672e+02 2.498842896635939610e+02 2.476878297630353245e+02 2.514348168357463749e+02
2.451596581808157396e+02 2.452665912311058491e+02 2.444716681887584855e+02 2.452001095637623962e+02
2.596982591258249613e+02 2.604924539095781597e+02 2.572383986558015749e+02 2.607552434053244497e+02
2.524837956011459994e+02 2.538793058717348288e+02 2.508402102441027637e+02 2.539683962521444016e+02
2.711053249782831926e+02 2.719238252067757458e+02 2.691509989434911745e+02 2.722182927649863018e+02
2.820623298364677112e+02 2.826958706718440908e+02 2.787235431763972997e+02 2.824119460549280234e+02
2.426508144681365025e+02 2.424997759920500755e+02 2.408317649273887753e+02 2.428475559443361931e+02
2.545913672711522793e+02 2.554529626861717873e+02 2.532910454104286089e+02 2.556607167112764500e+02
2.620605694331244422e+02 2.614018812955216617e+02 2.589330327733525223e+02 2.634041334733840358e+02
2.470739294951141574e+02 2.477906571134898854e+02 2.467199646244190774e+02 2.479726532728146822e+02
2.437774025817712413e+02 2.439547230031681408e+02 2.429780071611943981e+02 2.442967212947879148e+02
2.470952314500345040e+02 2.472060384155653310e+02 2.459720701978869215e+02 2.473767085862577915e+02
2.507276201156666104e+02 2.521677677130043662e+02 2.485878049680536321e+02 2.529792722413798174e+02
2.663504235844218329e+02 2.689553103804427110e+02 2.657024592467876687e+02 2.702110477761126504e+02
2.481139524366417106e+02 2.476542702068530843e+02 2.466625688605778635e+02 2.484145663618680260e+02
2.447559907064760409e+02 2.451254461134490725e+02 2.436108653606783889e+02 2.457639856419588682e+02
2.501972355208847887e+02 2.501889647895933990e+02 2.480160131266327426e+02 2.510224229380249312e+02
2.538997009430638343e+02 2.541113600210203458e+02 2.525122674921782107e+02 2.546043154899408307e+02
2.531810464346278593e+02 2.533768482172245058e+02 2.515029737725238590e+02 2.539781470761018056e+02
2.479527415157207884e+02 2.475880056074030335e+02 2.470438623092583441e+02 2.487956015264601888e+02
2.785587295287722895e+02 2.792644013439048081e+02 2.757243757793601731e+02 2.790153673945668515e+02
2.700220522336768454e+02 2.720373665946535198e+02 2.677712101844051062e+02 2.723870992194175074e+02
2.537899626919635523e+02 2.540881000532711198e+02 2.518867300136346614e+02 2.539586568338652057e+02
2.484901440587287595e+02 2.486620154502349465e+02 2.479429022804556837e+02 2.491741642527825036e+02
2.449542410149234115e+02 2.451025616752173164e+02 2.440561480262065288e+02 2.453650499764632684e+02
2.461849403097765503e+02 2.462793824851149225e+02 2.448121745811083940e+02 2.463369666165777687e+02
2.530338465617491295e+02 2.530390291819778668e+02 2.510670970485550697e+02 2.544198850199220487e+02
2.480185502762527960e+02 2.485019697228468658e+02 2.466571556307441142e+02 2.487665336431735739e+02
2.770691084179895256e+02 2.771913244346201850e+02 2.745199795393085083e+02 2.779634353701382565e+02
2.669060500226946715e+02 2.666264428183717996e+02 2.636943095148256475e+02 2.673778400073417174e+02
2.516278084749953052e+02 2.513943202182257721e+02 2.501314376966970201e+02 2.529775459402968067e+02
2.524252574365413295e+02 2.532835559384524515e+02 2.509061751364053521e+02 2.541654175120758055e+02
2.573510243616401567e+02 2.592563920629818313e+02 2.548000726152920663e+02 2.582121627777602839e+02
2.909531421470435930e+02 2.912486976271533194e+02 2.880518256521385752e+02 2.913942880407984717e+02
2.471254702426017786e+02 2.476781210787606824e+02 2.470065725032963542e+02 2.478931895790183830e+02
2.524385316181438839e+02 2.529690861793552017e+02 2.505763249652370064e+02 2.531661890920972553e+02
2.867111919065576444e+02 2.887546657901755225e+02 2.857110450974749938e+02 2.884245408131042723e+02
2.516684030186059999e+02 2.515964257323155380e+02 2.501473655961013662e+02 2.515818002375412732e+02
2.566475264393326370e+02 2.571693451371293690e+02 2.543155373565813875e+02 2.582025788137194695e+02
2.495725892390917124e+02 2.499403532881376293e+02 2.489639123473569668e+02 2.501935610280756919e+02
2.505698584032049041e+02 2.509837150954820970e+02 2.497314760124929194e+02 2.512050527609179653e+02
2.465285576890184700e+02 2.470483445971662206e+02 2.453542175418520230e+02 2.474182425839470341e+02
2.445083733374638086e+02 2.455172994568220304e+02 2.438829537233412452e+02 2.467091270940739776e+02
2.450356439560718798e+02 2.453178468681064714e+02 2.441005498906253877e+02 2.456935315762785876e+02
2.538381517323494450e+02 2.534950878316882097e+02 2.514701149537768856e+02 2.541221626709092334e+02
2.523784870273244110e+02 2.528489516541681610e+02 2.505009819005940699e+02 2.523323230750346795e+02
2.579861438418640773e+02 2.580879028610233945e+02 2.540142874797013803e+02 2.600538218240238848e+02
2.514771724209239494e+02 2.521997135194919224e+02 2.503286544892468442e+02 2.521356641502676723e+02
