2.635130102592540879e+02 2.635864755621388440e+02 2.607625070028070695e+02 2.632843685567921170e+02
2.593491722588704533e+02 2.602181146578191715e+02 2.579219131535311362e+02 2.603402804066162162e+02
2.646569879841495663e+02 2.657340955299117127e+02 2.633833875638679842e+02 2.654921503276571570e+02
2.544749216371171769e+02 2.548964119320039856e+02 2.540992635091591012e+02 2.556447915449966786e+02
2.551205287541607447e+02 2.550895781988262740e+02 2.535249416321621254e+02 2.555235639480116276e+02
2.593770395415551206e+02 2.589840451508147794e+02 2.572841326806854454e+02 2.599045423986573837e+02
2.556252880419885400e+02 2.554196917475925090e+02 2.548064525896455166e+02 2.557049727678500517e+02
2.545590512051898884e+02 2.550155486239137304e+02 2.537060921018636463e+02 2.548920444718241072e+02
2.552520277274441298e+02 2.554460049557008574e+02 2.539489240870134381e+02 2.558324314386486549e+02
3.001486552285965672e+02 3.017168856458396817e+02 3.001327469782242474e+02 2.997509604349854158e+02
2.535762274222140888e+02 2.544259561598000516e+02 2.531171805578745762e+02 2.542149972597660508e+02
2.480649292124040812e+02 2.483842355812556661e+02 2.462589238067449173e+02 2.488916658829070627e+02
2.564875120186866297e+02 2.571146419560932372e+02 2.548043635519318570e+02 2.567877681532564225e+02
2.650545501496824272e+02 2.652331833085278845e+02 2.635590254638964325e+02 2.656875359013588422e+02
2.676904504597540608e+02 2.679952600232409168e+02 2.650616719148464995e+02 2.671261204617515546e+02
2.589511294911832238e+02 2.592652299376831024e+02 2.579921265173427969e+02 2.599091037757744402e+02
2.567711625775160655e+02 2.565397725146395373e+02 2.552359095353444332e+02 2.569228926456547697e+02
2.656276038977923690e+02 2.667002773571784928e+02 2.633625866567124945e+02 2.674407263974716216e+02
2.648829845785072052e+02 2.658668593032058425e+02 2.640801489403356754e+02 2.656521415948172944e+02
2.579263601155190599e+02 2.581523062718663368e+02 2.565307108536309215e+02 2.594245968887668710e+02
2.566374601892325131e+02 2.566666996861198982e+02 2.554399195133552780e+02 2.567314743677327442e+02
2.727157057834187981e+02 2.734055880455921965e+02 2.702223722063738478e+02 2.728246563428643299e+02
2.513328824494213052e+02 2.515256379141167713e+02 2.505929472732729266e+02 2.522836989474366476e+02
2.582863823422542282e+02 2.589021858387092720e+02 2.560578178723459928e+02 2.592475207735625986e+02
2.673865107020379241e+02 2.686236426256319305e+02 2.651387345530712878e+02 2.681349638663088513e+02
2.547879127519109659e+02 2.548152570927888405e+02 2.527363473681702999e+02 2.551140343713623793e+02
2.572427843510897105e+02 2.581422140771983891e+02 2.571775999264245343e+02 2.582398740481666550e+02
2.563132701727265044e+02 2.572012818659549680e+02 2.553120729277069927e+02 2.573990227263028032e+02
2.864026695204583461e+02 2.866914739533165744e+02 2.834426680028050782e+02 2.862745432274577979e+02
2.516656609240165778e+02 2.518256713811863960e+02 2.507785683227428422e+02 2.526069954630849281e+02
2.537665076642783504e+02 2.545130366248976088e+02 2.521490419459420878e+02 2.545805154267924024e+02
2.619688695678883619e+02 2.631891816173841221e+02 2.598423820602525893e+02 2.630018845561997409e+02
2.548893780695661633e+02 2.551094611064373225e+02 2.536848580684519163e+02 2.560145256777124700e+02
2.925112550062121954e+02 2.929833124243693874e+02 2.905533422972943072e+02 2.916538123735308545e+02
2.833067966293118616e+02 2.833207906566187262e+02 2.813069893716942147e+02 2.835239767251001695e+02
2.681653918164304287e+02 2.676101289568930497e+02 2.663530857905016092e+02 2.690914312769696721e+02
2.591322598451603199e+02 2.591983384885026567e+02 2.576047201888694076e+02 2.598892647500115913e+02
2.535813786130259189e+02 2.534077420834890120e+02 2.528757485991736189e+02 2.535716265371591192e+02
2.507389253750222053e+02 2.506272563908888742e+02 2.492699021563012138e+02 2.509151545007953246e+02
2.537669989724666095e+02 2.539443647792929255e+02 2.524410996786230896e+02 2.539027574437450596e+02
2.638635607201281346e+02 2.634899696332369103e+02 2.611174262654822655e+02 2.638411864498203272e+02
2.753316049644624854e+02 2.753498415193521396e+02 2.732801775687918848e+02 2.757745940756811365e+02
2.541743201813401924e+02 2.544809064069494013e+02 2.531001077380723530e+02 2.551155962808938682e+02
2.806639027863148499e+02 2.815892602104821663e+02 2.783481402059431389e+02 2.800973907256123425e+02
2.819239412739281079e+02 2.831027101011242735e+02 2.789856711038813160e+02 2.830825742761520587e+02
2.526438731599000107e+02 2.529256590493638441e+02 2.523595211607521378e+02 2.536389486107449045e+02
2.555289433540738457e+02 2.558177693136376547e+02 2.542059588234901355e+02 2.558415224125924112e+02
2.785107970765367327e+02 2.789353289917101506e+02 2.760269975739640245e+02 2.789393404131945431e+02
2.797504620258307000e+02 2.812640484213298464e+02 2.777475161688213916e+02 2.805061545907063305e+02
2.504557475692141395e+02 2.499862782713634886e+02 2.494156418147232159e+02 2.503902818347893344e+02
2.563682999090698331e+02 2.565429603076459557e+02 2.555818689913639332e+02 2.564348816907049127e+02
2.685653264460153764e+02 2.687825196180870648e+02 2.666900613630230055e+02 2.687354246479288804e+02
2.561591487671321374e+02 2.564441443679878603e+02 2.548079514299468542e+02 2.565196990269266166e+02
2.715284242824527041e+02 2.714645596876001150e+02 2.691996087458788338e+02 2.721051378520481876e+02
2.633715730422040906e+02 2.635595301091525471e+02 2.618341103949410922e+02 2.637463929930015638e+02
2.555885166307759846e+02 2.561532874682749252e+02 2.558863329336467132e+02 2.568759473271101115e+02
2.573292936826988466e+02 2.580728608257213637e+02 2.566425464902991394e+02 2.582188640901891290e+02
2.980965146654505133e+02 2.986442778360740817e+02 2.967974821490092836e+02 2.967389492630140921e+02
2.875360305449536327e+02 2.873420573187822811e+02 2.852208948512690085e+02 2.863000789008775087e+02
2.598396009618654716e+02 2.594037626109792996e+02 2.579648420466575089e+02 2.599520046498785746e+02
2.557101426037456804e+02 2.566004471246328649e+02 2.542915285504202529e+02 2.561151633488917128e+02
2.527960876664320153e+02 2.530556497090888115e+02 2.520535352089341643e+02 2.533819479844876810e+02
2.529738964719585965e+02 2.533945494067676236e+02 2.518156906694327972e+02 2.531730423421286389e+02
2.549296127175310858e+02 2.553979983480458031e+02 2.545902819127365433e+02 2.550195296207318734e+02
2.670984927817052039e+02 2.692493586559090204e+02 2.643964828945324257e+02 2.682950034754231297e+02
2.569066915301752374e+02 2.573585072760720323e+02 2.567131399779417507e+02 2.573017798302916503e+02
2.655791939856530917e+02 2.663351419653806715e+02 2.639273052830263282e+02 2.663047572565030805e+02
2.533757158052733871e+02 2.525121264175665772e+02 2.513830975124106999e+02 2.537552375589128246e+02
2.827218809086581359e+02 2.834228240303377788e+02 2.807644730572670824e+02 2.829414049135637015e+02
2.603495428726656087e+02 2.603983850248304179e+02 2.594812041605932791e+02 2.607982029788563523e+02
2.645011306813854048e+02 2.642490560943606397e+02 2.619978497392287977e+02 2.637879152690267688e+02
2.513756197577757803e+02 2.523604263072528227e+02 2.509500966851832686e+02 2.523116367066580494e+02
2.601726510342539314e+02 2.595872611310036291e+02 2.578196253787194792e+02 2.604440950311095548e+02
2.558202392173263604e+02 2.561334498214930022e+02 2.548519551352484314e+02 2.558828335649591850e+02
2.619744510389752463e+02 2.622861654311250277e+02 2.603639340841532430e+02 2.620784827805842951e+02
2.680533673046424497e+02 2.687607058968699789e+02 2.666104215695996800e+02 2.678998131220924392e+02
2.560726197513632769e+02 2.563615075335167148e+02 2.551204897499565902e+02 2.563768357068263981e+02
2.966499193394794247e+02 2.972580490294906213e+02 2.945964105112753373e+02 2.966641499540883160e+02
2.528543397948947700e+02 2.529512412141197331e+02 2.502891662205722980e+02 2.527078580872875477e+02
2.577072877208548789e+02 2.580681976406945068e+02 2.566647030921196233e+02 2.580248910673529963e+02
2.596123905604516722e+02 2.596532145956260820e+02 2.582547950258061746e+02 2.593136384250175297e+02
2.547148249752425215e+02 2.548004696091216204e+02 2.530898596129235898e+02 2.549247205357717121e+02
2.537633961280628228e+02 2.540587939890299083e+02 2.519538669125022636e+02 2.539531202776238672e+02
2.548303858058265234e+02 2.554464769503712773e+02 2.529659081549144730e+02 2.553355170112930352e+02
2.561023138860023209e+02 2.555411781792335830e+02 2.551085754860368411e+02 2.561368577728860600e+02
2.539568716285483845e+02 2.539031604518972358e+02 2.527765848680197109e+02 2.540646716436957320e+02
2.535712230607248046e+02 2.539816862685306091e+02 2.519343818991329158e+02 2.539250552797444129e+02
2.578792395789444640e+02 2.580633292681476973e+02 2.561250024246626253e+02 2.587078820645555197e+02
2.587277073084443373e+02 2.587706385704435661e+02 2.575674508204722315e+02 2.594076681260683017e+02
2.489473359134918553e+02 2.490841819501075349e+02 2.482870380128952661e+02 2.490399262043255817e+02
2.543220915203775689e+02 2.547411837951912901e+02 2.540706871798657858e+02 2.546402476449962364e+02
2.746209569365997822e+02 2.751394829616518223e+02 2.718529621797735558e+02 2.750202886975812930e+02
2.614801586799268875e+02 2.611540557199944033e+02 2.603321530022528805e+02 2.617244275493966370e+02
2.515160004609754480e+02 2.513790376838699387e+02 2.503592502273304774e+02 2.514218710018181469e+02
2.507235516263258148e+02 2.509299950205800940e+02 2.490315242393664050e+02 2.508949706558973389e+02
2.558075804301802521e+02 2.567910268384763981e+02 2.536877106672524462e+02 2.565648171180493478e+02
2.723997830893077889e+02 2.731958776200891066e+02 2.696487725977523269e+02 2.728868349362504659e+02
2.485053682725741737e+02 2.487153594198114490e+02 2.476455588649766639e+02 2.493759311621210770e+02
2.583820837724986177e+02 2.588879315730570170e+02 2.572235175453705551e+02 2.591878358757722935e+02
2.582152081887196005e+02 2.586194735650741450e+02 2.568572021506753345e+02 2.595750067622684014e+02
2.580612156583217143e+02 2.585147434286901102e+02 2.563288518532186231e+02 2.588104111831854652e+02
2.588817184415681254e+02 2.585731961644379453e+02 2.579607695869100894e+02 2.593031247169492417e+02
2.518274026428766774e+02 2.520290574594484951e+02 2.502069930512717804e+02 2.517855881139153098e+02
2.765196835818207433e+02 2.775014773687669276e+02 2.750184582499494468e+02 2.776537338749262176e+02
2.557166423884701203e+02 2.561214438492055478e+02 2.540445880457784824e+02 2.562258812734681328e+02
2.530576500272908049e+02 2.537408298999910699e+02 2.528611045209590316e+02 2.538384433105002813e+02
2.931629608781923366e+02 2.937040672403728649e+02 2.898169902120391157e+02 2.917962957280227556e+02
2.926714053580486734e+02 2.928010755909849649e+02 2.904378344036641693e+02 2.915046271732909418e+02
2.597766158799256573e+02 2.595420131579745089e+02 2.571963439794545820e+02 2.599274089989754088e+02
2.583499151234531155e+02 2.597798881992317206e+02 2.555950311379780544e+02 2.601366848479601686e+02
2.619516374512001562e+02 2.627658694616856110e+02 2.611803155319053076e+02 2.631759995050930456e+02
2.541503928865095077e+02 2.543977633868424846e+02 2.530177901383149504e+02 2.554211437948201535e+02
2.536051888305610476e+02 2.534336371624191599e+02 2.529871553424276556e+02 2.542621569974397460e+02
2.552159775404868469e+02 2.550327792541285703e+02 2.530549311716827958e+02 2.568367332054608596e+02
2.586950053676798689e+02 2.588949098732335869e+02 2.579706403726817712e+02 2.591093403736907135e+02
2.568630683640362236e+02 2.571896717531398622e+02 2.560458493514526026e+02 2.568732998214880467e+02
2.557340828523860239e+02 2.559619797588484857e+02 2.545741284012138692e+02 2.559809403036912556e+02
2.537668572189942608e+02 2.543448881851158205e+02 2.521066096206021712e+02 2.537066044764508206e+02
2.543016603636936850e+02 2.545102085005239871e+02 2.526311866253639948e+02 2.548680406140966568e+02
2.666056441994421675e+02 2.660823152498104491e+02 2.640746859510771856e+02 2.670219582790634831e+02
2.561306378803838584e+02 2.562843973433865017e+02 2.549030217437488375e+02 2.562433171883795922e+02
2.551676106901437038e+02 2.547506147768127676e+02 2.530692192306800052e+02 2.553584222019773620e+02
2.703393340545464412e+02 2.711585994018547012e+02 2.674583954670323465e+02 2.708716281248948121e+02
2.919635715266073817e+02 2.926021017770517005e+02 2.894290765805347405e+02 2.913610199057268346e+02
2.472070931580453532e+02 2.474711201558496896e+02 2.458013741677858377e+02 2.482587070905921962e+02
2.560884708028232808e+02 2.566346787193755858e+02 2.551520152565784088e+02 2.564666626755501397e+02
2.551571352577222456e+02 2.559952021002521860e+02 2.550482319988747975e+02 2.557157833893675445e+02
2.949891859933774754e+02 2.953828533012985531e+02 2.917204392431409588e+02 2.940156256777887620e+02
2.543309709272037935e+02 2.545853839203840607e+02 2.527527763346534755e+02 2.550907185830872663e+02
2.522179358457081833e+02 2.526539364436843584e+02 2.515621213466428401e+02 2.523326866785966160e+02
2.521677864014626778e+02 2.523913815723736320e+02 2.510290751231590036e+02 2.528843614635825929e+02
2.511762672572483552e+02 2.517600141805045268e+02 2.498974076705301286e+02 2.515438523508288426e+02
2.519482360608836586e+02 2.526139574951785960e+02 2.513580649975458527e+02 2.525563052414275944e+02
2.660775107021286772e+02 2.679972875006657773e+02 2.661553441060431169e+02 2.681274800462682606e+02
2.830554780235167982e+02 2.836301657783062637e+02 2.797242787359111276e+02 2.828589626720667525e+02
2.607400839025090704e+02 2.608722133831654446e+02 2.602475865035271454e+02 2.617321882718283632e+02
2.506218563328826008e+02 2.509574773616476193e+02 2.507575365373578506e+02 2.520972288652618545e+02
2.632580554491337921e+02 2.631839416057509311e+02 2.619288480227222067e+02 2.640491040369469715e+02
2.553822765534586097e+02 2.558461679814563752e+02 2.549445155227785449e+02 2.562177298368550282e+02
2.748121371292557455e+02 2.755734519079435358e+02 2.715872606584896403e+02 2.751430488088066681e+02
2.727069615341482631e+02 2.714127254354572187e+02 2.698764344887138691e+02 2.733140013162991977e+02
2.556496549775128244e+02 2.564543546413133299e+02 2.549871181205821813e+02 2.563198993761377551e+02
2.620875851278090067e+02 2.624556280225500586e+02 2.604737151099832886e+02 2.625903892483383970e+02
2.595876166198088981e+02 2.606528418360725823e+02 2.587874355954126031e+02 2.608022723231031250e+02
2.869792107937547598e+02 2.886540380742029015e+02 2.855183873659520941e+02 2.875325434231422719e+02
2.572861635438003987e+02 2.569184251682272020e+02 2.565601003862504399e+02 2.578905019317022038e+02
2.612254818222521067e+02 2.611800177217292003e+02 2.600544558797167838e+02 2.617976288359413388e+02
2.573194948516165255e+02 2.571796279105985832e+02 2.566172582452406346e+02 2.578322942006706171e+02
2.704546934524814219e+02 2.720831542276032451e+02 2.672078224781996028e+02 2.697512792470516274e+02
2.582586800223890009e+02 2.586889100879571401e+02 2.585220733300353118e+02 2.590597745311364974e+02
2.704410098599350931e+02 2.716826120601301682e+02 2.684091270793150557e+02 2.711696745654793972e+02
2.698132406878971210e+02 2.702092643856797736e+02 2.666794696970138716e+02 2.701346176201258231e+02
2.627585334623414610e+02 2.628326159451881381e+02 2.613921464578415339e+02 2.633550428077450647e+02
2.611173728602178130e+02 2.607308787342789174e+02 2.585453943942825390e+02 2.616792181575372069e+02
2.583024477058989987e+02 2.590932672114763591e+02 2.580299933532749037e+02 2.588570199299756496e+02
2.749855850040279392e+02 2.753060717132419200e+02 2.714720622242557511e+02 2.744461070358370876e+02
2.520858480274727356e+02 2.520086169726557443e+02 2.507876458436131202e+02 2.521358700983014955e+02
2.593935293400863316e+02 2.601989401566020206e+02 2.586941741099024057e+02 2.601261865753170923e+02
2.588515530781601228e+02 2.587932864271195399e+02 2.571302808591357802e+02 2.587565578932362200e+02
2.644993649589679876e+02 2.648272426248141187e+02 2.623846693419054077e+02 2.653334042884875430e+02
2.534108738438777380e+02 2.533116138212842543e+02 2.521945618430654577e+02 2.541440938888361529e+02
2.543194009313138793e+02 2.542661493144312033e+02 2.527716451716956101e+02 2.539427772425956675e+02
2.549725922471106685e+02 2.559612191701623658e+02 2.523558603145275185e+02 2.559116119884177181e+02
2.515691594945418785e+02 2.525055665021051539e+02 2.509137872482670844e+02 2.528306601401233138e+02
2.509871189115585253e+02 2.509517876508548397e+02 2.491504198983124923e+02 2.513883475024793483e+02
2.547914319381399366e+02 2.551377678277395944e+02 2.540072438113771227e+02 2.547480967793613047e+02
2.511962338222515712e+02 2.518210293150730763e+02 2.503377380657455546e+02 2.518834428724916563e+02
2.816225061256590152e+02 2.824776519646932798e+02 2.789272588024052197e+02 2.827896176935190056e+02
2.554231246148291916e+02 2.560045703073225241e+02 2.547788996995758168e+02 2.557860177808052526e+02
2.564812108500097452e+02 2.565548611187869028e+02 2.550256122514866775e+02 2.570688335937265379e+02
2.646159836993888348e+02 2.655093662982889668e+02 2.625352272967854788e+02 2.651076246514300010e+02
2.626230043052372594e+02 2.625632057847625447e+02 2.604164051858771813e+02 2.622109621948628160e+02
2.649749709128448671e+02 2.652362941345867284e+02 2.628218480937847517e+02 2.652276161044098330e+02
2.579724115160281031e+02 2.585786961442773304e+02 2.564454011387884975e+02 2.591796396498837680e+02
2.485186110074908754e+02 2.478062577308596133e+02 2.462736294622719697e+02 2.484664972564696939e+02
2.567351591189828923e+02 2.573752054863688841e+02 2.547043245584380884e+02 2.577600989052381237e+02
2.516913552858660523e+02 2.517488362713040146e+02 2.514462834571845349e+02 2.520663438742724622e+02
2.635417728390645493e+02 2.647914186781652575e+02 2.619243887674690541e+02 2.646264259522342854e+02
2.618037148931726392e+02 2.625855509259885139e+02 2.594201276917629571e+02 2.630804703452533886e+02
2.536739987117710200e+02 2.540483879593324161e+02 2.523933728089243687e+02 2.542941434890653341e+02
2.632583053688626933e+02 2.631453195699404546e+02 2.614988383812060420e+02 2.646855643473200530e+02
2.620954217656521337e+02 2.620920654793956714e+02 2.598274132876959470e+02 2.618181206067429798e+02
2.523233097586364693e+02 2.524500667477987292e+02 2.509134793807645849e+02 2.526198649969287828e+02
2.511375518713372514e+02 2.513249581787909790e+02 2.500779429975443691e+02 2.513849672609651122e+02
2.535631014404005157e+02 2.545007034628773965e+02 2.529003963069183669e+02 2.542468387931787390e+02
2.614351156877577296e+02 2.614684521065004219e+02 2.588796226408095436e+02 2.620398584746191091e+02
2.545866560915666241e+02 2.548996450811006866e+02 2.543293897356502100e+02 2.550874042820629768e+02
2.937766686638721580e+02 2.937870072325602564e+02 2.923232650150721383e+02 2.933070968009535022e+02
2.486304778817867600e+02 2.487411126213425518e+02 2.474259814191056250e+02 2.492119132810697977e+02
2.653897424904429272e+02 2.659857462580192191e+02 2.617613792079673658e+02 2.659719190338661292e+02
2.509218040786906840e+02 2.514995060495571124e+02 2.494901654009817662e+02 2.511644172898162708e+02
2.464987642274219297e+02 2.469331070584125030e+02 2.453987177226308916e+02 2.473217527500736139e+02
2.572596231008624272e+02 2.573529603049365164e+02 2.569085295819027124e+02 2.578595493694235756e+02
2.607758955077007954e+02 2.609052684427032887e+02 2.592806822198385248e+02 2.617681333168749234e+02
2.513142754346150980e+02 2.506522170120413193e+02 2.505494687625804886e+02 2.513666845433199057e+02
2.635465403385645686e+02 2.638768888316605512e+02 2.619618981290146280e+02 2.648217399042286502e+02
2.560939232222911528e+02 2.557286221647213154e+02 2.548326539768670500e+02 2.560935189977661821e+02
2.788077893207497482e+02 2.791345450114628761e+02 2.763316893513927539e+02 2.785634442335505696e+02
2.521090088180608575e+02 2.525717258403977041e+02 2.508043173132515449e+02 2.523753018619208035e+02
2.559867229176780938e+02 2.560289419896276399e+02 2.548090358822309440e+02 2.557372628216747614e+02
2.683157272850429536e+02 2.679054826964870131e+02 2.651457741676640580e+02 2.683587494562127063e+02
2.578399412653652121e+02 2.586242779328918004e+02 2.578236465553240464e+02 2.589164008925878306e+02
2.584112084215895493e+02 2.587561844594409308e+02 2.573124485322978785e+02 2.589736270027016189e+02
2.932580722199418233e+02 2.942679322667848396e+02 2.925353309443868284e+02 2.944386821052323739e+02
2.580923670803804839e+02 2.582446654079575978e+02 2.563563436610545523e+02 2.582110404604882206e+02
2.540731274226015728e+02 2.540715431486802913e+02 2.527559123250552489e+02 2.539182448030198032e+02
2.483635730563140669e+02 2.490197830674017609e+02 2.479550026305183792e+02 2.491522051730832743e+02
2.545558750388292424e+02 2.544065500244874727e+02 2.535594765025535651e+02 2.550854447160402287e+02
2.497459497596867948e+02 2.500859889416851445e+02 2.486838853730455980e+02 2.498719806079683394e+02
2.561564554393748381e+02 2.558198233828030084e+02 2.545122309745412679e+02 2.566335314098054141e+02
2.612914339690395877e+02 2.616326564518126361e+02 2.605472673552102378e+02 2.611951520370445223e+02
2.607929155756228852e+02 2.618979920691833740e+02 2.596814478666738069e+02 2.618575889187385428e+02
2.575942409357656970e+02 2.580733197426895913e+02 2.560163541067661299e+02 2.580665147394912537e+02
2.535293086179378861e+02 2.533391415645409381e+02 2.526435149459640002e+02 2.541787161367909675e+02
2.699741154355807566e+02 2.697119970906038589e+02 2.670350676475321166e+02 2.710300199471426481e+02
2.629393403969071983e+02 2.633897438312522468e+02 2.602163558989469720e+02 2.634285213585195606e+02
2.519757126777977021e+02 2.526699503203981862e+02 2.515738534911756403e+02 2.524035481411269757e+02
2.524451685319249918e+02 2.528433019691396453e+02 2.504835832324929470e+02 2.535123818901889194e+02
2.539240616705004925e+02 2.543780430650330402e+02 2.529813849701812956e+02 2.547708221742601893e+02
2.569720264091325248e+02 2.574074533568586389e+02 2.554892793614255027e+02 2.570483023250091605e+02
2.548064403767253623e+02 2.553068474517113771e+02 2.540161329722010066e+02 2.562292870347414464e+02
2.494693034237614597e+02 2.495292384201718221e+02 2.487508010366575206e+02 2.498282986511368051e+02
2.787862884372524945e+02 2.792605701429538954e+02 2.769659603398845888e+02 2.801453994315685918e+02
2.547788549797803910e+02 2.543422069985396092e+02 2.539287500479669291e+02 2.544951228918975801e+02
2.749788357042229450e+02 2.739575559642426583e+02 2.707600439796856335e+02 2.744534841472802782e+02
2.754323300600490256e+02 2.756864020773077186e+02 2.725567454837849937e+02 2.759987774028993499e+02
2.653652694748205931e+02 2.658425294839486241e+02 2.642702944382564283e+02 2.665802180532368766e+02
2.747870672800008833e+02 2.762256254696368387e+02 2.717352490766517121e+02 2.751234980532609598e+02
2.790120836011928986e+02 2.796784590766903875e+02 2.776822267529991564e+02 2.792300988884241519e+02
2.527620325290374694e+02 2.522953991319015472e+02 2.510918153893214253e+02 2.526096857240643203e+02
2.983903664747730318e+02 2.986447872444212521e+02 2.983687314066177123e+02 2.974971700170821691e+02
2.512789615404869039e+02 2.515672330689660612e+02 2.509080878181903529e+02 2.516053193300144528e+02
2.682602803721451892e+02 2.683174570660527252e+02 2.664831615100006275e+02 2.682831628513789042e+02
2.552354805872637087e+02 2.554837249271288329e+02 2.547013161657463627e+02 2.555954569112301442e+02
2.512291726195856256e+02 2.515026086224833080e+02 2.494195128746108594e+02 2.515382226613606917e+02
2.596373515264647835e+02 2.597416037009862748e+02 2.586032433412045179e+02 2.599777145304278747e+02
2.745401944597193165e+02 2.751619247061492501e+02 2.723315107654905205e+02 2.748291367367345970e+02
2.624017721482376828e+02 2.628005830225403656e+02 2.614409937515549132e+02 2.628655416031988352e+02
2.669088109982877768e+02 2.670538471167756143e+02 2.651424757475877527e+02 2.679735815444028049e+02
2.676042199603967333e+02 2.687194562735559202e+02 2.667228864005188598e+02 2.686234060870636995e+02
2.566421095709181373e+02 2.576087261622215010e+02 2.559288171161049945e+02 2.576789360139347309e+02
2.770928883283739879e+02 2.779223143116598180e+02 2.751135392054881095e+02 2.780986076878732547e+02
2.614627364352684253e+02 2.623158828383191121e+02 2.592013737460028437e+02 2.620413632063205114e+02
2.692524626970114809e+02 2.704319758133194682e+02 2.675953734853550827e+02 2.703998702524871192e+02
2.532319533555643147e+02 2.534110453433848136e+02 2.514515907750180190e+02 2.532367989604899776e+02
2.627090636227881646e+02 2.629983542013670217e+02 2.607827673416908283e+02 2.631864209460484290e+02
2.532300200889031601e+02 2.529544032870920773e+02 2.523979326039184627e+02 2.536309551970936695e+02
2.554241817446321932e+02 2.560374512488506866e+02 2.545987573624986453e+02 2.562070078725644180e+02
2.537454709170776539e+02 2.551196442750273548e+02 2.530741643380009691e+02 2.545181024849789253e+02
2.562009182564185608e+02 2.563884123582450911e+02 2.545928699194124079e+02 2.573537335998965432e+02
2.602761183725070850e+02 2.614590895685062719e+02 2.588489666761126387e+02 2.612309954750201086e+02
2.630008132665994367e+02 2.630838784304914952e+02 2.603894730993072244e+02 2.636555030321235336e+02
2.544015646874071876e+02 2.537223004927996328e+02 2.533512279555568512e+02 2.542768317008267331e+02
2.532607558417846860e+02 2.542016684067336030e+02 2.518414014462109378e+02 2.537681770585632819e+02
2.616092638124345058e+02 2.614333443648814637e+02 2.588891007168330134e+02 2.615162280628915141e+02
2.624902239385757525e+02 2.622438330754402500e+02 2.599984518381722864e+02 2.636150421897551723e+02
2.615123833422447888e+02 2.625317681196559647e+02 2.603798808706999353e+02 2.626689295091797476e+02
2.558449605054736082e+02 2.562704776570268450e+02 2.544803097371805052e+02 2.564187094410326040e+02
2.490074526146684093e+02 2.482912694073341413e+02 2.475940011394987152e+02 2.493683354353318009e+02
2.652266801040451014e+02 2.664726973730183204e+02 2.630911949534608425e+02 2.663889351685155589e+02
2.539809479518728210e+02 2.542122450260149549e+02 2.529310559381828512e+02 2.546619481517722079e+02
2.786255991468375441e+02 2.785482001112294483e+02 2.755391403079759698e+02 2.786285968986098851e+02
2.732546607362761506e+02 2.736631081388862299e+02 2.704645020722699087e+02 2.731011159752894741e+02
2.955922529750214380e+02 2.961503295486348861e+02 2.948877297514379734e+02 2.959894093426309496e+02
2.646920484850866160e+02 2.645568431511575227e+02 2.621331892545142068e+02 2.653170599365464568e+02
2.610039473955237668e+02 2.613681151528203372e+02 2.595335601546673843e+02 2.616490072392252841e+02
2.566719123786937189e+02 2.569754918503191448e+02 2.554475623063008243e+02 2.566123780702282602e+02
2.576254501010554918e+02 2.581115498190811763e+02 2.563107659763665538e+02 2.580981841683050675e+02
2.546291394980855216e+02 2.545430103901202301e+02 2.530214817843588264e+02 2.553682047426127042e+02
2.584313779541979557e+02 2.591076807055983977e+02 2.579144882634749365e+02 2.590896393583952886e+02
2.619165806259781561e+02 2.618012882553559280e+02 2.601304122981875366e+02 2.623711947509410152e+02
2.569044388950577513e+02 2.568135551353712458e+02 2.567741865875716485e+02 2.566338776778270585e+02
2.588503437253884272e+02 2.585146926718355758e+02 2.572040601137897511e+02 2.594709481130189488e+02
2.630880832834252487e+02 2.635768775788401399e+02 2.612222065622845548e+02 2.640494049709276965e+02
2.534808763862720014e+02 2.540792600207414296e+02 2.529954809376675939e+02 2.544897410148932124e+02
2.514172672912052633e+02 2.513073493136548962e+02 2.499944082567782857e+02 2.518013169539712521e+02
2.527485640006156586e+02 2.536045142848459477e+02 2.524157225897293131e+02 2.534171470180163794e+02
2.573556589204891338e+02 2.573123599508747930e+02 2.559208837942107095e+02 2.575433485840472372e+02
2.500436705732341238e+02 2.501488738778074605e+02 2.486005681318948177e+02 2.504996881232921453e+02
2.802359356410619284e+02 2.794431399026639724e+02 2.767280546261246741e+02 2.803655436173182807e+02
2.766608409332132510e+02 2.773406584148632987e+02 2.736645925415024294e+02 2.756795583833475121e+02
2.497523471605138070e+02 2.505077069746028542e+02 2.484824368714525633e+02 2.499110273726738001e+02
2.529127461231227585e+02 2.533822103692453709e+02 2.516819179055381426e+02 2.530619503064968114e+02
2.649946770757051695e+02 2.661478441931761836e+02 2.627224642709233535e+02 2.651582286491934042e+02
2.696737888007340871e+02 2.708511683847575000e+02 2.689542273547708078e+02 2.713407008536312901e+02
2.589699990510579255e+02 2.597480707685855918e+02 2.570847420172548254e+02 2.596176312070037966e+02
2.509125186683868094e+02 2.515192402816709318e+02 2.503894398821834386e+02 2.518786495629371132e+02
2.692732802554285740e+02 2.696516582149886858e+02 2.662977109363718000e+02 2.685743383407240117e+02
2.557072457848938711e+02 2.554373438890990258e+02 2.543064928019461775e+02 2.552789713210126479e+02
2.696153471575565845e+02 2.698793561961784917e+02 2.676311063930097021e+02 2.694431236274608068e+02
2.552595250267286247e+02 2.558646834109749761e+02 2.545841602592015533e+02 2.558585416429883423e+02
2.511995910959047364e+02 2.513892628847838466e+02 2.506728162146826548e+02 2.519960259478228295e+02
2.557859416092785523e+02 2.552179058197270081e+02 2.553903791315590013e+02 2.564342682962189315e+02
2.633045623868691791e+02 2.633192756301745021e+02 2.612084110089838305e+02 2.627025226254570498e+02
2.493044034120941319e+02 2.489230292648849172e+02 2.480342624340864290e+02 2.496716306104276271e+02
2.520285109747015895e+02 2.522578000128036990e+02 2.513864964019755632e+02 2.522748593837113162e+02
2.556902202151483721e+02 2.557852882143464512e+02 2.547010334958515045e+02 2.561004943196537056e+02
2.485966653443772998e+02 2.490342649187851691e+02 2.469223005264119308e+02 2.488581142945627107e+02
2.611296946753240036e+02 2.622043350613640200e+02 2.604157342971491289e+02 2.625191336920470349e+02
2.737563024871178072e+02 2.733954817440617830e+02 2.704701945248074253e+02 2.737422847583832208e+02
2.676476081758406167e+02 2.701357014471288380e+02 2.656739863539133921e+02 2.688403866361442169e+02
2.579470950306971417e+02 2.581119234272053404e+02 2.567787467354263526e+02 2.580482627798942872e+02
2.555820503505330521e+02 2.559252256335646507e+02 2.535375829381346477e+02 2.565982727984405187e+02
2.753853709956800344e+02 2.763252567124324059e+02 2.730814285662072507e+02 2.758151276197816628e+02
2.697098218667183573e+02 2.711335022880877546e+02 2.686991215128608701e+02 2.698024535768383316e+02
2.602995379651060261e+02 2.603683593261760052e+02 2.586897235547726837e+02 2.606834237742833693e+02
2.510685019170395549e+02 2.509171494226681318e+02 2.499809164675120883e+02 2.514752020833307427e+02
2.508731807608644431e+02 2.508725581989160389e+02 2.499562196585151810e+02 2.511245965050282223e+02
2.506257979048390041e+02 2.505868447588145500e+02 2.499345843977223467e+02 2.515947296641439550e+02
2.574845579157128554e+02 2.584547423507380017e+02 2.569298482567984934e+02 2.584376918466143138e+02
2.501686250033459089e+02 2.497717472019395473e+02 2.490687651033293264e+02 2.504359904822965177e+02
2.784978885931056425e+02 2.784608113950293955e+02 2.768685533805954151e+02 2.797718605586218246e+02
2.653090953996399435e+02 2.665741856128055360e+02 2.634549554951085497e+02 2.662913177434137992e+02
2.608376177624332399e+02 2.610427115564844485e+02 2.597229667837403895e+02 2.618195215746121676e+02
2.568539940077089909e+02 2.565862665502066307e+02 2.554368003939999596e+02 2.585676805507995937e+02
2.575460363200839424e+02 2.582860978003622563e+02 2.565808604910639019e+02 2.581673113376608626e+02
2.753239902570718414e+02 2.750845969899856982e+02 2.727037415178603510e+02 2.758407190491740266e+02
2.644109332992350687e+02 2.646636987048143510e+02 2.619095383094552858e+02 2.645482585275835845e+02
2.576915869967158983e+02 2.582964004384810437e+02 2.551065768984463773e+02 2.580101852087064458e+02
2.586832041875333061e+02 2.587029829918031396e+02 2.576363706932441460e+02 2.591929875196260014e+02
2.498540614784704985e+02 2.500036671783662712e+02 2.485158872927585207e+02 2.506118777008541940e+02
2.608575822409970897e+02 2.617630950980013154e+02 2.596723966508861849e+02 2.617808986008456600e+02
2.950810597293866522e+02 2.938660131670961846e+02 2.932029669577854634e+02 2.943059450103742165e+02
2.617886461098360087e+02 2.614193680576424299e+02 2.597026199917046370e+02 2.627906092681026280e+02
2.723392922157628391e+02 2.732899299403289319e+02 2.694047081138935482e+02 2.725067128605329572e+02
2.514318199494000794e+02 2.514198767736681361e+02 2.506087620048025428e+02 2.522658233904318479e+02
2.611831046628605009e+02 2.610248620537253714e+02 2.598797196537957461e+02 2.620181030438084235e+02
2.906488242403964932e+02 2.919928349745601963e+02 2.896401477156792907e+02 2.906601669944857349e+02
2.968037542519670637e+02 2.966247988495655363e+02 2.957836270183896659e+02 2.962647370870754457e+02
2.599182150132230049e+02 2.604475366663098157e+02 2.573970247210584148e+02 2.608540066903470347e+02
2.485162250143492315e+02 2.484663925556719164e+02 2.469928623751219163e+02 2.487429529808351276e+02
2.669155979490219579e+02 2.678058101633193360e+02 2.653451986020376694e+02 2.677868402743106344e+02
2.655024619112926416e+02 2.660112547028714971e+02 2.639627000961746148e+02 2.667946281802963426e+02
2.527306242442738551e+02 2.534894045258579354e+02 2.524741764414352758e+02 2.536946952976813350e+02
2.565647497074239709e+02 2.564665270223728726e+02 2.558034445941163710e+02 2.567510376789607562e+02
2.684732343239811030e+02 2.697366355790420585e+02 2.675286546311161260e+02 2.693119151745941622e+02
2.495093671201307188e+02 2.488734946767156373e+02 2.476657819428187963e+02 2.491924030024279091e+02
2.562283379848701088e+02 2.561344127306110749e+02 2.558457906611492376e+02 2.568146697225682829e+02
2.633649135075588674e+02 2.638540959150403751e+02 2.616402675751689344e+02 2.635452576474590387e+02
2.523273885701136408e+02 2.531101272710996284e+02 2.510780670653165032e+02 2.532654149640995911e+02
2.496578528479460886e+02 2.502021015896173139e+02 2.489718778674163104e+02 2.507341003948351101e+02
2.591867654934391112e+02 2.608539190591839656e+02 2.570054423662542717e+02 2.601424803212599954e+02
2.627797013963922268e+02 2.627690137536661155e+02 2.603872373760355003e+02 2.633570652372574727e+02
2.492098851145401284e+02 2.494256896980105012e+02 2.479466309681513962e+02 2.495984098783189040e+02
2.577441737113280738e+02 2.582374110132999476e+02 2.571234603151656870e+02 2.582855885465487518e+02
2.568491514935382725e+02 2.569508902109070050e+02 2.557499494381564489e+02 2.572970721773095875e+02
2.565999133814721063e+02 2.565079518464362991e+02 2.552078146736277233e+02 2.564514592159764561e+02
2.491108705305075546e+02 2.487308294233263837e+02 2.473780318319329012e+02 2.495713049371344709e+02
2.550973628969649383e+02 2.558905032194886928e+02 2.550170663678489973e+02 2.558373625245507696e+02
2.600999179157468575e+02 2.608255554456783898e+02 2.580539648736441904e+02 2.607666316650881981e+02
2.629490445674196621e+02 2.622059457222435981e+02 2.600276647189207324e+02 2.623185727794642048e+02
2.491150038109376226e+02 2.488487976175583185e+02 2.483935320267495968e+02 2.497886178106675175e+02
2.590261719430112635e+02 2.589551892662772730e+02 2.581455866819465541e+02 2.584412684297176384e+02
2.688748989001824157e+02 2.688534131838106305e+02 2.660989443495718092e+02 2.687585965317601904e+02
2.638495058833401004e+02 2.645427592050501744e+02 2.621809655504757188e+02 2.651415682701378955e+02
2.938577102680117719e+02 2.933812429892068963e+02 2.916029835181140584e+02 2.937938156894981034e+02
2.561431241457927399e+02 2.568657006024286602e+02 2.547978075837284280e+02 2.562337398892175315e+02
2.589600429406412445e+02 2.588967558559026543e+02 2.579057236786725866e+02 2.592516441253588368e+02
2.543172180131814457e+02 2.541309185004137987e+02 2.539655959010359538e+02 2.539933326868952577e+02
2.660574070230350117e+02 2.665250677532539498e+02 2.636518199512159413e+02 2.674588624602587856e+02
2.535880553899540644e+02 2.536371222172803357e+02 2.525326272701794608e+02 2.541553707572832081e+02
2.499317718423115195e+02 2.490567797885793766e+02 2.481595415882667339e+02 2.499763590375703473e+02
2.535591923569890582e+02 2.542351353419120983e+02 2.533853649301040605e+02 2.547514697836571997e+02
2.938248847126283749e+02 2.943640152008147197e+02 2.908867273144896330e+02 2.941923641417596400e+02
2.681078071707881350e+02 2.678068153894035390e+02 2.643887148259399851e+02 2.667018476797225617e+02
2.465930971342056637e+02 2.469672595451793882e+02 2.457687650954526646e+02 2.477576941130938906e+02
2.532287277493996385e+02 2.537200076784532143e+02 2.526711313229886855e+02 2.539337429462183877e+02
2.605570211981369084e+02 2.605325890997305578e+02 2.591784395602024915e+02 2.614167749327367005e+02
2.668830854932593866e+02 2.680753289795935075e+02 2.658030784705115366e+02 2.675058947524668724e+02
2.503804507103288586e+02 2.507525936385662817e+02 2.495323622328842248e+02 2.512518707959318931e+02
2.865140748450942283e+02 2.861401776630400491e+02 2.842624528928990912e+02 2.866406213767473901e+02
2.595821044369598667e+02 2.592277476572724595e+02 2.581720776176268259e+02 2.596921341714671598e+02
2.587753128302339292e+02 2.602079311919790712e+02 2.584344305244457018e+02 2.595929067348537842e+02
2.752324213849597641e+02 2.757982705079964489e+02 2.731230600070656465e+02 2.759636276871138421e+02
2.532155563952471766e+02 2.534316008835157845e+02 2.531032379769527552e+02 2.541480140576881865e+02
2.522565573498730771e+02 2.526858865595536656e+02 2.520043674785243013e+02 2.526555508213197925e+02
2.552137376889583891e+02 2.554608321383573752e+02 2.542600516895183205e+02 2.553671970919319563e+02
2.581805627037884392e+02 2.580485507571291919e+02 2.579704917902159877e+02 2.580976932312559597e+02
2.685691673858525519e+02 2.689619932603269490e+02 2.675265770579468949e+02 2.689646002724425671e+02
2.516699649418039257e+02 2.514009704925606741e+02 2.497257990367264142e+02 2.515760700551628588e+02
2.622746979701558985e+02 2.623474222905962279e+02 2.610067066927113046e+02 2.624398601697599815e+02
2.580710297441565331e+02 2.579395393788504407e+02 2.568273280684916813e+02 2.589650930513674325e+02
2.495720316614287242e+02 2.494019162645163021e+02 2.487258761980941415e+02 2.496606525967473260e+02
2.531202702235600270e+02 2.532431380690717617e+02 2.522411376975551605e+02 2.530983986365223188e+02
2.574315744365092087e+02 2.581571486018167434e+02 2.566131532093912710e+02 2.583081934191581013e+02
2.584049308429882785e+02 2.589397905484061084e+02 2.570549609585357302e+02 2.591122127422718791e+02
2.538972016711241224e+02 2.537107136459171102e+02 2.528477865139050493e+02 2.535481566213971405e+02
2.498787938737205536e+02 2.503973420008234712e+02 2.492379114986768229e+02 2.497652123101664756e+02
2.550967900271182600e+02 2.558452641929283118e+02 2.536314744879464911e+02 2.560176471309542308e+02
2.539715778080434916e+02 2.543715910808589626e+02 2.532743521123283870e+02 2.554368037419141899e+02
2.526052143027327475e+02 2.529129445837105266e+02 2.522694369304239501e+02 2.532132735299794888e+02
2.591201195371754693e+02 2.593239902522857392e+02 2.576816359893964545e+02 2.591277927986465670e+02
2.543602931141481349e+02 2.542525390362650342e+02 2.534878769828710858e+02 2.544401857886012124e+02
2.517086649044855733e+02 2.520507113469383569e+02 2.512577188128058765e+02 2.523643379439311900e+02
2.539658372050542425e+02 2.542531325593796225e+02 2.533301370675091846e+02 2.544660682261755937e+02
2.778306879264234794e+02 2.788774318935988958e+02 2.749326876105025121e+02 2.769945888748063680e+02
2.552345823564701845e+02 2.559640550305564943e+02 2.545768334147155372e+02 2.555042710599777536e+02
2.556769502768701727e+02 2.558531329151692830e+02 2.559091520926982071e+02 2.563389727432402196e+02
2.521569790136057350e+02 2.522642101445187279e+02 2.508332701072331474e+02 2.522297061808851595e+02
2.616585312991325623e+02 2.633103991311732557e+02 2.605133612910709076e+02 2.624631848586160459e+02
2.581991466999318732e+02 2.575840722709777992e+02 2.572511820141199905e+02 2.581498724100596291e+02
2.769770242065020511e+02 2.771272347188765934e+02 2.746301855315049920e+02 2.770687612690694550e+02
2.547963164638459830e+02 2.548934187142170060e+02 2.539315998554608313e+02 2.556789238526670545e+02
2.559470512031813882e+02 2.561885522800949389e+02 2.555838686718606709e+02 2.565501775299034648e+02
2.628279836949596984e+02 2.632680250343092894e+02 2.606908241886351334e+02 2.638744573534673918e+02
2.506561529904955137e+02 2.516404022528705298e+02 2.496228783021603022e+02 2.525088715182957060e+02
2.665703063615937367e+02 2.672369776272008721e+02 2.653530610960339686e+02 2.678462362688113103e+02
2.720278250005231371e+02 2.721933896651171381e+02 2.690248793694848928e+02 2.723463534458915660e+02
2.559806624390383263e+02 2.564804325068946582e+02 2.546766079209978670e+02 2.568890572355192603e+02
2.554335056777028399e+02 2.558236668913530139e+02 2.541954814294816458e+02 2.556494559360813525e+02
2.559078894836911502e+02 2.554912431807216819e+02 2.550362838996258574e+02 2.564807408617151623e+02
2.730595466462415857e+02 2.735836733229977540e+02 2.708411009906251934e+02 2.733711818410542946e+02
2.589458834431620176e+02 2.584409239394204292e+02 2.578170557262496914e+02 2.591421067148160091e+02
2.596597537977448269e+02 2.604963150035416675e+02 2.576502619987576281e+02 2.610076705617795483e+02
2.574911980139274306e+02 2.575474078953777166e+02 2.567322562509464206e+02 2.588512026523605982e+02
2.506212436244903188e+02 2.508736044098907598e+02 2.493922977037719022e+02 2.513517413689242801e+02
2.820019316574156392e+02 2.827124277923923046e+02 2.793815715194175482e+02 2.829636822332092834e+02
2.538601491435312596e+02 2.539732283936026533e+02 2.526039806692214995e+02 2.546119941062451062e+02
2.534988105867030299e+02 2.538008515336623816e+02 2.529796982952938151e+02 2.540485118550076891e+02
2.764940489346325307e+02 2.771875024941421088e+02 2.741210629726027150e+02 2.780192825462599444e+02
2.557316211857181543e+02 2.567714690700020128e+02 2.543305886280092238e+02 2.568557438129854518e+02
2.837577505533197382e+02 2.849836153528180489e+02 2.825153139610745825e+02 2.842255360000233395e+02
2.489538680277706248e+02 2.496197996386018758e+02 2.484104561765342680e+02 2.495155799985372482e+02
2.808180466169691272e+02 2.807520145744449565e+02 2.772468987345215510e+02 2.805003870784119044e+02
2.586805708818629341e+02 2.583807130183626555e+02 2.552805681344995605e+02 2.590224789619408057e+02
2.861171139411187596e+02 2.885494514262157395e+02 2.858575990350399820e+02 2.863249357234876697e+02
2.571331737183481323e+02 2.581184478193729319e+02 2.548452079430559536e+02 2.573862068688327440e+02
2.525243374059959649e+02 2.528676528864920670e+02 2.512726913690221124e+02 2.535169466692685774e+02
2.735163570036702367e+02 2.739154511272787431e+02 2.713658691915945269e+02 2.744643337957800782e+02
2.526288446025382939e+02 2.524962601723383671e+02 2.524166989678084576e+02 2.529007482989415792e+02
2.590011403441064317e+02 2.593397799132170007e+02 2.571499576408629082e+02 2.594470060936440063e+02
2.590939010390372914e+02 2.596547157673798552e+02 2.589674837034731922e+02 2.599674542991117505e+02
2.552654943191689938e+02 2.552423856681735117e+02 2.536117464859273127e+02 2.561511035376081509e+02
2.828961139302463152e+02 2.830249104366140500e+02 2.805703342467558059e+02 2.838965401435448257e+02
2.722136419182551776e+02 2.720657751220791170e+02 2.698655171818113558e+02 2.731758886550906595e+02
2.538901396944796147e+02 2.530206524604492699e+02 2.523346526161018915e+02 2.537759533208736684e+02
2.603434237341814992e+02 2.601925621096053192e+02 2.584453946319379725e+02 2.613487038919338374e+02
2.686335108396287410e+02 2.697123443555872768e+02 2.665585743621390407e+02 2.689589306887871771e+02
2.666140738941682002e+02 2.667111137710342632e+02 2.639017838414254697e+02 2.672763491942115479e+02
2.711067649665013164e+02 2.710918711356115409e+02 2.684209185153711701e+02 2.733223026776435063e+02
2.518604538357848242e+02 2.516617359805187277e+02 2.503594830847763717e+02 2.525791966753309055e+02
2.519973914546832248e+02 2.526248209614830103e+02 2.514678622534206625e+02 2.534389002655507284e+02
2.830773096388767840e+02 2.841150811609315952e+02 2.808862537832511634e+02 2.837155795471371107e+02
2.528662354579782345e+02 2.535075526048750305e+02 2.519823573286084013e+02 2.532484767247299828e+02
2.612810057984344212e+02 2.620841430212812497e+02 2.604067451820025099e+02 2.626626823184308250e+02
2.838220741790522652e+02 2.850677184661927299e+02 2.809386881211200944e+02 2.839960145925627444e+02
2.472733397935327844e+02 2.474638911019323473e+02 2.458314829592257240e+02 2.479255061768034523e+02
2.535106555582524663e+02 2.544468508005283809e+02 2.527090265878406683e+02 2.541837622632464502e+02
2.513060793297784983e+02 2.514953008858506678e+02 2.499585564316506066e+02 2.521387637579632610e+02
2.508485649375271294e+02 2.513749958008816350e+02 2.494030401602397831e+02 2.515041688090302330e+02
2.883027987725821504e+02 2.889049108736890616e+02 2.862905237509009453e+02 2.891256873601860207e+02
2.576730252181269520e+02 2.579971657653430839e+02 2.576544675768279831e+02 2.582517602409196797e+02
2.539040153484615985e+02 2.538848374440356395e+02 2.528848220047909194e+02 2.545389962612316026e+02
2.618512134064831685e+02 2.610284886348359805e+02 2.588948875907826164e+02 2.624330539865882770e+02
2.655204910409854620e+02 2.648067610721856227e+02 2.629534764589099041e+02 2.652053056134344615e+02
2.685106970303368144e+02 2.694124062676256699e+02 2.664928844587372510e+02 2.688723516858906351e+02
2.669429699302259564e+02 2.674524438180912398e+02 2.650622612055059335e+02 2.676979917151035693e+02
2.589581752915545962e+02 2.593331325211067906e+02 2.580404818471450881e+02 2.591192697280279162e+02
2.610602538440739409e+02 2.614931206397135952e+02 2.586096359951114323e+02 2.621944015459766320e+02
2.497942162097643859e+02 2.496002800647370918e+02 2.483519545272319817e+02 2.498382911519792344e+02
2.820519720673041206e+02 2.826282174611041569e+02 2.797776253038296090e+02 2.823003536380497280e+02
2.549138331301773235e+02 2.552371661877355677e+02 2.538669363930217742e+02 2.550948754568180732e+02
2.617179461399036313e+02 2.619498992508030710e+02 2.598613054242070461e+02 2.622807061288927457e+02
2.699302479818912843e+02 2.710222038892077308e+02 2.671232287638680418e+02 2.708461259304417013e+02
2.760741686845179288e+02 2.773818411339394174e+02 2.729606396372647623e+02 2.772473008506451606e+02
2.548402229111936776e+02 2.552136672364646017e+02 2.526779186463737972e+02 2.551818250410181861e+02
2.639129461733449489e+02 2.634997243706367271e+02 2.614772599419545713e+02 2.634184210582504875e+02
2.853758528613935255e+02 2.862243205922222273e+02 2.830931557002948011e+02 2.854998811864651884e+02
2.925429748517711914e+02 2.938485855277166934e+02 2.921359938543640169e+02 2.929519890459641260e+02
2.577468014011467972e+02 2.576877315707996559e+02 2.566046871262387299e+02 2.581313218852499745e+02
2.519828754067065120e+02 2.525047536666911014e+02 2.512879845882434608e+02 2.524692349010569785e+02
2.527924671352287476e+02 2.524149619882263949e+02 2.519217313082239968e+02 2.533537925528764561e+02
2.921734074229500493e+02 2.930676530175988432e+02 2.904774472979025290e+02 2.910537270587765306e+02
2.556705564357602611e+02 2.566429549829803705e+02 2.545298332342554488e+02 2.570058417953155754e+02
2.542065782196316945e+02 2.542751899395600219e+02 2.531760297868979990e+02 2.551745751345503095e+02
2.773742878829733058e+02 2.782747172960544049e+02 2.745066311995125830e+02 2.774998949480152532e+02
2.601732104709163309e+02 2.611167999458097029e+02 2.582090737241850320e+02 2.611484409089447922e+02
2.596611036446582830e+02 2.599354916843716978e+02 2.589393214367680685e+02 2.612526441557436101e+02
2.721632918785411448e+02 2.734343071161508192e+02 2.701229288899614289e+02 2.726293265923890772e+02
2.548384685508518999e+02 2.544440634430791874e+02 2.527704289422302679e+02 2.549143096905660570e+02
2.622221017751476779e+02 2.631156146771908197e+02 2.598337785438696983e+02 2.626723904824415854e+02
2.551717919104583530e+02 2.557249093322440103e+02 2.528442417907355093e+02 2.561025198737343658e+02
2.499951309175750964e+02 2.505461450270105388e+02 2.488221235039467558e+02 2.503444759257929206e+02
2.589626227235032729e+02 2.585970847153927821e+02 2.582404087736042015e+02 2.592226086655721815e+02
2.719800374581990354e+02 2.727789199038208494e+02 2.700861391728119543e+02 2.729230280539045452e+02
2.565063126948599574e+02 2.567181626143952258e+02 2.556380404808064384e+02 2.572488246577744349e+02
2.636624835477348938e+02 2.635333691362435502e+02 2.629003031478309254e+02 2.647787050141239433e+02
2.522213337642097031e+02 2.516485660534416411e+02 2.511515151069587262e+02 2.524951593402208516e+02
2.727695234912543469e+02 2.719359323456019411e+02 2.698805706382362928e+02 2.728951740607142256e+02
2.731353235478467241e+02 2.738477174981154008e+02 2.714895803927398674e+02 2.738795489635973013e+02
2.519421453611548714e+02 2.531955919961544623e+02 2.514490093018427785e+02 2.535707391256168535e+02
2.485232042385894147e+02 2.481588519167583797e+02 2.479020464440064018e+02 2.495276834345413022e+02
2.548139486465333619e+02 2.546560173909553839e+02 2.541563895213990634e+02 2.551264210524906275e+02
2.607048848303099930e+02 2.616817898812061003e+02 2.588156158080025193e+02 2.602333801309995920e+02
2.530739961552815487e+02 2.536355726266779413e+02 2.527739839592420310e+02 2.537768237292501965e+02
2.546231748280288230e+02 2.551046011576830210e+02 2.546177292886368946e+02 2.550085004404709252e+02
2.557289704552935632e+02 2.559568351375006614e+02 2.553354997730381228e+02 2.566679749335381757e+02
2.564725611037723638e+02 2.578410800632326527e+02 2.544346914713804040e+02 2.583710687433677435e+02
2.561250740406704267e+02 2.565890930490870687e+02 2.544779414875299324e+02 2.567601617485296401e+02
2.872917358331980608e+02 2.881064746875019864e+02 2.853380110328354817e+02 2.878179287450846573e+02
