2.675832017385965287e+02 2.670753636858663072e+02 2.635918425044985725e+02 2.675941148675514683e+02
2.517803267097174853e+02 2.530199898466318871e+02 2.510222210029284611e+02 2.522511844073544580e+02
2.484979852027313711e+02 2.490551855268294332e+02 2.480479352553377339e+02 2.490721671152435022e+02
2.482326633942021203e+02 2.477240980936526853e+02 2.466847487147126969e+02 2.485762327709026636e+02
2.719616890756673229e+02 2.722139982316871851e+02 2.700131035702194708e+02 2.729273680650339315e+02
2.672292360510736557e+02 2.680032214918763884e+02 2.657546075974470909e+02 2.692358146669488406e+02
2.473037517137935879e+02 2.472448591181507425e+02 2.463995943038964356e+02 2.476832617401272785e+02
2.493810350171650327e+02 2.496819244748180608e+02 2.482289381586075763e+02 2.498982445546355677e+02
2.493992983568428201e+02 2.493330113761367386e+02 2.476613286114046559e+02 2.493668247739763331e+02
2.522673042426228278e+02 2.525674383209239409e+02 2.504458483196178520e+02 2.522117443795494012e+02
2.571920943179201799e+02 2.583874314390816380e+02 2.557545671079370777e+02 2.579340102609748442e+02
2.491041554446817088e+02 2.496815825279786623e+02 2.490085426728760751e+02 2.501597857446423916e+02
2.448856927644120844e+02 2.448310938474561738e+02 2.439756461092353845e+02 2.454877324187384318e+02
2.488792341562888453e+02 2.492892927510687571e+02 2.482684892936293579e+02 2.496740039779400320e+02
2.687704739448818145e+02 2.706097213776815806e+02 2.661860143198661035e+02 2.703199033952838590e+02
2.581867153526250149e+02 2.582534485286570884e+02 2.564544006285004230e+02 2.584603070774221578e+02
2.542089045857728991e+02 2.540683977270822709e+02 2.522092167915027687e+02 2.543639946282465019e+02
2.458257184534463704e+02 2.458822264657993344e+02 2.451422594335160738e+02 2.469060895215911842e+02
2.536065995708683261e+02 2.545775115340455272e+02 2.522654371504091841e+02 2.551763628392530450e+02
2.480077941811364894e+02 2.485795475571864301e+02 2.464877911282589196e+02 2.488092436364045739e+02
2.505378014084316760e+02 2.511420645820706170e+02 2.489622193611397734e+02 2.511116822054419799e+02
2.461221329072422463e+02 2.465435214791315559e+02 2.458602625219201343e+02 2.470421286812828612e+02
2.565919854858369717e+02 2.565230391669361438e+02 2.545654068380594026e+02 2.575692014574671589e+02
2.604312427701345882e+02 2.618179678760071170e+02 2.589276198828980000e+02 2.625030180234960540e+02
2.665866908525125609e+02 2.673672919982952294e+02 2.655390303561233623e+02 2.673785184610457577e+02
2.469516369811993286e+02 2.471455761505109479e+02 2.460892931017223759e+02 2.472237426956162096e+02
2.479691597158501111e+02 2.484365552376684150e+02 2.469423227588061991e+02 2.489461015716577208e+02
2.684117388000924507e+02 2.688607511735478397e+02 2.657285168491509921e+02 2.686112498849413441e+02
2.533669297405899954e+02 2.539979746922200832e+02 2.513118035371421399e+02 2.545410226189002572e+02
2.567168871683891211e+02 2.573895980308465710e+02 2.546576848495148795e+02 2.576558378337568342e+02
2.519962812317905900e+02 2.523484590059552772e+02 2.508162611682467116e+02 2.529192374726171124e+02
2.672853140536197429e+02 2.680211609807027457e+02 2.653477387236246159e+02 2.683252225032883302e+02
2.474850482436810353e+02 2.473054025066392114e+02 2.466409738216739242e+02 2.480913476445412016e+02
2.475726410077109847e+02 2.478201918463612117e+02 2.454967692873298972e+02 2.476608792001286758e+02
2.699335664280873743e+02 2.707989897774363612e+02 2.675572853960645716e+02 2.711316672861388497e+02
2.488691322502455421e+02 2.489764854087862318e+02 2.474106672975167953e+02 2.495460903115277347e+02
2.472277639927083897e+02 2.473928949995032269e+02 2.469594648330434268e+02 2.479474839461482816e+02
2.471466713261928589e+02 2.474164702619877971e+02 2.462171574005100183e+02 2.478543180117576981e+02
2.465250957169729702e+02 2.466044833860608492e+02 2.459524325986785982e+02 2.466435792764588939e+02
2.464165519447994939e+02 2.464982633997622656e+02 2.454919799275969012e+02 2.472635474371942621e+02
2.614524175185640615e+02 2.612435417053974334e+02 2.579545100620361495e+02 2.616778090308657170e+02
2.566064742075116669e+02 2.573794297504614974e+02 2.555843218109301347e+02 2.588663012962311427e+02
2.479454639795200990e+02 2.479454998761041509e+02 2.470886488642233871e+02 2.486223636558870851e+02
2.753193791656707958e+02 2.749822897243774946e+02 2.722658396209895386e+02 2.752017891701800636e+02
2.506761917599113190e+02 2.506699642915806976e+02 2.492537569061196905e+02 2.508071299938227128e+02
2.624959285168447423e+02 2.634803337673028523e+02 2.609769110207418521e+02 2.640591269921003459e+02
2.497882119144556725e+02 2.496275452532534587e+02 2.485543722158652713e+02 2.510620464751717122e+02
2.476161205434500516e+02 2.477006296664709453e+02 2.468583464197338060e+02 2.486496119802932014e+02
2.472792753350884993e+02 2.481627177178232557e+02 2.458091808118030599e+02 2.485387960778441254e+02
2.453134439631399175e+02 2.451631813712077133e+02 2.443181839023239377e+02 2.457801448785920684e+02
2.520292858549868811e+02 2.521584309249277567e+02 2.500930993138905478e+02 2.521014247332268781e+02
2.497638524768256616e+02 2.499598604960160060e+02 2.487311423368247176e+02 2.500673013145213019e+02
2.649090666450227332e+02 2.657086351316489754e+02 2.631364119257909806e+02 2.645406783005793727e+02
2.686021408871259268e+02 2.694796024743210410e+02 2.673125067194675921e+02 2.687539169912300281e+02
2.522873126540098667e+02 2.524572744884966937e+02 2.500566212177737668e+02 2.532589840469090916e+02
2.671516520117552886e+02 2.671890325734696034e+02 2.644054227927303486e+02 2.682628077908418618e+02
2.483486695852904234e+02 2.481442339215160473e+02 2.471760562286391405e+02 2.490211343119589742e+02
2.494776080844322053e+02 2.500042044977928981e+02 2.477567634366633342e+02 2.501113785367318769e+02
2.841269846307714602e+02 2.831654803151766941e+02 2.804757184259589167e+02 2.830440191132355494e+02
2.454091219085911177e+02 2.452348336090164764e+02 2.449488673468308377e+02 2.455491097234095434e+02
2.477540727985556259e+02 2.477373852610852509e+02 2.468155010729073240e+02 2.483003537795650573e+02
2.517951496383287520e+02 2.519808280709038115e+02 2.507239328102813545e+02 2.522499230947827868e+02
2.560254113471665960e+02 2.569006178719051263e+02 2.541292130872691928e+02 2.564859690519967330e+02
2.557076869600689975e+02 2.564521297137500824e+02 2.547059974732555361e+02 2.567552296580668667e+02
2.475558348178288668e+02 2.478285190549524373e+02 2.476611183846185327e+02 2.480866772353969054e+02
2.497822326815562235e+02 2.504844692219904800e+02 2.493159082722136191e+02 2.507105189258436440e+02
2.459924850909513907e+02 2.462621964969187331e+02 2.455609961632509624e+02 2.464484512221798127e+02
2.485755070457400393e+02 2.484218365187131212e+02 2.471064919365670960e+02 2.490276939382746662e+02
2.460099873374229560e+02 2.461782262394185068e+02 2.453638734162993842e+02 2.470288980295274825e+02
2.646084187995655270e+02 2.662822479606013530e+02 2.615336693272087700e+02 2.655547653562974233e+02
2.421004785581571923e+02 2.421009012161553926e+02 2.412213429777066835e+02 2.423576531350894641e+02
2.732955778292063087e+02 2.739889308353436377e+02 2.713801591116665008e+02 2.743010473189779646e+02
2.509145488261561354e+02 2.512067622711524564e+02 2.499130080190075773e+02 2.516106787020497961e+02
2.677942720402563737e+02 2.680515984207129918e+02 2.648913437431254465e+02 2.684824101717477447e+02
2.497474773757720357e+02 2.500985865211236217e+02 2.487560115225397794e+02 2.503471850821457565e+02
2.441284201239887182e+02 2.445451479982386331e+02 2.436108588342899850e+02 2.447936960550403001e+02
2.456039156031370680e+02 2.453707560796977134e+02 2.444408783126814342e+02 2.459786397720141906e+02
2.607401297349301217e+02 2.611461590513015949e+02 2.589099170099654543e+02 2.615390887555456629e+02
2.493535411347133959e+02 2.498054402247123278e+02 2.476962738036454255e+02 2.497990054391764545e+02
2.457154769951712296e+02 2.466352021595436383e+02 2.444024774637396433e+02 2.465201288015270222e+02
2.454726918941038036e+02 2.456047209239548863e+02 2.441666843318374163e+02 2.459505200671103182e+02
2.530697574556175198e+02 2.536593882781858440e+02 2.511188998126835656e+02 2.530978539169698820e+02
2.491564099573905651e+02 2.494069025863086893e+02 2.483012141377243154e+02 2.498883806591998393e+02
2.491104012560304284e+02 2.489805232045696357e+02 2.485514261762009482e+02 2.492059936304117400e+02
2.517575784823704623e+02 2.526085790934221507e+02 2.503558104101820163e+02 2.528200120803830373e+02
2.469826709385408208e+02 2.472181271413135164e+02 2.463159407751544165e+02 2.475534269823553473e+02
2.474267903691638253e+02 2.483794831874067484e+02 2.467436927919271454e+02 2.487305875170503100e+02
2.613949873938428823e+02 2.621995577025744524e+02 2.589769974306315135e+02 2.639239862767181535e+02
2.674333813894784271e+02 2.683922859171654522e+02 2.643423203084881266e+02 2.682984792199142703e+02
2.444514256768833320e+02 2.451599325936043670e+02 2.434401317090379564e+02 2.451335479472707277e+02
2.511844567712684011e+02 2.510444686404249524e+02 2.497813111442323759e+02 2.522878060355402567e+02
2.532588412867358159e+02 2.529911170968980798e+02 2.517251023825035361e+02 2.537172377382057391e+02
2.548794020300560419e+02 2.553590676347515966e+02 2.522060774413422735e+02 2.551820723006848084e+02
2.488946469952612404e+02 2.489735766787717637e+02 2.476355580173028841e+02 2.493076727833729933e+02
2.522386835978388433e+02 2.532532215365995398e+02 2.495257055046528478e+02 2.536992169499001761e+02
2.442597467351434091e+02 2.441600358687060748e+02 2.433708730052241833e+02 2.446137333934365756e+02
2.443088087800835240e+02 2.447747204345218393e+02 2.438224057013400738e+02 2.451095755839277217e+02
2.513420604671703984e+02 2.515721883392276368e+02 2.490507273294601305e+02 2.519460311701233763e+02
2.637827572346612328e+02 2.630930278374202658e+02 2.601911220936181621e+02 2.646721266361218454e+02
2.623424644861322008e+02 2.630406351683182038e+02 2.596338033030539236e+02 2.635371730151180714e+02
2.454955867662313835e+02 2.448697853380868139e+02 2.438133309690088311e+02 2.455128921385561114e+02
2.478062960639073253e+02 2.481701366394981676e+02 2.469363987371682185e+02 2.487582745527774364e+02
2.470887434452824891e+02 2.474329268702538229e+02 2.460914947564526756e+02 2.478742270966736214e+02
2.470325371147549731e+02 2.469042041178803970e+02 2.466846353406848493e+02 2.475998729975404160e+02
2.437720658862099015e+02 2.439858759050678430e+02 2.428280569627486329e+02 2.446228412585736294e+02
2.473132412103996387e+02 2.474480703996607645e+02 2.460519145617853951e+02 2.477028749072586606e+02
2.498824549458684032e+02 2.510051930117325014e+02 2.486990193023549978e+02 2.515044425073505749e+02
2.460580219299266389e+02 2.461486192571130687e+02 2.452955718126450506e+02 2.468604792766506932e+02
2.701415184055101690e+02 2.712461152545781147e+02 2.683901724734744789e+02 2.704325008349596828e+02
2.472171997926344602e+02 2.479800120261089660e+02 2.461112248280117853e+02 2.473630862437539406e+02
2.537594830092592986e+02 2.541850296956275486e+02 2.515253700855828072e+02 2.540330944291892195e+02
2.566059921276377622e+02 2.575940787359323281e+02 2.551873393833903094e+02 2.573633267289185369e+02
2.470460963957200704e+02 2.467073620706800625e+02 2.463289391865779407e+02 2.473396088348623039e+02
2.483972920336226764e+02 2.486821720747882125e+02 2.476318600722482870e+02 2.490659449297965864e+02
2.851156175481878563e+02 2.845621382648160420e+02 2.821336925560030409e+02 2.854790001649513442e+02
2.552572029509115907e+02 2.558825251753843588e+02 2.540526012778367146e+02 2.561915196995180395e+02
2.557054927731888654e+02 2.556967710041884345e+02 2.534180482866483715e+02 2.558538982343840473e+02
2.564469276561396214e+02 2.570580234489847840e+02 2.546730399919483432e+02 2.571759769409261480e+02
2.552502895397501277e+02 2.562322185301238164e+02 2.537748344529944120e+02 2.565321287324554191e+02
2.478088819675552088e+02 2.478821633025163180e+02 2.468990508050184758e+02 2.481311939310820378e+02
2.500974642350073793e+02 2.506422535239265130e+02 2.480663776630270831e+02 2.508790153576408102e+02
2.476220259266842731e+02 2.476791599060041449e+02 2.472638486065831103e+02 2.477290567149534581e+02
2.468315749794024043e+02 2.471670649197562568e+02 2.467169808801280340e+02 2.471909361682602366e+02
2.676722362864493903e+02 2.679034520634361343e+02 2.643200753362997375e+02 2.674786942867989978e+02
2.759135522679305268e+02 2.762382711724163187e+02 2.726545946658723665e+02 2.749187730506462799e+02
2.476710989512939420e+02 2.486727367052999398e+02 2.466361344073920634e+02 2.488580426254511337e+02
2.634399421113369044e+02 2.628544007504498268e+02 2.600372527002148217e+02 2.634535985860485994e+02
2.901702147482324108e+02 2.901471200542678162e+02 2.889549268781244677e+02 2.895110272251266679e+02
2.466474854630977802e+02 2.468738296746830940e+02 2.459759825506027653e+02 2.472122875930443229e+02
2.534363345960728395e+02 2.536162928942302415e+02 2.514419319215909638e+02 2.547826076041928047e+02
2.658697469051872986e+02 2.640210002698588028e+02 2.618300880944921118e+02 2.665339988284163724e+02
2.450017841378947878e+02 2.446116534764107371e+02 2.435714449406633264e+02 2.451350673306457111e+02
2.418318141815451554e+02 2.419172339323100402e+02 2.408433162894961015e+02 2.422183013889277277e+02
2.480532399361525222e+02 2.485129315496243407e+02 2.479949693012200669e+02 2.485718822503381205e+02
2.472875648691357924e+02 2.474342722529605112e+02 2.463378820018578779e+02 2.478594760131410908e+02
2.774167450865023170e+02 2.774943736703954755e+02 2.737182202846857990e+02 2.766570729395636477e+02
2.474943472706019634e+02 2.468531764878327692e+02 2.448001364207190704e+02 2.477831966693636332e+02
2.448824659776035730e+02 2.450298783838998986e+02 2.442095135063215992e+02 2.452884383843749561e+02
2.518961634219944017e+02 2.519014450314814155e+02 2.511553972626070390e+02 2.521547175020255338e+02
2.489578477644265320e+02 2.491377408817528760e+02 2.479171089638230399e+02 2.493458256239007085e+02
2.464639300397085151e+02 2.464890958709592326e+02 2.457213434391509566e+02 2.470432811316868822e+02
2.584647429337043150e+02 2.597988252451455651e+02 2.568644073111941566e+02 2.593596947896480742e+02
2.479814542435029523e+02 2.482532910712164380e+02 2.474924404090219809e+02 2.486513926391332916e+02
2.426705858739937582e+02 2.427390868784551685e+02 2.416437623085790563e+02 2.429651451449312844e+02
2.468458031373874064e+02 2.470552817295812531e+02 2.462452220471548117e+02 2.476250114063473688e+02
2.596656579209044935e+02 2.600789791463413962e+02 2.572214477510203210e+02 2.606143403105274956e+02
2.583859516212763765e+02 2.581184623163242691e+02 2.563532941799379046e+02 2.587994476073809551e+02
2.481618803197537773e+02 2.482756501884383056e+02 2.471509443145426133e+02 2.486818166112093706e+02
2.448497052543075370e+02 2.447149032286291686e+02 2.439528682293271515e+02 2.452451672246785392e+02
2.461050640331706916e+02 2.463744060099798503e+02 2.459047968795177894e+02 2.474074738135821008e+02
2.708304894888541980e+02 2.701947082113036345e+02 2.689840993818070274e+02 2.713019910189755706e+02
2.532860046839279278e+02 2.539449512644195863e+02 2.518098784192297614e+02 2.545370163288840502e+02
2.549270912517838781e+02 2.548631469548853090e+02 2.530337633851600003e+02 2.559887732663452766e+02
2.476605338520526232e+02 2.472039962345616004e+02 2.466777523380273465e+02 2.473584063738866234e+02
2.429947675918782863e+02 2.434540976772140084e+02 2.425205700394997166e+02 2.436430097962085028e+02
2.512530692784775965e+02 2.523460561292952775e+02 2.502054478429189999e+02 2.524695027625520254e+02
2.662113792114240027e+02 2.662676636610891023e+02 2.641390745574612993e+02 2.666431783321896205e+02
2.510292821920293989e+02 2.509156046107748352e+02 2.492616782888972580e+02 2.517865923478619550e+02
2.499849853282255481e+02 2.502101183871305352e+02 2.479182245196098506e+02 2.507664735523832178e+02
2.491133650038922269e+02 2.496750232366629803e+02 2.483963943029608572e+02 2.497521509410773888e+02
2.490443055168944682e+02 2.496686897122607434e+02 2.483234469377538005e+02 2.499745413326675987e+02
2.503248651371079347e+02 2.503232399045728300e+02 2.484666049677734634e+02 2.504559616710192529e+02
2.543212032539266545e+02 2.546031037827934256e+02 2.535563004833870764e+02 2.552449457232085024e+02
2.600431880185094542e+02 2.603771430433008618e+02 2.581487738259476714e+02 2.605021485392754812e+02
2.420624651122965361e+02 2.425623958805306302e+02 2.418154053775115244e+02 2.430805231012775778e+02
2.693045000013958656e+02 2.713029548469756378e+02 2.682877241483573698e+02 2.710295124585074973e+02
2.729801398373489860e+02 2.730753834588356881e+02 2.704103670652977485e+02 2.730196875463172432e+02
2.448272783749188761e+02 2.448800095123787628e+02 2.440827621562710021e+02 2.455532743330205676e+02
2.626970570261756848e+02 2.637638206760382786e+02 2.607142594050424691e+02 2.635074985609584814e+02
2.487861485416890730e+02 2.488810113339998225e+02 2.471742254708461815e+02 2.491918903725948553e+02
2.511147012095528908e+02 2.509395788892866790e+02 2.491555895982853883e+02 2.509898494745659718e+02
2.842036195143658119e+02 2.842623898184081668e+02 2.820769108037394517e+02 2.835918010703884420e+02
2.705421092245624664e+02 2.695752006478519434e+02 2.675756238816007340e+02 2.705565361458084226e+02
2.533072340348248588e+02 2.538274137776732005e+02 2.521618795475824015e+02 2.539127670036029087e+02
2.475047155016032718e+02 2.472733176901048182e+02 2.458662637596795264e+02 2.477398649205859158e+02
2.630420579886139194e+02 2.633321800271638153e+02 2.605183961391587104e+02 2.626424414830880778e+02
2.487833281874364957e+02 2.482463700327413676e+02 2.477108061744724239e+02 2.490823751220734152e+02
2.465666851419615000e+02 2.469205758920130336e+02 2.460827760667314976e+02 2.466586607367907504e+02
2.491524140061334833e+02 2.497000153681866834e+02 2.482574901848929585e+02 2.501124104404084392e+02
2.445627397908685339e+02 2.450115665978949551e+02 2.442481113939703334e+02 2.449230059597115030e+02
2.777764612878242474e+02 2.794301047621797238e+02 2.748681663176544703e+02 2.791848483260472449e+02
2.484022969177837297e+02 2.482240949189202581e+02 2.469043144183920049e+02 2.492342287417585283e+02
2.601565323365142035e+02 2.603732255853256561e+02 2.580650262475874683e+02 2.614605151488679553e+02
2.632653647559100136e+02 2.644377662771011614e+02 2.596389707256955717e+02 2.638087213441284575e+02
2.477906531298662856e+02 2.486246249824452832e+02 2.473396491196834006e+02 2.486666826123929184e+02
2.507712746045903600e+02 2.518948214839207651e+02 2.499665693580957111e+02 2.519105612233792328e+02
2.496598690691241984e+02 2.494257556013089641e+02 2.476840302932523059e+02 2.498685984129076019e+02
2.453483318554530968e+02 2.457488487043380019e+02 2.447691401940100491e+02 2.459130800209199776e+02
2.482533165580233856e+02 2.478564443057309461e+02 2.468715181911800585e+02 2.489227889269023422e+02
2.473611757726071687e+02 2.479308731657184808e+02 2.457689056540376384e+02 2.481451365110031020e+02
2.454261917047708721e+02 2.458620604331431139e+02 2.448367228427817679e+02 2.461475277934864323e+02
2.490576131346667808e+02 2.494667401722690840e+02 2.470833129179265484e+02 2.499601969239724326e+02
2.447212651121676288e+02 2.445105713322197971e+02 2.427975337567797567e+02 2.457426919911749792e+02
2.499870016261056094e+02 2.503985704933591592e+02 2.485851680339415850e+02 2.511979981416612020e+02
2.587053413075482240e+02 2.594664932074167609e+02 2.563283570181397977e+02 2.603144079842180645e+02
2.795625184201394404e+02 2.799677236576769701e+02 2.780855665671082306e+02 2.806484060225444637e+02
2.466793848860555727e+02 2.465301460933203543e+02 2.459169130193712647e+02 2.470641255416722117e+02
2.484944394077303400e+02 2.483088436018671814e+02 2.469439249710725335e+02 2.489349605309616322e+02
2.575798680121570783e+02 2.580585773171220580e+02 2.556885967273426559e+02 2.588318825840686372e+02
2.466793242659378791e+02 2.467699393662483374e+02 2.452983430394081097e+02 2.470843354700295436e+02
2.625034951423149323e+02 2.625303138068926501e+02 2.602254652512875737e+02 2.626602022765968059e+02
2.515672535431198469e+02 2.521642332738645109e+02 2.507805530503794103e+02 2.528909029006595688e+02
2.519350196259243262e+02 2.516943521487069688e+02 2.502599902140205756e+02 2.530175354210936121e+02
2.442910137561720205e+02 2.440692779919386055e+02 2.434167863873757938e+02 2.444301089846777302e+02
2.575471321261923663e+02 2.581607923361401049e+02 2.559800151997126534e+02 2.592817725720054227e+02
2.438687997703632391e+02 2.439113684016230081e+02 2.436611794470593111e+02 2.445177298665384171e+02
2.548738825649472233e+02 2.558152300554684757e+02 2.516321048998855474e+02 2.569289528396744799e+02
2.869479716791997816e+02 2.873392492126013167e+02 2.850331444034763990e+02 2.873541764918491594e+02
2.434978829900865946e+02 2.437968932860190989e+02 2.426267999702654947e+02 2.442128288903907674e+02
2.442102845347336029e+02 2.443604264461614264e+02 2.436394801344001735e+02 2.458646357254558836e+02
2.702738987164883611e+02 2.720665675624786104e+02 2.685899385469083427e+02 2.719151218579716556e+02
2.450639588890071821e+02 2.449444439100195439e+02 2.440486800468736703e+02 2.451581413442951884e+02
2.498017089529865018e+02 2.501870206439817821e+02 2.496137887269580915e+02 2.502027532346991734e+02
2.462937356605182515e+02 2.469384677179401137e+02 2.456719772336158201e+02 2.477440996243935558e+02
2.473881345518121861e+02 2.468373542717029920e+02 2.450788946062831712e+02 2.482798134586905405e+02
2.563987744766557171e+02 2.567762616816805803e+02 2.549968089206153934e+02 2.584564624051598685e+02
2.545303122195145988e+02 2.546721342478515169e+02 2.532219051521877020e+02 2.545122809437033311e+02
2.473669085752801777e+02 2.473764623339992852e+02 2.463151980185529908e+02 2.479295863091529384e+02
2.488440175062611956e+02 2.496515435889509718e+02 2.471847761537216854e+02 2.497659585628537400e+02
2.899354235843787819e+02 2.898228943399303148e+02 2.882026559634381897e+02 2.879338912815704248e+02
2.448921878013176752e+02 2.454480303345851553e+02 2.445736582363799698e+02 2.460756799737343954e+02
2.464814285383227457e+02 2.464784877756644050e+02 2.456178121746455645e+02 2.464875212319594482e+02
2.450902696308647251e+02 2.453856591658999093e+02 2.443989206676411357e+02 2.457961278736516419e+02
2.542995696358684086e+02 2.545876578819659812e+02 2.510992725418045950e+02 2.552179407689836239e+02
2.472164556023911928e+02 2.473689234544002034e+02 2.462996238813625780e+02 2.477479607327565816e+02
2.453334232367842276e+02 2.452715227744254207e+02 2.446628227112900049e+02 2.460679235585410822e+02
2.499284687886960512e+02 2.508631262695669761e+02 2.492287124498026571e+02 2.506572915208776351e+02
2.806680024936808309e+02 2.817194673319818889e+02 2.777184511131995350e+02 2.798168491534873965e+02
2.478242318141688827e+02 2.476920064942306965e+02 2.455368022805305941e+02 2.478384543901610755e+02
2.474876370818502380e+02 2.475706881091499554e+02 2.466404895685884071e+02 2.471724636624249740e+02
2.612344013050055764e+02 2.629012991878483376e+02 2.587997605396185463e+02 2.626771763599721794e+02
2.454797349101629322e+02 2.455341089007463040e+02 2.453825521545292929e+02 2.460702121546690080e+02
2.528885090092031760e+02 2.521872920970588154e+02 2.511613297985169595e+02 2.534964592415195739e+02
2.703579686197169281e+02 2.701010300603235805e+02 2.681136065394636603e+02 2.707827438842259085e+02
2.504098015714786527e+02 2.507032900475252575e+02 2.496070573439606335e+02 2.508704588609981272e+02
2.481546679123254080e+02 2.484862823072916456e+02 2.469946880439420909e+02 2.480498461410694517e+02
2.465888510319010152e+02 2.465031048489271654e+02 2.454288830217231805e+02 2.476697169073100895e+02
2.500586240154058828e+02 2.503177676519310921e+02 2.484640437734775844e+02 2.505096339223948405e+02
2.570786552754829017e+02 2.569770904330857775e+02 2.543617843038124988e+02 2.576945968776841482e+02
2.461626459069811972e+02 2.461549666460695676e+02 2.446374323230706693e+02 2.472942625552537947e+02
2.522979794056734022e+02 2.525286328263330518e+02 2.509074774441236002e+02 2.530775045406894321e+02
2.517430919014009589e+02 2.525968398011568183e+02 2.501568849851031189e+02 2.528242632058379797e+02
2.541911998899771561e+02 2.549960508208371834e+02 2.525974319142844138e+02 2.556131349407027358e+02
2.514548958218768178e+02 2.525626433351395406e+02 2.507485915243682939e+02 2.530030580612761923e+02
2.446223518489115065e+02 2.452990881597905570e+02 2.445643805704017666e+02 2.453576181357273640e+02
2.799892864842616405e+02 2.781955258787194794e+02 2.768696887227210368e+02 2.789750092728814934e+02
2.447292492023235866e+02 2.444703937089827264e+02 2.436039413980746815e+02 2.453854269967687856e+02
2.694164416296577542e+02 2.697283512135284127e+02 2.678159509382190890e+02 2.697355547359895809e+02
2.474309969600059844e+02 2.469089746385045316e+02 2.464234162198525269e+02 2.477224097778926364e+02
2.466748864579205076e+02 2.476602033406233261e+02 2.454279445808528521e+02 2.482323624243956317e+02
2.618187897098495114e+02 2.625299662103072933e+02 2.593193335405287030e+02 2.624142887397655954e+02
2.493457091498086697e+02 2.497117808648702919e+02 2.477345732710221853e+02 2.503445750469010989e+02
2.520978801191730554e+02 2.536215415724127809e+02 2.510154740480904536e+02 2.534960818339557136e+02
2.473429930764167182e+02 2.475688386631006779e+02 2.470519357501979414e+02 2.484660826379303273e+02
2.550445177060160518e+02 2.561753780671102732e+02 2.538973660869297646e+02 2.570190988053356591e+02
2.478296233961341386e+02 2.481344554618292761e+02 2.471724943207566980e+02 2.483122093495225329e+02
2.617609504958572302e+02 2.621077656465498649e+02 2.585856323873775295e+02 2.623490941922942170e+02
2.505745660676807915e+02 2.504836409544192293e+02 2.490649772365618162e+02 2.510278594020511491e+02
2.552280695886552735e+02 2.551346744876209414e+02 2.531914734691525268e+02 2.552706521275412115e+02
2.483054197052840664e+02 2.485379486446268800e+02 2.481591467508775395e+02 2.488381185773817776e+02
2.536281144374679002e+02 2.536178063092420700e+02 2.512260547142362839e+02 2.538211865226801365e+02
2.436963970243481583e+02 2.437913730998379265e+02 2.427778130954854419e+02 2.448138595113459530e+02
2.516950384281234392e+02 2.520549151167237198e+02 2.505806348152786711e+02 2.525507494010877281e+02
2.417288997048999306e+02 2.415592541866566307e+02 2.407412864866287237e+02 2.421757283830189920e+02
2.852928585390047829e+02 2.851631747383287916e+02 2.834465924915470509e+02 2.858050258462264424e+02
2.536229546869230091e+02 2.537388810711304643e+02 2.514800374261110392e+02 2.542549099292172912e+02
2.520950663759194299e+02 2.518501348641241293e+02 2.503764503070660510e+02 2.521316244867874730e+02
2.555615505203348619e+02 2.551159709673464420e+02 2.539360716980650636e+02 2.558152559286330359e+02
2.436609093964506769e+02 2.439488367467924661e+02 2.430945587421895482e+02 2.444401420911988794e+02
2.517741917827447935e+02 2.517246199045524122e+02 2.507115001234708700e+02 2.519242023301171685e+02
2.472965963647221486e+02 2.471605603786513541e+02 2.464311778264426209e+02 2.477283273370908319e+02
2.490138607785193301e+02 2.494675529499987192e+02 2.481578992772529659e+02 2.492346241878617548e+02
2.526944383211359764e+02 2.528607939051459539e+02 2.514811213257463578e+02 2.528857990605737598e+02
2.530419743431435222e+02 2.534898762416461011e+02 2.515897321902308192e+02 2.535827662412937400e+02
2.470692775336866021e+02 2.473158543148502986e+02 2.453994317469076805e+02 2.474093076970236496e+02
2.576589710793521135e+02 2.581636208301638362e+02 2.561501677597298681e+02 2.582432212116677874e+02
2.602210478565475000e+02 2.596695905935578708e+02 2.562297536703317746e+02 2.601194692559051305e+02
2.751310506269007874e+02 2.766210337825793886e+02 2.726639637473502944e+02 2.758282598391272700e+02
2.462765882327000497e+02 2.464667536119542604e+02 2.449786461529209305e+02 2.471860999164970281e+02
2.472612556234203112e+02 2.466564803918718383e+02 2.463071353274860087e+02 2.473179667689395842e+02
2.582960414823006658e+02 2.590596387224819637e+02 2.566807303528080411e+02 2.596074541785328051e+02
2.579052034527047681e+02 2.590930061622498215e+02 2.561609959448512086e+02 2.591682442966671829e+02
2.519702905476245576e+02 2.525557653701158074e+02 2.509560031961012783e+02 2.530677997257519678e+02
2.606557088189634328e+02 2.615563737646498339e+02 2.588589958800143336e+02 2.607786005459486773e+02
2.470074233219259554e+02 2.473674450514970715e+02 2.461453382655427333e+02 2.476166575910888810e+02
2.923117260620172146e+02 2.920690116024575218e+02 2.896079571161545232e+02 2.903437253353635583e+02
2.601009801262489987e+02 2.611914876855458942e+02 2.585116562476349031e+02 2.618015252467024538e+02
2.618418919210156446e+02 2.619348230087361458e+02 2.589436859527525598e+02 2.625474750860732911e+02
2.492399170995304871e+02 2.497284554327574995e+02 2.482863093647708297e+02 2.495231149874837229e+02
2.507650854153490059e+02 2.510114308188137784e+02 2.490670638232297733e+02 2.510695501664227152e+02
2.515350794900519134e+02 2.512414610807427380e+02 2.503386120047342729e+02 2.518481459690807469e+02
2.504964366421422710e+02 2.502575665781248802e+02 2.482203248052718720e+02 2.512254365766784474e+02
2.472061798981532661e+02 2.471086035644358390e+02 2.456538196153218223e+02 2.482469905078858119e+02
2.480679270240555070e+02 2.481444648130432427e+02 2.474417982417639053e+02 2.487289878747552905e+02
2.433855244159136078e+02 2.437407527926007162e+02 2.429084478140488841e+02 2.436596308782423819e+02
2.820252523440389609e+02 2.816506812065912300e+02 2.788346584918706981e+02 2.799943309730420538e+02
2.476443825827590501e+02 2.478597042667096275e+02 2.469970387824376985e+02 2.482701633357019375e+02
2.533164350447906088e+02 2.534410564631850775e+02 2.513779835111936904e+02 2.538376196153354840e+02
2.733698885205422471e+02 2.733686210477368377e+02 2.708598378389029904e+02 2.749188682788262099e+02
2.718399997991610348e+02 2.747622043728916310e+02 2.700198259739652826e+02 2.728934240145919148e+02
2.454796594952131557e+02 2.453300572216854221e+02 2.442501349543250058e+02 2.456579266573519931e+02
2.593394267258702257e+02 2.607208898855765256e+02 2.575041241395267662e+02 2.598211086303558659e+02
2.477946363494430102e+02 2.476293101553698364e+02 2.474440192483754686e+02 2.479789507370040553e+02
2.474255146294887027e+02 2.473993334965250881e+02 2.467612909443932665e+02 2.479910225200568448e+02
2.689011566204581527e+02 2.695801891486647150e+02 2.661457200141920794e+02 2.691151369938390872e+02
2.541160781543275391e+02 2.549174426051686453e+02 2.520350187344296273e+02 2.549490515302510119e+02
2.631103234243238376e+02 2.643119965916673664e+02 2.612725191915187679e+02 2.644598835665560728e+02
2.532919317539709709e+02 2.542847774485546211e+02 2.521139813686073410e+02 2.544018847064417912e+02
2.535262259224319905e+02 2.541040481300186116e+02 2.523812588447054566e+02 2.548356812912205669e+02
2.788197089504987503e+02 2.789097494251933540e+02 2.772851197627666124e+02 2.788727140247083867e+02
2.517254975320215067e+02 2.516475722864541638e+02 2.497414012659074558e+02 2.523324944504460063e+02
2.626273664922082958e+02 2.626131058473270059e+02 2.610122999248310407e+02 2.633932110784613769e+02
2.441207511839974700e+02 2.440057429951970391e+02 2.429128880702739082e+02 2.444905407859375259e+02
2.604412488773892278e+02 2.607243796047735600e+02 2.579197339735140417e+02 2.614995537455512817e+02
2.545382913753787193e+02 2.551532854626991877e+02 2.529048769096145577e+02 2.564442437210576031e+02
2.488543168681999020e+02 2.489057036114641903e+02 2.473265806509348863e+02 2.495311881754882961e+02
2.458211116781594967e+02 2.463159380704365446e+02 2.450607151615437829e+02 2.466443045516670054e+02
2.445113743565478330e+02 2.449339961528766310e+02 2.435802181546072234e+02 2.447131791808753860e+02
2.496521202364606609e+02 2.513466068935849762e+02 2.486448479396787832e+02 2.516118020055347984e+02
2.699364924929735139e+02 2.700834543943852850e+02 2.673227883437654668e+02 2.704867999563386434e+02
2.475198977335953430e+02 2.475835622492675725e+02 2.462016289702236236e+02 2.477287096872530299e+02
2.494735857588484009e+02 2.496169026978993202e+02 2.491493537812926604e+02 2.501489765775616547e+02
2.483081183453592189e+02 2.486606776686761862e+02 2.473840541338362016e+02 2.491595874015650054e+02
2.460113907514315770e+02 2.466303043045100765e+02 2.456759817958174210e+02 2.464865541869282026e+02
2.504304896126792244e+02 2.511401657318756975e+02 2.486025344376880355e+02 2.507285512490894632e+02
2.765348812583195581e+02 2.765303017133112462e+02 2.736873165220322335e+02 2.778443906810095427e+02
2.433378912359857793e+02 2.438344577094687224e+02 2.429237587628023505e+02 2.439917403102272146e+02
2.524956199722303722e+02 2.523658550019022186e+02 2.511532789089413313e+02 2.533084081767939324e+02
2.537108075532762257e+02 2.535574546803294709e+02 2.516513335382932723e+02 2.543989879212165590e+02
2.431246215819832628e+02 2.436855390362235880e+02 2.428408235339617249e+02 2.439505776294602128e+02
2.458348547157579560e+02 2.458831276861148467e+02 2.447338938352412754e+02 2.464611418574517359e+02
2.461890947026980712e+02 2.460608406714345335e+02 2.454644529655666645e+02 2.463825762846338705e+02
2.473984307762912067e+02 2.479810521101068161e+02 2.458980443889794572e+02 2.482539592538673787e+02
2.538094408566925893e+02 2.528450522146406456e+02 2.505873191535874582e+02 2.537527088878934762e+02
2.556898964216089212e+02 2.558566198188224803e+02 2.532392305988199439e+02 2.562716092143260767e+02
2.690358779970828778e+02 2.705734572233301947e+02 2.665879228637938922e+02 2.697878330700330594e+02
2.503142578367346118e+02 2.507807264962912654e+02 2.493781940981635046e+02 2.508102545991285979e+02
2.434987791673450488e+02 2.435489350441814338e+02 2.429538804594928649e+02 2.442607240289072479e+02
2.427061470700703865e+02 2.429489913710928590e+02 2.419581049793618490e+02 2.435402965298349613e+02
2.472140212230202678e+02 2.471552579143159676e+02 2.466507986670319212e+02 2.472900848341545554e+02
2.444440737860603576e+02 2.450471709640649749e+02 2.435408186206557843e+02 2.444686166889436549e+02
2.475391287607878894e+02 2.469881650393350014e+02 2.462280511637134452e+02 2.475398311157464093e+02
2.407112379125746315e+02 2.405305020207999576e+02 2.392059066526929882e+02 2.410428525727926399e+02
2.789892131774798258e+02 2.797169253258749677e+02 2.765557108439655281e+02 2.793615268854281339e+02
2.453796549328389176e+02 2.457565404336666006e+02 2.440650428047449623e+02 2.462540922959448721e+02
2.493158306317530446e+02 2.490024049590274444e+02 2.481127085954969118e+02 2.494754439653011673e+02
2.474462592150882472e+02 2.476940227494424107e+02 2.472174368412129297e+02 2.477624134970839407e+02
2.739173719996332466e+02 2.745167795382384384e+02 2.718602611431396099e+02 2.757098389510302354e+02
2.848526444744084642e+02 2.849131531685280265e+02 2.826208841558932363e+02 2.852693868869644120e+02
2.583449194777851972e+02 2.599604764598974498e+02 2.553907135711145884e+02 2.586797904030243558e+02
2.451820496310308499e+02 2.454323656015711208e+02 2.446838231296868571e+02 2.459192449066447352e+02
2.445148337541259025e+02 2.439278365126785673e+02 2.433699536901327463e+02 2.445705255631559112e+02
2.475638913317294509e+02 2.482394229236624028e+02 2.466531901152622197e+02 2.484788735150779075e+02
2.531970897397135616e+02 2.534658876396786411e+02 2.506404090806567240e+02 2.543063581607457024e+02
2.498647694532893695e+02 2.506469862196374834e+02 2.492334849548361433e+02 2.508814241254302431e+02
2.435255720763746297e+02 2.440106618151481825e+02 2.423441932619864758e+02 2.441700374099936539e+02
2.459618131123962144e+02 2.461479988229280593e+02 2.451898431045209463e+02 2.469691200458433116e+02
2.586982690048585027e+02 2.590713074341913398e+02 2.567525339587428448e+02 2.591369807115185608e+02
2.446190917871920192e+02 2.450606511782147550e+02 2.435716485136643144e+02 2.453352605755989657e+02
2.556242109496491821e+02 2.564348529526793072e+02 2.540356551398577096e+02 2.562124197093107796e+02
2.542428451453948810e+02 2.548323391706809673e+02 2.532660164670968754e+02 2.549126125612004330e+02
2.494053638018897914e+02 2.495463643617374032e+02 2.487251147540026466e+02 2.499090487214577934e+02
2.564278252119939339e+02 2.573547118459243848e+02 2.548751194376555134e+02 2.580802375208238004e+02
2.558022817319145759e+02 2.560602670086805119e+02 2.537126348931186044e+02 2.563874094382510975e+02
2.792922380891671992e+02 2.802631718167195345e+02 2.764961935086323024e+02 2.789644473869081480e+02
2.492876365402079273e+02 2.497563507875029245e+02 2.487245294967579525e+02 2.502150252802728687e+02
2.722732432823109434e+02 2.723985795103915848e+02 2.702624116573364290e+02 2.738492145217285838e+02
2.487680085486375390e+02 2.487674559241456222e+02 2.478184784619541006e+02 2.495495794920531978e+02
2.608872904585663832e+02 2.617425828135533834e+02 2.594295251607123873e+02 2.616124437124759652e+02
2.501668833132603709e+02 2.502317404356681436e+02 2.481366138466275402e+02 2.504341361802432857e+02
2.524401509845541227e+02 2.529478544373124578e+02 2.509402200558610616e+02 2.533027386579016706e+02
2.506795857696232019e+02 2.504052921912338263e+02 2.498290947894502096e+02 2.510020545557991056e+02
2.478115775529822145e+02 2.477390460653095090e+02 2.469740061539324643e+02 2.482892015660672200e+02
2.876320069094891778e+02 2.866202944786356284e+02 2.838481083419958964e+02 2.865709340515332997e+02
2.463736346237285204e+02 2.460486610271725851e+02 2.456376738593415894e+02 2.465982114023962026e+02
2.446484359178923853e+02 2.447223091851376751e+02 2.439105888592886799e+02 2.450526542350836507e+02
2.468875795546355505e+02 2.477578032607594309e+02 2.456477023015173415e+02 2.474698107390208861e+02
2.456776902549236752e+02 2.462586398030254884e+02 2.450889066155225180e+02 2.466719764172069063e+02
2.776356732701469809e+02 2.776404001302857978e+02 2.757819402868478846e+02 2.771748203113629643e+02
2.544107256579830221e+02 2.547223670423501289e+02 2.525663857238655510e+02 2.558018990536299953e+02
2.497770101699122733e+02 2.505553067673283181e+02 2.487276503668703924e+02 2.508001640564842774e+02
2.445816103516734472e+02 2.451818408384871759e+02 2.441504800766661560e+02 2.456558615886658856e+02
2.488240094154348014e+02 2.498804548242549686e+02 2.479511920147177193e+02 2.494372671603156846e+02
2.521241816856766320e+02 2.516702955342813652e+02 2.507567172939454281e+02 2.526313491928760016e+02
2.540275338782532515e+02 2.537956787337921298e+02 2.531926103043104206e+02 2.546527771882128945e+02
2.458659184725185298e+02 2.461183939700301551e+02 2.451665594945030193e+02 2.470670999816428264e+02
2.489306353801203215e+02 2.486437067698273324e+02 2.475793743606828912e+02 2.491279749388956191e+02
2.498450420025729386e+02 2.513933997276211869e+02 2.489744014918113919e+02 2.511535640999458394e+02
2.465442231044759751e+02 2.462807580039519735e+02 2.458045720512866410e+02 2.471551226542328834e+02
2.509894446421014891e+02 2.511430669848868718e+02 2.492187476429436117e+02 2.512864041020801835e+02
2.418634658903296213e+02 2.420184536855013562e+02 2.409003326513009142e+02 2.422135793066222504e+02
2.535551968102010676e+02 2.546130745892192238e+02 2.519952281590477980e+02 2.550902204657740526e+02
2.537939757142485178e+02 2.540257802210874729e+02 2.523302515005662769e+02 2.550324731764212345e+02
2.517947298951843891e+02 2.513511833410822760e+02 2.496068249817582227e+02 2.520862276175549539e+02
2.458806875598823467e+02 2.460761062269282036e+02 2.451040258135801935e+02 2.466714420649157375e+02
2.490504104782661443e+02 2.496901287870750537e+02 2.482476365834398280e+02 2.497454616173981492e+02
2.635195608106564578e+02 2.632594803990746186e+02 2.608587726539867617e+02 2.638953712950832369e+02
2.457000763984975151e+02 2.463133461076872948e+02 2.449941197308397136e+02 2.462590847811059689e+02
2.583538894934239352e+02 2.582617885641078033e+02 2.565613003204902043e+02 2.581743875862357527e+02
2.476145477643866002e+02 2.480578560029711639e+02 2.471991128510701401e+02 2.486464828431412855e+02
2.473081922785517293e+02 2.474060689476948482e+02 2.462906529669798203e+02 2.478493632021161659e+02
2.492855645653848171e+02 2.496128213266469800e+02 2.483401101611707986e+02 2.497774449062368092e+02
2.497822037647506193e+02 2.500926502051781313e+02 2.493885466008364631e+02 2.506216773888682212e+02
2.654875222899977416e+02 2.646637522133318612e+02 2.633152118055910478e+02 2.660272082836658001e+02
2.463533078317040861e+02 2.463538404325323938e+02 2.454883299928045801e+02 2.464330259920421042e+02
2.505178659104668668e+02 2.509023545798296198e+02 2.485607620138466700e+02 2.516889806901913857e+02
2.480748198189571383e+02 2.478995765817272741e+02 2.468098790703591590e+02 2.479005148055130405e+02
2.487220658484229716e+02 2.485566758071559263e+02 2.477054442440441164e+02 2.491951898609004274e+02
2.465655292698707228e+02 2.467072915935363255e+02 2.457939554555432835e+02 2.473445761635792053e+02
2.537086365896352902e+02 2.544319524138029180e+02 2.512664723415111325e+02 2.549711893096122708e+02
2.579977803340904075e+02 2.577258629214239249e+02 2.556354782856321890e+02 2.581416091947025961e+02
2.473147431114749395e+02 2.475235761890975823e+02 2.469949368726269370e+02 2.479704563365480396e+02
2.448139640709600826e+02 2.448792120000402690e+02 2.439182084206684635e+02 2.456158489355245251e+02
2.619243144734440989e+02 2.611754981837176501e+02 2.591912287530896037e+02 2.626054332851140316e+02
2.538558706556080438e+02 2.541808008498863387e+02 2.522285035988513471e+02 2.547824024827788776e+02
2.749599775870466374e+02 2.758808944551290097e+02 2.732508661132085308e+02 2.746418747330892529e+02
2.566142264076265747e+02 2.571820404820455224e+02 2.551184576049257089e+02 2.579139416202268649e+02
2.448960568978597792e+02 2.447524225193965037e+02 2.437950771724748620e+02 2.454576480787862351e+02
2.454601070384556749e+02 2.458719948960827821e+02 2.450112449778319785e+02 2.460598059339681924e+02
2.460685317984717244e+02 2.463333877788812742e+02 2.447054634438216851e+02 2.468887524419149315e+02
2.459996845089771966e+02 2.462878309582956149e+02 2.449510342463300958e+02 2.464268299660610069e+02
2.459655739827249477e+02 2.460054207332080694e+02 2.451786641205889907e+02 2.465678760025868428e+02
2.448624550431099749e+02 2.451529747830300323e+02 2.442733888086519016e+02 2.455342637171697504e+02
2.448472384290290620e+02 2.446940507113188232e+02 2.440332838937800091e+02 2.455318920915572392e+02
2.456575117855544192e+02 2.457467307016760287e+02 2.446800228397337946e+02 2.463335801648638324e+02
2.511305099992203225e+02 2.522429757973027620e+02 2.491935864056753758e+02 2.520608728084551728e+02
2.492187603388031505e+02 2.493918342286332290e+02 2.483961446287564456e+02 2.500137248633930369e+02
2.531163946987234965e+02 2.538934839215493184e+02 2.523363841192940811e+02 2.538235212676375454e+02
2.478759210328416600e+02 2.484721986090966368e+02 2.474600446607810511e+02 2.486631143336054777e+02
2.556363044364630639e+02 2.557533114486731449e+02 2.531661174109009664e+02 2.563880095687230209e+02
2.611584759780754439e+02 2.621069966580911341e+02 2.587813228776936398e+02 2.632925593834125380e+02
2.838897466377108003e+02 2.832163897203882357e+02 2.826166828624454297e+02 2.824532179549551643e+02
2.485412469763014656e+02 2.488666498450971858e+02 2.471014703978443379e+02 2.499579376275393940e+02
2.458466419482508911e+02 2.460907730417813752e+02 2.455735820411940722e+02 2.465895378007692216e+02
2.480703825430023244e+02 2.483465788941608423e+02 2.467057205885329267e+02 2.491760854434151895e+02
2.577812886766934071e+02 2.582829992775238566e+02 2.551893827778450259e+02 2.591622059628575698e+02
2.632931473547906762e+02 2.643084265415197365e+02 2.602154584502504804e+02 2.645729391598754319e+02
2.548353243010569429e+02 2.547699864942899524e+02 2.522922710764497367e+02 2.563170974438073131e+02
2.682229716280372713e+02 2.685728180466014692e+02 2.653615862511106229e+02 2.684284085934861537e+02
2.453123766666865890e+02 2.458436639774608636e+02 2.445978422833020716e+02 2.461218831012575095e+02
2.476538073158961595e+02 2.476036126848078993e+02 2.460234815547972005e+02 2.485641568618907513e+02
2.440238100809962134e+02 2.441119590529891639e+02 2.435452775603980058e+02 2.446941255118685490e+02
2.477005789110521050e+02 2.480065711971042219e+02 2.472446715013729488e+02 2.482322220687274239e+02
2.496087071013571403e+02 2.499879762494930731e+02 2.486010510164594791e+02 2.498968887473517384e+02
2.518966182086860215e+02 2.528377186181676848e+02 2.503831687426267649e+02 2.541507975097216843e+02
2.455005355086250063e+02 2.456075046147885814e+02 2.444476716018060074e+02 2.459619096306794006e+02
2.547618888118373377e+02 2.556399903113729692e+02 2.531598304213893869e+02 2.558710710420029670e+02
2.455772642731147073e+02 2.461938273961496861e+02 2.449227492917997040e+02 2.462789073594063609e+02
2.440414083038309627e+02 2.437817202976847852e+02 2.430155271231717791e+02 2.438676468626028395e+02
2.469433804760361113e+02 2.472313353386448682e+02 2.464234365752705003e+02 2.476274834247672345e+02
2.503842903976839125e+02 2.509662883798811208e+02 2.492753377979279037e+02 2.510950088041734034e+02
2.467907766191010808e+02 2.474520168148431480e+02 2.462239917469168233e+02 2.476439606933817856e+02
2.464564938740991806e+02 2.463419241631788168e+02 2.458788320224780932e+02 2.467992302289996474e+02
2.482979446474592748e+02 2.484883805497476601e+02 2.472088602977013920e+02 2.488879066021894744e+02
2.434174172315802878e+02 2.437278768984685087e+02 2.427531629882192874e+02 2.443686396484056900e+02
2.754164278270880004e+02 2.750596283515478717e+02 2.743821893486231716e+02 2.759366595526388437e+02
2.669794456600473609e+02 2.679365541140942923e+02 2.662065889689957885e+02 2.691543641538236784e+02
2.447063051820700821e+02 2.446917894194687335e+02 2.441940167071000474e+02 2.451930261083835774e+02
2.437767024153666853e+02 2.436321141934635932e+02 2.425143199822536531e+02 2.439365700681677254e+02
2.614601333683784219e+02 2.613220349635304274e+02 2.578957904746663417e+02 2.610289016722836664e+02
2.599487772216689905e+02 2.611387654489383863e+02 2.584891085217394675e+02 2.604150920623520733e+02
2.553730642366919312e+02 2.560603320157832172e+02 2.534605768282229974e+02 2.550686665736171221e+02
2.541183517396539742e+02 2.539713874475476132e+02 2.522184951945967839e+02 2.552139725197272355e+02
2.485180839381195597e+02 2.487531793753251463e+02 2.474700021971563615e+02 2.491876222794769546e+02
2.495707643213669940e+02 2.498704878563358704e+02 2.482957605500550926e+02 2.500341046100556923e+02
2.525709541329948991e+02 2.527337323421546103e+02 2.517612562140711532e+02 2.531453829189153737e+02
2.427989334045979319e+02 2.430094129689703664e+02 2.419945545297025831e+02 2.437713741549935094e+02
2.780063674240338401e+02 2.802434643146323197e+02 2.752854424581802277e+02 2.782072678898230151e+02
2.433655379992113126e+02 2.435568273912491577e+02 2.427466184866876802e+02 2.437680874699496201e+02
2.455667740935173526e+02 2.459954077213809285e+02 2.451406821191646941e+02 2.462260373220734380e+02
2.441657449719959629e+02 2.437516452307927182e+02 2.436698379465762798e+02 2.444768276916935861e+02
2.466852242716360024e+02 2.468460008147037854e+02 2.454170578308503821e+02 2.476226951694242473e+02
2.461617849728043836e+02 2.463063633336012117e+02 2.442804200297542536e+02 2.467168744506079179e+02
2.494008590453474312e+02 2.494821345913357789e+02 2.484340846335052788e+02 2.503222551633276680e+02
2.452786619142484028e+02 2.460340430530494586e+02 2.450291363817977128e+02 2.463283414995900955e+02
2.444625232156006405e+02 2.443263784585958547e+02 2.438425915966627429e+02 2.449033036837582813e+02
2.466049610836295756e+02 2.470184632378876586e+02 2.458782402726418468e+02 2.476582134067125764e+02
2.452963258451364084e+02 2.456197551608582330e+02 2.443179315302478756e+02 2.457698405229460548e+02
2.490907128072213084e+02 2.493914951552031027e+02 2.483706582892704944e+02 2.498043893307649626e+02
2.803657315095487661e+02 2.828132243876943903e+02 2.791761173470645758e+02 2.814350322337060106e+02
2.476020724760584244e+02 2.475828262358303675e+02 2.469637576619400932e+02 2.481440514060532507e+02
2.559957746343757776e+02 2.564482410739774991e+02 2.539262963172714933e+02 2.561552293100810402e+02
2.555474208886328711e+02 2.562447433460578736e+02 2.542230672355549643e+02 2.564761247572857314e+02
2.480208382725071488e+02 2.481405325678582869e+02 2.469790179503821150e+02 2.486940008036098959e+02
2.515086638339397780e+02 2.512175921729620711e+02 2.503299313826647392e+02 2.525962182383593699e+02
2.455269689769099557e+02 2.456518948400895681e+02 2.449386351861170965e+02 2.458906668823767632e+02
2.463576832702447916e+02 2.471210699457532485e+02 2.456159021947061092e+02 2.475202203675624162e+02
2.574877007878781683e+02 2.593467088942393843e+02 2.556299441420105154e+02 2.578026607639966414e+02
2.474484581138615908e+02 2.476883156570636970e+02 2.467663120990877132e+02 2.480972377931920789e+02
2.459893568689275298e+02 2.463561356417425259e+02 2.449447803651498248e+02 2.463994702568281525e+02
2.439881176018096482e+02 2.446221061777962404e+02 2.432933514610141970e+02 2.453134048825336890e+02
2.543075722232827900e+02 2.545404933097408104e+02 2.519311851534995981e+02 2.553039290981737963e+02
2.474954163597220145e+02 2.475861933447214938e+02 2.469876419978483284e+02 2.486800566643371440e+02
2.467458588933072008e+02 2.470920441132113865e+02 2.465251352743690916e+02 2.478315855460694479e+02
2.485190577574591941e+02 2.485930370094958448e+02 2.481398956663937838e+02 2.488901095854598395e+02
2.449510062288376275e+02 2.448200995466758627e+02 2.441861966788186180e+02 2.453229598162931779e+02
2.524186668578104502e+02 2.524909161476796271e+02 2.512565206826565429e+02 2.525859096717021259e+02
2.564225760231603886e+02 2.569379256326074596e+02 2.544771370552337260e+02 2.569572185592243159e+02
2.478004142140865156e+02 2.481134049241694584e+02 2.467220461808838934e+02 2.484948928136253983e+02
2.449143154282623129e+02 2.452963071800142245e+02 2.443797087034487276e+02 2.453247306272739650e+02
