2.629978706932893715e+02 2.633175610622695331e+02 2.628595332682383514e+02 2.634667158987051039e+02
2.636582596893781556e+02 2.634907676897768738e+02 2.636913818732662094e+02 2.638893256918256043e+02
2.572854931906823595e+02 2.577930730665793249e+02 2.571484987568160250e+02 2.576381585513950654e+02
2.605152949423329574e+02 2.604214221594015157e+02 2.599162625273894491e+02 2.600621615755497942e+02
2.627285611902784694e+02 2.624730773549176774e+02 2.628015107709350104e+02 2.628673659843065593e+02
2.728529152780010918e+02 2.730119031517783696e+02 2.721559940365668240e+02 2.735479446814046582e+02
2.605766464636462274e+02 2.605479964889656799e+02 2.598918075707036905e+02 2.599160535134695351e+02
2.788877611508069663e+02 2.783964097325099942e+02 2.765698641296996811e+02 2.788446294106329901e+02
2.680824527526631869e+02 2.687063279054812028e+02 2.672132986550117835e+02 2.681624433483439702e+02
2.593896360080375985e+02 2.591074759976110045e+02 2.589280980941556436e+02 2.589966608525452898e+02
2.711278005140942469e+02 2.717212819305695461e+02 2.700597419139342037e+02 2.726878835886848265e+02
2.617703764502661556e+02 2.620173581430181002e+02 2.613331645108896168e+02 2.622659817104957369e+02
2.589786994614194100e+02 2.593931745902946773e+02 2.593688728500848697e+02 2.591288910764977800e+02
2.654875572244229147e+02 2.656435084410730383e+02 2.647824344338409333e+02 2.658590436065912286e+02
2.655896981185186405e+02 2.661931253061424059e+02 2.657959141905988645e+02 2.658103822426353986e+02
2.670691569995641999e+02 2.672503357486037885e+02 2.658779752434138572e+02 2.675780913099443410e+02
2.613064027854015308e+02 2.615453557934463902e+02 2.611275334580695358e+02 2.617345334884776094e+02
2.600473544489793198e+02 2.606420010587808065e+02 2.599086414830296690e+02 2.606307248608695772e+02
2.701906214573549505e+02 2.701120379558110471e+02 2.688059630676970073e+02 2.705535577232819833e+02
2.597811166735733082e+02 2.601934780457465877e+02 2.594215416470274249e+02 2.599358916536626793e+02
2.621604901075435805e+02 2.617827135468660344e+02 2.611009862446468333e+02 2.621724556084442384e+02
2.760923215264530199e+02 2.768939834573754979e+02 2.743720563690075096e+02 2.764229232976223898e+02
2.603506276787010734e+02 2.603917655609435542e+02 2.598358352754628982e+02 2.600938978674929558e+02
2.619138264457185983e+02 2.620271951122609835e+02 2.620236995863357379e+02 2.619259167354884994e+02
2.611584234126981414e+02 2.618591086709025717e+02 2.608244848536486415e+02 2.619777538696890247e+02
2.952473388420312403e+02 2.947697777603353870e+02 2.929537607173564311e+02 2.951161303790846091e+02
2.629432448739656252e+02 2.625691943130804020e+02 2.624436471141793277e+02 2.635790817419140240e+02
2.971821559318666459e+02 2.976399038006779847e+02 2.966182371595748464e+02 2.974607548818185592e+02
2.683183430729873180e+02 2.685247321962557976e+02 2.667438908221844827e+02 2.689840063383820166e+02
2.599094083427199848e+02 2.600726935145547714e+02 2.595442769841682207e+02 2.603056714351455412e+02
2.582688584945213961e+02 2.583462918003814366e+02 2.575630153393348678e+02 2.581722596341736562e+02
2.647807396571708409e+02 2.648689912343112383e+02 2.632811798456601764e+02 2.652737991805659590e+02
2.728444212393479233e+02 2.732918801080269873e+02 2.709833476043517635e+02 2.736728362099433411e+02
2.591990187603118443e+02 2.588430408687590329e+02 2.587110122301266415e+02 2.589647564530822592e+02
2.623536475139347885e+02 2.631960774304437791e+02 2.610418747665731303e+02 2.625767099452913271e+02
2.985174849229397296e+02 2.990186424837067420e+02 2.974310605849223634e+02 2.977042169934946969e+02
2.808100088132979408e+02 2.810629235117249891e+02 2.793342864682909976e+02 2.807033709703003979e+02
2.640636547157569112e+02 2.644776999676180935e+02 2.629943412165919199e+02 2.645583054639466241e+02
2.570894692161013495e+02 2.572172363415395466e+02 2.571194659513756733e+02 2.575520609017347624e+02
2.597515803957305707e+02 2.599414707528530926e+02 2.593129521792318428e+02 2.599960317689213412e+02
2.817297824539027147e+02 2.828739548352071438e+02 2.811546528652452253e+02 2.829784931554326022e+02
2.636319025802642386e+02 2.635689954598378222e+02 2.633565024923408373e+02 2.631322559494341817e+02
2.696344230736396526e+02 2.695178839134321720e+02 2.684836418447540041e+02 2.692852955713495362e+02
2.652891774207957383e+02 2.659491243689449789e+02 2.643558304128490022e+02 2.658677011073746712e+02
2.754296699050961479e+02 2.756268662718239284e+02 2.748588845447660560e+02 2.762210019946858779e+02
2.631874415410405845e+02 2.627594832993598288e+02 2.616957785442883164e+02 2.631812166195196028e+02
2.752361287625238333e+02 2.753829403241668956e+02 2.734521781665261528e+02 2.754018498297561450e+02
2.647041515526208286e+02 2.648930154740860985e+02 2.642555517400072631e+02 2.647392744479849966e+02
2.583207713820544882e+02 2.581404859240498126e+02 2.574375350879664097e+02 2.585061388367255972e+02
2.690361355568053909e+02 2.689387456727430958e+02 2.679527055763140879e+02 2.697637124193157092e+02
2.640179562783779943e+02 2.652186079783979835e+02 2.652830963788402414e+02 2.644264119637024919e+02
3.007739274250130279e+02 3.016466372297668386e+02 3.006279758310719217e+02 2.999960379682378857e+02
2.686738506015681764e+02 2.691990057229877493e+02 2.673714956170491632e+02 2.691094228809278093e+02
2.601804416813511125e+02 2.605044310246408372e+02 2.588809989000750988e+02 2.600076239327587473e+02
2.811842320496198226e+02 2.812446984761670592e+02 2.785656666071600398e+02 2.813273980894383612e+02
2.845196545770008356e+02 2.846787375029647364e+02 2.834238243929416967e+02 2.845324980351969657e+02
2.871139230901349606e+02 2.880363733990734545e+02 2.852288736931339486e+02 2.873525734868835571e+02
2.669787534733249004e+02 2.679300225160895366e+02 2.659416408584006035e+02 2.673523923014026877e+02
2.739400769782755560e+02 2.741521074801675013e+02 2.720956637755221550e+02 2.738209367630741440e+02
2.670579349407582868e+02 2.670107719106484296e+02 2.658648395274190648e+02 2.675186993339291917e+02
2.583266790351928535e+02 2.579077712771326105e+02 2.575159438288196156e+02 2.579888567758318914e+02
2.941857610966278571e+02 2.935218485744291570e+02 2.921600860650216305e+02 2.926422437198035595e+02
2.827471797964768143e+02 2.820454528982127158e+02 2.807802663221334569e+02 2.814051285015258941e+02
2.615672765459528364e+02 2.617775255668831278e+02 2.610901960965690023e+02 2.614687466122695696e+02
2.651815695714733465e+02 2.651491354127904856e+02 2.636348613212426244e+02 2.653417442740972092e+02
2.616148697854619627e+02 2.620900843150323567e+02 2.608886223859534539e+02 2.622344433128628225e+02
2.867194893490461141e+02 2.881280560794841676e+02 2.855097246338340824e+02 2.868075833900775820e+02
2.731779571731233887e+02 2.732361815219495611e+02 2.722807153647581799e+02 2.738765800333683273e+02
2.613054853588605511e+02 2.613222627959236206e+02 2.611696711557897288e+02 2.617074979063744422e+02
2.657233247857332685e+02 2.649537162767026643e+02 2.635052863101788603e+02 2.657450571007980216e+02
2.819866662447531667e+02 2.812419344237054020e+02 2.798165326622776092e+02 2.822088171978418245e+02
2.945498993366463196e+02 2.941569038187702745e+02 2.923094896170120478e+02 2.934979178741702412e+02
2.637940041955214951e+02 2.636135844133573869e+02 2.632293827324809286e+02 2.640184552526866355e+02
2.927160784415735293e+02 2.941970323501156486e+02 2.919849401391079482e+02 2.922204569252947977e+02
2.852745501916260764e+02 2.861935650161998979e+02 2.840016331552782276e+02 2.855703210292041945e+02
2.717576946194840275e+02 2.720594361658993421e+02 2.703149674155462208e+02 2.726373299728326742e+02
2.620566403148810082e+02 2.618836896035930977e+02 2.619117312862631479e+02 2.620712514661537398e+02
2.631067193164136597e+02 2.629244972364263049e+02 2.631389682123087823e+02 2.629859866666498078e+02
2.605931866760668640e+02 2.604635823201361973e+02 2.606318947943974536e+02 2.609691191341334502e+02
2.769553844573504762e+02 2.771590929203572387e+02 2.757075889260738109e+02 2.769538473935400020e+02
2.587049049849578637e+02 2.590783027933670724e+02 2.583640608072042824e+02 2.591042509693357374e+02
2.624883174224336244e+02 2.619397424422976997e+02 2.616035502721372836e+02 2.621879558601044664e+02
2.716468504468621177e+02 2.720541571448180207e+02 2.697965268142648938e+02 2.716898513887975923e+02
2.703796684757031699e+02 2.709352721586325288e+02 2.698653320244843030e+02 2.703802799638202146e+02
2.819459512926180764e+02 2.816955211765745162e+02 2.804720077158396521e+02 2.822209346033444604e+02
2.984224473581925849e+02 2.988653924115411087e+02 2.987249909059389665e+02 2.987477312005286763e+02
2.672148021588391202e+02 2.673895289387203889e+02 2.664334873051827799e+02 2.683026636775450129e+02
2.786055727417542585e+02 2.798482550148511905e+02 2.765911521203519783e+02 2.792053559269801326e+02
2.667336027582134648e+02 2.664095337893101600e+02 2.659010586641353484e+02 2.667541104449639988e+02
2.628276589005274104e+02 2.631269007100215731e+02 2.621910946405499772e+02 2.630450683929673232e+02
2.615927749980980366e+02 2.615490204702662140e+02 2.615345727879930564e+02 2.612451894987664787e+02
2.558440504921991021e+02 2.561382056108126335e+02 2.550908238655435696e+02 2.558985446352730548e+02
2.630492527715632036e+02 2.631377987993990359e+02 2.624866076804930231e+02 2.635466437193805973e+02
2.732354948477820358e+02 2.737105617940020466e+02 2.708291852113380287e+02 2.726839391456070416e+02
2.988199541757903717e+02 2.988592813580158918e+02 2.972573608938158713e+02 2.975198966207421449e+02
2.643095763657805151e+02 2.642421493891226874e+02 2.643761904460811252e+02 2.646165001577494422e+02
2.820652803866352087e+02 2.821639464786756548e+02 2.804398348124416316e+02 2.817782759326382802e+02
2.612940384871363904e+02 2.609249519413676808e+02 2.603811176592487300e+02 2.609446798541323460e+02
2.841989280949080126e+02 2.836441463909995377e+02 2.805810059632108278e+02 2.832255353350266773e+02
2.632754917963076196e+02 2.628327829898185541e+02 2.624093957354260169e+02 2.631193199234089093e+02
2.833284686025492647e+02 2.845044540574804159e+02 2.812024383370349483e+02 2.839234563047335200e+02
2.632871960382364591e+02 2.638198460108932863e+02 2.631437840585826393e+02 2.634723674912389697e+02
2.548150708872842927e+02 2.550240395809729534e+02 2.543689452575224266e+02 2.551372537588260059e+02
2.613686637391150498e+02 2.610688653863946911e+02 2.609990378841313259e+02 2.611350456118799457e+02
2.627168411963722860e+02 2.625301948351920487e+02 2.619585838387517924e+02 2.630248035347572113e+02
2.654329954993257275e+02 2.650693799610291421e+02 2.648625152887419745e+02 2.654426431696045938e+02
2.963295554622718555e+02 2.964090415482467620e+02 2.953990955681290984e+02 2.957956049420956788e+02
2.668312263960876862e+02 2.679904394080695624e+02 2.661060981719839447e+02 2.674019082914675209e+02
2.709803083013476339e+02 2.709792490078801279e+02 2.696609532814031240e+02 2.705399065662807629e+02
2.686152578366788930e+02 2.689025930320149769e+02 2.675471087227059570e+02 2.692883922126520702e+02
2.887990086336024547e+02 2.884558759405063029e+02 2.863394683655283188e+02 2.882925403070652237e+02
2.878663067691041988e+02 2.880237855270732439e+02 2.858715397869075900e+02 2.866771342384741956e+02
2.599996359368752223e+02 2.599006288488204746e+02 2.595733889037277322e+02 2.602423303668056178e+02
2.631211338466801521e+02 2.627157452721604614e+02 2.621024987863285673e+02 2.630164108448135494e+02
2.570543873698939024e+02 2.576924250813512458e+02 2.568941622647745362e+02 2.571467236060136656e+02
2.665619788268402885e+02 2.670278555157200913e+02 2.650958486351245256e+02 2.666925451221346748e+02
2.884009207029521349e+02 2.892207198921565237e+02 2.863802406554522122e+02 2.883312237350659188e+02
2.664219878693468218e+02 2.661288585348876836e+02 2.661427950327068288e+02 2.657011246964969473e+02
2.851767253795687225e+02 2.859791474868524688e+02 2.846900243774848036e+02 2.855434875126174461e+02
2.829967983930344531e+02 2.830023338318554238e+02 2.813944791015022133e+02 2.828903503741587429e+02
2.746011693668427256e+02 2.748879211802992586e+02 2.733885560975153339e+02 2.753510231550999379e+02
2.967038368965112340e+02 2.963584684662931181e+02 2.941664386453830389e+02 2.952672380961345198e+02
2.660640635601366171e+02 2.660462439258939185e+02 2.657390502537541010e+02 2.664169480299672159e+02
2.685005540246057762e+02 2.693172270983483827e+02 2.683098005610553969e+02 2.693929835914469777e+02
2.837341932682900847e+02 2.835618469339145236e+02 2.820965203749416332e+02 2.841797756107268924e+02
2.623872993739625485e+02 2.624617010699111574e+02 2.615040217884566687e+02 2.626077333735187267e+02
2.895692864945629026e+02 2.903181066252814730e+02 2.883144407669353768e+02 2.889518635011878587e+02
2.641480558144892257e+02 2.639917885436960887e+02 2.631067624226699309e+02 2.642132144528737854e+02
2.640497675546187111e+02 2.643614664756699426e+02 2.638680560860578908e+02 2.635803167750540297e+02
2.588532548509026014e+02 2.587173732962901909e+02 2.579751422667031306e+02 2.587499484908929048e+02
2.754995785708848643e+02 2.752483537089967172e+02 2.737120338953816940e+02 2.761516507600677528e+02
2.604293300764738888e+02 2.608489496335195099e+02 2.602732637558930833e+02 2.607245559676813969e+02
2.785523874991685602e+02 2.784179874916516155e+02 2.767600963424523570e+02 2.789341695283076774e+02
2.641954727702878927e+02 2.644407473895230964e+02 2.634368687759024397e+02 2.643064983375505221e+02
2.650481544413860888e+02 2.650332603405714167e+02 2.643092889456110015e+02 2.653348622054796806e+02
2.970678997850942551e+02 2.972603124503023651e+02 2.954687011382858941e+02 2.960138025874272785e+02
2.743026317762170265e+02 2.745681402551813335e+02 2.721281571729595612e+02 2.743475419863780189e+02
2.656956213310807584e+02 2.657088780753437049e+02 2.662975725887745284e+02 2.657423551228589531e+02
2.627174595601833857e+02 2.633136423487795241e+02 2.622246527016300206e+02 2.626423912254730908e+02
2.673113422844597267e+02 2.670557184042773429e+02 2.650980979316822186e+02 2.675063244026632674e+02
2.804104379365598447e+02 2.814607194720777557e+02 2.793177933260174086e+02 2.810105339949009249e+02
2.758548618128337466e+02 2.757745021405747821e+02 2.732567240221447946e+02 2.754833728642402093e+02
2.831037969822099285e+02 2.828557982054928743e+02 2.814317677307091685e+02 2.835168173008950134e+02
2.644393805028151974e+02 2.649639497571644711e+02 2.632763895099932370e+02 2.648257913260443388e+02
2.880028798399988545e+02 2.880868029579190761e+02 2.866760727360043006e+02 2.875261064725890492e+02
2.592484321893288097e+02 2.594996144342642879e+02 2.588732933256738988e+02 2.593016691453667022e+02
2.673660836311755133e+02 2.676384549285683647e+02 2.653550757296706024e+02 2.675239124326404294e+02
2.906678153973521717e+02 2.906415704843017238e+02 2.893802939562830261e+02 2.903850790054121376e+02
2.617554323053612961e+02 2.624790439920823246e+02 2.619867146276905601e+02 2.622189006232300130e+02
2.690650571976260039e+02 2.705614006062796761e+02 2.681988944568091142e+02 2.702798767188626812e+02
2.619568661405756416e+02 2.620336422154369984e+02 2.616587394800612856e+02 2.618764325278630167e+02
2.633124854630789855e+02 2.634725692858661432e+02 2.632405336818359274e+02 2.636722592914579764e+02
2.583648406330681837e+02 2.587426070005971610e+02 2.579454542346203425e+02 2.583440546614730238e+02
2.585895602949688055e+02 2.585249690078949243e+02 2.583583968060110010e+02 2.587573475449097486e+02
2.579083492524483745e+02 2.581346939200852830e+02 2.568862308064682338e+02 2.580237454519624407e+02
3.060455959204281271e+02 3.061132043661922353e+02 3.069762891934120717e+02 3.060331397586955404e+02
2.560490569041364211e+02 2.559406842801521975e+02 2.558863572898017367e+02 2.566588768412569266e+02
2.608898984992222836e+02 2.605721905899703188e+02 2.602694792037355569e+02 2.606762532385823761e+02
2.684991505036310855e+02 2.681302799488587993e+02 2.669562849760092149e+02 2.683490516206762777e+02
2.602044235193139912e+02 2.606508735982204144e+02 2.607058867043039072e+02 2.605049641651329466e+02
2.706704010879211069e+02 2.709518323843338408e+02 2.692166868338871950e+02 2.705293774161857527e+02
2.559695200986508326e+02 2.562611018040913677e+02 2.552457186526079340e+02 2.562333665236045022e+02
2.641053726416287191e+02 2.637597422223792591e+02 2.633879002067818647e+02 2.638062090221364429e+02
2.580331991642715934e+02 2.582495758506967718e+02 2.574917688619843830e+02 2.578650942262676722e+02
2.656108544016983046e+02 2.654395890864930152e+02 2.646422309299193216e+02 2.657934597987265306e+02
2.796601215203496054e+02 2.793330855392210879e+02 2.781493764083650717e+02 2.794779040766432558e+02
2.792784390722782746e+02 2.791808742576453710e+02 2.767123965213551742e+02 2.799014469431309067e+02
2.867022831275003227e+02 2.866535005113763077e+02 2.862977154380274101e+02 2.868520786652557604e+02
2.580892944979440813e+02 2.579199013002416905e+02 2.577444737400682584e+02 2.581848992072104352e+02
2.574850284071858937e+02 2.575837127253422523e+02 2.568082522923348847e+02 2.576625487368732479e+02
3.003476299228393032e+02 2.989059326117003366e+02 2.978141184533685646e+02 2.999996034102226190e+02
2.590930365560265614e+02 2.590272348587560600e+02 2.583898149337206860e+02 2.589252556429961487e+02
2.707189059404907425e+02 2.706555197448434456e+02 2.703117048984916551e+02 2.704639381911143232e+02
2.712737244350859100e+02 2.715136287704922324e+02 2.695477729593965250e+02 2.723786006672332860e+02
2.796646342256604498e+02 2.797685021780416719e+02 2.779520549785096364e+02 2.799774027039301814e+02
2.634444840214218857e+02 2.635679018226210246e+02 2.618664876853055716e+02 2.638133837673763082e+02
2.585256509261702718e+02 2.585784899460094834e+02 2.580141285729671381e+02 2.587516730670530478e+02
2.908464592169055436e+02 2.907845511963094509e+02 2.896853373489381624e+02 2.903231662304029896e+02
2.596882036630599941e+02 2.592057441161289262e+02 2.590774428996851384e+02 2.594376267537185754e+02
2.579196045461208655e+02 2.580454222890151641e+02 2.573287431314188325e+02 2.580896460989156935e+02
2.586302168012675224e+02 2.584743702594000752e+02 2.583163789735630758e+02 2.590161590760238823e+02
2.623613575325159673e+02 2.622273280720716571e+02 2.621072379273829256e+02 2.629958299641332360e+02
2.673562410601297756e+02 2.672897778191481279e+02 2.668884086864377423e+02 2.681727466334615428e+02
2.656378381097167676e+02 2.663445544746281257e+02 2.646753931621257721e+02 2.662794068378015595e+02
2.601854014817904499e+02 2.602643958875499948e+02 2.598272403959463190e+02 2.606405294061729592e+02
2.763025160796994442e+02 2.758536711131502557e+02 2.743229976856937355e+02 2.764888432928503335e+02
2.681077670123534062e+02 2.679405425032678068e+02 2.679190739842487687e+02 2.680662956013044322e+02
2.632615867771847320e+02 2.629619740550385814e+02 2.634177377179818791e+02 2.630078516033250935e+02
2.588823285948693069e+02 2.587371297427119430e+02 2.580649915120844753e+02 2.588904069145127664e+02
2.644030259922852792e+02 2.641652745806036364e+02 2.639214032708982245e+02 2.647257865715770322e+02
2.656787602417592211e+02 2.651513723605271480e+02 2.652195250532909085e+02 2.661694396752436091e+02
2.656443443832637854e+02 2.659367867177227254e+02 2.655234637988090753e+02 2.655698051507229138e+02
2.590931228914417943e+02 2.592591798047412226e+02 2.592679542799771184e+02 2.591694141272234333e+02
2.622727983921690225e+02 2.623503120638885662e+02 2.607534552620659838e+02 2.623955797316492067e+02
2.593382631238272324e+02 2.597063069789487599e+02 2.588585344741206313e+02 2.595779503267655173e+02
2.759318006401867933e+02 2.772755144950642148e+02 2.745352659481527553e+02 2.761107031154987794e+02
2.622803337824315122e+02 2.622441394682616078e+02 2.626671299348004709e+02 2.622231105160998936e+02
2.631891259896347037e+02 2.632112925307691285e+02 2.627457282199861766e+02 2.638413978559893849e+02
2.596630200295900295e+02 2.591813408429014771e+02 2.588089115698193154e+02 2.594620402459511865e+02
2.601758732374916576e+02 2.598582803175555114e+02 2.597214198934822207e+02 2.592187699914823611e+02
2.622748075108107741e+02 2.623418110639452152e+02 2.622756162463087435e+02 2.623626979457562243e+02
2.606675030351759119e+02 2.611510783136186546e+02 2.604252858395754515e+02 2.608816351884797768e+02
2.622691749443412732e+02 2.623586023809388621e+02 2.612018029606300615e+02 2.629748224758940296e+02
2.774780728595845289e+02 2.777445629406846592e+02 2.753071519468638826e+02 2.773884442642501540e+02
2.681289284448001808e+02 2.691381177934297284e+02 2.665319007005087997e+02 2.686270524979347556e+02
2.554806625616901954e+02 2.552565829049246418e+02 2.550073058776395385e+02 2.556933270156068829e+02
2.639262277966544730e+02 2.648114730428867460e+02 2.636606556791268190e+02 2.645064534046375115e+02
2.637963326829363382e+02 2.632847725029815251e+02 2.636187216126548378e+02 2.640387716192948346e+02
2.651080629204611796e+02 2.647920877004553404e+02 2.640894583336194046e+02 2.651403353411996022e+02
2.551476191899216701e+02 2.552067228873482065e+02 2.544483729985537366e+02 2.554836663929401652e+02
2.591172484602783470e+02 2.589357483452806719e+02 2.584277972594549624e+02 2.593698289833017725e+02
3.094172859646765232e+02 3.092844247887756524e+02 3.084204107610012784e+02 3.087852837289154309e+02
2.835501122189305079e+02 2.841969016662084755e+02 2.822957912344501779e+02 2.833619832101360885e+02
2.630641738830768190e+02 2.626204529039185900e+02 2.622459872122833531e+02 2.631937788678207539e+02
2.668378507671465627e+02 2.666355197773165742e+02 2.661896362493175729e+02 2.668186107827643241e+02
2.629821284115399749e+02 2.631036648779262919e+02 2.634092850230147747e+02 2.629732758726540851e+02
2.642678811938428112e+02 2.646559695922475726e+02 2.636833135926036107e+02 2.647931033051534087e+02
2.713392775869633056e+02 2.711503323768424139e+02 2.699343695655838360e+02 2.717025035570624709e+02
2.565796482968799523e+02 2.569353795166473446e+02 2.566155440783943504e+02 2.572602320978275543e+02
2.832147124536230081e+02 2.838175278283147236e+02 2.819898072769341866e+02 2.829793344987135129e+02
2.809406927754929484e+02 2.824814447666274191e+02 2.794822916694337778e+02 2.812127679457819909e+02
2.804711614752324635e+02 2.813770018632974370e+02 2.785089876144722894e+02 2.805101100211908260e+02
2.648707209118006176e+02 2.650047906374788909e+02 2.642943000057730387e+02 2.654874132143668817e+02
2.804783356577137852e+02 2.805835003918178359e+02 2.780248486432853952e+02 2.801640547408790667e+02
2.723657956015140371e+02 2.722508186704841364e+02 2.714315288041080976e+02 2.727300063388760805e+02
2.648088181794633442e+02 2.650684713937820334e+02 2.647480114810252303e+02 2.659206378533282873e+02
2.555257749616021954e+02 2.560724465092583841e+02 2.554963871447538963e+02 2.558974548485155651e+02
2.625088217095308778e+02 2.629299404381246745e+02 2.623703101881739599e+02 2.630259319316758706e+02
2.616709899535135264e+02 2.611767714222460768e+02 2.612109980972201697e+02 2.613123975316856900e+02
2.747972882356519904e+02 2.758892027017140549e+02 2.731783027748819563e+02 2.753778214563778874e+02
2.620898061525500111e+02 2.622369945110729077e+02 2.609379105987641196e+02 2.628992824666285060e+02
2.832970096902126897e+02 2.833837509093716562e+02 2.818927218573348341e+02 2.833699324919178935e+02
2.662047938558965257e+02 2.664760802865022242e+02 2.657060172582504265e+02 2.666138192944131333e+02
2.623489314501950389e+02 2.627041349112099624e+02 2.612425418888566924e+02 2.626873836385775007e+02
2.749156067231935481e+02 2.755259429592189235e+02 2.718858507724345372e+02 2.753429208314278185e+02
2.676702199820067563e+02 2.686041162504749309e+02 2.666061897776847900e+02 2.689000270689174954e+02
2.601610930156758172e+02 2.595179173858778654e+02 2.597172252091654627e+02 2.598361936086233754e+02
2.710862969360747456e+02 2.712417678933526304e+02 2.696645210279071421e+02 2.713567390174891898e+02
3.029294428152338128e+02 3.027098804803286498e+02 3.016276181965265550e+02 3.025621669951849526e+02
2.626232388264278370e+02 2.631212207787231137e+02 2.611651960868741753e+02 2.627715580604751722e+02
2.795311187827153958e+02 2.813057723455320343e+02 2.775949154792313607e+02 2.807661444298674951e+02
2.618300873574257821e+02 2.615771166310331637e+02 2.617302365352721267e+02 2.618842298656585399e+02
2.738108177929577778e+02 2.746243467744834561e+02 2.720359702225493947e+02 2.750747422350004854e+02
2.578987985544412140e+02 2.585402073586171241e+02 2.582017402621041811e+02 2.584839225440983910e+02
2.662904078768268619e+02 2.663177419323182562e+02 2.661474245209811329e+02 2.667492576327566667e+02
2.601059515097052213e+02 2.604943065990057107e+02 2.596809495857638126e+02 2.604630629551597281e+02
2.613226807286185362e+02 2.614064314691843265e+02 2.613249124692700889e+02 2.614636254638222113e+02
2.639582026057735220e+02 2.641633738328839058e+02 2.637798461699237578e+02 2.649023946847373736e+02
2.623033496199820434e+02 2.622307601779420452e+02 2.621885070930695179e+02 2.619840181154597190e+02
2.682560363589961980e+02 2.681207798100829223e+02 2.681497302722963241e+02 2.677447420086422767e+02
2.595974053314076286e+02 2.592033794076527329e+02 2.587991705778100027e+02 2.592286563193659958e+02
2.669198937033366974e+02 2.672590947489314317e+02 2.659303485404818730e+02 2.668453406779229908e+02
2.689480066570389454e+02 2.701264142673459787e+02 2.680468184966992453e+02 2.693715466391688551e+02
2.812247547705090369e+02 2.815680814167581616e+02 2.798819774824146407e+02 2.805542222816667959e+02
2.711728118181540026e+02 2.723728826877239158e+02 2.697885276739610276e+02 2.725336303167040910e+02
2.732111265990262723e+02 2.731106112306884484e+02 2.711122741550235560e+02 2.724894786262838124e+02
2.661940257809206969e+02 2.657695500514588502e+02 2.655223110147044849e+02 2.660664748706781779e+02
2.738780276613175602e+02 2.737520365917413301e+02 2.721815380236729993e+02 2.740442452336963015e+02
2.623391835721166672e+02 2.621766607194449534e+02 2.618292929145425774e+02 2.627388062543033698e+02
2.724262941233270112e+02 2.721998902318264868e+02 2.711213166879783785e+02 2.723633445451802686e+02
2.685647818565975626e+02 2.687494042206221252e+02 2.676685881486845346e+02 2.686823739653742678e+02
2.855692358287781190e+02 2.856605716144062512e+02 2.822576775798288509e+02 2.849387080112500712e+02
2.738448308927006565e+02 2.746778800815259274e+02 2.727465151089286337e+02 2.737956127597243494e+02
2.569814472171381112e+02 2.572244261256428786e+02 2.567232299530667206e+02 2.572377733360968932e+02
2.645385754997608956e+02 2.649182261116272912e+02 2.643344037884033355e+02 2.649566588105770393e+02
2.608619471942222390e+02 2.605280986616125460e+02 2.604582153637991837e+02 2.606769282383914970e+02
2.552114975071474987e+02 2.552160579756580887e+02 2.547957029829483133e+02 2.552661805375879567e+02
2.649723143295736918e+02 2.645453631644363668e+02 2.644654734537103309e+02 2.645055417574661760e+02
2.606402057150523888e+02 2.611204238899381949e+02 2.599057808891746504e+02 2.608607313343709961e+02
2.634541769622102265e+02 2.636752329297154915e+02 2.633769962225209156e+02 2.637096063613199703e+02
2.698413321864062482e+02 2.698005262721397344e+02 2.689985706499934963e+02 2.701075961017308487e+02
2.694882914324101648e+02 2.702759426005131900e+02 2.684512408561859047e+02 2.699631796154393442e+02
2.827258684541716320e+02 2.825736391352565988e+02 2.805239202596774817e+02 2.831873501053071323e+02
2.823815471090233586e+02 2.828248676639586847e+02 2.791698844919278599e+02 2.831805210012930161e+02
2.647160110637372554e+02 2.652983783707888392e+02 2.638393092371742910e+02 2.653837666819430297e+02
2.594763674328295338e+02 2.590494050509602175e+02 2.579020620379377533e+02 2.594938861697340826e+02
2.630838067442680313e+02 2.632993216394596629e+02 2.621631280353979037e+02 2.631642978660916583e+02
2.630434740946915895e+02 2.630457514787057676e+02 2.621449144554082977e+02 2.632996199688419665e+02
2.634602262760584495e+02 2.639584313887417579e+02 2.625368011468583518e+02 2.634312435061424367e+02
2.775543597611629707e+02 2.783333764496784397e+02 2.757450565576054942e+02 2.778738666557079000e+02
2.962629743614881477e+02 2.972497629873791993e+02 2.952266410801034340e+02 2.965493415442859373e+02
2.558643306238969330e+02 2.561209601915223288e+02 2.553257969857039029e+02 2.560779595329718177e+02
2.718441617135842421e+02 2.716259540574691300e+02 2.703059518209652765e+02 2.712116272238136503e+02
2.641857825761422873e+02 2.646220898166463371e+02 2.637601195249943657e+02 2.647698110055741836e+02
2.859436839127812391e+02 2.866458337776129497e+02 2.854213055753100434e+02 2.869608038993587229e+02
2.592255938581629380e+02 2.590583123605484275e+02 2.588472614141174972e+02 2.590822043923010938e+02
2.627006646353683550e+02 2.628780882564356034e+02 2.622590381953413612e+02 2.625798111183279957e+02
2.737350007028607024e+02 2.741141153206411900e+02 2.723815426564066797e+02 2.735055689485267862e+02
2.623052723499168906e+02 2.618084901439622740e+02 2.620074101662121961e+02 2.622181055312008198e+02
2.592547707572181253e+02 2.592872584064857620e+02 2.591300984710338184e+02 2.595548204845915734e+02
2.861685133487288226e+02 2.874941966295433531e+02 2.843955964078093075e+02 2.866282894142015039e+02
2.633395222165407858e+02 2.636391446515809776e+02 2.633037358201460165e+02 2.632640352109207242e+02
2.717879498604229411e+02 2.724757586094586941e+02 2.703324011049595583e+02 2.726086233760207165e+02
2.632335290025072823e+02 2.627212051162234161e+02 2.618750930188189159e+02 2.629800374575858086e+02
2.694378236164656641e+02 2.697360870263563584e+02 2.677415924804112706e+02 2.696026695348841713e+02
2.759906322961747378e+02 2.763415888422384796e+02 2.742397448372159943e+02 2.759342680071703739e+02
2.791188813969595230e+02 2.797695752875912945e+02 2.785604989517398167e+02 2.794037267070984853e+02
2.827801370650603303e+02 2.824597874677810410e+02 2.807692460287436802e+02 2.835185844888358133e+02
2.858892199288971483e+02 2.857326659269015749e+02 2.838406916595468488e+02 2.849128630677687966e+02
2.751686991645764806e+02 2.750506988054031012e+02 2.732557796824012826e+02 2.755965137813345791e+02
2.612374058443028844e+02 2.611847455721626829e+02 2.608131388229056711e+02 2.614778156174702985e+02
2.641230745162898756e+02 2.638293445677608133e+02 2.643334091641539771e+02 2.636067284527777588e+02
2.802895586632540130e+02 2.803604642849119841e+02 2.783785095410941040e+02 2.803110326687296947e+02
2.988618060588161711e+02 2.992107185808363852e+02 2.977344483825610268e+02 2.987548619297840560e+02
2.591772403835245200e+02 2.588687042360920714e+02 2.593670247420059241e+02 2.596034660902057567e+02
2.983447547896973333e+02 2.990129408505847550e+02 2.979376166750180914e+02 2.966095338263408507e+02
2.752486536264472079e+02 2.755743248180121441e+02 2.739145264776848876e+02 2.760229845314029831e+02
2.600546598700207710e+02 2.607706959082102003e+02 2.608183150396786232e+02 2.604724430202068106e+02
2.591654839870788578e+02 2.592077568457837060e+02 2.588760608370429850e+02 2.589049105941431890e+02
2.668114494952731661e+02 2.669443851720122893e+02 2.659488885186882499e+02 2.672548627513912720e+02
2.920458920773085651e+02 2.914178089253049393e+02 2.895182932350105602e+02 2.918278711268815186e+02
2.803330160895484937e+02 2.802247486055605918e+02 2.783958896298346986e+02 2.804413183737700592e+02
2.626669505729582852e+02 2.626918783760490896e+02 2.626662256141760849e+02 2.624476557397288161e+02
2.610823427401619483e+02 2.614823864635336008e+02 2.604325947417482325e+02 2.616324567487893660e+02
2.738064677533402573e+02 2.746890296113972454e+02 2.728601498848182700e+02 2.741914312104085525e+02
2.581854595448639316e+02 2.585924205407493446e+02 2.578969766781838189e+02 2.584810471208339777e+02
2.612435235635049935e+02 2.609612733856068871e+02 2.613385713225539462e+02 2.610415239257597477e+02
3.083689746789016226e+02 3.089532737505148816e+02 3.088364333371719113e+02 3.071067306566170032e+02
2.714170421352163771e+02 2.720529376966414929e+02 2.707151291556984916e+02 2.724085754399109760e+02
2.707429423473365091e+02 2.711034083256891449e+02 2.687944780837377152e+02 2.707877026842083978e+02
2.651604485108152289e+02 2.652808543650036199e+02 2.648660850135946134e+02 2.652479964089868076e+02
2.577611507575691689e+02 2.577243878594923103e+02 2.574710474249453682e+02 2.577079503580612254e+02
2.612482916241794442e+02 2.610434428221461758e+02 2.607836618224636709e+02 2.614145639122316425e+02
2.633671177354377733e+02 2.640144247016118584e+02 2.622420288270388369e+02 2.641038692408508837e+02
2.695096353968075960e+02 2.690251916914639310e+02 2.679999916248809200e+02 2.697183657204629981e+02
3.035891865818223323e+02 3.038780198338749869e+02 3.035180606033205208e+02 3.024502626609117328e+02
2.628892183003598007e+02 2.623967697787045950e+02 2.618113146190818270e+02 2.625722230756995828e+02
2.886745054036441616e+02 2.889391142949718301e+02 2.864722459837941528e+02 2.889655767317392474e+02
2.861493185272069582e+02 2.864781846884657170e+02 2.852398514801474221e+02 2.859903343664145723e+02
2.635337031814823376e+02 2.640236217061627713e+02 2.645621845344214762e+02 2.635706637316152978e+02
2.793827385815752109e+02 2.794965299391006397e+02 2.766430193019403987e+02 2.798259756018628650e+02
2.662604887256217694e+02 2.661453568239488732e+02 2.659870290464271534e+02 2.661195484585401800e+02
2.631431576653764068e+02 2.635423650340705422e+02 2.626630605436702126e+02 2.633868816454843227e+02
2.948442277127204534e+02 2.947437410235518200e+02 2.939969078524534893e+02 2.948003340231750826e+02
2.632878641857851676e+02 2.630936759733074268e+02 2.625837200724807303e+02 2.633777534599529417e+02
2.561140865287608790e+02 2.564472600085516092e+02 2.556839811270806138e+02 2.564810472976753317e+02
2.840017201676214995e+02 2.837937604716383362e+02 2.819216374093041395e+02 2.831547733425854858e+02
2.668582077011571414e+02 2.669074036451139591e+02 2.656208650329460852e+02 2.671762793591219634e+02
2.574375724794950884e+02 2.576858801149521696e+02 2.571308631129344349e+02 2.579280822967075437e+02
2.634479606147768891e+02 2.638303927889659803e+02 2.626553854370710042e+02 2.640845264251888125e+02
2.581757518173989183e+02 2.583842501993293581e+02 2.572057712178872180e+02 2.583802378106032620e+02
2.842210018460459651e+02 2.841306935252799235e+02 2.821612299780696844e+02 2.842429140919244333e+02
2.699549312718552301e+02 2.696816362749615905e+02 2.683356133464328082e+02 2.703795921871434302e+02
2.606116122381175728e+02 2.614896839604680281e+02 2.605939998296814792e+02 2.611338698101451428e+02
2.769838830039563504e+02 2.771686799897843798e+02 2.757414610317075017e+02 2.773751828451188999e+02
2.809110230099828982e+02 2.818052719278014138e+02 2.793741498628110094e+02 2.817397317076460013e+02
2.596482784908628787e+02 2.595708940301892085e+02 2.594461439456243284e+02 2.600306660229844056e+02
2.608342694593488318e+02 2.612643041703319113e+02 2.605083491240492890e+02 2.606284684202804556e+02
2.734708657379105148e+02 2.744231807332039352e+02 2.715600679723297617e+02 2.732400751532365462e+02
2.546659992925890208e+02 2.550016744675729683e+02 2.540082648880950558e+02 2.543973374711332838e+02
2.669343956598116847e+02 2.673371808578489208e+02 2.662176914848017191e+02 2.670095222325978739e+02
3.062596935008538139e+02 3.055961109408012248e+02 3.056418871563286643e+02 3.045646870234020867e+02
2.630849559094593815e+02 2.633792603191275816e+02 2.628389142998678381e+02 2.635914764173334675e+02
2.846131567649353542e+02 2.851672158654573082e+02 2.817610115997068192e+02 2.838622309238872958e+02
2.612689813640682246e+02 2.616847755867742080e+02 2.612496504145989320e+02 2.612656504054253332e+02
2.597699653741652241e+02 2.596084304128997360e+02 2.593015275521075296e+02 2.603202460152064077e+02
2.885319793068553622e+02 2.881912178293241027e+02 2.876651222024391359e+02 2.889931923416771724e+02
2.606533072606827091e+02 2.608352158492904209e+02 2.610781443920232050e+02 2.610969519559424725e+02
2.614401197789148910e+02 2.617491259613164516e+02 2.618310636611969358e+02 2.622650936396469206e+02
2.635086792411922261e+02 2.636616778594819266e+02 2.628549100956890925e+02 2.635755015232485903e+02
2.624955756586141433e+02 2.622295780893428514e+02 2.618637420005597960e+02 2.626148599903713716e+02
2.792771669624552828e+02 2.804231276447879964e+02 2.768394595914381284e+02 2.789429782063705829e+02
3.036392740866074291e+02 3.027467305073459443e+02 3.020836475966322041e+02 3.019966772017792209e+02
2.658807272761664535e+02 2.662764905915584563e+02 2.650405668392866687e+02 2.664878319469850112e+02
2.637931844692973868e+02 2.644895866346290632e+02 2.630517654074380403e+02 2.642958116675706037e+02
2.578786293047134563e+02 2.582361847602566058e+02 2.571106061743780629e+02 2.586117275427687332e+02
2.588435216431681170e+02 2.585996394066921766e+02 2.584272699635426989e+02 2.587582570210430504e+02
2.765335865210552129e+02 2.761548839171667851e+02 2.749996903683991150e+02 2.763781232327437465e+02
2.948703925776311507e+02 2.955565676282647587e+02 2.931739567739268750e+02 2.947546227708418769e+02
2.700660386994435953e+02 2.707529805131691205e+02 2.690565719775676143e+02 2.703627412145738163e+02
2.701414774430499506e+02 2.712799522269653494e+02 2.703667865084082109e+02 2.707627869958030260e+02
2.601924528681807942e+02 2.597369679416823942e+02 2.584027839803791835e+02 2.600896094214738241e+02
2.652754229423066477e+02 2.647624673020652608e+02 2.634537119180072295e+02 2.653504623433321967e+02
2.598925440832898630e+02 2.603757269652652440e+02 2.600198242061882183e+02 2.603316153332548311e+02
2.671044036964038355e+02 2.677202575728830993e+02 2.655479053955432960e+02 2.675528497947668711e+02
2.809126009393689856e+02 2.815260027862958623e+02 2.783278494733256139e+02 2.805339431229990055e+02
2.639876179086675734e+02 2.636347972966079283e+02 2.640312685667770438e+02 2.645043488551643804e+02
2.738272995905345510e+02 2.741123561180778552e+02 2.725403322552676855e+02 2.745803851896399692e+02
2.645037988170736298e+02 2.649770570366338234e+02 2.637839545860852581e+02 2.646184976726621016e+02
2.683747746547941802e+02 2.692400777141273238e+02 2.684566618363407429e+02 2.686870550627355101e+02
2.591597408868897787e+02 2.587977819307666323e+02 2.589838144435522054e+02 2.589019186810044175e+02
2.811061988735094133e+02 2.809280504969040635e+02 2.791101924656509254e+02 2.810545502357984446e+02
2.945691718207369831e+02 2.946537758076088380e+02 2.921434623575223100e+02 2.941500237995659290e+02
3.055138188971751561e+02 3.054096432751587145e+02 3.057045796039168977e+02 3.038273230110820009e+02
2.605620317349852257e+02 2.602809549150402404e+02 2.597638289934539557e+02 2.609120642615202996e+02
2.584864654720631165e+02 2.586110309716487450e+02 2.591462335796371121e+02 2.589980338876580959e+02
2.625639199940300728e+02 2.626006469166809438e+02 2.617064491392255263e+02 2.627551219617385527e+02
2.646398577992302421e+02 2.649829638467508630e+02 2.640285864540039711e+02 2.651949757952013442e+02
2.638460869788458467e+02 2.640016039188711261e+02 2.636911396794415623e+02 2.639011936847490460e+02
2.776256000448523764e+02 2.779517178520436005e+02 2.759674773879864347e+02 2.776454955618788176e+02
2.644019098297507639e+02 2.645456900369667892e+02 2.629810730422370284e+02 2.648992196507102790e+02
2.655158314172497285e+02 2.658448539631845051e+02 2.641878297325012568e+02 2.660334246954384412e+02
2.925211749969334392e+02 2.929919351788162203e+02 2.910645039293843865e+02 2.928422704759181556e+02
2.650468044446847102e+02 2.647552649899055268e+02 2.644489702859114004e+02 2.650552010868560728e+02
2.613736953779513215e+02 2.613586198002676042e+02 2.608972383245007904e+02 2.620141280315125414e+02
2.618713403622596729e+02 2.621789544252322912e+02 2.607470235438127588e+02 2.623136549155832995e+02
2.606744906008243561e+02 2.612473292914888816e+02 2.597319116559907570e+02 2.614284247101493861e+02
2.556353670307830441e+02 2.560187964669945586e+02 2.555172625402830420e+02 2.560419354572805446e+02
2.655441349434864264e+02 2.653054310080350433e+02 2.641063878781815220e+02 2.655626591716240341e+02
2.612553821780197723e+02 2.617254795883181373e+02 2.604166123370146693e+02 2.616577654989663415e+02
2.627961379459067075e+02 2.625612948758785592e+02 2.625144495702845688e+02 2.627736962985075593e+02
2.587473386755405613e+02 2.582082289237555983e+02 2.584030093656113536e+02 2.589210547564860576e+02
2.907969749816707008e+02 2.911558411095728616e+02 2.894482740774305967e+02 2.908102815985113807e+02
2.612542971275009904e+02 2.613988026308934423e+02 2.606757667848332858e+02 2.616479092810026259e+02
2.669080580293745584e+02 2.669088106945146137e+02 2.667279275259911628e+02 2.671431368361728005e+02
2.827090366580509908e+02 2.830245242168792856e+02 2.808070365138524380e+02 2.831011208767745302e+02
2.673888309698933199e+02 2.673684122526239548e+02 2.666440685350930835e+02 2.677447855910679095e+02
2.673301706315975821e+02 2.679852789365224908e+02 2.668448013264337533e+02 2.682166855751895582e+02
2.584759158204392406e+02 2.583479343749446002e+02 2.576645911008256462e+02 2.583662748426787630e+02
2.683366058620640047e+02 2.688107281717993828e+02 2.684210096460981845e+02 2.695338708028544374e+02
2.674358976083133257e+02 2.676294915035945223e+02 2.672843009826223124e+02 2.676590142852265899e+02
2.676569927457701397e+02 2.683950938549137959e+02 2.660470274063125089e+02 2.690621889792761863e+02
2.659265409119033166e+02 2.660553805025065230e+02 2.653420022941095340e+02 2.667504216911709705e+02
2.837913382923954941e+02 2.839183612337997147e+02 2.820000030635532653e+02 2.838733352621987365e+02
2.890352680071339364e+02 2.896496294465483743e+02 2.873934998375465852e+02 2.881258517462857753e+02
2.715543119877012828e+02 2.713912614577579347e+02 2.709981898533775961e+02 2.716321126188831840e+02
2.599484111205162549e+02 2.591847678478956141e+02 2.593586556143565076e+02 2.594724644575590560e+02
2.708993255373846409e+02 2.714217423558731639e+02 2.696665941537681306e+02 2.717864677502992663e+02
2.630955184896086507e+02 2.619571766591845403e+02 2.624524954432919799e+02 2.627369145291567065e+02
2.687108110729490136e+02 2.686871300777947340e+02 2.667843337396716379e+02 2.691719796342655968e+02
2.835101442396426705e+02 2.846953340076236145e+02 2.815585344789946021e+02 2.844443856372531627e+02
2.601304999139957204e+02 2.603959637174233990e+02 2.596265158796869628e+02 2.601614487037292065e+02
2.703758513884577042e+02 2.709199415567581468e+02 2.690071068911078100e+02 2.707825023133407285e+02
2.749244668992786842e+02 2.750766952063917188e+02 2.737605225171873826e+02 2.761972285275571153e+02
2.667955063660025417e+02 2.665291603797264202e+02 2.661208660112787925e+02 2.663268304469179952e+02
2.609045463456168932e+02 2.605125921174482642e+02 2.605558981181090985e+02 2.607187210220051270e+02
2.681991730896402260e+02 2.682529177518030679e+02 2.672016991257436302e+02 2.683228126880792956e+02
2.616065141490664132e+02 2.613155499692679768e+02 2.611552883610554545e+02 2.610985142757596122e+02
2.757097819759258073e+02 2.756738855589871378e+02 2.751588907366556214e+02 2.763493412977771300e+02
2.658031807355646379e+02 2.670404080443402108e+02 2.656947333023327928e+02 2.662193950281031789e+02
2.670695835127378359e+02 2.672282323207399486e+02 2.661362433481318135e+02 2.679334521617734026e+02
2.790684546717016019e+02 2.789292564261685357e+02 2.771390338691737725e+02 2.790911672932912211e+02
2.627237556144241353e+02 2.630677367537076634e+02 2.627302384600051255e+02 2.628095855946402253e+02
2.801481559927602802e+02 2.804088148529779687e+02 2.790854842117658450e+02 2.811743326236576195e+02
2.749572211928430079e+02 2.742472004489189317e+02 2.727533713407591449e+02 2.750985944982204501e+02
2.847098252171210788e+02 2.852091838492988245e+02 2.827429210660500303e+02 2.854669490551634681e+02
2.566446139129424182e+02 2.569717984785397675e+02 2.566430021239218604e+02 2.569599566397526473e+02
2.711522200787627526e+02 2.710687931768769658e+02 2.689070228193938306e+02 2.711812038787975325e+02
2.561570526556195659e+02 2.562853252842924121e+02 2.561399119096378172e+02 2.562422299165608592e+02
3.055141597764207972e+02 3.056122195117236515e+02 3.048960732645965095e+02 3.041948540806019423e+02
2.640862766358531530e+02 2.640987229775495280e+02 2.629702241584123499e+02 2.641806997290188974e+02
2.644139395230594687e+02 2.645782708642525449e+02 2.642473862439016443e+02 2.649864249559802829e+02
2.621385093067124217e+02 2.621875804473301059e+02 2.620334690209029418e+02 2.624605360281896083e+02
2.622371972669072306e+02 2.626320789598061083e+02 2.603913224392913435e+02 2.626745656229361998e+02
2.955585946405181517e+02 2.970607828811511695e+02 2.948729012984221072e+02 2.963289354997162945e+02
2.919868619277662560e+02 2.915307765618190388e+02 2.897118852030480980e+02 2.913103424468080789e+02
2.694983261309407112e+02 2.695168837057958626e+02 2.681312905952353276e+02 2.699680600786051627e+02
2.840534220458529830e+02 2.842456273260929152e+02 2.818175904505561107e+02 2.847052948392948792e+02
2.663347459752322379e+02 2.663274824450158462e+02 2.647269367052742268e+02 2.670387930566215005e+02
2.588902358936372821e+02 2.590657738415409881e+02 2.582039262585281563e+02 2.590266714626048383e+02
2.613472807109667997e+02 2.611370762623126325e+02 2.602568207933268809e+02 2.616152890711401824e+02
2.605887313245340806e+02 2.607159544318971598e+02 2.606258120351688490e+02 2.602525986435472305e+02
2.747404030313967382e+02 2.747956274661912630e+02 2.731398465372559485e+02 2.750756417551718869e+02
2.633956346506613500e+02 2.636451833898268546e+02 2.631966082573278527e+02 2.630575518611009898e+02
2.619322539723107184e+02 2.621081546202849495e+02 2.612649973855520784e+02 2.617854719334104061e+02
2.553442675288715691e+02 2.558319492224987641e+02 2.549999530521727422e+02 2.556356122544636378e+02
2.682408130057402218e+02 2.680556187894852087e+02 2.675095855175948145e+02 2.684265352394108959e+02
2.665593985811037783e+02 2.671592192724369283e+02 2.664183943824881453e+02 2.670677436074225852e+02
2.630289537636358546e+02 2.633414559961740906e+02 2.627310408992169073e+02 2.632357376422326638e+02
2.605045420683259749e+02 2.606682333768374633e+02 2.604955578793273503e+02 2.608961005517813305e+02
2.582873178378902708e+02 2.583684705524165679e+02 2.574069744533963444e+02 2.584943839808509551e+02
2.600104824853367518e+02 2.594751777881164685e+02 2.595550587419509156e+02 2.596422662610352745e+02
2.841860832282900446e+02 2.850256714157442275e+02 2.821290360109490507e+02 2.847944590589100926e+02
2.688844613758730588e+02 2.686270161326621064e+02 2.675254475875463527e+02 2.690136899320286261e+02
2.586500891225868486e+02 2.591513598583698581e+02 2.587718781166581721e+02 2.587011087261693092e+02
2.667290724696345023e+02 2.668956259089959531e+02 2.673977811560316127e+02 2.672626863814243734e+02
2.620700623113786492e+02 2.620922983649627440e+02 2.608023329561165156e+02 2.624760187642824576e+02
2.964119999509646277e+02 2.963301137229838673e+02 2.933875683368095793e+02 2.958849354359616086e+02
2.592554928820156874e+02 2.597565186456609467e+02 2.588939276957142397e+02 2.595529029678381221e+02
2.622110474950633261e+02 2.625825835148528995e+02 2.620834663306786751e+02 2.626051582259735255e+02
2.665552337203943694e+02 2.663448397421449840e+02 2.662121655094771313e+02 2.665041473837763419e+02
2.599108061248280137e+02 2.599042768395949565e+02 2.594982458108368064e+02 2.599774992078656055e+02
2.656670164403882950e+02 2.651381602472957866e+02 2.649015096394980446e+02 2.651002854097139902e+02
2.638432166326761603e+02 2.634987630361517290e+02 2.626694122300975209e+02 2.639635393341224585e+02
2.621577435976772676e+02 2.624696443705173010e+02 2.608831959154236415e+02 2.625917486801375276e+02
2.970646435100763370e+02 2.972268481107447542e+02 2.952568388884928936e+02 2.967719133674093541e+02
3.007216356096890877e+02 2.987279294615560730e+02 2.975697525342886820e+02 2.973487425933359418e+02
2.666364386945061256e+02 2.665308491598938190e+02 2.644321461134565538e+02 2.663470057213790483e+02
2.877508173728135716e+02 2.881880094685431573e+02 2.853857424463587336e+02 2.872567396806491615e+02
2.658949515711350955e+02 2.658380175214061865e+02 2.659071145761608364e+02 2.659145215292272724e+02
3.050306309330114800e+02 3.047103493396236331e+02 3.051773753462604191e+02 3.036996790213268582e+02
2.783799120918997687e+02 2.785253913422104688e+02 2.772076341290238588e+02 2.787407566864044952e+02
2.590099443910936543e+02 2.592895535896395245e+02 2.589935937705301967e+02 2.598025833326852876e+02
2.654784680631365177e+02 2.652873312811167352e+02 2.643553661510822508e+02 2.653419809921012416e+02
2.626521623763181310e+02 2.622122689509528186e+02 2.609711111504627752e+02 2.631457645615902265e+02
2.635860574211184826e+02 2.642701157245179502e+02 2.626803919693786611e+02 2.644061525758647235e+02
2.619184222088306342e+02 2.619170863880278262e+02 2.617525771765047011e+02 2.616687623914763776e+02
2.680005251857543271e+02 2.682836800693136183e+02 2.672330643396450682e+02 2.681272729357132221e+02
2.536723166830420553e+02 2.537963097479872090e+02 2.528473242019488794e+02 2.543200955342088889e+02
2.553978458697101246e+02 2.550367650497242948e+02 2.546396032716721436e+02 2.554653304067899739e+02
2.830392793020188833e+02 2.842664851943791291e+02 2.812211042103392060e+02 2.827173610899524760e+02
2.610352351520792809e+02 2.609329687294535915e+02 2.612318391251193361e+02 2.611705169098852366e+02
2.782203724956124233e+02 2.789874819208746430e+02 2.771078586543860638e+02 2.789676425166694003e+02
2.742650510174707392e+02 2.758106369297240690e+02 2.724018883447171788e+02 2.746186748382252176e+02
2.819074166934983054e+02 2.827192044213940108e+02 2.801663740843741266e+02 2.828844733407052559e+02
2.932734022535175313e+02 2.928397713516503131e+02 2.907004168904960579e+02 2.921894549724824515e+02
2.683084234011194553e+02 2.689127855290238358e+02 2.667525557673480421e+02 2.692944363293123615e+02
2.694049483925076629e+02 2.696455951250865155e+02 2.679912935081291039e+02 2.703399762084072790e+02
2.614038740557498954e+02 2.619302831100570756e+02 2.618239452043947608e+02 2.622279224553855670e+02
2.659988787768613179e+02 2.661631755106196806e+02 2.648419166824488684e+02 2.662065972345191085e+02
