2.583460070988089115e+02 2.582828909375222111e+02 2.568240012448777634e+02 2.588911784091158097e+02
2.495638274807851076e+02 2.497560113758691784e+02 2.494115567679065464e+02 2.497707022170555717e+02
2.567667437350057185e+02 2.570529442149282886e+02 2.551713601508544400e+02 2.574106738501034215e+02
2.486446215059007159e+02 2.486639286748300322e+02 2.472737290995730177e+02 2.492169956946318337e+02
2.480658185284071919e+02 2.481877778232229446e+02 2.476393739719506186e+02 2.483008352949752577e+02
2.525879024676511051e+02 2.529565805618638592e+02 2.520461819828381351e+02 2.530443228095730319e+02
2.500758905978804307e+02 2.501378852857986885e+02 2.493977316957803225e+02 2.499214413899147189e+02
2.539921536504373023e+02 2.548049044854711838e+02 2.534285452735269359e+02 2.550411084797732144e+02
2.484985011168388667e+02 2.482823821611859785e+02 2.476259481047655981e+02 2.488392138552731012e+02
2.633584228865108798e+02 2.632500928063489027e+02 2.616248845187194547e+02 2.637398686755557833e+02
2.575986166131181676e+02 2.578514689187040290e+02 2.558768865898260572e+02 2.584413884162210024e+02
2.487888297592445497e+02 2.491063915181361779e+02 2.478735204864844945e+02 2.497110655547387807e+02
2.861239701417269430e+02 2.859131530887868280e+02 2.830560365745151898e+02 2.851132457175928039e+02
2.536928608505436102e+02 2.542933330357452633e+02 2.527871760470317781e+02 2.543939735435543241e+02
2.707384575939350384e+02 2.699659757710707595e+02 2.675148826843448546e+02 2.698805141529978187e+02
2.594143160126587873e+02 2.601366169835454798e+02 2.583410622501144189e+02 2.597949552432859832e+02
2.504509040164658700e+02 2.513357644384304308e+02 2.496892787157452176e+02 2.513437352933913473e+02
2.468005365259501218e+02 2.469587106911119747e+02 2.461135386664331861e+02 2.474239365747506554e+02
2.490609396369571868e+02 2.488177571022433199e+02 2.479176996335871479e+02 2.494006689534313068e+02
2.612489653471348561e+02 2.622497994708397187e+02 2.598235671658756587e+02 2.623621638068878497e+02
2.647069024727003352e+02 2.643424377981842781e+02 2.629983119974609735e+02 2.649151246405692177e+02
2.563165763815841842e+02 2.561872891902277729e+02 2.546002923702858993e+02 2.565138263110589492e+02
2.575232633384075598e+02 2.576149801685061220e+02 2.556634044557897028e+02 2.581293891910172533e+02
2.747553281783325474e+02 2.765030446342212826e+02 2.727394566713321638e+02 2.759672791713177844e+02
2.533285801132016957e+02 2.537690474249869794e+02 2.527551436802085618e+02 2.540810792443866717e+02
2.862456242297270137e+02 2.850328636218420684e+02 2.838224441485555190e+02 2.859770178141358201e+02
2.523620284282614534e+02 2.529105377362801619e+02 2.513553804613562477e+02 2.530471610343143141e+02
2.693028877992899197e+02 2.693633750036557899e+02 2.663408232994821674e+02 2.694408332747902932e+02
2.499950307654270603e+02 2.502026872471466277e+02 2.493913997865960539e+02 2.508862888734310559e+02
2.544554848099611206e+02 2.551939825191107332e+02 2.540143862577486971e+02 2.550818956825327462e+02
2.514065780545579116e+02 2.517664220524235077e+02 2.504101735984864945e+02 2.515487813005849773e+02
2.480292604279493958e+02 2.483738165414562502e+02 2.473678723052182988e+02 2.479010261657832643e+02
2.589529895800897066e+02 2.588254279760018335e+02 2.569784028863446679e+02 2.596515311951606577e+02
2.553827622091407932e+02 2.550898943369658980e+02 2.543949005896654114e+02 2.554178332447588957e+02
2.502455160427997214e+02 2.503377901818063833e+02 2.498370067038566162e+02 2.505419545742948628e+02
2.563159985003584325e+02 2.566183419943957347e+02 2.547211404225182605e+02 2.565529668510428110e+02
2.553241456846770063e+02 2.553263428572394105e+02 2.535701972104078834e+02 2.561007004070508515e+02
2.604623330583382881e+02 2.599469552807782406e+02 2.575466701118614310e+02 2.606131879227405648e+02
2.512163130012330612e+02 2.513143375938089434e+02 2.503653349380103634e+02 2.511305342600203403e+02
2.475353327834782817e+02 2.475994314701393080e+02 2.470308034083095379e+02 2.484221483864291429e+02
2.552601364205199559e+02 2.553971004231838151e+02 2.534399143883962040e+02 2.554673783852915392e+02
2.474068051131854702e+02 2.473578749507773011e+02 2.467831502606817367e+02 2.476177598803073749e+02
2.590956997392124777e+02 2.594679051632101050e+02 2.573884021842316656e+02 2.594737903229139420e+02
2.507993815062723968e+02 2.512639039183705449e+02 2.504882418750279669e+02 2.509939753166557352e+02
2.563176997394432988e+02 2.565362802436146694e+02 2.546428729414602401e+02 2.572384011576691591e+02
2.801456586401476443e+02 2.811581927401629741e+02 2.774957230315278025e+02 2.804396738225996160e+02
2.506874006525711422e+02 2.512834169832031534e+02 2.497826168818456551e+02 2.515207296450383865e+02
2.661925710614822265e+02 2.671944446813042191e+02 2.646027930881224393e+02 2.672984296930025607e+02
2.516273178781061972e+02 2.513094659216861544e+02 2.501698238607478402e+02 2.514563682162637974e+02
2.702522357869337952e+02 2.706922048408872001e+02 2.686101302385397958e+02 2.710171580949691474e+02
2.493354173680760653e+02 2.498649806745425224e+02 2.492233248260725702e+02 2.497639586617401619e+02
2.553206555130473987e+02 2.560639211088935099e+02 2.543740162596893697e+02 2.557040343867230092e+02
2.741283754800136307e+02 2.739419615545494935e+02 2.725068642819997535e+02 2.743890311462878344e+02
2.808767309561467300e+02 2.814570359820973522e+02 2.775046610762976229e+02 2.811583023200507228e+02
2.531715186611300226e+02 2.532866841860383147e+02 2.527950234138664030e+02 2.539141236563806956e+02
2.503575263890789984e+02 2.502614746287321736e+02 2.499973635383431088e+02 2.504313939300040772e+02
2.480550792180906114e+02 2.483269647372772226e+02 2.482299640034964909e+02 2.485479249146344216e+02
2.556725575276749680e+02 2.554776786341822685e+02 2.542161832081418424e+02 2.560978190253791809e+02
2.591951036515980036e+02 2.593922881314661026e+02 2.570677766769527466e+02 2.597151357235090927e+02
2.515293321504552182e+02 2.514886637590239502e+02 2.500346569803868135e+02 2.522072501267089706e+02
2.890843662924577302e+02 2.895409957721665819e+02 2.865855435324075415e+02 2.878607880786268538e+02
2.519473885905293855e+02 2.519982750217291141e+02 2.514106318056324199e+02 2.525236246247768861e+02
2.679788798391601290e+02 2.680247402098774501e+02 2.656870900270424727e+02 2.687305496487271057e+02
2.549510919641758733e+02 2.551448803506156935e+02 2.537365307016453642e+02 2.553125669116686254e+02
2.480519203264916825e+02 2.484571599418351013e+02 2.476792874807314320e+02 2.489556033625679845e+02
2.516188485728813191e+02 2.517067533027923503e+02 2.510290354820538425e+02 2.520764494643948694e+02
2.488182949510176343e+02 2.492968818049688480e+02 2.488091728158941862e+02 2.493079148471979352e+02
2.496186227991877615e+02 2.496840788477354067e+02 2.487858843598837950e+02 2.504204276232601103e+02
2.934507679122643822e+02 2.937704804916431272e+02 2.920885090594496205e+02 2.932387822589883513e+02
2.505873285245527882e+02 2.507748666631526078e+02 2.500099348935912360e+02 2.511836687896752665e+02
2.479571059322512951e+02 2.478998655248319665e+02 2.471637441514108673e+02 2.485646242959945482e+02
2.593741216136504022e+02 2.601350078835875479e+02 2.581965271317287147e+02 2.604644222318182187e+02
2.558132459917367498e+02 2.560157974720799530e+02 2.549829387417947260e+02 2.565092426147602964e+02
2.681768009465112641e+02 2.684062246419036910e+02 2.661229342594692753e+02 2.690359549759032234e+02
2.486841681773927633e+02 2.486947820048221161e+02 2.484113924382483560e+02 2.491147655046617899e+02
2.495703717206509964e+02 2.496108873091309306e+02 2.487439899888506147e+02 2.498234963351331146e+02
2.601919208769293732e+02 2.598225976273138826e+02 2.582480516358589284e+02 2.608794293034276848e+02
2.622132870178066923e+02 2.629851648602610794e+02 2.607541832061473883e+02 2.630581902024399596e+02
2.655798799700697828e+02 2.660802817187023379e+02 2.628485249561410910e+02 2.660790361186472524e+02
2.679062362329963776e+02 2.686030059719893188e+02 2.659118982114702590e+02 2.692053089556106329e+02
2.728872101601576219e+02 2.725967574151453618e+02 2.707112906157203156e+02 2.717742307924909824e+02
2.556433721026110675e+02 2.564719547284335022e+02 2.548723285396759763e+02 2.567860961059398619e+02
2.481445835453422433e+02 2.484660041700645650e+02 2.477543342206077739e+02 2.485860632829603674e+02
2.531308287408794797e+02 2.527416659540586750e+02 2.522230020615289163e+02 2.535063297483874578e+02
2.566507608086951109e+02 2.568621785273766704e+02 2.557591124353691043e+02 2.575880997153732892e+02
2.502484026474719201e+02 2.498230080000520275e+02 2.495628434300591891e+02 2.506249047618484269e+02
2.483268403244106253e+02 2.485519619388430783e+02 2.479436043793159001e+02 2.488588749322363753e+02
2.497534485896555623e+02 2.505649172620099421e+02 2.491428991833406599e+02 2.506581990166561695e+02
2.546394849996993628e+02 2.549815985468525810e+02 2.530902308922205464e+02 2.548930206227585131e+02
2.760410823169115702e+02 2.772783315962514621e+02 2.736516736243668788e+02 2.758387152632161019e+02
2.464927850305158472e+02 2.468157136200657646e+02 2.456011768372282802e+02 2.475263675422579865e+02
2.793181970383578232e+02 2.812993575345730619e+02 2.772050639743908960e+02 2.794639635421393677e+02
2.570725511950043938e+02 2.572211298680422260e+02 2.557423349381830064e+02 2.580574949820640427e+02
2.640095656626923528e+02 2.641620536938420400e+02 2.620927691912345381e+02 2.648715256888058889e+02
2.572427305124666645e+02 2.577956924428970638e+02 2.561892047446962124e+02 2.573683607786996390e+02
2.474931585215494749e+02 2.469941214609835924e+02 2.467588410227345719e+02 2.479497611408414457e+02
2.487340721675784607e+02 2.488574013928327417e+02 2.482239354904793913e+02 2.486311864120288249e+02
2.498523422985277023e+02 2.495683153133951464e+02 2.489974785712097969e+02 2.500896468967250712e+02
2.492075524449559225e+02 2.497721497831313968e+02 2.487941886729204839e+02 2.496541042998128148e+02
2.502181426803111037e+02 2.509136034448215185e+02 2.496466717011516891e+02 2.508465673518439871e+02
2.476833588225198923e+02 2.482767554450559260e+02 2.472510809708964814e+02 2.487049451627659380e+02
2.491302561383602665e+02 2.495766174868086296e+02 2.491669486577936539e+02 2.496615947847315340e+02
2.518168137359127172e+02 2.519694664247326159e+02 2.518429919287056862e+02 2.518575378931246291e+02
2.494460395302626807e+02 2.496095362470187524e+02 2.493779528012977096e+02 2.497134910690435277e+02
2.502190663227354150e+02 2.502046855592512031e+02 2.498694089784634684e+02 2.506410575109144361e+02
2.602725746251242072e+02 2.607258080176027875e+02 2.590217259823385803e+02 2.613643584692898685e+02
2.559654129335636128e+02 2.559771633359881946e+02 2.544577427904607134e+02 2.559934031803311996e+02
2.585328626131109786e+02 2.588443987084185665e+02 2.579046573416322303e+02 2.589911813648114958e+02
2.552449846947172887e+02 2.557765772846651373e+02 2.542531788935723682e+02 2.569067073736423481e+02
2.857326296717947116e+02 2.851678375381839601e+02 2.848411189328500654e+02 2.857750222927328991e+02
2.550412562745438265e+02 2.548031566306239029e+02 2.534732905342150673e+02 2.547970640734746439e+02
2.661113400417794423e+02 2.659653805704783736e+02 2.646195996381565010e+02 2.666987382499101500e+02
2.598976572984551581e+02 2.608310863107844852e+02 2.581510792636328802e+02 2.610537622888282954e+02
2.586406628871567364e+02 2.588608662222808334e+02 2.572335221101319007e+02 2.593654527615946677e+02
2.489596583384092696e+02 2.481989274520755373e+02 2.482474414022454141e+02 2.489248015296601864e+02
2.524206881941057645e+02 2.527506012206757475e+02 2.518722946786582497e+02 2.529727365082523534e+02
2.529982542631091178e+02 2.536632245375853643e+02 2.518800475597237210e+02 2.543717232753769224e+02
2.951537242200632249e+02 2.936256147771549081e+02 2.916509451174437118e+02 2.930720942633625441e+02
2.657066225888501663e+02 2.664161533396637651e+02 2.632201184059200045e+02 2.664024960062430978e+02
2.542512037373033991e+02 2.545162327513423293e+02 2.531192378242762686e+02 2.544338096430852261e+02
2.617907888291150016e+02 2.614906850416822408e+02 2.599704645660294204e+02 2.614825683337550686e+02
2.697931874411449371e+02 2.698647743377624124e+02 2.675192453879554364e+02 2.709846296530838572e+02
2.570847086986325394e+02 2.576299705509388218e+02 2.561213747892520018e+02 2.579511402276160652e+02
2.634673250920797045e+02 2.646125964992676245e+02 2.616437940960134370e+02 2.647940456766920647e+02
2.490647942265074732e+02 2.492363353005257807e+02 2.486068465551852853e+02 2.497242704294069711e+02
2.495588549164802714e+02 2.497651751079361304e+02 2.485314235824156981e+02 2.501072875197764915e+02
2.520027794989420897e+02 2.523248405112785235e+02 2.519112123339463949e+02 2.530225182036624005e+02
2.666658815516129266e+02 2.671155726165447390e+02 2.639868409531522957e+02 2.675236588652426235e+02
2.683831908832819977e+02 2.694871274337814953e+02 2.658633545960483957e+02 2.684740437798228072e+02
2.735400465956549851e+02 2.745083341418992973e+02 2.714820157834308247e+02 2.738761755422406168e+02
2.494854873420248964e+02 2.497476129223325927e+02 2.487153007203851587e+02 2.500676695430570646e+02
2.894420652026324206e+02 2.885408206303554266e+02 2.878090004056170983e+02 2.883758638006410706e+02
2.726979025451806251e+02 2.717731184334407999e+02 2.692676682743845618e+02 2.734975445857803038e+02
2.658334729200421975e+02 2.664390914954630034e+02 2.636395805046373084e+02 2.657846472722318367e+02
2.466126635927390680e+02 2.466791638501936745e+02 2.463677256353818734e+02 2.469307111979316005e+02
2.471553290348319365e+02 2.472958688644853567e+02 2.467851492377924956e+02 2.476547136923096559e+02
2.837748810843139609e+02 2.841247803967814320e+02 2.814227670480169650e+02 2.837464106937316615e+02
2.533669373946648875e+02 2.535070275406312987e+02 2.518105967437784898e+02 2.537528787040690474e+02
2.480703849358028208e+02 2.485937531170188493e+02 2.480202038452775923e+02 2.488811389028549570e+02
2.534516863026360909e+02 2.537507123666018174e+02 2.519926284666591982e+02 2.543080373874360305e+02
2.532957615463364789e+02 2.532209532052650616e+02 2.523375283827209046e+02 2.538297929774123531e+02
2.768331986915442826e+02 2.769100231084177040e+02 2.747780746377687819e+02 2.774987152208443604e+02
2.580918701057733529e+02 2.590786249205604577e+02 2.566592268980758718e+02 2.584071083241709061e+02
2.697824735589666147e+02 2.702867330721421126e+02 2.672988508284031468e+02 2.710931298263877807e+02
2.582587044261848064e+02 2.587690527296058463e+02 2.571009983661887190e+02 2.597942091785239427e+02
2.547346657155827359e+02 2.550921911982761401e+02 2.537538142627237221e+02 2.551086285302391445e+02
2.502440274471247506e+02 2.502122603827871217e+02 2.499185757767712346e+02 2.508366567555227391e+02
2.598581517497086679e+02 2.598677363079385714e+02 2.581088488240552579e+02 2.602830315778856516e+02
2.519402493606411042e+02 2.525363275946592978e+02 2.511578924051333672e+02 2.522514115640893522e+02
2.568305354006734547e+02 2.576118831286698310e+02 2.558132053336914851e+02 2.578326169113915967e+02
2.852068482864372072e+02 2.863385753904604485e+02 2.828907643974346229e+02 2.857012307940293567e+02
2.537192686657580509e+02 2.540231538060568823e+02 2.528068382578591411e+02 2.536608042792972810e+02
2.664747337514729111e+02 2.673158905774157006e+02 2.640795769900753953e+02 2.674030406550982661e+02
2.581517437156452388e+02 2.577101803044414510e+02 2.563957813033258617e+02 2.581433570237448407e+02
2.805806218885393264e+02 2.809126003109274166e+02 2.788124320995672747e+02 2.799946367751585399e+02
2.549987015260210228e+02 2.551535653062709912e+02 2.539428248583316758e+02 2.555791583003654068e+02
2.709812903451664283e+02 2.710979595352517322e+02 2.685070640342672164e+02 2.713441443480936073e+02
2.536633304198120129e+02 2.536739367394752662e+02 2.526833940908186946e+02 2.542755045730735333e+02
2.526287073632371118e+02 2.526800335636317527e+02 2.517839000853642233e+02 2.530556046502552476e+02
2.534761950453477368e+02 2.538992005144135931e+02 2.524928855262711522e+02 2.538947012363812519e+02
2.535862895802439425e+02 2.532031679078628770e+02 2.538314283456082876e+02 2.539570653540172600e+02
2.470190508093602091e+02 2.479365841091243396e+02 2.464963121437150448e+02 2.475908427724514240e+02
2.502990108656286736e+02 2.500024467125322758e+02 2.492723341074173788e+02 2.509028219179665768e+02
2.567203862236302143e+02 2.574678696333286894e+02 2.554600807129929478e+02 2.575124495371811122e+02
2.486727185646033718e+02 2.486585783793606197e+02 2.486637568818056536e+02 2.487326984069100888e+02
2.546266915696922410e+02 2.546769530782416098e+02 2.531181266458546588e+02 2.557347915989735725e+02
2.473071339302188392e+02 2.472177038913999638e+02 2.465324174158436676e+02 2.476155448082210739e+02
2.892554879303751818e+02 2.889208712069962530e+02 2.871314311348437514e+02 2.891711922705412121e+02
2.500095053425284846e+02 2.497396185560225490e+02 2.486859867809984905e+02 2.500138054291043943e+02
2.569373464293315124e+02 2.567536008496953741e+02 2.550525379232058754e+02 2.575509607879056375e+02
2.883416837794848107e+02 2.882950349942000230e+02 2.853085165964816952e+02 2.884763956583270783e+02
2.503516381342000159e+02 2.506295738133865143e+02 2.497986193430859032e+02 2.505867619269405395e+02
2.578017288211644882e+02 2.585828694071311702e+02 2.560897784852760992e+02 2.584892412068256817e+02
2.737636472741982061e+02 2.748052034605212270e+02 2.711248232704887187e+02 2.758019553152861363e+02
2.544044325571104537e+02 2.554429830174878759e+02 2.533986068892200478e+02 2.553225997415831046e+02
2.527973979132686395e+02 2.532609720567661782e+02 2.524417649209854630e+02 2.534812208646201270e+02
2.495478847760623751e+02 2.495537976072944559e+02 2.491980061604576804e+02 2.503515581248668695e+02
2.745108662939985038e+02 2.756864960708766716e+02 2.718019319478264606e+02 2.751607106176116986e+02
2.904968441149230216e+02 2.899869309978934098e+02 2.885371005971767318e+02 2.892762726720644650e+02
2.569881687757658142e+02 2.571086524895370076e+02 2.559090528404157396e+02 2.579792548777057277e+02
2.524553045749781575e+02 2.530612104873939927e+02 2.512985953262502221e+02 2.536732915514415083e+02
2.544570031492511930e+02 2.551004123201995526e+02 2.539386283882504642e+02 2.556933574432651710e+02
2.586991822544233628e+02 2.594442991807193266e+02 2.579074324678734342e+02 2.597909985421260330e+02
2.527463324980168977e+02 2.526418389021203552e+02 2.522129760494706261e+02 2.528889036625929805e+02
2.519691955148169882e+02 2.522026995594027312e+02 2.514592833799013079e+02 2.522968078594135761e+02
2.493142231816831895e+02 2.495498651597510502e+02 2.485716278464579432e+02 2.498396111590554938e+02
2.525014814747660807e+02 2.527695533322734320e+02 2.514903414270104633e+02 2.526993698156134656e+02
2.513914470545925326e+02 2.513257637114128897e+02 2.490805085534182695e+02 2.518563493965241094e+02
2.563369717092988935e+02 2.569921333886825323e+02 2.554383143974645520e+02 2.571763377917036451e+02
2.516234497120924800e+02 2.516887183915558523e+02 2.509016957998946111e+02 2.519612205703208758e+02
2.492051046442686015e+02 2.491142307698076195e+02 2.488862102521514714e+02 2.494771088851615559e+02
2.543091252737702064e+02 2.538789429655702747e+02 2.529063460378633579e+02 2.549204745087066897e+02
2.748095305294706918e+02 2.741680159367986107e+02 2.718344564448074721e+02 2.749759153905486642e+02
2.555117522005506885e+02 2.555081436234702323e+02 2.537342633474122522e+02 2.559217085715947348e+02
2.678375688511521844e+02 2.684068712988556058e+02 2.652335468827542400e+02 2.682583721783897772e+02
2.497038416270911512e+02 2.503337492515601355e+02 2.493931042295559735e+02 2.502352927472052500e+02
2.500327496128806217e+02 2.503235738985647458e+02 2.495731866833411061e+02 2.501785067332862411e+02
2.680368611361813009e+02 2.678268691951418532e+02 2.657148008082735942e+02 2.679939966135642067e+02
2.515579351508360446e+02 2.521237092292654154e+02 2.518794231771714180e+02 2.521598482803329375e+02
2.579285597137579771e+02 2.593312527264237133e+02 2.574250203112495115e+02 2.601616692420005279e+02
2.499981733251073592e+02 2.501315035788924774e+02 2.491571510635362472e+02 2.502979258427625382e+02
2.542112850093103020e+02 2.546039381188809330e+02 2.529804519069559205e+02 2.548657978069242347e+02
2.516309702622284590e+02 2.525388778019863025e+02 2.507521585295912985e+02 2.525565003256968737e+02
2.483795962231784245e+02 2.482362527882780796e+02 2.476969476163482398e+02 2.487414869672404336e+02
2.490283992635626191e+02 2.491895484779564640e+02 2.489548504738913550e+02 2.494669505606350697e+02
2.477385539499041158e+02 2.479958790704906164e+02 2.475657102900198652e+02 2.477300688995528901e+02
2.784617534128503848e+02 2.791916939736855170e+02 2.756896036144429445e+02 2.783626764340248201e+02
2.614764173167344552e+02 2.613394425306354378e+02 2.593975266452126220e+02 2.613876312281844889e+02
2.486288752303557317e+02 2.490640383519252339e+02 2.481602341995420602e+02 2.494736176101970955e+02
2.706887148290395544e+02 2.711318276274242294e+02 2.676411379397493988e+02 2.724124137501554515e+02
2.560272058939984845e+02 2.558333066432819010e+02 2.552335823300535083e+02 2.560701592036651846e+02
2.515016299256081425e+02 2.513687979046975158e+02 2.501110188172100379e+02 2.516354868458221574e+02
2.644372038144039720e+02 2.639667484919152685e+02 2.624097679500758886e+02 2.649802223121890847e+02
2.521924098328150023e+02 2.525114081914109363e+02 2.516411645716313785e+02 2.526132540164213935e+02
2.660532346698175274e+02 2.659928529642071453e+02 2.639006009972743527e+02 2.667880558212782489e+02
2.695416901295441789e+02 2.697490174566246992e+02 2.669180599064056310e+02 2.697585912651583726e+02
2.750222045517276115e+02 2.755498497161153182e+02 2.726713309813980572e+02 2.754122541381750011e+02
2.587199166701283843e+02 2.584004573930942001e+02 2.569319718961170338e+02 2.593488459377547315e+02
2.508379734577017359e+02 2.508673891428270224e+02 2.502802100048225213e+02 2.517567053334032039e+02
2.709280385391392656e+02 2.713899704909433694e+02 2.686854368562578088e+02 2.729129025673110505e+02
2.483966267604334917e+02 2.488273554148888138e+02 2.476249255448681765e+02 2.487602329621222736e+02
2.472262668730974440e+02 2.474532241864871480e+02 2.468859080156248353e+02 2.477159577313257444e+02
2.686348883302952117e+02 2.698632461769027486e+02 2.662917460487252015e+02 2.696083534098665950e+02
2.516116592785628825e+02 2.514864686888668359e+02 2.504357587884858845e+02 2.522253157107356856e+02
2.478896615381875677e+02 2.475831602609320612e+02 2.475387611112949742e+02 2.483517460599953779e+02
2.641703048612657767e+02 2.651260130633562540e+02 2.622985720964117036e+02 2.666611720749620531e+02
2.743674700723007049e+02 2.739259833675980644e+02 2.712005789303840970e+02 2.746536108768704594e+02
2.493295462512692779e+02 2.495384819949028099e+02 2.492536570399871039e+02 2.501776662701594489e+02
2.917843314404373700e+02 2.918578748306618422e+02 2.903022495320694816e+02 2.907694922003698821e+02
2.477709504023958971e+02 2.480934208220906214e+02 2.475890465545021470e+02 2.484676530762511959e+02
2.551946901386857007e+02 2.557214624593140968e+02 2.542151322739304078e+02 2.559813738857931753e+02
2.636067638768022334e+02 2.644918469393466012e+02 2.618239835926931391e+02 2.640905227481238740e+02
2.832163532770727556e+02 2.847445557538840717e+02 2.814532500453690886e+02 2.841204342905796807e+02
2.568503696904853655e+02 2.575093339502869867e+02 2.553195563859896993e+02 2.571056953699982728e+02
2.524091547720906021e+02 2.527053445040699273e+02 2.514373044505875896e+02 2.527807999689447911e+02
2.577838371497346088e+02 2.582124772282233494e+02 2.553589367409528847e+02 2.588646497922895833e+02
2.850275571939656061e+02 2.865551415099683936e+02 2.842688203528653048e+02 2.855720898959029910e+02
2.517929583892947960e+02 2.524637385730202084e+02 2.507433650876415356e+02 2.521737380865908165e+02
2.513664218582176773e+02 2.513763143669309272e+02 2.506959345304969702e+02 2.514430899800432826e+02
2.555040451165471325e+02 2.553537171380785082e+02 2.538187778630837101e+02 2.552044733110141692e+02
2.525397024202367788e+02 2.522782653973254696e+02 2.513967613048816645e+02 2.526020149287026300e+02
2.516230327579632444e+02 2.517802486781872346e+02 2.510388304636035173e+02 2.522195256722768306e+02
2.502959336765418641e+02 2.502512849121225713e+02 2.496272661857601918e+02 2.506281135996006810e+02
2.652589300713789271e+02 2.646709519723463586e+02 2.618029118434712927e+02 2.649841078544201878e+02
2.808710401340197222e+02 2.825558858865445018e+02 2.801952089456379440e+02 2.815447405680030784e+02
2.522863000502297552e+02 2.521156812482980740e+02 2.511592138607441314e+02 2.526366751167473694e+02
2.528377203885000597e+02 2.531103068318761586e+02 2.521677182400105437e+02 2.530949274471098533e+02
2.543468059239939407e+02 2.552385219639868694e+02 2.534959296528559491e+02 2.551514328508540927e+02
2.637418211410962385e+02 2.652043175985247672e+02 2.621908007256577093e+02 2.649469789539330122e+02
2.651926862959724644e+02 2.648788568944494273e+02 2.628547832237738930e+02 2.660519894855822258e+02
2.894826145037174001e+02 2.901419083668438930e+02 2.884732788202041434e+02 2.901982024666698408e+02
2.553384397355168289e+02 2.553596196628670612e+02 2.542893837917712290e+02 2.562591450642704558e+02
2.778344120047148067e+02 2.787315679617024102e+02 2.756626259875487222e+02 2.779998315628307637e+02
2.556471225643833520e+02 2.557688501327585300e+02 2.551926921881502892e+02 2.563652677349616624e+02
2.523892962746969033e+02 2.522029126464385058e+02 2.512514208311923198e+02 2.530628663027860341e+02
2.660476175586582031e+02 2.657221202239730928e+02 2.637934454739929606e+02 2.662767470596367616e+02
2.482156009244420432e+02 2.486102622906569763e+02 2.482164861894650301e+02 2.488805794956627437e+02
2.575943862990204138e+02 2.567837917519756843e+02 2.552194412917511386e+02 2.586503465958076617e+02
2.520443982723802492e+02 2.521997078538794597e+02 2.511840900449461742e+02 2.517780751833263082e+02
2.640879015176561211e+02 2.648391831093446172e+02 2.624202545961495616e+02 2.648632926088962449e+02
2.498367409899566383e+02 2.508866685889953771e+02 2.496605904686983877e+02 2.506821621906353244e+02
2.824685866525405231e+02 2.824836217423338098e+02 2.795943204009928422e+02 2.816189362359963866e+02
2.509154989694572748e+02 2.506476088715048434e+02 2.501880613477861175e+02 2.511285841201451490e+02
2.484625032070894406e+02 2.491544345373167175e+02 2.481515843727770516e+02 2.489252379060147291e+02
2.531470342729835750e+02 2.538014751886722422e+02 2.523676275804747604e+02 2.537249867553648812e+02
2.478313148203747289e+02 2.482665084982070880e+02 2.476610577925400776e+02 2.480384479217974842e+02
2.515209818266372110e+02 2.519365513781134496e+02 2.508459156450933563e+02 2.522250576383272005e+02
2.567135617383345902e+02 2.567670633717737587e+02 2.553582259003619583e+02 2.573488602562965184e+02
2.514964302129560565e+02 2.514722723519463443e+02 2.513168728359579234e+02 2.515769551774813237e+02
2.670080626530071299e+02 2.674061693320101085e+02 2.643873130549171151e+02 2.669016521291921435e+02
2.528729404151862923e+02 2.527172445901249489e+02 2.524925588275939390e+02 2.529047868810167188e+02
2.475941254146863457e+02 2.473134009295470150e+02 2.467925296356113734e+02 2.478869671008222326e+02
2.510283007022531763e+02 2.507826567500336523e+02 2.503553973138168374e+02 2.513534309173862766e+02
2.869325150372956728e+02 2.874196182405592594e+02 2.849716629416474234e+02 2.860386878581055043e+02
2.492569077221204168e+02 2.492409557711436889e+02 2.492467991062558781e+02 2.497457649937640269e+02
2.914185304110383754e+02 2.897117234794681053e+02 2.878873827916073083e+02 2.907279230386358222e+02
2.677312772517828989e+02 2.673123675732575748e+02 2.639612439220421720e+02 2.685049876792469945e+02
2.490983614721226900e+02 2.489608073073755747e+02 2.481517082890374581e+02 2.497845920785268277e+02
2.512399496558410306e+02 2.511115043011001831e+02 2.505099522766035136e+02 2.512076706294611199e+02
2.577191661260758906e+02 2.576599795413102356e+02 2.557559458233735086e+02 2.577529261357694850e+02
2.503620147954763979e+02 2.505389293934544526e+02 2.498869564213744923e+02 2.507249800694082751e+02
2.471324314716846402e+02 2.467652112878568005e+02 2.463367931616776048e+02 2.473594321506522533e+02
2.516105679911183302e+02 2.513984818840009154e+02 2.508395606401685711e+02 2.517338368349415134e+02
2.504018966756263183e+02 2.505239052863935569e+02 2.495434764308081412e+02 2.510432128495011455e+02
2.632646355016316875e+02 2.640424940436230941e+02 2.614670028963167852e+02 2.652010152752821455e+02
2.892711572356543002e+02 2.895416041653889465e+02 2.876215006273599215e+02 2.891948670971510182e+02
2.561641776158949142e+02 2.568051166757841770e+02 2.550924411895028641e+02 2.574077278705367462e+02
2.505732641224457211e+02 2.509797241957761571e+02 2.497814434731775748e+02 2.509481705252552217e+02
2.579072735100607474e+02 2.589451759360416077e+02 2.575006154352399221e+02 2.587915877512820657e+02
2.494083658796302245e+02 2.495923586129345892e+02 2.487384543746935321e+02 2.498637516298811931e+02
2.496762106163251076e+02 2.496484338538947441e+02 2.492627472733733214e+02 2.499504095863107125e+02
2.766494645602514879e+02 2.765178960176060627e+02 2.746547146648636613e+02 2.765280571334228057e+02
2.649622202713284196e+02 2.655554769306697267e+02 2.627916509495659625e+02 2.644915311630083465e+02
2.555532594470899141e+02 2.556467759788212959e+02 2.547826772797993442e+02 2.559394761941163381e+02
2.534652081963053831e+02 2.532416177116511449e+02 2.525917827550093762e+02 2.539353329849367924e+02
2.811788999306163532e+02 2.828320545112356967e+02 2.792174776204751652e+02 2.807882282750597369e+02
2.511163019991191732e+02 2.508924539853662736e+02 2.504670307621922234e+02 2.511379191196026284e+02
2.508768119200663307e+02 2.510885883838489008e+02 2.502323058178530175e+02 2.512228726694296483e+02
2.550939139809644871e+02 2.554790427091371612e+02 2.541104919944396840e+02 2.554618391643487030e+02
2.591726345707152745e+02 2.595767011538126781e+02 2.577766085412430925e+02 2.600370052079933885e+02
2.493131485994977083e+02 2.492084589447577230e+02 2.486411469464075310e+02 2.491927769459956892e+02
2.529897718687096528e+02 2.531539766675483918e+02 2.523234681710981135e+02 2.534486057353813067e+02
2.462873148430145136e+02 2.464535739357810655e+02 2.461367381670811483e+02 2.470424926246654138e+02
2.489322732642712594e+02 2.495805313263417986e+02 2.485448950434350479e+02 2.496869094056513916e+02
2.578749803847977660e+02 2.581124460877829279e+02 2.569472719959862843e+02 2.590482159778286473e+02
2.476374518130162414e+02 2.479007701664317835e+02 2.474799847863556010e+02 2.482083360492731856e+02
2.815569957889483135e+02 2.816700846696527378e+02 2.781349500301115540e+02 2.809733811485961610e+02
2.763992872974562829e+02 2.769025059581313144e+02 2.737852356551230741e+02 2.769742087693137478e+02
2.498893136575923393e+02 2.499744842505814120e+02 2.485436394988177540e+02 2.504175540339188899e+02
2.545609137146822434e+02 2.547941375719462371e+02 2.534157882179339936e+02 2.552964302037747188e+02
2.517065839416125641e+02 2.516524619689347446e+02 2.511362268750687861e+02 2.519633927482310014e+02
2.499400648244297543e+02 2.498937082135014975e+02 2.486538141275761120e+02 2.501173145073721287e+02
2.822768490443573342e+02 2.820685084532022415e+02 2.795941300739428925e+02 2.825963464043592808e+02
2.618074576852773134e+02 2.623835573174371802e+02 2.591150646774520965e+02 2.621355005311334594e+02
2.503485603693502810e+02 2.501081450218852638e+02 2.494824376631373184e+02 2.500947315016561845e+02
2.520614645437651689e+02 2.524902628732399137e+02 2.512359552470430799e+02 2.526238801960178080e+02
2.707033341046351325e+02 2.715389773813296301e+02 2.682415825036319461e+02 2.717366749099973049e+02
2.525076426921090729e+02 2.523806533521036215e+02 2.520795482443024866e+02 2.532433120843184327e+02
2.610353757346843508e+02 2.618472564724042400e+02 2.591420534910046172e+02 2.618891661741499206e+02
2.514962194361389152e+02 2.520129802707663771e+02 2.513058007017814930e+02 2.527369091977570577e+02
2.561518463764444391e+02 2.569834765277398674e+02 2.545550670976451499e+02 2.571034379655465614e+02
2.587803151777752078e+02 2.590444377654063715e+02 2.566507907977465379e+02 2.588601348838860758e+02
2.679284494911088359e+02 2.686279661616445651e+02 2.661793798779752933e+02 2.671671802659819832e+02
2.515062750563740224e+02 2.514564110387157143e+02 2.510945770228948390e+02 2.519580951892415328e+02
2.523256150044267088e+02 2.529101024578451700e+02 2.520772638256639766e+02 2.531814865528234009e+02
2.617934874823274640e+02 2.627976803785267066e+02 2.603800016922680243e+02 2.622896810327655430e+02
2.707561867156719018e+02 2.712866896910691707e+02 2.692949917567387388e+02 2.719143441502531573e+02
2.488780416365032693e+02 2.488208561009395794e+02 2.483848357944545171e+02 2.486809747397101944e+02
2.507477794156818049e+02 2.506987559760132456e+02 2.499134207208467728e+02 2.511889620980933842e+02
2.476158953247417855e+02 2.474529270398744529e+02 2.477230611071335318e+02 2.482921016388020519e+02
2.522944783958404287e+02 2.528060096248130151e+02 2.517186564858771476e+02 2.527985830666984839e+02
2.662035243795697852e+02 2.663713806638103279e+02 2.641587872864055271e+02 2.672387538966009402e+02
2.510526950625205131e+02 2.510148168974498901e+02 2.502953907076768303e+02 2.512850569994363923e+02
2.662870564930562409e+02 2.663396213548704736e+02 2.646557884754262773e+02 2.667158016143241070e+02
2.796467357942440799e+02 2.796809399614063523e+02 2.775701561312641275e+02 2.793577465791676673e+02
2.595831397584021261e+02 2.605404840320175595e+02 2.581173625009203079e+02 2.604568437923001625e+02
2.490750836878116274e+02 2.491600562754470900e+02 2.486432251885518099e+02 2.495357664607334129e+02
2.498882552937329820e+02 2.495544517159131317e+02 2.491665341487019703e+02 2.497727973245546025e+02
2.480704833077060982e+02 2.479371313990455974e+02 2.473901429443391748e+02 2.482226728534305096e+02
2.471926536312439850e+02 2.475276113954621735e+02 2.470894853914310829e+02 2.480211223850848228e+02
2.554273246602734275e+02 2.555743567644428822e+02 2.544092128872085539e+02 2.558557940530644146e+02
2.483003168121336444e+02 2.479012359151620046e+02 2.474290763619397069e+02 2.487631690343158652e+02
2.494807731000842637e+02 2.495289310628319583e+02 2.489733682810935420e+02 2.496631459593859290e+02
2.488258350133259569e+02 2.490228018184892846e+02 2.483108009924226565e+02 2.492887852074591706e+02
2.604384392013723755e+02 2.606457260349234843e+02 2.594244119233899823e+02 2.622822300979948409e+02
2.880483863144283987e+02 2.881625066793374685e+02 2.866343868709504363e+02 2.884336658475926924e+02
2.815204410905978420e+02 2.815577416072671895e+02 2.786176137409814260e+02 2.812595221851462952e+02
2.491023500871734200e+02 2.492318941639671550e+02 2.487504038258128674e+02 2.495755935280678841e+02
2.513751259157090203e+02 2.517606734438413696e+02 2.511495119255905877e+02 2.521087294765012246e+02
2.538507137675902356e+02 2.538457413602507984e+02 2.530816616323234030e+02 2.546973697146329414e+02
2.480077741614437912e+02 2.479773748330275964e+02 2.476966692144408455e+02 2.486867465860351558e+02
2.505073453723591683e+02 2.505641755685685723e+02 2.497267006616662854e+02 2.509734486225171395e+02
2.583005116551534570e+02 2.589424575543449691e+02 2.571919025364190929e+02 2.590391265396366407e+02
2.496873014031372975e+02 2.494704358463812355e+02 2.487540139088752369e+02 2.500339280203086503e+02
2.554031768257579245e+02 2.552056957079960853e+02 2.537220187180955406e+02 2.561541935316807326e+02
2.749959488435745811e+02 2.754416517850764308e+02 2.723602331640046259e+02 2.756144324469548224e+02
2.501152144065973744e+02 2.498833704434101719e+02 2.491345064795049211e+02 2.502889431374204037e+02
2.498724808511402102e+02 2.497170238817156473e+02 2.491603319987637519e+02 2.494831958241177290e+02
2.553991184255889380e+02 2.550590641942022501e+02 2.548136100830479904e+02 2.562548397370542261e+02
2.505641985139643282e+02 2.507129397466414673e+02 2.493638518052577240e+02 2.506475369311581005e+02
2.809826439288469260e+02 2.811935107295262242e+02 2.782561386563924657e+02 2.797156173426616306e+02
2.760566546870293791e+02 2.761791463586429245e+02 2.731852610749534733e+02 2.754662316443709642e+02
2.593783425311930273e+02 2.599820108248565020e+02 2.585837179787283162e+02 2.600957567201632514e+02
2.864362703586733119e+02 2.873001723350832890e+02 2.839034824191467692e+02 2.867863068444726764e+02
2.517036109944120597e+02 2.528519219519050409e+02 2.518370750149986748e+02 2.524240899762866377e+02
2.516473370146958359e+02 2.512233570337132846e+02 2.508962486474077878e+02 2.515322265495804572e+02
2.502660592290569355e+02 2.506232727781810752e+02 2.499688814476491245e+02 2.509382288891629571e+02
2.844252238458881834e+02 2.856376421294561396e+02 2.827034035303498172e+02 2.856270216982869101e+02
2.500673757266157793e+02 2.501065647245026469e+02 2.497313307233011983e+02 2.504499499414147294e+02
2.494591161748258799e+02 2.494178921077992754e+02 2.489785983800873623e+02 2.493279762142545906e+02
2.764961180416568141e+02 2.772959723280985713e+02 2.748449597204686370e+02 2.768767752871963239e+02
2.487938934302690370e+02 2.491065198330072690e+02 2.485315945898199175e+02 2.488887233443042248e+02
2.574777769877603646e+02 2.567767319003481816e+02 2.557242631084278628e+02 2.569691325599825404e+02
2.619202239544903819e+02 2.617167296832387819e+02 2.592329236921614779e+02 2.624784948918265286e+02
2.530565537852223201e+02 2.527726560823085435e+02 2.512950923146183868e+02 2.537159512106235582e+02
2.487562234469327507e+02 2.488008601177668027e+02 2.485790336376842902e+02 2.489810591903875263e+02
2.510974485905339861e+02 2.510485699611081998e+02 2.502868631377414204e+02 2.514374352455323276e+02
2.701510895050176373e+02 2.713267030308655308e+02 2.684745666953864429e+02 2.711718880762458639e+02
2.865258627461352603e+02 2.881384953925165746e+02 2.850990282186293712e+02 2.863343515415348293e+02
2.476877572056693566e+02 2.477735321261806405e+02 2.470930660457564727e+02 2.479409046359723447e+02
2.758854723158605680e+02 2.761429665614336386e+02 2.734604893602135576e+02 2.752418387685294192e+02
2.575200379508660831e+02 2.575667294713866795e+02 2.564552959487525641e+02 2.584769338500400977e+02
2.494114210264395695e+02 2.494151289151983235e+02 2.492428128102422988e+02 2.499825320837181835e+02
2.525836986196594864e+02 2.524240597919779816e+02 2.523701056143988808e+02 2.530061282769577815e+02
2.491323192025501498e+02 2.496221894836173476e+02 2.488707451086980313e+02 2.493451454841371913e+02
2.502431071875146529e+02 2.503737289370253052e+02 2.503016948564900588e+02 2.508102727668936609e+02
2.493680013418814667e+02 2.496736219022091348e+02 2.489215181912771300e+02 2.498805179194032746e+02
2.485861153432033746e+02 2.489207626767104955e+02 2.486955012642704332e+02 2.486102231666807540e+02
2.484530125318145224e+02 2.486321310481563103e+02 2.481846858288510020e+02 2.489033567300896550e+02
2.608323353443880137e+02 2.615352932257771954e+02 2.598614074636997202e+02 2.617149143682326553e+02
2.547754582146955897e+02 2.550518432093539332e+02 2.535434919423451277e+02 2.552113377282371971e+02
2.525527627061038629e+02 2.529411128799558242e+02 2.518860934018799469e+02 2.531331066000479098e+02
2.750625127356032067e+02 2.742219053035934166e+02 2.718047499516098355e+02 2.749518020447326876e+02
2.499383076910580996e+02 2.498115953598793340e+02 2.499081823118711156e+02 2.503823491557363070e+02
2.638328124270042281e+02 2.644217104983317199e+02 2.609695842538126840e+02 2.640014104944060591e+02
2.885573954380953410e+02 2.901909283696211332e+02 2.874081387200644144e+02 2.889886977209508814e+02
2.553802474958111759e+02 2.558092285644709420e+02 2.539568165019057915e+02 2.569027415511416734e+02
2.680912699417567069e+02 2.679378531556603775e+02 2.651271019789728598e+02 2.686397525362758643e+02
2.711826853432826852e+02 2.702935141936347350e+02 2.688130005208010971e+02 2.716472246789812743e+02
2.490611430336720105e+02 2.488186451992326340e+02 2.483001596388381529e+02 2.488151497162913870e+02
2.515597722075557385e+02 2.515233617680947020e+02 2.506764201742166449e+02 2.514407111407082880e+02
2.519778939388900199e+02 2.527034153145059747e+02 2.514164461144498546e+02 2.527513270620203230e+02
2.774407055267979558e+02 2.771636628082310949e+02 2.747966704538734461e+02 2.772889632337856938e+02
2.494522063378901180e+02 2.497260063436627320e+02 2.490400291418424104e+02 2.498033831708588650e+02
2.629113677212240532e+02 2.634445284527284912e+02 2.614859756648613711e+02 2.633213165033552059e+02
2.501962046542817859e+02 2.504140622933304599e+02 2.496868442284045386e+02 2.501942525106929907e+02
2.793766343037589195e+02 2.801018770569289700e+02 2.774285881333722728e+02 2.797275428594706455e+02
2.518872648074336666e+02 2.515735151644080361e+02 2.514656248497826141e+02 2.523922198205081315e+02
2.524594412639090422e+02 2.519067104953819864e+02 2.513522828597030241e+02 2.529792293209894751e+02
2.717332986736395810e+02 2.738926170914423324e+02 2.706485718951964259e+02 2.731250309962712777e+02
2.571050293553511210e+02 2.578350405048564653e+02 2.557377562007773406e+02 2.574724566951593943e+02
2.561209797528330228e+02 2.573556270871584388e+02 2.554017847255712184e+02 2.570486594182757472e+02
2.905617438629392382e+02 2.910276554606260788e+02 2.883167068436280829e+02 2.903459316615637249e+02
2.595281246598726170e+02 2.593847356543356568e+02 2.580950945472698095e+02 2.603837086257255464e+02
2.611520134215120947e+02 2.612936575688833614e+02 2.597393290089788707e+02 2.617887521853507451e+02
2.746169387272412337e+02 2.764181219312991971e+02 2.726337845160961137e+02 2.756090441463344973e+02
2.710187361575508476e+02 2.723183518298192780e+02 2.696249061134058707e+02 2.718685278774187282e+02
2.737540682515716526e+02 2.755073917372332630e+02 2.703443087049907376e+02 2.732705760737455307e+02
2.500598393402041495e+02 2.501495189587844550e+02 2.499821134941923617e+02 2.503286951805637273e+02
2.517621243093857970e+02 2.519682977106398027e+02 2.505199410731489422e+02 2.523407940659383826e+02
2.482578311523649859e+02 2.486621802332682023e+02 2.481890512503923389e+02 2.489044990320752504e+02
2.546197816906588116e+02 2.549812790927970241e+02 2.537128804352077509e+02 2.555304539123549148e+02
2.861947096588967270e+02 2.879892217323169348e+02 2.842111316413236750e+02 2.865925783332975811e+02
2.495039778419298386e+02 2.494814486594669631e+02 2.491584844383023096e+02 2.501730413971273776e+02
2.509411787606246662e+02 2.510427036840504229e+02 2.507042341872869429e+02 2.515463558255916041e+02
2.801637125259446179e+02 2.815370397546720369e+02 2.789798699330250997e+02 2.811739806913866460e+02
2.472030301863709383e+02 2.479726637355159369e+02 2.475758333226836783e+02 2.484926939662910286e+02
2.525585252284630542e+02 2.526796464427288242e+02 2.515038189295291033e+02 2.527761154299036264e+02
2.560390261522151718e+02 2.556387525786346373e+02 2.542203180317765998e+02 2.557032727174244258e+02
2.533415136064135424e+02 2.534014322647133213e+02 2.524342353820867970e+02 2.538577524191278201e+02
2.531569028892521089e+02 2.535412398364823900e+02 2.528681366511100919e+02 2.538186768045848964e+02
2.508586390453291983e+02 2.509001090631338684e+02 2.501684872050536796e+02 2.510897594196117666e+02
2.497698282145224482e+02 2.498811771105359298e+02 2.494088185101832948e+02 2.504448618656316796e+02
2.684511070078058879e+02 2.697839243972384224e+02 2.659637666104817413e+02 2.693054875302438518e+02
2.670758658829883530e+02 2.689111199734703632e+02 2.658827651538430814e+02 2.679802075059866411e+02
2.799222637842601671e+02 2.811150047332009194e+02 2.776356589606828607e+02 2.801977413998953921e+02
2.647402838765681281e+02 2.649385077898676855e+02 2.639200227225496747e+02 2.655414912722677627e+02
2.767963933161393584e+02 2.783491619358264870e+02 2.749059139583505385e+02 2.768259344778381319e+02
2.491306777922798403e+02 2.489608999080681997e+02 2.481886923471296313e+02 2.495039841321333824e+02
2.487428692451488530e+02 2.487560542212064831e+02 2.482655950678120007e+02 2.492815339912258423e+02
2.484132773347583623e+02 2.485417846141453424e+02 2.474429956592450708e+02 2.490562627485980158e+02
2.659839593603907133e+02 2.662786273860132269e+02 2.631748900573888932e+02 2.657401889289449741e+02
2.475328556200463481e+02 2.471406345634452748e+02 2.467963800973242314e+02 2.471138637506079476e+02
2.641208815179548992e+02 2.639925665323115709e+02 2.618902348950911119e+02 2.642810314911326941e+02
2.496451357626691276e+02 2.504364284610381901e+02 2.493680556849899119e+02 2.499621268481118932e+02
2.795461498775242148e+02 2.794263080221746236e+02 2.761780404296007418e+02 2.795428981044032071e+02
2.506784684979873248e+02 2.506738203689283466e+02 2.502788934933998632e+02 2.509192954790838712e+02
2.495413845071060166e+02 2.489368794863899268e+02 2.489624831826658351e+02 2.492940717717742132e+02
2.553727328024109227e+02 2.551672220322296880e+02 2.538437652224197336e+02 2.556258746977291310e+02
2.548429429502270125e+02 2.547449304302817836e+02 2.528291990932459328e+02 2.558520470651333198e+02
2.508045050140965202e+02 2.515069918194742229e+02 2.504175833901437898e+02 2.514427651417034042e+02
2.536144917418081377e+02 2.536861293690732282e+02 2.529365962442064699e+02 2.537500993811542571e+02
2.482201330640234289e+02 2.481260992512097232e+02 2.475702332983067606e+02 2.484826657593925177e+02
2.898866863078537790e+02 2.908489747119132289e+02 2.882502586546335124e+02 2.893388775365697256e+02
2.537808231795204961e+02 2.539645335726551991e+02 2.529040620740437078e+02 2.547977865048356421e+02
2.493196054217516462e+02 2.490308751013952246e+02 2.485004204792885787e+02 2.494987884824959110e+02
2.520676307712660105e+02 2.523995121896369369e+02 2.505795959246704285e+02 2.527737119175402256e+02
2.946960803509310836e+02 2.941124418711597741e+02 2.940602343332093369e+02 2.947643452808011375e+02
2.550260707269651732e+02 2.557706097011405575e+02 2.537124026712529314e+02 2.558148817429644168e+02
2.546423215299456047e+02 2.544277896956101870e+02 2.536214968972289228e+02 2.546034717365517679e+02
2.502949630210978000e+02 2.503874209009005085e+02 2.502090307549723605e+02 2.505030501136065482e+02
2.566204418024256029e+02 2.564591525561542653e+02 2.549735830453096526e+02 2.569922961296550170e+02
2.495689081190760987e+02 2.498782420769543648e+02 2.488549728478083694e+02 2.500884806217318044e+02
2.507823614596046014e+02 2.505024016521971078e+02 2.494635216695802455e+02 2.516626948221392581e+02
2.727898040863236133e+02 2.726883173569266319e+02 2.706465181544893426e+02 2.742322083874205987e+02
2.819709343263874644e+02 2.807024160924960370e+02 2.789927427197418410e+02 2.823400634377696861e+02
2.519976340779033421e+02 2.520155845903617262e+02 2.511824030341433911e+02 2.530179814279519235e+02
2.881565717277280783e+02 2.881592161386483326e+02 2.854384944429704092e+02 2.862333163883836846e+02
2.682312138073147594e+02 2.686041837779926027e+02 2.657054205769395594e+02 2.683962744202154340e+02
2.685139456480159765e+02 2.679632486233568329e+02 2.651553468946284511e+02 2.686059487475541232e+02
2.533674615452108299e+02 2.532051855706806407e+02 2.520494504929185382e+02 2.540669693684435799e+02
2.520269708540076579e+02 2.521977311834550335e+02 2.511343532519159965e+02 2.528834492546852175e+02
2.746466237741269651e+02 2.752618050296115939e+02 2.714601949053320027e+02 2.744211335542207166e+02
2.695774634279286488e+02 2.700298129067015793e+02 2.669653696263662255e+02 2.706438337261056404e+02
2.478938014797997198e+02 2.476302281807498389e+02 2.468485987125823442e+02 2.482911691412281812e+02
2.504144733187853262e+02 2.505143305825158109e+02 2.499056266214671211e+02 2.511406408313039265e+02
2.627598886036263934e+02 2.617794989452445975e+02 2.595718948462995854e+02 2.630130232707830942e+02
2.514053513229716259e+02 2.513848222899833900e+02 2.511023838282734744e+02 2.521883461230784178e+02
2.574181055487526351e+02 2.577830347342106734e+02 2.564704739085139522e+02 2.583201739443226188e+02
2.519039945721404195e+02 2.526237544434470976e+02 2.513089745877539656e+02 2.526591059608097964e+02
2.615548221772675674e+02 2.614087411266244203e+02 2.598295371600641488e+02 2.621291807775321558e+02
2.701060268504523378e+02 2.705057872777715033e+02 2.679329529988828540e+02 2.704668908247685977e+02
2.496164004590023069e+02 2.499195721651793747e+02 2.488394987072674667e+02 2.497580241264738561e+02
2.835477269036148869e+02 2.845647837202133701e+02 2.820902597428798799e+02 2.841501061483414219e+02
2.798109460900879526e+02 2.791915945506414687e+02 2.764805021630339752e+02 2.793694698835841450e+02
2.738494441899671870e+02 2.755135875383711550e+02 2.715403133784537317e+02 2.741906297688948371e+02
2.538967453621493462e+02 2.541116292615210455e+02 2.536282694887805462e+02 2.542218227008137035e+02
2.557268074322314249e+02 2.561268564019711675e+02 2.552515067303721708e+02 2.565929811658317021e+02
2.516946192197305550e+02 2.518472570348960460e+02 2.509454987958828553e+02 2.522351305704386277e+02
2.481627843954237278e+02 2.483974921746554116e+02 2.478027121059905653e+02 2.481321797326049250e+02
2.600069001109307578e+02 2.612789382795747883e+02 2.585649978055764677e+02 2.613752245072541882e+02
2.577026602006786220e+02 2.580072468527205274e+02 2.560384880686105475e+02 2.587927945956491840e+02
2.576384615216557563e+02 2.582928767671690480e+02 2.564747305602143115e+02 2.587897375814864631e+02
2.543564734329986834e+02 2.548421647381419746e+02 2.528437836805557026e+02 2.552258841201567350e+02
2.491244557557482722e+02 2.489199553140168746e+02 2.484914873702785201e+02 2.503064039451048188e+02
2.597142471756590680e+02 2.603704714949303707e+02 2.574006091816279422e+02 2.596941117024304617e+02
2.507845945195498700e+02 2.509051330038517733e+02 2.503120925857530494e+02 2.508712343446946136e+02
2.635578641601612162e+02 2.640294423252412344e+02 2.604976411733895816e+02 2.643971015922153356e+02
2.500838468739814573e+02 2.507255790728994214e+02 2.486559316430265199e+02 2.502799994629462219e+02
2.499177263351535316e+02 2.503523357042754185e+02 2.494760052792113640e+02 2.503446029946656779e+02
