2.614733773824702894e+02 2.632724017170000934e+02 2.596016541853778108e+02 2.620210982490050924e+02
2.708224729111220768e+02 2.709842720895320554e+02 2.688727273524190196e+02 2.715725194747115552e+02
2.712874321530037491e+02 2.728836016456143057e+02 2.686361392655354621e+02 2.723428906850883777e+02
2.547338439602729636e+02 2.550610677489750344e+02 2.535729753825389139e+02 2.558835133101343899e+02
2.546779532275899385e+02 2.549395618402294872e+02 2.522553853694588781e+02 2.545803787801080489e+02
2.529454877578565686e+02 2.530405085616365284e+02 2.514914114724585659e+02 2.533259425129748763e+02
2.541819678079887126e+02 2.545083036992551797e+02 2.528546998208673244e+02 2.541852158791469947e+02
2.876053555609516934e+02 2.873762566432245649e+02 2.843814755279447581e+02 2.871398505510161385e+02
2.486393945035862032e+02 2.490392888918206609e+02 2.469492208917216942e+02 2.489627766485962752e+02
2.559001884700433322e+02 2.559644622101111793e+02 2.560074061991228405e+02 2.559528977128924225e+02
2.541887782362875328e+02 2.549576806414440284e+02 2.533221337244149822e+02 2.552060088362061379e+02
2.646302606578229302e+02 2.632833845183606627e+02 2.625218602467076607e+02 2.637189889789851804e+02
2.583950905996846359e+02 2.591790161976811078e+02 2.579930509087747623e+02 2.588243977050854028e+02
2.710778232696690679e+02 2.707449662477826564e+02 2.681764693122653398e+02 2.712904776793737369e+02
2.819321049137487307e+02 2.821104600942524030e+02 2.794874082181784161e+02 2.812537867439250476e+02
2.928877146099323454e+02 2.931056072714836205e+02 2.917985023987809541e+02 2.933810087267295899e+02
2.501219939351025232e+02 2.502456630556297910e+02 2.485656483112202864e+02 2.510335486840910164e+02
2.581186524072440420e+02 2.586151485928094758e+02 2.573632779028092159e+02 2.586528880318779215e+02
2.497196516804632722e+02 2.496149537835824503e+02 2.484311011000191911e+02 2.500432819428803839e+02
2.480392262510336252e+02 2.484705497189123946e+02 2.461367882715485109e+02 2.484102506192906787e+02
2.596151918504244804e+02 2.596589966053467720e+02 2.582732147739791344e+02 2.598632804787575878e+02
2.733259957446228441e+02 2.741967621441573328e+02 2.711972755537428270e+02 2.755210706023530065e+02
2.699408369801394088e+02 2.701546162678988026e+02 2.667622592073798842e+02 2.702034411496224493e+02
2.620204667195250750e+02 2.624395247597688581e+02 2.597251267967920398e+02 2.625887586445272746e+02
2.564801908791397409e+02 2.564890743142858014e+02 2.551250086215732438e+02 2.570059992447824584e+02
2.485845641587628450e+02 2.492109515791742353e+02 2.486872235805765001e+02 2.489865332701458556e+02
2.545778425286439415e+02 2.544201413855844010e+02 2.523591473851276135e+02 2.554323729626234183e+02
2.492633670335465865e+02 2.492290762899304184e+02 2.486644224866347770e+02 2.491834624266180924e+02
2.502974121803838159e+02 2.502526675510103189e+02 2.492819309255770008e+02 2.509555840347049980e+02
2.789785833337633107e+02 2.798989312371297160e+02 2.764412860355525368e+02 2.794276710978663800e+02
2.637475564785212327e+02 2.640272614816382770e+02 2.612857108503710037e+02 2.651594486285663947e+02
2.497492362835161259e+02 2.498335230066469705e+02 2.486853220820387378e+02 2.496198891453421140e+02
2.532135825108744882e+02 2.540785994880639862e+02 2.527830088205305969e+02 2.538278562722021263e+02
2.540686048459511994e+02 2.545949490662592893e+02 2.529930529351896666e+02 2.550226269941874762e+02
2.488316649178438809e+02 2.495650084427744844e+02 2.480516725949326542e+02 2.500899480336142346e+02
2.631524629399759192e+02 2.643885797401018749e+02 2.617320323784475704e+02 2.646934098344434005e+02
2.593945396530521634e+02 2.594841487600326104e+02 2.578114210047349957e+02 2.605538577500583983e+02
2.609922329242166370e+02 2.613619421870071164e+02 2.597773831483274876e+02 2.612454512362753007e+02
2.605666352990140808e+02 2.606148203035447750e+02 2.585819299699770113e+02 2.608943315754014520e+02
2.603328656883336976e+02 2.605817184224189873e+02 2.594731635776328744e+02 2.611433199755693408e+02
2.562905108506620877e+02 2.564055589542825260e+02 2.556716905677045304e+02 2.568175892105663252e+02
2.531281149284266405e+02 2.532354362529264336e+02 2.528774383540818746e+02 2.537918212573107724e+02
2.528329813353049644e+02 2.525641467435328025e+02 2.507825938672796156e+02 2.529419302111754178e+02
2.506402052715118884e+02 2.503363109372313602e+02 2.493832597538442997e+02 2.511039885845540880e+02
2.544619348078702785e+02 2.548940247329013857e+02 2.527639579638666305e+02 2.548591982585977860e+02
2.565231360630160111e+02 2.571746226473640604e+02 2.539725803594888589e+02 2.572588638409068835e+02
2.506791084404630112e+02 2.510722698236793065e+02 2.493139636832269161e+02 2.517256517719762030e+02
2.554811567487459172e+02 2.556049715841427599e+02 2.535352278662161325e+02 2.558689607080333985e+02
2.521801849128299580e+02 2.528199824033941923e+02 2.506615056256520404e+02 2.525731536289507062e+02
2.505925325692872434e+02 2.510945129380611434e+02 2.504548259437550257e+02 2.515850337292547749e+02
2.756100825892561375e+02 2.755420917870189896e+02 2.731337689061065817e+02 2.767977313542558022e+02
2.564272967608117142e+02 2.563137611090391488e+02 2.559010570779816760e+02 2.560568910351645968e+02
2.548093552045501156e+02 2.551137621038468808e+02 2.544812568424549966e+02 2.553665050039271307e+02
2.624180605072606909e+02 2.623745003372909537e+02 2.612800861293222283e+02 2.625628928564534590e+02
2.549008342241995138e+02 2.552178608392076455e+02 2.532701808658439973e+02 2.557162696675977713e+02
2.533033341377351917e+02 2.534797813142576217e+02 2.523144709072826686e+02 2.538915897574354972e+02
2.522251012493777580e+02 2.533689234037252334e+02 2.506760529806556690e+02 2.528839310854072266e+02
2.551862943832425401e+02 2.552220325618997947e+02 2.535312429270710197e+02 2.562534741878435511e+02
2.553522950625350347e+02 2.557804809564798916e+02 2.529441752141264601e+02 2.560976418120199583e+02
2.923898504248943482e+02 2.923670169887266752e+02 2.902827013223037511e+02 2.919229173807383404e+02
2.632449283965873406e+02 2.646629456333607777e+02 2.610539235894469243e+02 2.637382089767269235e+02
2.690108471686249914e+02 2.686987415031244382e+02 2.664291021215138926e+02 2.690132617372566983e+02
2.587620810789379107e+02 2.589818985548580486e+02 2.567876330222907768e+02 2.600422897596333200e+02
2.796720450918106167e+02 2.805330418787087865e+02 2.772049516979652140e+02 2.797328924097166691e+02
2.573069023466379122e+02 2.572753182919280448e+02 2.560344264247626711e+02 2.572127423943537678e+02
2.600627936371475357e+02 2.606082139898101673e+02 2.589908650782214181e+02 2.604639522706473258e+02
2.567740679710391305e+02 2.581763294493719059e+02 2.559951119610214221e+02 2.586539925660096060e+02
2.622765968109228538e+02 2.625449973007153517e+02 2.606432588060243347e+02 2.633161944280628859e+02
2.587757191182528231e+02 2.581086145437914183e+02 2.564008929987319902e+02 2.579419243523255432e+02
2.862897263527325435e+02 2.864546868479005752e+02 2.838743343281182092e+02 2.860603525592699725e+02
2.655244713121081190e+02 2.647200823041762874e+02 2.615369453860902809e+02 2.667436565023807589e+02
2.495266190654834872e+02 2.490464853866124315e+02 2.475447201946404903e+02 2.492527683344921741e+02
2.498780405802295945e+02 2.502636742878906944e+02 2.487047196751609022e+02 2.505668605279914232e+02
2.474599579018189672e+02 2.475160766599090039e+02 2.463310397895289157e+02 2.482924027753828113e+02
2.786741787700885311e+02 2.793164878369445887e+02 2.761199046581443781e+02 2.782735923988594209e+02
2.827632058750092483e+02 2.828427294855855507e+02 2.802612200726975971e+02 2.837349738050198766e+02
2.617141444316469574e+02 2.612446632144526006e+02 2.588679229650226716e+02 2.618092201891483910e+02
2.586838305119189272e+02 2.588987414160205276e+02 2.574438042601040593e+02 2.590874454963395692e+02
2.908799765578629604e+02 2.896520100253321175e+02 2.870030803330723757e+02 2.895792653491116084e+02
2.585174608519272397e+02 2.596698527879735252e+02 2.576036052958602340e+02 2.584190847930508994e+02
2.504062281357242625e+02 2.507215987048841725e+02 2.496333937674906736e+02 2.507777495671410861e+02
2.562732763105155414e+02 2.574048827199511607e+02 2.552929160636260235e+02 2.571253473022290450e+02
2.712355309897539541e+02 2.708245986049281555e+02 2.691201785468859384e+02 2.705288895899439581e+02
2.551287864070222042e+02 2.561073372869917648e+02 2.531609484511339758e+02 2.558691362847160917e+02
2.565545692208224864e+02 2.573014128499636968e+02 2.548445790363633705e+02 2.578111470528262998e+02
2.558365733675177012e+02 2.562106682369287682e+02 2.537016353227102741e+02 2.559807469395032626e+02
2.544127179110855934e+02 2.552164023762333898e+02 2.536281072644044343e+02 2.551288230868100015e+02
2.781880001654042758e+02 2.790097888021963399e+02 2.755334226328331511e+02 2.783854557210211738e+02
2.563825259841855768e+02 2.574884717357091972e+02 2.563876274867303664e+02 2.572469736232915807e+02
2.531967897148255702e+02 2.536811410748217668e+02 2.523039923270361555e+02 2.539791388569974231e+02
2.654975017404304367e+02 2.660263990161501511e+02 2.629971385202883880e+02 2.658768210097167071e+02
2.513628689091977719e+02 2.512906249528367368e+02 2.505608413321284331e+02 2.516016833210302366e+02
2.656699666015273351e+02 2.667512444348495819e+02 2.635692804874528861e+02 2.675559453536515662e+02
2.772154828130651367e+02 2.773141187052855230e+02 2.738455014706950124e+02 2.774089689468353299e+02
2.726664514213803727e+02 2.729791041537959586e+02 2.711118519247013978e+02 2.731279970702483411e+02
2.519609201466867887e+02 2.522709092849049171e+02 2.511439758902755557e+02 2.525251680541034034e+02
2.550227322978344660e+02 2.550191152443566978e+02 2.544696710319546753e+02 2.544349766633765455e+02
2.659439598107798588e+02 2.673074333768298629e+02 2.638226004999650627e+02 2.663345587239628571e+02
2.561462542068836115e+02 2.567981587325329542e+02 2.554445002587777083e+02 2.571277284171112001e+02
2.831594269261702834e+02 2.835008777015560781e+02 2.801417352152178069e+02 2.833161100669531720e+02
2.507826536933803538e+02 2.515426886692744404e+02 2.497054558796870651e+02 2.512537730252719257e+02
2.526887590050040728e+02 2.528096765831204209e+02 2.519964575946710852e+02 2.533777734323582536e+02
2.821995092564253582e+02 2.829111857516429041e+02 2.795302760432503533e+02 2.819766970651622273e+02
2.613376269273900334e+02 2.622637461427265180e+02 2.603432747451531100e+02 2.623850968723880328e+02
2.503183557017423482e+02 2.504822267360659112e+02 2.490665427327678003e+02 2.508150294809146317e+02
2.515044452397874863e+02 2.515866954319653246e+02 2.511586903246094380e+02 2.520262311728483553e+02
2.486618056958749605e+02 2.488371394218967225e+02 2.479994229808145292e+02 2.493042442412219941e+02
2.983703276279779857e+02 2.983351510826880713e+02 2.969505432307086608e+02 2.977939836183907687e+02
2.545443148590784119e+02 2.553157417207595188e+02 2.531939800061231551e+02 2.554291480736796132e+02
2.537395963447913516e+02 2.547697386795982766e+02 2.535696229095785554e+02 2.547346942408208577e+02
2.521396809259712199e+02 2.525566042942455454e+02 2.511776184702158901e+02 2.523102584831223112e+02
2.527335482785989598e+02 2.528445793858492436e+02 2.508692751205714728e+02 2.522076398267885224e+02
2.628328533547638699e+02 2.628370721754509987e+02 2.613582823622867295e+02 2.634297305729758705e+02
2.555162925326698371e+02 2.551738784031707610e+02 2.549150280991499642e+02 2.554700646021983346e+02
2.481485560694625576e+02 2.484251546025259074e+02 2.471339079942730734e+02 2.488538258206720002e+02
2.650241529708443977e+02 2.665201766997859636e+02 2.629158274355979188e+02 2.652248541303997627e+02
2.652126713515363576e+02 2.654591084118836193e+02 2.633557907030860292e+02 2.658593614498759621e+02
2.572001099340608903e+02 2.575224021310460216e+02 2.553039464699709811e+02 2.582100887423055156e+02
3.009484495873854257e+02 3.007093814188347665e+02 2.995762641835661952e+02 2.998899975390714872e+02
2.595190772995267139e+02 2.605050267267660047e+02 2.573465619282474108e+02 2.600517134524872063e+02
2.556711179976121286e+02 2.556819908039202005e+02 2.545117678223870143e+02 2.560412926033140479e+02
2.634528433863964665e+02 2.636592352455731998e+02 2.622651559411968378e+02 2.645436153416590059e+02
2.521177669608140661e+02 2.527116931489288731e+02 2.512645291319523722e+02 2.524990672267208538e+02
2.543565036118308740e+02 2.548512869137292967e+02 2.527723969007786309e+02 2.556491629624144082e+02
2.507939920103095801e+02 2.517568032008948933e+02 2.503338648613632529e+02 2.521993875374283789e+02
2.669094524490454887e+02 2.683412502194163949e+02 2.663969829216844687e+02 2.677345247829704249e+02
2.583992533004018810e+02 2.581289326636522787e+02 2.561734200548178251e+02 2.588472173545628721e+02
2.890289189854162828e+02 2.880423271681061124e+02 2.863574242335897679e+02 2.882668626333001498e+02
2.578600097231783934e+02 2.577386875183690336e+02 2.567417806584074356e+02 2.584216743796732771e+02
2.627171507497066614e+02 2.636968502110705685e+02 2.614171288336714269e+02 2.641620515643544991e+02
2.762042595917964718e+02 2.760076529494832016e+02 2.740452117784342931e+02 2.762297786883115123e+02
2.571276600584234870e+02 2.578852933530195628e+02 2.563233854595303569e+02 2.574622966066327763e+02
2.500942752894304419e+02 2.505839678919862195e+02 2.495143975565849246e+02 2.513996078362704054e+02
2.584864949939758390e+02 2.587678836221135725e+02 2.572705049749677642e+02 2.592136330478100490e+02
2.870129125456177235e+02 2.897592705775180093e+02 2.866612173702754944e+02 2.881775060322958097e+02
2.587685797869868338e+02 2.594468749179284259e+02 2.577875884625098593e+02 2.598559234097801323e+02
2.545969900865084696e+02 2.547801753300308576e+02 2.533797812226627855e+02 2.545759649492307801e+02
2.550163393075473266e+02 2.548211367423755860e+02 2.542203333640112817e+02 2.549608068929136948e+02
2.763854953005096604e+02 2.776993294415587457e+02 2.744593328605823217e+02 2.774488923945659167e+02
2.703492051848105007e+02 2.707877162973925920e+02 2.669320381626869789e+02 2.700673751550632460e+02
2.805696883044506649e+02 2.820604622333061116e+02 2.790428825158292625e+02 2.810705869890264808e+02
2.530292180770593404e+02 2.534878283078764980e+02 2.521568288681526440e+02 2.536660855904992218e+02
2.547836449005702661e+02 2.543509875851476352e+02 2.537909519912003020e+02 2.552586619691182648e+02
2.777838775875412693e+02 2.783546523552624876e+02 2.749012183051058287e+02 2.777624905855063275e+02
2.939501367213837852e+02 2.950206828491899387e+02 2.922295882771755942e+02 2.937062432400720695e+02
2.759269970315216938e+02 2.753197961268604672e+02 2.724190854566085136e+02 2.762569089602550321e+02
2.548929975066746465e+02 2.551083360723492603e+02 2.524365589241243981e+02 2.554934340359625935e+02
2.765044466641975873e+02 2.773341373841779500e+02 2.752440124820272445e+02 2.760727052518835194e+02
2.646984415519460185e+02 2.651686972585608260e+02 2.639393386448914498e+02 2.656806087988908871e+02
2.569906455869100341e+02 2.583343690040335900e+02 2.568247893044360239e+02 2.580989960665822878e+02
2.846417417328830197e+02 2.844702740257159235e+02 2.829053534861467369e+02 2.838253660420820097e+02
2.597829612253723326e+02 2.607358232398430005e+02 2.589272829536052996e+02 2.616575998986596119e+02
2.581798389056226029e+02 2.589237446523436006e+02 2.562058695967307358e+02 2.590564975457944001e+02
2.522767233037559720e+02 2.523649575958108642e+02 2.516099614655234689e+02 2.528493326703665787e+02
2.600315770981634955e+02 2.601707729559189488e+02 2.570927763297819411e+02 2.600189645956802451e+02
2.722785452780668152e+02 2.741023238965582323e+02 2.707806604174688232e+02 2.751682861221635790e+02
2.537767297048596618e+02 2.544690957126946387e+02 2.536023845728136052e+02 2.540079003516123919e+02
2.770401214246128916e+02 2.762522638697897150e+02 2.720948107715101401e+02 2.760826948687019922e+02
2.560796421451830724e+02 2.559425132099655968e+02 2.556046365336442250e+02 2.562620729530189578e+02
2.606590249894225622e+02 2.610918786038531607e+02 2.590365640599858352e+02 2.615484429129806472e+02
2.546428118104472560e+02 2.550530549349704188e+02 2.529849668926752884e+02 2.554932022933364806e+02
2.605411381267596767e+02 2.607875040754026372e+02 2.594110212055202851e+02 2.605433877810647800e+02
2.596760898599565621e+02 2.589323440517246127e+02 2.581130949067348865e+02 2.597509007161195882e+02
2.785328154358272741e+02 2.789328207870356664e+02 2.750642232379771031e+02 2.790349876687819233e+02
2.553477600820487794e+02 2.559271588140292408e+02 2.539574505648363072e+02 2.565952574606369581e+02
2.588031549529623021e+02 2.594797042609123423e+02 2.585079883101508926e+02 2.599206509052447700e+02
2.566690588178250891e+02 2.577480392206790611e+02 2.546588956222214790e+02 2.576682277871035467e+02
2.573302299536067039e+02 2.577269833892376028e+02 2.572241287238524023e+02 2.581361107976773610e+02
2.499895381542195878e+02 2.511396095653494740e+02 2.493037894781693353e+02 2.510418362270931425e+02
2.561179726840222202e+02 2.556862823057169294e+02 2.547049354039736500e+02 2.560940219037165662e+02
2.507734358986875804e+02 2.504866078748484313e+02 2.497926532291449746e+02 2.505915971893848564e+02
2.587254760149917843e+02 2.590542222498723390e+02 2.571985989837727402e+02 2.589103033604430379e+02
2.579997602949799784e+02 2.585816218843654042e+02 2.575699920249986121e+02 2.586112362874848145e+02
2.577104712015307655e+02 2.583132274785534719e+02 2.576171323906742714e+02 2.583146248351924328e+02
2.897803236961059952e+02 2.895012914683549070e+02 2.870940789725617606e+02 2.894107301327325672e+02
2.636501795309101794e+02 2.630889578946010943e+02 2.620193761781557669e+02 2.640575322391738382e+02
2.659442918172408099e+02 2.665531618679817711e+02 2.629251463671933493e+02 2.665707532860110973e+02
2.626574959747360367e+02 2.642791034213877879e+02 2.618347756274393987e+02 2.643615885845401863e+02
2.512219933509143459e+02 2.513719227100236822e+02 2.492529881721758613e+02 2.520354382157754856e+02
2.633268787587666111e+02 2.636933384366453765e+02 2.609878584754206372e+02 2.641554049001620115e+02
2.790532770462924645e+02 2.805529302663809403e+02 2.762949532171985538e+02 2.790752623992944450e+02
2.522495087296553322e+02 2.524777552730940613e+02 2.516268680484668607e+02 2.522964546352060893e+02
2.648014565043914672e+02 2.656139530893055394e+02 2.625026170350735129e+02 2.657707391573617315e+02
2.510904650311819353e+02 2.512358643430613654e+02 2.500467122541786580e+02 2.513819598446968939e+02
3.046311238005761197e+02 3.031087498848660289e+02 3.034398740924492586e+02 3.029971102401384542e+02
2.474542405373327085e+02 2.489213098683997885e+02 2.470940304689536617e+02 2.485356198200519486e+02
2.601558419632573873e+02 2.610404328267251799e+02 2.584038939921275073e+02 2.610001856530476516e+02
2.636991501125284572e+02 2.632818856435858379e+02 2.606274464914916962e+02 2.650484092796307891e+02
2.515169088309756660e+02 2.517942947697384568e+02 2.514821322511768926e+02 2.523998738059743232e+02
2.502945903790914031e+02 2.502652464612391725e+02 2.493902095908307786e+02 2.505741184719788919e+02
2.602720003450533568e+02 2.607525923711237397e+02 2.597007141474340983e+02 2.616225712162185459e+02
2.615292421939968222e+02 2.623704000058443171e+02 2.600089490742231533e+02 2.626932173663342382e+02
2.545061846150558154e+02 2.543377423354817779e+02 2.534910219471418031e+02 2.555707384888236220e+02
2.504706313314160298e+02 2.505288927296868735e+02 2.491866754415517846e+02 2.505726524474051757e+02
2.768430267498063131e+02 2.765857836761264252e+02 2.738832165309740958e+02 2.766943683770007851e+02
2.589107427109400987e+02 2.598928841388303113e+02 2.568827766443630480e+02 2.601056592867562358e+02
2.548262618778380215e+02 2.551670724749606336e+02 2.538290122143374106e+02 2.551010223092938247e+02
2.534801733693587664e+02 2.540925231719802753e+02 2.531088549116790887e+02 2.543873120928019773e+02
2.913540088448626193e+02 2.909964619840391151e+02 2.886665775913604080e+02 2.893936995113139687e+02
2.622329728901776207e+02 2.619153245109145018e+02 2.597618177918778315e+02 2.627640053930657587e+02
2.533734802327882392e+02 2.535743398338521502e+02 2.526478184261142985e+02 2.538915768754948772e+02
2.520518779541544916e+02 2.518380304104035190e+02 2.514071399021967466e+02 2.522647171678740108e+02
2.651906031366303864e+02 2.654852763331876986e+02 2.633519224955441587e+02 2.649049773834977941e+02
2.581740501480341550e+02 2.588096799457421184e+02 2.577535962969511729e+02 2.584828751163727247e+02
2.813356848070565093e+02 2.823801812765026966e+02 2.797910817037146103e+02 2.823136638488984431e+02
2.597363470237029901e+02 2.599545453470182110e+02 2.581106840253170844e+02 2.605019534717975489e+02
2.553820006062347545e+02 2.555940373201684395e+02 2.548832410228590106e+02 2.556228844192652900e+02
2.690414763729967262e+02 2.699700943402966118e+02 2.678945479972961152e+02 2.693748626461717208e+02
2.668800558962644800e+02 2.668056754559457318e+02 2.652084143820439408e+02 2.671738358377651821e+02
2.559355488312772309e+02 2.567452499928788825e+02 2.562426705738258761e+02 2.562901968527954750e+02
2.521114225764670778e+02 2.515651534134894405e+02 2.515994205229820864e+02 2.524530848828235889e+02
2.520856707714578988e+02 2.526087701712998808e+02 2.512210008553572322e+02 2.520862065894455384e+02
2.502329939078498171e+02 2.502423949279565534e+02 2.484291928855137712e+02 2.506145168112766157e+02
2.803690637621749602e+02 2.807255839117785285e+02 2.771731069919176207e+02 2.801026116369576471e+02
2.504623525070977337e+02 2.509501249638526872e+02 2.496352383261868226e+02 2.515159677418413935e+02
2.493713729230122453e+02 2.503439238827584745e+02 2.486964322233055213e+02 2.514268465930103673e+02
2.491286215556273476e+02 2.489328741876841775e+02 2.480053825295224783e+02 2.495448872936782152e+02
2.895649360279329585e+02 2.903856347869905221e+02 2.878525601065477986e+02 2.895726044885694250e+02
2.514182503826664004e+02 2.522338158065905986e+02 2.514250079278677390e+02 2.525890720653543724e+02
2.515087734938150277e+02 2.516074206462134839e+02 2.509731239277863040e+02 2.519005189747899180e+02
2.680343037564121573e+02 2.680072771281353425e+02 2.646577838929064228e+02 2.674415662525531729e+02
2.476256207597366199e+02 2.484976146539342778e+02 2.469959659143803492e+02 2.487718212443846539e+02
2.888160770936101471e+02 2.888296905439203215e+02 2.870660570506019553e+02 2.897609215423204887e+02
2.545137806759046839e+02 2.550900163933085594e+02 2.538981058143758389e+02 2.556624705840984859e+02
2.571983397182119120e+02 2.572067019332209270e+02 2.559535733334337522e+02 2.579354609494647548e+02
2.612048925573433849e+02 2.616510181243838815e+02 2.592528744615569281e+02 2.618183110300025760e+02
2.775880184256228631e+02 2.781845755649769103e+02 2.741926899561727282e+02 2.770462259548842781e+02
2.717238575882070108e+02 2.729281719009621838e+02 2.700083043832063368e+02 2.729642722962414609e+02
2.539715689940928200e+02 2.541380755961559714e+02 2.524998203150183826e+02 2.539791947706519579e+02
2.712012313168721107e+02 2.713462606039514640e+02 2.683080808739954364e+02 2.711271328553691546e+02
2.563328469208781257e+02 2.566985280469952500e+02 2.546807762928380043e+02 2.569078789039371031e+02
2.491656672844121090e+02 2.491756904543467783e+02 2.482184139104849976e+02 2.492084897921698143e+02
2.551576692374421498e+02 2.556535762555877795e+02 2.539361459068128397e+02 2.562362683553778311e+02
2.709326213549623503e+02 2.722074270409523820e+02 2.686623364628597983e+02 2.719277296993554955e+02
2.510902006908094961e+02 2.513036290991566091e+02 2.500725413893308655e+02 2.518549253354677262e+02
2.594899000571677448e+02 2.592258700657958457e+02 2.575271761124751038e+02 2.596877462858284389e+02
2.540148664555610480e+02 2.542589232046500456e+02 2.534723673177876151e+02 2.542471276615475233e+02
2.638067512293824848e+02 2.645898980267417073e+02 2.621098312141613178e+02 2.645624864324611849e+02
2.709100286831873063e+02 2.729920431873420057e+02 2.698080347543560151e+02 2.720330926332369472e+02
2.558732029682219604e+02 2.554266227680060410e+02 2.543834539175373664e+02 2.554549989417103291e+02
2.545615052756948558e+02 2.549742073251481713e+02 2.540239849514814807e+02 2.550176886427422573e+02
2.821183197367979574e+02 2.815212907513467826e+02 2.789387428668686653e+02 2.814568694481076250e+02
2.565269363505361184e+02 2.571104245386543425e+02 2.551830231674943832e+02 2.573791099242487235e+02
2.510246199762438266e+02 2.516793701050774814e+02 2.497582004570133165e+02 2.513747188682695253e+02
2.585652290953215129e+02 2.585194459833078326e+02 2.572992716881258843e+02 2.594821002530175065e+02
2.714445908328871724e+02 2.713210209838742912e+02 2.688267987724199770e+02 2.715629058509384777e+02
2.569543782575885871e+02 2.566872338069153443e+02 2.555058681391202526e+02 2.571154773014040984e+02
2.510919534117989542e+02 2.517278089792125400e+02 2.506066054636923184e+02 2.517972276531057503e+02
2.816037157654992598e+02 2.816445207803101880e+02 2.794504561871528949e+02 2.814541071827905512e+02
2.693213129787325215e+02 2.696783225248778990e+02 2.671202926940890165e+02 2.705343940042731674e+02
2.532274150941047992e+02 2.545259803216003149e+02 2.528570653543531819e+02 2.547401158852807441e+02
2.726830472175726641e+02 2.719519195269182887e+02 2.700961877269791671e+02 2.730740298335650209e+02
2.524311006418827503e+02 2.527427503454302666e+02 2.504145867090799982e+02 2.535348481407854138e+02
2.480122865567537076e+02 2.485798361914087025e+02 2.472236681218791432e+02 2.487900088588995686e+02
2.714115115524451767e+02 2.724322283773537379e+02 2.695880349392823518e+02 2.716885922824191084e+02
2.651929804767722771e+02 2.658536938130176281e+02 2.645084821532229853e+02 2.660444377962743374e+02
2.605618597478198808e+02 2.615487060351557034e+02 2.583574186803843986e+02 2.609950052817640085e+02
2.510829944744321267e+02 2.514144943237376992e+02 2.506232330023109682e+02 2.520531567082558126e+02
2.757802695317548114e+02 2.758382184695349792e+02 2.734013205001863298e+02 2.767283762555978228e+02
2.567552595644205553e+02 2.569914576234768333e+02 2.560098864321416841e+02 2.570655014524657531e+02
2.636174329861287902e+02 2.639506035442047960e+02 2.611463458214766433e+02 2.656809638340319566e+02
2.490289667924003254e+02 2.492496759375171678e+02 2.481925808843847108e+02 2.495124774188851120e+02
2.584423244416604462e+02 2.582921236300526289e+02 2.572860767017835428e+02 2.592285902506114326e+02
2.824180754084851515e+02 2.825954324566310447e+02 2.800053943103784491e+02 2.849912959599186024e+02
2.593225297454370093e+02 2.595209284417278468e+02 2.587825178799125752e+02 2.594872918793249710e+02
2.555959618190908884e+02 2.560392320216276971e+02 2.543139894522678901e+02 2.566348819834887536e+02
2.567186142342286530e+02 2.573544671380831801e+02 2.556089391538795041e+02 2.584526400144878266e+02
2.534065558545633792e+02 2.536047159044752846e+02 2.530634971877458952e+02 2.540171741843267341e+02
2.860671478838482926e+02 2.849262517436509938e+02 2.826802489038723252e+02 2.843226819245226693e+02
2.600307511507263030e+02 2.595013812150115200e+02 2.571341771880120177e+02 2.605395420648360982e+02
2.572506210867632603e+02 2.570598995812329690e+02 2.543262213121869593e+02 2.564976144728732379e+02
2.738372725628790931e+02 2.749608680529798903e+02 2.716156042404419964e+02 2.745817277823340419e+02
2.506319365899545346e+02 2.505097174490450982e+02 2.500136720220251334e+02 2.514016928442057406e+02
2.507006639882965828e+02 2.512321603654351065e+02 2.499454709361969265e+02 2.509610621080973374e+02
2.600667140907087855e+02 2.607900533847896440e+02 2.589740468191100149e+02 2.606646208011252952e+02
2.564258022546205780e+02 2.570349322274464612e+02 2.547564720804526814e+02 2.580410483276276636e+02
2.596931476177974218e+02 2.595060320098157831e+02 2.577786401409150585e+02 2.598146270387338177e+02
2.635267226058709866e+02 2.640696097436441505e+02 2.603678387681802064e+02 2.632517711057582233e+02
2.853401387975914645e+02 2.857034609561387128e+02 2.835530753213425896e+02 2.858420053344417511e+02
2.517581112881923673e+02 2.522697475818889075e+02 2.511827474102011308e+02 2.519953531320472280e+02
2.851164257277990259e+02 2.846986801403472782e+02 2.821260930263658793e+02 2.838896557112568075e+02
2.570354626674255201e+02 2.582408983544535772e+02 2.558088335009946661e+02 2.581375317215079690e+02
2.739030718046304855e+02 2.741828795816551860e+02 2.711628868180811196e+02 2.743029752264566810e+02
2.523402536307908690e+02 2.521424870619048875e+02 2.512319237337216009e+02 2.526346009655640046e+02
2.588142000862085297e+02 2.586576679330902380e+02 2.572249222182111339e+02 2.589958055448782375e+02
2.542176086188332249e+02 2.546744424029234608e+02 2.536364231226554011e+02 2.546467972138941604e+02
2.524773545744362764e+02 2.529784339220036031e+02 2.520168826957844317e+02 2.532559079527293591e+02
2.631778060604200959e+02 2.633827247586644376e+02 2.607039713796072533e+02 2.641965175163123263e+02
2.762313001321992374e+02 2.764430834183638126e+02 2.731387439847815131e+02 2.772322673048078059e+02
2.564768317840633927e+02 2.568176756101653950e+02 2.561541618451753948e+02 2.559817854815319720e+02
2.883624401969618134e+02 2.880802968129746660e+02 2.850957387006950512e+02 2.876113389090545525e+02
2.696643874067127058e+02 2.700602422270883380e+02 2.670134249167625740e+02 2.713028986628182793e+02
2.598180447157067192e+02 2.603345173698019153e+02 2.592387274772439127e+02 2.603014281616896710e+02
2.527173656160497615e+02 2.539029765725117329e+02 2.515278778633327477e+02 2.538660905343959087e+02
2.493026412927538331e+02 2.492472490608981275e+02 2.483376324891471540e+02 2.491924407612792152e+02
2.656265599171539975e+02 2.652570492979106689e+02 2.633790486558675070e+02 2.658294066805362377e+02
2.581737497964782051e+02 2.585561799157785003e+02 2.570911868303033430e+02 2.591641296857816315e+02
2.621691871192821282e+02 2.628842699577801341e+02 2.613668817483530802e+02 2.633340198227467681e+02
2.951115550334517366e+02 2.945958247193909756e+02 2.936611095257900388e+02 2.945869374128239997e+02
2.541281463420889395e+02 2.546168330446692778e+02 2.537820061227549786e+02 2.545961462698433024e+02
2.822798317254584504e+02 2.823909540595456633e+02 2.799211501183444852e+02 2.827151589921508048e+02
2.522466923123197660e+02 2.534174407075015836e+02 2.508885640166031123e+02 2.532673971907412636e+02
3.018766863009120698e+02 3.010307926756934194e+02 3.002420025385021063e+02 3.002304434429410662e+02
2.560977273431568619e+02 2.559092210455016527e+02 2.550024133307181273e+02 2.562357326219290030e+02
2.525472436396312901e+02 2.522955615403909917e+02 2.520081674256035171e+02 2.529408011539842676e+02
2.554580347399330833e+02 2.557568478689420317e+02 2.555414901388233204e+02 2.557102543982779821e+02
2.608643360311230595e+02 2.618724476721865813e+02 2.596234500249784105e+02 2.626178106686818978e+02
2.525973140179655729e+02 2.530431796385323651e+02 2.519218836300083240e+02 2.529816214826612679e+02
2.567604752064139007e+02 2.565373217273430555e+02 2.559434237401438850e+02 2.564701295411053934e+02
2.577246052530648512e+02 2.580192347702667917e+02 2.570616557541901557e+02 2.583845050278211488e+02
2.531100653158406431e+02 2.531805496504579196e+02 2.516151320446470265e+02 2.532512644063867242e+02
2.687786441153298256e+02 2.696419007430412762e+02 2.667749365901586316e+02 2.700282614040125395e+02
2.757395635918890662e+02 2.759650920055956931e+02 2.728065010731492066e+02 2.767794488026963791e+02
2.573370934001700903e+02 2.572523966784515324e+02 2.567876194519326987e+02 2.573846639370099183e+02
2.589051291731468041e+02 2.585700646940635465e+02 2.570602602161233108e+02 2.588049041357407987e+02
2.539023019180496590e+02 2.544123396015548337e+02 2.543799000494560971e+02 2.547699080266978342e+02
2.573249936862879395e+02 2.574634166640311150e+02 2.555924216635840480e+02 2.575696115430496889e+02
2.492535527489780520e+02 2.495107572185105766e+02 2.478201928980482762e+02 2.502475920627163077e+02
2.633448437479437416e+02 2.627930794695575401e+02 2.607024562683396312e+02 2.629311986537068151e+02
2.654080112410002243e+02 2.658752064696348612e+02 2.641683979185015687e+02 2.673439478773675546e+02
2.627346327578584919e+02 2.624174142787073265e+02 2.609043895055895632e+02 2.631636335746902660e+02
2.582698685613519274e+02 2.585067427322554749e+02 2.578885641573849625e+02 2.590677159295830734e+02
2.567660243290002882e+02 2.568810417936098816e+02 2.552406709091517030e+02 2.574889797172677390e+02
2.574656454788011501e+02 2.583788166621532127e+02 2.567030334098989215e+02 2.585319636976671518e+02
2.583723958821634596e+02 2.590421387159668143e+02 2.570664666144093076e+02 2.599229019251354771e+02
2.560999038814715050e+02 2.565452667021568800e+02 2.560677166368311646e+02 2.567650835215747520e+02
2.512048945148152654e+02 2.516963455361576223e+02 2.500293284624802368e+02 2.514112330384628820e+02
2.581533236728095630e+02 2.579765042663465806e+02 2.563642812130501625e+02 2.582499733423204020e+02
2.542014570946453489e+02 2.551742510020826558e+02 2.538361367129817268e+02 2.557687698242132228e+02
2.579420540727487605e+02 2.580982564417916478e+02 2.575178432775815622e+02 2.586497594724862097e+02
2.561885882336994200e+02 2.561246158580141810e+02 2.542438626190260038e+02 2.567391293839007744e+02
2.529315102358999070e+02 2.536467655420541973e+02 2.518132110037338123e+02 2.538996242675354438e+02
2.558874936134654092e+02 2.560032044722117917e+02 2.552090001833894917e+02 2.563777082454280958e+02
2.862029102090017432e+02 2.854869936640138803e+02 2.837218945037810158e+02 2.860740489906787047e+02
2.640323547896749119e+02 2.649293870368223338e+02 2.619488837640022894e+02 2.643643829604168332e+02
2.537107089106961837e+02 2.532902318934240213e+02 2.520750517342044361e+02 2.536915499250991957e+02
2.537399928026599412e+02 2.536157342860890935e+02 2.528608514549871700e+02 2.537681175404055125e+02
2.528151840921728990e+02 2.530239355099415945e+02 2.514795513713862931e+02 2.531471511566350046e+02
2.519731595493520615e+02 2.523173851428589956e+02 2.509501688786048987e+02 2.522646768506301669e+02
2.462755654403470089e+02 2.469176812064721389e+02 2.450574901727122779e+02 2.466925869735931656e+02
2.549876833553872473e+02 2.547772413499216384e+02 2.529928908132004892e+02 2.550517577217869132e+02
2.566166317006906752e+02 2.572132513970163359e+02 2.553587934679875104e+02 2.562821356256206968e+02
2.507717760597558652e+02 2.508445393982625262e+02 2.495464352348801924e+02 2.508632644899011552e+02
2.795365202624749941e+02 2.805813822282393630e+02 2.784724177852921798e+02 2.803914507564054475e+02
2.759619255281697860e+02 2.760418653144903374e+02 2.732697165341098184e+02 2.762766699430738413e+02
2.535609774010228534e+02 2.536056163504449898e+02 2.528178531191542504e+02 2.539170505327026888e+02
2.912775102620379926e+02 2.917457906780564372e+02 2.905655005493770773e+02 2.918151788745601038e+02
2.521384814428026857e+02 2.519943421909018468e+02 2.509766657410936546e+02 2.523901420556083508e+02
2.548788882553307928e+02 2.555459483046051048e+02 2.548396602457642075e+02 2.554752652355987834e+02
2.815967332901719828e+02 2.827778459004916272e+02 2.797308840672130259e+02 2.811776073490111685e+02
2.574253470037446618e+02 2.573250224070451964e+02 2.562358353188909064e+02 2.580455103518376063e+02
2.747414194892105570e+02 2.730300407874673851e+02 2.713472808846962039e+02 2.746863284526753546e+02
2.538873249304171225e+02 2.537746325029873447e+02 2.525796172140370572e+02 2.538221059569045508e+02
2.740519501429233173e+02 2.745773060648747901e+02 2.721754962564573361e+02 2.741056947665663301e+02
2.514519840065080700e+02 2.514273837528646425e+02 2.499224221364618757e+02 2.515165564042414701e+02
2.952240311058252473e+02 2.961828896832474243e+02 2.942282737061941020e+02 2.952415832755515908e+02
2.568096590804205448e+02 2.566336144202324476e+02 2.557270337707205101e+02 2.571981204244527817e+02
2.584023815701588092e+02 2.594178959620157912e+02 2.583607152417173438e+02 2.597256383783887372e+02
2.918069331628166765e+02 2.928292485933123999e+02 2.897776726345944098e+02 2.926432826111045529e+02
2.857586455652958648e+02 2.871784592312714608e+02 2.853925831931655921e+02 2.881272435457191818e+02
2.556042383524650745e+02 2.557706138855100448e+02 2.536836062088950143e+02 2.555827143403396633e+02
2.647557383089763903e+02 2.641873325592115975e+02 2.630347958263168948e+02 2.643534399690892087e+02
2.623714506718335997e+02 2.623119993529195995e+02 2.597202410675278088e+02 2.630883929398751775e+02
2.937057273441604934e+02 2.930258398099238661e+02 2.914719923255844947e+02 2.931526559465297055e+02
2.655843346952045181e+02 2.645339689395515848e+02 2.623534569573535578e+02 2.656080124797364874e+02
2.613067600081492401e+02 2.619783345445897567e+02 2.600687629947950086e+02 2.625011802373958290e+02
2.835631943573382614e+02 2.832210040119118162e+02 2.810185915815097246e+02 2.826488476520681274e+02
2.505916356327180949e+02 2.513222074568545565e+02 2.497686091547749641e+02 2.509695658862338803e+02
2.733930321346356322e+02 2.737694097875086072e+02 2.709476384829694098e+02 2.738596277255768996e+02
2.603353707261919681e+02 2.604117506780839904e+02 2.584720308462321441e+02 2.611060122028138721e+02
2.545267147251357756e+02 2.552871685045941774e+02 2.542969330890966262e+02 2.558023319129757454e+02
2.560036021058855340e+02 2.566879345086662738e+02 2.539933340041522456e+02 2.566094358086159559e+02
2.585932458736835429e+02 2.589217444889279705e+02 2.576744484925723668e+02 2.587525562229813545e+02
2.713743675691941917e+02 2.725710130625326997e+02 2.691290273440100691e+02 2.724984621489750225e+02
2.779301184730438763e+02 2.779348079410392529e+02 2.745620114550807784e+02 2.787808537814826195e+02
2.571336079622366810e+02 2.576446881293600768e+02 2.555529063767460514e+02 2.579780214147976380e+02
2.614551023465593289e+02 2.616089753939263005e+02 2.601097532370050089e+02 2.623538747505482434e+02
2.609282301143487075e+02 2.609123314532062068e+02 2.594856268040434202e+02 2.608103411280712862e+02
2.500228077315129269e+02 2.502766284112949506e+02 2.492975578665488285e+02 2.502301854291667382e+02
2.584545326402913474e+02 2.585106689152751756e+02 2.583376942231645330e+02 2.592512650430525127e+02
2.575031260454073276e+02 2.576121533307871232e+02 2.557579665223922234e+02 2.569965735144052132e+02
2.850880680176057922e+02 2.864618319197641085e+02 2.833320998479832156e+02 2.849986857561239617e+02
2.552270978098502496e+02 2.553321418430399490e+02 2.538058551858643455e+02 2.558347635334228869e+02
2.744727753437275624e+02 2.730568282223326264e+02 2.707876775393776256e+02 2.731535164334915180e+02
2.531298761833946003e+02 2.528444525302352019e+02 2.513590931539038706e+02 2.532574891701823958e+02
2.533822319589995686e+02 2.535116622951372563e+02 2.520123830344581677e+02 2.546213606090734629e+02
2.568273103097684498e+02 2.568888389489699762e+02 2.553885280712736687e+02 2.576670432685840524e+02
2.540112708561827333e+02 2.540558933898589373e+02 2.531645042635965694e+02 2.544801497791302154e+02
2.599325434395040020e+02 2.596257785400403009e+02 2.580939954533307628e+02 2.604708273889453380e+02
2.573688022128098396e+02 2.576005953011791121e+02 2.572684016140962626e+02 2.576194110005961875e+02
2.565359828562455391e+02 2.572621711359350911e+02 2.563136346762744893e+02 2.568440212066206527e+02
2.489342357758132778e+02 2.492379977560285340e+02 2.479678516546499338e+02 2.495248345903639233e+02
2.648276999839189898e+02 2.648090046638245667e+02 2.627166124059920094e+02 2.659445463003204395e+02
2.557105582078373800e+02 2.548614708077611795e+02 2.543695471658191423e+02 2.557614980922049597e+02
2.678763378905916284e+02 2.684879929639108695e+02 2.655047242177839735e+02 2.686504465326676154e+02
2.559491910558842278e+02 2.565460402923905576e+02 2.551412804433417989e+02 2.563983778942407525e+02
2.501107063567438047e+02 2.507733267357886575e+02 2.484623157183716557e+02 2.513017209204442395e+02
2.808401217681364983e+02 2.822103183849379207e+02 2.785465875627803598e+02 2.813415522693079538e+02
2.612891476451126209e+02 2.611186818636363682e+02 2.599567894906165861e+02 2.614726719535875077e+02
2.675001493382061994e+02 2.667485388938673054e+02 2.654655217518698578e+02 2.679554248689789233e+02
2.624756983760000821e+02 2.632155760473714281e+02 2.603767106481583937e+02 2.630571988984592622e+02
2.604071181512907174e+02 2.616267080980074411e+02 2.586177616829340877e+02 2.613895888102600793e+02
2.584297563077698214e+02 2.583579552730672617e+02 2.577120802423618784e+02 2.588327583228977460e+02
2.710538021383808314e+02 2.720124219988663867e+02 2.684629947951457893e+02 2.720031059381284990e+02
2.583882276597370833e+02 2.580318736268538373e+02 2.567177380418790449e+02 2.578964286525016973e+02
2.572340128366383851e+02 2.574392014638881392e+02 2.561821963953943282e+02 2.577148712048160633e+02
2.781282212964163136e+02 2.793652643404981859e+02 2.755525079800989374e+02 2.782965224375150228e+02
2.504160435668543698e+02 2.500511822241431048e+02 2.495581637914254713e+02 2.508262983401235715e+02
2.456520875306560185e+02 2.458517428498007007e+02 2.436853672964298028e+02 2.456812044312964645e+02
2.547391499723643165e+02 2.548093904915703547e+02 2.534070848880457731e+02 2.551765307694380738e+02
2.548657297882947148e+02 2.555365144837535922e+02 2.539393527944503433e+02 2.553331454516728058e+02
2.521743702877730300e+02 2.519092396018694160e+02 2.517981237040497433e+02 2.521100562971408579e+02
2.487977249267123057e+02 2.494334666588669904e+02 2.479980769330707915e+02 2.491951526381417068e+02
2.583574073319931017e+02 2.588344745549719050e+02 2.559150977269181624e+02 2.584653282465919801e+02
2.560924101929806511e+02 2.567693051298406886e+02 2.554971876695958315e+02 2.569368017711502716e+02
2.542235603804357709e+02 2.548607589590905036e+02 2.527500724627603859e+02 2.544173300677239524e+02
2.573624368583055571e+02 2.570145588660568023e+02 2.569482759248311368e+02 2.574046086292071323e+02
2.593504936314164411e+02 2.592150990235585937e+02 2.579061760713879039e+02 2.591286468719886216e+02
2.561006091220066878e+02 2.562852012310846703e+02 2.549822366287155830e+02 2.563499852094781772e+02
2.555518957423717552e+02 2.560440791410067618e+02 2.545998288361706443e+02 2.560114359647909623e+02
2.574503675428222209e+02 2.578715710082253736e+02 2.562768816956736373e+02 2.584438970711257184e+02
2.703173456923888125e+02 2.709553577066315029e+02 2.679083945380602358e+02 2.709035196730425810e+02
2.519409121958448736e+02 2.522780586465403019e+02 2.515969296023967559e+02 2.526547158168791043e+02
2.687494899945884299e+02 2.685246608018923098e+02 2.649711574690974771e+02 2.693916561118282971e+02
2.799403618228442951e+02 2.802426454362064305e+02 2.776413171147465277e+02 2.804475695376284534e+02
2.783902253240354412e+02 2.793143353404349796e+02 2.762602742144342756e+02 2.789224293290681089e+02
2.709323279991745608e+02 2.711630238472695851e+02 2.694960479609491131e+02 2.725184218420107527e+02
2.502929071881493712e+02 2.508359002305987246e+02 2.500494144753399723e+02 2.514942930269020565e+02
2.564826019851439582e+02 2.569457365847250117e+02 2.548962561321651208e+02 2.571824278740125465e+02
2.773268130758839334e+02 2.776722544914698005e+02 2.754967628031211575e+02 2.776633378222526858e+02
2.661085361388977049e+02 2.663103518625038078e+02 2.648082794301495824e+02 2.687376624102975597e+02
2.561047758305959405e+02 2.560859452100082194e+02 2.544935634940244142e+02 2.559736983038096980e+02
2.812021861078240477e+02 2.815283164716119586e+02 2.798981293174809366e+02 2.816055225421634987e+02
2.697784616025237483e+02 2.702998087630032273e+02 2.672507651128273665e+02 2.708502813301655010e+02
2.604328782708480503e+02 2.616124386608705663e+02 2.583650876527603941e+02 2.617574838808081950e+02
2.621510882198949162e+02 2.628905167921770385e+02 2.584109876830269172e+02 2.620777741659780418e+02
2.525833639879006967e+02 2.533607832120432306e+02 2.517403510125416517e+02 2.530092803844876244e+02
2.559938542876052452e+02 2.562813680442511668e+02 2.551225357706954071e+02 2.560726926203697076e+02
2.640757022635293083e+02 2.644253688369171300e+02 2.623816884802511709e+02 2.643084702330527875e+02
2.545281824937324870e+02 2.549036829334166327e+02 2.537880724192862374e+02 2.554339028174445900e+02
2.530865044477384629e+02 2.532583842727937338e+02 2.521509780599050714e+02 2.533980339382979139e+02
2.519952644682608707e+02 2.531390793354513846e+02 2.516906595815032119e+02 2.527907881214249528e+02
2.501460736885509561e+02 2.507406189932086704e+02 2.497296066880047363e+02 2.509033553518417250e+02
2.640590204571371373e+02 2.635857172580068095e+02 2.625052052533463325e+02 2.641422291417841279e+02
2.943388517753080009e+02 2.939363998672462230e+02 2.926799372611356489e+02 2.944579483506926749e+02
2.488931115711898769e+02 2.498876561656245769e+02 2.472524913353499016e+02 2.503560410122514952e+02
2.770860480504892394e+02 2.773461638595181853e+02 2.735628355205019488e+02 2.766344633429102942e+02
2.494421600015868421e+02 2.486664500232818114e+02 2.486008307157850652e+02 2.491101179429920762e+02
2.741613833439412247e+02 2.741297766703514753e+02 2.718621348722215885e+02 2.749470637388731689e+02
2.952947752376568928e+02 2.945024402449530498e+02 2.944638186019320756e+02 2.939429220055258725e+02
2.549645382613672950e+02 2.545587347038132293e+02 2.536104316740753291e+02 2.560907774080463355e+02
2.574626681496631022e+02 2.575494788864624525e+02 2.564358209315089994e+02 2.578110496619558489e+02
2.801730350925233779e+02 2.789165429603558550e+02 2.767470286455794053e+02 2.793248914863835353e+02
2.598854875586886237e+02 2.602613819068133694e+02 2.588850334605034504e+02 2.610800606015406515e+02
2.528591534028831802e+02 2.536158108949004770e+02 2.524941054069436746e+02 2.537916302315580879e+02
2.574341923012535176e+02 2.579268169560414776e+02 2.568692791321442996e+02 2.584161846064433803e+02
2.551197319389146401e+02 2.558134407486205362e+02 2.532739907815137315e+02 2.559134523372667616e+02
2.952205456484589945e+02 2.941914790066470573e+02 2.926863432790061665e+02 2.925270345184381995e+02
2.968759787477247301e+02 2.977461187712025890e+02 2.960018219227722511e+02 2.964897139776876429e+02
2.519791272698744251e+02 2.524096972043057860e+02 2.516242138819617651e+02 2.532684059091757263e+02
2.528620241622720073e+02 2.540118933122537044e+02 2.518848615109003219e+02 2.537337426444928212e+02
2.859570034180939047e+02 2.873833787761203098e+02 2.835737383895944390e+02 2.857367569398153933e+02
2.548182509343883169e+02 2.564604425964369057e+02 2.542577457719498284e+02 2.571560339712043515e+02
2.594220603362449538e+02 2.590262121510065185e+02 2.575679452220742860e+02 2.594825364196855162e+02
2.526878158195520996e+02 2.523720227907969900e+02 2.513283643552010176e+02 2.528106226979117821e+02
2.501940169541385330e+02 2.502020950447835901e+02 2.486066702357599354e+02 2.503131734755380080e+02
3.002411106880952616e+02 2.997525978242273368e+02 2.977381604178308976e+02 2.985868692867166487e+02
2.585340683180250494e+02 2.592625413809425368e+02 2.582139393024863239e+02 2.592748893525337053e+02
2.556344071770957385e+02 2.555635888766223331e+02 2.545604567639078653e+02 2.565372634654158333e+02
2.503977741929606964e+02 2.506514502209332136e+02 2.498563572460744240e+02 2.514253947116684742e+02
2.707259960427070951e+02 2.714548339846140266e+02 2.701527833614862288e+02 2.710554335719451728e+02
2.612621868113859023e+02 2.616714533856285243e+02 2.604288973780526817e+02 2.621056895525177310e+02
2.494334617432492109e+02 2.492027248519281670e+02 2.482870592325149062e+02 2.498529674341585860e+02
2.657009500540004865e+02 2.664048480424780223e+02 2.639321702014996731e+02 2.661562225490763467e+02
2.643058449523385320e+02 2.643688287578548284e+02 2.621457593845088923e+02 2.644904590726370088e+02
2.512489228101583763e+02 2.514939524771896231e+02 2.501214133485416369e+02 2.517082281313632279e+02
2.607428265762366664e+02 2.608454618551349427e+02 2.591964261081021732e+02 2.607331283069325423e+02
2.643055797227785888e+02 2.640175140341730753e+02 2.632130504725123501e+02 2.644566334222263890e+02
2.580178213512179468e+02 2.581747735848024377e+02 2.563477133142322373e+02 2.578983284642926606e+02
2.795990783733851686e+02 2.805913294951508306e+02 2.779438366401915914e+02 2.798302971720560208e+02
2.560039773847228730e+02 2.565251958075384664e+02 2.545792949860914405e+02 2.558733071733668396e+02
2.581327929547120448e+02 2.588876173938008378e+02 2.572026881548653705e+02 2.583336143137562431e+02
2.746959496091490678e+02 2.755238293591095839e+02 2.718022065169338930e+02 2.747067547258119475e+02
2.489730314268643951e+02 2.496076708010352263e+02 2.483473570880510408e+02 2.496780346098880443e+02
2.679256800003409467e+02 2.680545952408583048e+02 2.658171257908182383e+02 2.681682008311894947e+02
2.563199843154152973e+02 2.561298820269656744e+02 2.551588848941184438e+02 2.566082797785034018e+02
2.553170441356671461e+02 2.552628024853175646e+02 2.543724880802675727e+02 2.557040337398561860e+02
2.537124400710362693e+02 2.533975628396468096e+02 2.523352969966567798e+02 2.543106424135619079e+02
2.686098679473548714e+02 2.694426603929281328e+02 2.659977956445684981e+02 2.689318169961145486e+02
2.560484140867412748e+02 2.576586903925023080e+02 2.547800408922336146e+02 2.565056238691437329e+02
2.419523009873665558e+02 2.422981309592139212e+02 2.402860284355223257e+02 2.427412085672304727e+02
2.901530616033138585e+02 2.918013704470691891e+02 2.889714097249556062e+02 2.909155880427463217e+02
2.552249348054281199e+02 2.559119989490865237e+02 2.547131095712614695e+02 2.557934287885501021e+02
2.528261916466941273e+02 2.527428613800815071e+02 2.518587529623344210e+02 2.532159603795569467e+02
2.492221697190477983e+02 2.492426142586615754e+02 2.483252475277553799e+02 2.499938084685657032e+02
2.553147430082939877e+02 2.553928539088043976e+02 2.549852970088991810e+02 2.557761249824473566e+02
2.520818263157641468e+02 2.519789595181841548e+02 2.511939484326946967e+02 2.532101816385596749e+02
2.506819409530041298e+02 2.511173560718706312e+02 2.497858255551886657e+02 2.518094691306046400e+02
2.535841709913855766e+02 2.540035518185461569e+02 2.523184427263741156e+02 2.543339641650851775e+02
2.559225947150892182e+02 2.558874580900154285e+02 2.540650416375504221e+02 2.566322175660102403e+02
