2.877205329858965115e+02 2.884421084032244949e+02 2.874409987101602724e+02 2.883809909723781857e+02
2.799290019456694836e+02 2.789313366233227498e+02 2.788547747608668601e+02 2.800463025182029924e+02
2.702861945416196932e+02 2.704987970732591407e+02 2.701621567418629297e+02 2.707623391236905945e+02
2.699072893044363468e+02 2.699171043579316347e+02 2.694926250472296374e+02 2.698760104860747902e+02
2.732847519695946517e+02 2.729873901742348608e+02 2.726596734918386460e+02 2.733615686001290328e+02
3.022544824092364024e+02 3.033002605640937190e+02 3.022002605769624779e+02 3.014365639452940968e+02
2.834952536030803003e+02 2.840716656667857478e+02 2.823406946990882034e+02 2.845957868190247382e+02
2.628610639804229550e+02 2.631138720113362410e+02 2.629834686328392763e+02 2.629532472230059170e+02
2.807969256453330900e+02 2.810409861502059812e+02 2.790753636847724124e+02 2.804393129366131916e+02
2.679621750660276689e+02 2.677976677515358688e+02 2.673084079482266588e+02 2.678068140057202982e+02
2.874960028963793093e+02 2.868945614363063896e+02 2.855650108313404303e+02 2.868512709915332266e+02
2.698353468853956656e+02 2.703478754664768076e+02 2.689239651077398321e+02 2.696329352398506103e+02
2.695797314053062905e+02 2.693285357896713208e+02 2.697023897571281736e+02 2.697221019362188486e+02
2.668985112746087225e+02 2.670268599506042619e+02 2.676742127155358730e+02 2.665481491812944910e+02
2.670665515572978848e+02 2.679190161638788368e+02 2.668983305130732901e+02 2.671475593955995009e+02
3.037702372495277245e+02 3.038334120826043545e+02 3.035391377275351488e+02 3.027844958853116282e+02
2.710563429272942244e+02 2.711277719332252900e+02 2.699636501657024610e+02 2.713771591930293425e+02
2.672896532879232723e+02 2.672289653501936755e+02 2.679892718881355336e+02 2.669752714029583558e+02
2.674095741165704680e+02 2.677245128461846093e+02 2.668023529988712426e+02 2.679843466307516451e+02
2.663257163361282664e+02 2.655648985209287503e+02 2.660352995646295540e+02 2.661454898219960796e+02
2.885250633122465729e+02 2.882478118817070367e+02 2.863045298158265837e+02 2.886180483969939701e+02
2.843551813639001011e+02 2.838113625124063901e+02 2.837709015584647432e+02 2.841324235191962089e+02
2.726361411544897351e+02 2.720418631042077777e+02 2.713952438168510639e+02 2.726675284873388705e+02
2.703803832298139014e+02 2.704425873345588798e+02 2.695324304831168547e+02 2.710440966179410225e+02
2.670752015127664549e+02 2.669791158063328567e+02 2.670629914262511875e+02 2.669182805902476616e+02
2.644263532598430402e+02 2.648728090243135966e+02 2.647589899968929217e+02 2.641958444158930774e+02
2.813646579982957405e+02 2.818479978104996349e+02 2.805591145089696852e+02 2.818169348127875082e+02
2.605097082180521966e+02 2.612969125877660872e+02 2.608844975428403359e+02 2.616910553031572135e+02
2.652009556098306575e+02 2.660826221059859336e+02 2.662325878101582362e+02 2.651394507923985202e+02
2.711416897820825511e+02 2.705913531692717129e+02 2.699030287864486013e+02 2.705974038953453942e+02
2.671347138913452568e+02 2.658745607079080742e+02 2.665576268579167163e+02 2.659064580689606601e+02
2.708320929584359078e+02 2.705579361585710672e+02 2.714833762004654432e+02 2.704228397526567846e+02
2.668124748570431279e+02 2.673100967048571306e+02 2.675661182760508154e+02 2.669885709182170217e+02
2.742284965048797858e+02 2.738097897484723262e+02 2.721359613993983544e+02 2.735960351764443317e+02
2.694449838465986886e+02 2.685831667497653257e+02 2.685772730899088856e+02 2.680770787485138271e+02
2.932142219720898311e+02 2.928201320957931557e+02 2.912854584143080956e+02 2.923397005878166510e+02
2.624153133055694980e+02 2.631330958946444412e+02 2.633986126716068839e+02 2.629980536520632768e+02
2.721827993157251058e+02 2.715527045090557863e+02 2.718676240142396523e+02 2.709911377948689619e+02
2.633311226330532691e+02 2.636235023939438520e+02 2.634195560082237080e+02 2.643022065040824486e+02
2.773467062701791406e+02 2.773507590536403313e+02 2.774332334121145891e+02 2.784440644385260271e+02
2.780928548593134337e+02 2.783740759704410266e+02 2.774036624825124591e+02 2.775158153549896269e+02
2.872611920558146608e+02 2.878581739941861315e+02 2.852793925306976348e+02 2.862302175896491576e+02
2.644339145315082078e+02 2.647622728574360167e+02 2.642234444094120249e+02 2.642106192223261587e+02
2.637268636922808582e+02 2.635766527809421973e+02 2.632621065137549294e+02 2.639855370304646840e+02
2.850100349923867498e+02 2.851553782187082220e+02 2.826122995208920656e+02 2.850686091592513094e+02
2.793376800408421445e+02 2.794515032118849263e+02 2.778931508336821139e+02 2.787248005106786195e+02
2.653060463453894613e+02 2.658822751575513621e+02 2.657186356363978348e+02 2.655635313767409684e+02
2.980978117993441856e+02 2.979496266171990442e+02 2.965279996274866789e+02 2.973085693967862539e+02
2.695426868282341388e+02 2.700297793257694252e+02 2.702303430646733773e+02 2.707694716713896810e+02
2.987535719043189033e+02 2.992708276934282026e+02 2.980045876180535060e+02 2.985352092134971258e+02
2.728992618652172837e+02 2.736559819821127348e+02 2.716229836049525943e+02 2.735322165367793446e+02
2.648862081620289928e+02 2.647211918920169182e+02 2.652081122105869326e+02 2.652487531005454002e+02
2.688538174893067776e+02 2.690999182033702937e+02 2.687674381000447852e+02 2.691148563449208382e+02
2.663690797577499438e+02 2.658790467318490300e+02 2.671284569610462540e+02 2.669559114430475120e+02
2.688007493416921534e+02 2.684098845674375866e+02 2.683562551126631206e+02 2.683711437349467701e+02
2.676611398832944246e+02 2.681347728294864510e+02 2.684620381287618329e+02 2.682642334135458100e+02
2.950336035832643233e+02 2.946275066419985365e+02 2.939333648128184109e+02 2.943013955457576003e+02
3.038577820247917884e+02 3.042700833757034502e+02 3.030115497431718836e+02 3.023922420881031030e+02
2.687463294055585834e+02 2.680538836175912252e+02 2.692436353167105381e+02 2.682643906265947749e+02
2.646833539596873379e+02 2.650299607360274194e+02 2.640701789769743186e+02 2.647167224623568700e+02
2.668102810810237884e+02 2.667488930478494353e+02 2.669693732295918380e+02 2.669375838802276348e+02
2.876612110020278124e+02 2.872437903472730341e+02 2.865426046256433210e+02 2.869135750615625398e+02
2.640730055493973509e+02 2.651799241244227687e+02 2.644727089818507011e+02 2.643973318965125827e+02
2.734190869394465153e+02 2.734677194779826550e+02 2.727885817806613318e+02 2.733294032141592425e+02
2.631996566614523658e+02 2.638640015209091985e+02 2.626086279358044067e+02 2.631748417980222143e+02
2.745125233205351378e+02 2.746592436404486648e+02 2.741820244388136985e+02 2.744687283801611102e+02
2.738107959322269949e+02 2.737393687860626983e+02 2.729537252817877970e+02 2.733191655683943964e+02
2.655288810002916762e+02 2.653220935256292705e+02 2.656383357161934669e+02 2.656227732969183535e+02
2.633411268021674800e+02 2.641036727873113819e+02 2.636852826300278139e+02 2.636122509446889239e+02
2.710972765698789431e+02 2.714129841660707143e+02 2.703260200863983300e+02 2.710121333204530742e+02
2.820207885043127476e+02 2.832341714704662650e+02 2.811005257200619667e+02 2.824606095931684422e+02
2.731316863064788549e+02 2.737516777306777271e+02 2.727740648640935888e+02 2.737285973543476416e+02
2.698179872320786217e+02 2.697009961521372929e+02 2.687111682076642296e+02 2.699882244186729281e+02
2.898279294496343823e+02 2.906035343925099141e+02 2.891955495365274373e+02 2.901904461838452676e+02
2.763659232629418625e+02 2.764944500681620525e+02 2.757798060595825973e+02 2.773784730899939746e+02
2.748550470115555413e+02 2.740946945223038256e+02 2.736940021495046267e+02 2.743166163127031609e+02
2.698706232195887651e+02 2.701963667438585617e+02 2.692895244859931267e+02 2.700184599366164662e+02
2.619279959971987068e+02 2.624240515962011955e+02 2.621865459976892225e+02 2.621136598907663711e+02
2.687250378840732310e+02 2.686915405573731732e+02 2.681657259158969850e+02 2.691541096462072460e+02
2.651127910520263526e+02 2.655787886900439503e+02 2.654619296678995966e+02 2.654467799717540402e+02
2.649708923089357313e+02 2.640712898607608281e+02 2.648231714079842050e+02 2.646098491721195956e+02
2.757903120188441903e+02 2.745478262463045098e+02 2.749483087847362981e+02 2.748119674665204002e+02
2.882074823354560635e+02 2.881020215994387854e+02 2.865543479533025675e+02 2.871971323054437448e+02
2.603711980314368475e+02 2.603582697683239644e+02 2.603005026305264664e+02 2.605034918405382314e+02
2.797442975523925384e+02 2.808460728542041238e+02 2.779187034412962589e+02 2.797878614159678250e+02
2.825130594578972705e+02 2.825495565721058142e+02 2.817282291702002794e+02 2.818308434879317588e+02
2.761847311764331607e+02 2.761682804302795944e+02 2.758928497845787433e+02 2.764398596474017609e+02
2.806113828459914998e+02 2.803946916040604265e+02 2.791016032753857417e+02 2.809393040140891458e+02
2.684188089848286154e+02 2.684348853448287855e+02 2.689146449245751569e+02 2.679567639877096781e+02
2.648371490893093210e+02 2.651962615430214214e+02 2.654807900417425230e+02 2.651290030897536099e+02
2.663824361256480984e+02 2.663300207983448331e+02 2.669220648243236838e+02 2.663940610538460874e+02
2.725762702499438888e+02 2.728858984297377219e+02 2.733160699386722854e+02 2.722918795325100518e+02
2.738587383598269867e+02 2.736774341239603814e+02 2.726016910297970526e+02 2.732015236065124100e+02
2.736769348300151705e+02 2.744977279193262802e+02 2.730590789649236854e+02 2.739837904792212271e+02
2.746734410144310345e+02 2.753713941590128798e+02 2.745762602826823695e+02 2.759060677167307176e+02
2.653299040069182411e+02 2.648527530194656379e+02 2.654788466795207000e+02 2.647200283958995328e+02
2.646934206687531059e+02 2.649167513257354472e+02 2.653314571888338946e+02 2.645354722682516808e+02
2.701784995843296997e+02 2.701505328089900786e+02 2.701032949068201674e+02 2.698156536417337747e+02
2.654962896406814252e+02 2.662056278973244616e+02 2.656299996758532984e+02 2.658909656327411426e+02
2.655984012641245613e+02 2.657201785786172081e+02 2.662651071105412939e+02 2.662090862733967356e+02
2.733385331994640524e+02 2.736461790308975424e+02 2.724455848263312419e+02 2.736092902322009195e+02
2.666502511477948474e+02 2.665017982265339924e+02 2.671005236403067897e+02 2.664285969814471287e+02
2.976676475038790386e+02 2.978216786646326568e+02 2.965135594597882118e+02 2.978624061026400227e+02
2.737924568904683156e+02 2.732964573657333176e+02 2.735943884389667460e+02 2.732107991713468209e+02
2.790913205399445474e+02 2.797773900933704567e+02 2.780049521111940862e+02 2.802638532854467712e+02
2.659327542094309251e+02 2.661708054880169243e+02 2.664840219019965275e+02 2.667872652598452419e+02
2.756265988342349829e+02 2.746871499013789730e+02 2.741190696486510205e+02 2.746726219012812749e+02
2.657037595689722593e+02 2.656144405208625585e+02 2.650288816473737938e+02 2.658313963655793941e+02
2.708876501364711658e+02 2.719153442792066926e+02 2.710876183223829798e+02 2.713755838803807592e+02
2.867464127617200234e+02 2.878284728719531813e+02 2.864089183143469768e+02 2.871403512805619016e+02
2.682796065345224861e+02 2.683301774164468156e+02 2.685495166170557013e+02 2.682351345311579394e+02
2.639291184536393189e+02 2.642028523019646968e+02 2.647742209535005600e+02 2.640682084985458005e+02
2.666281446416341510e+02 2.671965948319888753e+02 2.671033797576116626e+02 2.667643674568653864e+02
2.713523971988987000e+02 2.714755656083504505e+02 2.710632341005023136e+02 2.714221308768087511e+02
2.929888149369266444e+02 2.925270082665231257e+02 2.912491890844756881e+02 2.925924021380147906e+02
2.636477880632438655e+02 2.646755472590453451e+02 2.640440867753578118e+02 2.642890958733773346e+02
2.690778213045438747e+02 2.692248121568878787e+02 2.683886801144789160e+02 2.691344578112962722e+02
2.637477899554536975e+02 2.633470180054971479e+02 2.629362024845717087e+02 2.634279180946583665e+02
2.741615196175100664e+02 2.747561945957900207e+02 2.724352476895172117e+02 2.746336755835026224e+02
2.667481785232031939e+02 2.674148780230011084e+02 2.669314515906791598e+02 2.679412092680839805e+02
2.710864398217874509e+02 2.718984702340668491e+02 2.713364230888533370e+02 2.710849152145470384e+02
2.719407190041854960e+02 2.728255359374942373e+02 2.716510597787222991e+02 2.732249479051280900e+02
2.632076386530945911e+02 2.628477063269309610e+02 2.628152658301823976e+02 2.629618517072868826e+02
2.817164244750973694e+02 2.823124594311756823e+02 2.807897631040813167e+02 2.819567075153696578e+02
2.763083207229139475e+02 2.765631089680949799e+02 2.752385811179149755e+02 2.761931411511752117e+02
2.671459728695500075e+02 2.675922173295267612e+02 2.682870256329074437e+02 2.675145969756512727e+02
2.725733074741065138e+02 2.722313187205377858e+02 2.722093089600394933e+02 2.728786364614783224e+02
2.651224738060014374e+02 2.648023417106325041e+02 2.651364551740367119e+02 2.647844030610506252e+02
2.630767564570315358e+02 2.633826325102613737e+02 2.640329522179375203e+02 2.640790919518404394e+02
2.689956387503971769e+02 2.686511937972334749e+02 2.681860311382311011e+02 2.696149604015168961e+02
2.949663051702885923e+02 2.950468115202696140e+02 2.939482086578404392e+02 2.943742350253232871e+02
2.695170160891283331e+02 2.695182300993844251e+02 2.691533132238556050e+02 2.695261649617208946e+02
2.651470712229692026e+02 2.647629106545936111e+02 2.641169423227741504e+02 2.650367464776540487e+02
2.610013956425231072e+02 2.610582598234483385e+02 2.612755564452113504e+02 2.607111368666600129e+02
2.761396478511585428e+02 2.765597504098710715e+02 2.759627684005745323e+02 2.771944829256132152e+02
2.858982946368914213e+02 2.855347888437937058e+02 2.844100764738971066e+02 2.853991714805565039e+02
2.822603307400576682e+02 2.821142592580338828e+02 2.799088218936826138e+02 2.822324940156743764e+02
2.759774403249948591e+02 2.761199612323472365e+02 2.753486174326396849e+02 2.762959893015345187e+02
2.689533185292094117e+02 2.689353372723051052e+02 2.684959519467441851e+02 2.699502415549608827e+02
2.716944600188160734e+02 2.720273945354559260e+02 2.707160505088363038e+02 2.719597577486178466e+02
2.677985482566092514e+02 2.681832502495421977e+02 2.670040042133044267e+02 2.674012932050960103e+02
2.908303727174142068e+02 2.902096417669035873e+02 2.885612733400283787e+02 2.903863701852743020e+02
2.642585217564790128e+02 2.638235726766900484e+02 2.640367546801359708e+02 2.634639750935701272e+02
2.723375132825502192e+02 2.725895569048425955e+02 2.721026418403881735e+02 2.723867443518653317e+02
3.109661334525210350e+02 3.109549266499726627e+02 3.117444395636145487e+02 3.093226486943240161e+02
2.831082799860776049e+02 2.836453923103256329e+02 2.814515061440179124e+02 2.837439397459788211e+02
2.735476887101072521e+02 2.738275671076599451e+02 2.728815452974620825e+02 2.741966679316508362e+02
2.762818659552142435e+02 2.767345994912625429e+02 2.755869514341137574e+02 2.763551480996757732e+02
2.701157081454826994e+02 2.706075347595002540e+02 2.688941735094642809e+02 2.702680117781811191e+02
2.759677667152250820e+02 2.759685377188597499e+02 2.750959273710159891e+02 2.756048367856957384e+02
2.823591070551613029e+02 2.822310080595031536e+02 2.799085109985823010e+02 2.821837017557494960e+02
3.027169420712709780e+02 3.025058046897954682e+02 3.019930033491847325e+02 3.016660324622890244e+02
2.872071971343968357e+02 2.872458038925006463e+02 2.856190009289830414e+02 2.870090513155668077e+02
2.663825539003186122e+02 2.666522926450539899e+02 2.669237083978707119e+02 2.665285865040526119e+02
2.657748802777574610e+02 2.660045523802758112e+02 2.667233513692416409e+02 2.661240635288489216e+02
2.876449876517834809e+02 2.885620689475138079e+02 2.862598449067671140e+02 2.873129599528944027e+02
3.033542777722531127e+02 3.033636365886579256e+02 3.022935786585356936e+02 3.031041595593635520e+02
2.662616087496531918e+02 2.655555618952312784e+02 2.663394797771423441e+02 2.655761765912178021e+02
2.872280376586884927e+02 2.879416470608870213e+02 2.854655230694766033e+02 2.870724808450814294e+02
2.658746408238536674e+02 2.655981371842378280e+02 2.654772931068951038e+02 2.653652576063154811e+02
2.693836670549260361e+02 2.696800776929264316e+02 2.691427179155721774e+02 2.701797436268765296e+02
2.714987293346698038e+02 2.714623808020577371e+02 2.709555335331390324e+02 2.720216807753348576e+02
2.626430896884745607e+02 2.622004461270562388e+02 2.619101525395522003e+02 2.625972393244246064e+02
2.742646195690165314e+02 2.743104947237540614e+02 2.735681573796995281e+02 2.745760695352996095e+02
2.727472952770137908e+02 2.736337257826361338e+02 2.728974311192966411e+02 2.734706067351755792e+02
2.720413276059899772e+02 2.720271771964100935e+02 2.706549504084073305e+02 2.719670697628986318e+02
3.062244902318562936e+02 3.049247357984633027e+02 3.055910942088262345e+02 3.044871624515197936e+02
2.643376256647350147e+02 2.638713682446785356e+02 2.640766072426574169e+02 2.643996143316273901e+02
2.666299905187575519e+02 2.651928152185485033e+02 2.656119707524670162e+02 2.653443060795460724e+02
2.658229160670425131e+02 2.661265199492132183e+02 2.657707141371275839e+02 2.652439538849728820e+02
3.047541696383446492e+02 3.052568698654595778e+02 3.052400402682101799e+02 3.036950250054908338e+02
2.608545791774809004e+02 2.613604584202823844e+02 2.616263901668881431e+02 2.608282130279079070e+02
2.718929610888991419e+02 2.721216794908484644e+02 2.717922758577991544e+02 2.718214833229748137e+02
2.653347528798862527e+02 2.655749986135486438e+02 2.654611160421503655e+02 2.658761795485972357e+02
2.692862673141482333e+02 2.699411573098631152e+02 2.695356200113107548e+02 2.690953184172025203e+02
2.672032391690306099e+02 2.663187111346560982e+02 2.669293992118518304e+02 2.672970769899631591e+02
2.611766323774133980e+02 2.614734195083456711e+02 2.610325422040035619e+02 2.613250480495372585e+02
2.867725803129059159e+02 2.867870983868236863e+02 2.841850576903901811e+02 2.878380960754697071e+02
2.974660066725280672e+02 2.970299972725666180e+02 2.959132895699957544e+02 2.966353642854282384e+02
2.643210840565595277e+02 2.639402787227194267e+02 2.644443603683070023e+02 2.642757145208171323e+02
2.648860435351622300e+02 2.650609110812477525e+02 2.654140622221611920e+02 2.656769282106906189e+02
2.646223755410642866e+02 2.644968564060538938e+02 2.639729811875965311e+02 2.641842946589363237e+02
2.664325557849104484e+02 2.661678184644773637e+02 2.660375637878182715e+02 2.659414734462091587e+02
2.967096593603260999e+02 2.969267039062578419e+02 2.958623035476470591e+02 2.962408117983056854e+02
2.692014340830910442e+02 2.693981899486857401e+02 2.686938719144780521e+02 2.694955853433387460e+02
2.665791620199262297e+02 2.662516967550905633e+02 2.663373236770790413e+02 2.662074188497841760e+02
2.893974979720974261e+02 2.902496867300134795e+02 2.890092608332040527e+02 2.898030767136173154e+02
2.665246133704521299e+02 2.666381719155060068e+02 2.666817333157218286e+02 2.669579950197210110e+02
2.697689524530213703e+02 2.704094477451561715e+02 2.699006475320520053e+02 2.702041377005446066e+02
2.666533317583662779e+02 2.666345820732661878e+02 2.673974699503478973e+02 2.668861779993256960e+02
2.664174730395120037e+02 2.669256382524652054e+02 2.665856528279122131e+02 2.665037369306516553e+02
2.869757522873907192e+02 2.875498147700336062e+02 2.863280563680755790e+02 2.873304517666093147e+02
2.739641780206668500e+02 2.743559480784517177e+02 2.731909022627399963e+02 2.731918461360092465e+02
2.697602314118732352e+02 2.686141807923839337e+02 2.688993803409669567e+02 2.696026260940279258e+02
2.753986130285912850e+02 2.752723096617497163e+02 2.755652611032074901e+02 2.753897683863975772e+02
2.661063523037693699e+02 2.662484099336991221e+02 2.662975912188287566e+02 2.665577500402148985e+02
2.823259461126794463e+02 2.829641371011533124e+02 2.813719070139034102e+02 2.823553876876413824e+02
2.661930321508581301e+02 2.661149423645378533e+02 2.664013477205210734e+02 2.661721995280692568e+02
2.668243165831233910e+02 2.668929265291902766e+02 2.670610081571136334e+02 2.669363567765146286e+02
3.067250605245674251e+02 3.063306280897606371e+02 3.065386712809894334e+02 3.058584829124815769e+02
2.694473567608354188e+02 2.698612409109374539e+02 2.688886360590358890e+02 2.694982764859433928e+02
2.739778440605794572e+02 2.743842481272710643e+02 2.737339339835966143e+02 2.744694328379812305e+02
2.692706643553091794e+02 2.687389868118163463e+02 2.687159196884152266e+02 2.692825022600062539e+02
2.670065602734858317e+02 2.663410421054036306e+02 2.666485023494838629e+02 2.666583493941847678e+02
2.683464587560804375e+02 2.685118535189244540e+02 2.668627508566041229e+02 2.689976057983658961e+02
2.639626388052287780e+02 2.642559359329072777e+02 2.647473581119100459e+02 2.641689196893313465e+02
2.672710573742497786e+02 2.671664227129193137e+02 2.676036736055390293e+02 2.673897030128842971e+02
2.674087033284945960e+02 2.683844161110947084e+02 2.679207562059960992e+02 2.670185273231728615e+02
2.646723409995363454e+02 2.650613759111566310e+02 2.644795458046550038e+02 2.648911257533025037e+02
2.772102040970395933e+02 2.775247658766592167e+02 2.763512903570351682e+02 2.783924665069474145e+02
2.872648220205189205e+02 2.879459278378294016e+02 2.868291822994723361e+02 2.870341472511909728e+02
2.626788169322392150e+02 2.623168371701153774e+02 2.630710855434230666e+02 2.631087774195493694e+02
2.891478444668308043e+02 2.896855166287381280e+02 2.879427007918583286e+02 2.892511025417873043e+02
2.743365613141384074e+02 2.742638748631792396e+02 2.741183155873090982e+02 2.743564217901164284e+02
2.704807873566915646e+02 2.702998039164527313e+02 2.699734034540819607e+02 2.705593905877409497e+02
2.672545535696739876e+02 2.674141514280220804e+02 2.669980320326455399e+02 2.675748334317723902e+02
2.671580950976025974e+02 2.674822563693524557e+02 2.669164142193966427e+02 2.670230629377107334e+02
2.668858597023730681e+02 2.667883388313414343e+02 2.669562589128227614e+02 2.667768991084754475e+02
2.676023546004516334e+02 2.677921777204471141e+02 2.671077693248724358e+02 2.676843859069271048e+02
2.641564566308557573e+02 2.638999776860794100e+02 2.645688611576056246e+02 2.648036277701527297e+02
2.647192882225908761e+02 2.646550585788433523e+02 2.656307276651499478e+02 2.643512887155762314e+02
2.693673132170493432e+02 2.695220132501763146e+02 2.696772544085904997e+02 2.695160646972391874e+02
2.670376676216487795e+02 2.678678165316055697e+02 2.664176615922513065e+02 2.666559026959860716e+02
2.804688327464014037e+02 2.804759775203259551e+02 2.790921070287474208e+02 2.802404481008689459e+02
2.648301483212899825e+02 2.645948301646255345e+02 2.655805502578790538e+02 2.650388726867809055e+02
2.783335729834709014e+02 2.783600989834431516e+02 2.768464405107154676e+02 2.782548842520569110e+02
2.644506368412300503e+02 2.636434874797685666e+02 2.634740350392477808e+02 2.634460842977686639e+02
2.624108175266589456e+02 2.629914620275235393e+02 2.624113321260525709e+02 2.624573927972671754e+02
2.669950976375210416e+02 2.672130305339059078e+02 2.674170129959872497e+02 2.673885976177440398e+02
2.766969570498857252e+02 2.764965986159783142e+02 2.751792103147208763e+02 2.762866934649636050e+02
2.654989104618406373e+02 2.653857711896237674e+02 2.648649175235071880e+02 2.646432282453281459e+02
2.694441503300986938e+02 2.696476841082213127e+02 2.703146217638765165e+02 2.699176812223852266e+02
2.677333478873222816e+02 2.685307382134140539e+02 2.675947495208213240e+02 2.682441712469276354e+02
2.883599989047057193e+02 2.888790501082575588e+02 2.869901974712888091e+02 2.891286457564925740e+02
2.683407643975878045e+02 2.676271778485443065e+02 2.682503330339119998e+02 2.678402918516104023e+02
2.674791459002823899e+02 2.673589137533932671e+02 2.679408116511631874e+02 2.674638665922328187e+02
2.789261438917919804e+02 2.798750135032391313e+02 2.781207314682766309e+02 2.794613370823356036e+02
3.091707858404233207e+02 3.100086008710201213e+02 3.111525362335052591e+02 3.087059648624164083e+02
2.657722537267204075e+02 2.663902139696549511e+02 2.664322247863614734e+02 2.659279314585146494e+02
2.781959580721406837e+02 2.786497080415715004e+02 2.775873224487399966e+02 2.784569561351042921e+02
2.632380118533342852e+02 2.639759078178958021e+02 2.644165546614710252e+02 2.634361691017813882e+02
2.891869305223531228e+02 2.895550705393280282e+02 2.881164495936755543e+02 2.892075590314705096e+02
2.860700833579471691e+02 2.860123550926765006e+02 2.852754349150370672e+02 2.867769487417177743e+02
2.946564151747340929e+02 2.952070822093032234e+02 2.926392600236985686e+02 2.944938987276116222e+02
2.715537644004266440e+02 2.717553342007769857e+02 2.711896588764169564e+02 2.718115070780744986e+02
2.669808093426137816e+02 2.667441838712122717e+02 2.673132746958994517e+02 2.672138619035044371e+02
2.809060001624842471e+02 2.817617369916508210e+02 2.793291232875859578e+02 2.811580358554689951e+02
2.846704068136212982e+02 2.851920006734790149e+02 2.840962193911026361e+02 2.847620424823458620e+02
2.867127910459309419e+02 2.863312835533753855e+02 2.843592444041578915e+02 2.860237186772308746e+02
2.712394909260910367e+02 2.713345448160429214e+02 2.710410353099372855e+02 2.717578261626033509e+02
2.743906236575849675e+02 2.756786364019178563e+02 2.725775940361116909e+02 2.747173728951337921e+02
2.810407229635810609e+02 2.817968347876890221e+02 2.800069264970914560e+02 2.811053785783967669e+02
2.639328637775288939e+02 2.633155900581816127e+02 2.646165958535388540e+02 2.632314740704202336e+02
2.775949718138879234e+02 2.765082368324289064e+02 2.762974092531473502e+02 2.774896452521537071e+02
2.995198208486817748e+02 2.997390038241869661e+02 2.990135415953428719e+02 2.993091650158950188e+02
2.649343725524929027e+02 2.643684960659597891e+02 2.636961299411059372e+02 2.645750244721524496e+02
2.767204536448679733e+02 2.774965770486334122e+02 2.758374406743686222e+02 2.770113675496911014e+02
2.690641946852179558e+02 2.689205526727608913e+02 2.691654948418068329e+02 2.699024092491407032e+02
2.884090312143260348e+02 2.875955582565197801e+02 2.864607546622494283e+02 2.875745910743282252e+02
2.647431196870955432e+02 2.654843014531878111e+02 2.649494151981510299e+02 2.650730268320549499e+02
2.698603042036029933e+02 2.706656464674036897e+02 2.698394303584491922e+02 2.702658543208639230e+02
2.895129551524457838e+02 2.889023545369395833e+02 2.879207671653540501e+02 2.894923938862145860e+02
2.681088368816442085e+02 2.675790152283575480e+02 2.678524252201453919e+02 2.680208800716713995e+02
2.759839324407985828e+02 2.764629324202899170e+02 2.741432531626193168e+02 2.757168208449015765e+02
2.871443433922786994e+02 2.891603355345486648e+02 2.861186136570758549e+02 2.879147702749204996e+02
2.732614862117425218e+02 2.732758780173764421e+02 2.738947073821620961e+02 2.730902861142818097e+02
2.703208956121323467e+02 2.702680311285139396e+02 2.701922167043647960e+02 2.697378636427043261e+02
2.710906477680410944e+02 2.711295257545294817e+02 2.703600022549456412e+02 2.714892073585253911e+02
2.810875677640356116e+02 2.813743693796127445e+02 2.797306667307602197e+02 2.816758261524798854e+02
2.747981459683979324e+02 2.749307829818496316e+02 2.727466064701042114e+02 2.755129044340988003e+02
2.633688883999051313e+02 2.634806689800010986e+02 2.640237364304194330e+02 2.637437316691255091e+02
2.687809985510898514e+02 2.691862453219970348e+02 2.685638070709794647e+02 2.688852587470757385e+02
2.651478005492916736e+02 2.654862354063752150e+02 2.653704309086864441e+02 2.648645282725111656e+02
2.781382503808181923e+02 2.782738352703267424e+02 2.779030594760830013e+02 2.783050580619532184e+02
2.871683390188263161e+02 2.881319714310820359e+02 2.865124391835722122e+02 2.870768153785952563e+02
2.694524474120521518e+02 2.701503001869597256e+02 2.686578686475426139e+02 2.694444014117636357e+02
2.661224672747277964e+02 2.656020901226376054e+02 2.661408519810243547e+02 2.662721982227048443e+02
2.685641210382369763e+02 2.681970392673041488e+02 2.690722834430220018e+02 2.688100626752618041e+02
2.735445637592945332e+02 2.739258753233784773e+02 2.729238090362939033e+02 2.740810159435252444e+02
2.888742129622655739e+02 2.893067845671096734e+02 2.874916501393411181e+02 2.893738665487419439e+02
2.613678428732204111e+02 2.618043397174195661e+02 2.619406735223918190e+02 2.622479387823178172e+02
2.693640911594262093e+02 2.693856885391947458e+02 2.682647960129610851e+02 2.691481857096874819e+02
2.662650537780340301e+02 2.665571985931948689e+02 2.663747941775244499e+02 2.664561713706465298e+02
2.709381322936275183e+02 2.704396281873272869e+02 2.698237651706155020e+02 2.709144811971624449e+02
2.632876917637706811e+02 2.631038636341223196e+02 2.635836509465545987e+02 2.630432217348671315e+02
2.848013311153390532e+02 2.844099165094028194e+02 2.831920434252652967e+02 2.852159319864400686e+02
2.949607344883969517e+02 2.946929311997249101e+02 2.925841482883828917e+02 2.938258521011300104e+02
2.656264341753687859e+02 2.648807951406531629e+02 2.656433913588751921e+02 2.656556441677142288e+02
2.750241888830618109e+02 2.751612956731701729e+02 2.748503409334651337e+02 2.751244450923259706e+02
2.775634080605883582e+02 2.773596301334544592e+02 2.761476935859253672e+02 2.778907713703840727e+02
3.056776106938891644e+02 3.051905246372739953e+02 3.044906654857340982e+02 3.047833922354623724e+02
2.652994184792576107e+02 2.651872037678148217e+02 2.657746508731802351e+02 2.650454979879334019e+02
2.654115639093163850e+02 2.659586276901230235e+02 2.653762316100881549e+02 2.655561431253579485e+02
3.000291911933255165e+02 3.006292298561010625e+02 2.992248220768025249e+02 2.994055441353788183e+02
2.654587536639764949e+02 2.647526267286714869e+02 2.656842311967541832e+02 2.650061378624967574e+02
2.665573294269186135e+02 2.668735315509387647e+02 2.680676093836450491e+02 2.675169156289975945e+02
2.769099041792517255e+02 2.772193712605151177e+02 2.767304966800660964e+02 2.777648118194249491e+02
2.655414102210862097e+02 2.663426447116203235e+02 2.655809893481189192e+02 2.658764545304300668e+02
2.670675708636402987e+02 2.666810214273242536e+02 2.666293115699036207e+02 2.653117636148010092e+02
2.728536606057339213e+02 2.734008785985259351e+02 2.723845723599171720e+02 2.734903492066461013e+02
2.665609947779422555e+02 2.659214998287606022e+02 2.664727762503515009e+02 2.660448658353047335e+02
2.638058738606144971e+02 2.638851882736734069e+02 2.639152313305219764e+02 2.637269699115014419e+02
2.632508423405313920e+02 2.623926725933081343e+02 2.633287634491364315e+02 2.623609936183938203e+02
2.765098786616320012e+02 2.763717173597919441e+02 2.754747066986199115e+02 2.767937830236350010e+02
2.733507643662756550e+02 2.735933232857815369e+02 2.721360180751087796e+02 2.733676393796717434e+02
2.742196903559083694e+02 2.746519791505846797e+02 2.730695523663193285e+02 2.746091072428115467e+02
2.759060772033898274e+02 2.764688366941828690e+02 2.752083801398351852e+02 2.767544199272941228e+02
2.653533483228968635e+02 2.647620374464482893e+02 2.658692590783673495e+02 2.650154135671822928e+02
2.729880060070378249e+02 2.735737571301822300e+02 2.722053145114512631e+02 2.728307368685712504e+02
2.671898830461788634e+02 2.663432153330915071e+02 2.657987697515064269e+02 2.664886322370220455e+02
2.774508935980331330e+02 2.774833276675037155e+02 2.763054042601663696e+02 2.778944908707614445e+02
2.723882785928547037e+02 2.723064879100726898e+02 2.722220766951462565e+02 2.730564704998589605e+02
2.788701446127168424e+02 2.784718839190420567e+02 2.776869425062899381e+02 2.790320863424505546e+02
2.704295544949976602e+02 2.704254072604815633e+02 2.698712911634769966e+02 2.702790301939907636e+02
2.765798927138971521e+02 2.766030505991681139e+02 2.753507843930470358e+02 2.772383841925804973e+02
2.846158406344032414e+02 2.847709809733137831e+02 2.833437693442440377e+02 2.845701652527566807e+02
2.686630512104036370e+02 2.685833294098035822e+02 2.687271082834969320e+02 2.685049136343158125e+02
2.661432655387850446e+02 2.655522533450764513e+02 2.655167068432944575e+02 2.657423285062550349e+02
2.623082345538705908e+02 2.610842243429661949e+02 2.622001058563425318e+02 2.618289340081124692e+02
3.006153563700265750e+02 3.003997457075710145e+02 2.994168551020095492e+02 2.987557560940761050e+02
2.827516755653948053e+02 2.828628391876383148e+02 2.810963401015682734e+02 2.825546739623464418e+02
2.852419318037360654e+02 2.854352958998923100e+02 2.832980252443858262e+02 2.855661485175082817e+02
2.709105224927026825e+02 2.711951214058881305e+02 2.703471901709190774e+02 2.705788197417474521e+02
2.623226021296831618e+02 2.626830795473747457e+02 2.623821531604114057e+02 2.627142264767053348e+02
2.801618096135906057e+02 2.803842681943267507e+02 2.784757302320641656e+02 2.808877197827858367e+02
2.629588092527839649e+02 2.628451608952842662e+02 2.629725938550550381e+02 2.632312130448789844e+02
2.687447793312139765e+02 2.684377515174152222e+02 2.682554072208141633e+02 2.689702833762277123e+02
2.706327519885868469e+02 2.709118399329831277e+02 2.707187837614983437e+02 2.708663872770522403e+02
2.643117494937393985e+02 2.639771531854811428e+02 2.651720594447748454e+02 2.641696569381131781e+02
2.656828494165375218e+02 2.663117401013974472e+02 2.653507158909810641e+02 2.657207826475943762e+02
2.750230409824196727e+02 2.746812345527628736e+02 2.738368591653722888e+02 2.741135785785477879e+02
2.654710047516454665e+02 2.664729077984084142e+02 2.663743174241965335e+02 2.659476486441577094e+02
2.696520971596852405e+02 2.696729911461829943e+02 2.689539755539673820e+02 2.697170344522655228e+02
2.679523473697852296e+02 2.677792433240372247e+02 2.679816262253108334e+02 2.680159681656871840e+02
2.748339935045491416e+02 2.752047219371301026e+02 2.737762731406438661e+02 2.746116845772740476e+02
2.728242227278198584e+02 2.729226295189862412e+02 2.723029405755203811e+02 2.724169587614978809e+02
2.757146320145732830e+02 2.759478933972172285e+02 2.742486546162036234e+02 2.764901215925586939e+02
2.813170097189077410e+02 2.817789970317133452e+02 2.805184120332965563e+02 2.819710866238712583e+02
2.671823016047519559e+02 2.668565205616442881e+02 2.667734695055517591e+02 2.675351504226872521e+02
2.831300344099678341e+02 2.833161974696371885e+02 2.819418063157258416e+02 2.833842377943993256e+02
2.650003172234936528e+02 2.645087015697699258e+02 2.648755902730745788e+02 2.649896237642859091e+02
2.672696673140532653e+02 2.675545938409701989e+02 2.680637012345109156e+02 2.676680697573752354e+02
2.634895463027905294e+02 2.636434850317764926e+02 2.628820409916435210e+02 2.633985454497129695e+02
2.714194502892244714e+02 2.714777042864050145e+02 2.702157934408893993e+02 2.715511931419911775e+02
2.815080258670877811e+02 2.824083903026241842e+02 2.808377284564026581e+02 2.826339852304064379e+02
2.696752703019067212e+02 2.691606561266218591e+02 2.697734313888655038e+02 2.691124294513732593e+02
2.666961420590671423e+02 2.672959207194421651e+02 2.670909992051378481e+02 2.672023812359324779e+02
2.709662129929242838e+02 2.714030029699508191e+02 2.712329503250446692e+02 2.707452792999354187e+02
2.723071148494088902e+02 2.722796673030994157e+02 2.717788220536925792e+02 2.716829265732110343e+02
2.775320023817469632e+02 2.778747063052929320e+02 2.764417117969965147e+02 2.772247249915915290e+02
2.603896752575659548e+02 2.604702608557382177e+02 2.600233447639751603e+02 2.605698330305688728e+02
2.982438735811380184e+02 2.993328900444856799e+02 2.966598115152773403e+02 2.985646544337798787e+02
2.634679339808715213e+02 2.631178050232292094e+02 2.632220790593702304e+02 2.629966493810029533e+02
2.668609959144343406e+02 2.671227809116740559e+02 2.671410832504996620e+02 2.661582317054134705e+02
2.643246653221751217e+02 2.648904551670111118e+02 2.644998997835562022e+02 2.647617686855830925e+02
2.681715780921809369e+02 2.678557253284972148e+02 2.683430669906284152e+02 2.680283513869169951e+02
2.692691151477343396e+02 2.700167134661134014e+02 2.692446541070390822e+02 2.698325434099435256e+02
2.662293742484786208e+02 2.662805062009230141e+02 2.662069223158380282e+02 2.659966616382847064e+02
2.726807406500785760e+02 2.727951433366246192e+02 2.717937039632826099e+02 2.726571218120170670e+02
3.028081768025775204e+02 3.023404370923343549e+02 3.020182027919165648e+02 3.021629998476367973e+02
2.704371104054367265e+02 2.708823219507151521e+02 2.700951952505474196e+02 2.716333357568451561e+02
2.726468038989370939e+02 2.725125371589015799e+02 2.718602531616461988e+02 2.722256459795711407e+02
2.651803410951182514e+02 2.660686007713723029e+02 2.651626678622492364e+02 2.649994638965159766e+02
2.633342973281663717e+02 2.633152556490259713e+02 2.633563440330985941e+02 2.632113210390884888e+02
2.872637886795170630e+02 2.873841096165681392e+02 2.850083730816803609e+02 2.869232945298354025e+02
2.618636029156621134e+02 2.613720801611376032e+02 2.616861481484338583e+02 2.612970334994444670e+02
2.671999938985921972e+02 2.671047528724751601e+02 2.672555524408269321e+02 2.670221634384304252e+02
2.646646085734086569e+02 2.653107506997528731e+02 2.653148840507860768e+02 2.647682431544731116e+02
2.712675666048177732e+02 2.709970315478233829e+02 2.712021012581950572e+02 2.716258863310009701e+02
2.714004100406590396e+02 2.716924840102865346e+02 2.712762614352729997e+02 2.713979300555906775e+02
2.663003776912780722e+02 2.672911366193627032e+02 2.660011223399263827e+02 2.667638073286635176e+02
2.627830019401049526e+02 2.633519512083859127e+02 2.633316513220723891e+02 2.633871732599417896e+02
2.677590647930037449e+02 2.685343635299617517e+02 2.675341556849529070e+02 2.675141073079901730e+02
3.076277955095480365e+02 3.069535767790357568e+02 3.078580547849723530e+02 3.062808183027212863e+02
2.768814870846285885e+02 2.764541320116383076e+02 2.754824156222911711e+02 2.766688058762234164e+02
2.669707587573661272e+02 2.666023671451354744e+02 2.664624318771017215e+02 2.661867827031914544e+02
2.834748821277146931e+02 2.845417357207850841e+02 2.816174750085484675e+02 2.833178457623154713e+02
2.626797727156110227e+02 2.624010375161664683e+02 2.624669435501002113e+02 2.622337309324706212e+02
3.062586826912933020e+02 3.064567963740871051e+02 3.059388575155892340e+02 3.055482518960877769e+02
2.725783982012094953e+02 2.730859939221084574e+02 2.726724593459317703e+02 2.732904873295254333e+02
2.699898750035500825e+02 2.697431078703185676e+02 2.691242496027410880e+02 2.700122379698387363e+02
2.933292064981108638e+02 2.935134284841871022e+02 2.923174535199326556e+02 2.929766456735774227e+02
2.693017756488569603e+02 2.690628004565060678e+02 2.684019242036595756e+02 2.690875431067919976e+02
2.717998601269171104e+02 2.719372310798621584e+02 2.712659343754341421e+02 2.718737533986816288e+02
2.650200739422822380e+02 2.651222593032370582e+02 2.645703635953611865e+02 2.650329916357199522e+02
2.719591847594007277e+02 2.718604450761069984e+02 2.712923770959760077e+02 2.727419249837152506e+02
2.652772429891694514e+02 2.658892118716441360e+02 2.654649383144317767e+02 2.652630507027243425e+02
2.640922853069602638e+02 2.637625286727561615e+02 2.637448168565833271e+02 2.642843008144663486e+02
2.646738603707700008e+02 2.648100129304868346e+02 2.648842504105276134e+02 2.648178396521304876e+02
2.720430781146017694e+02 2.727066770732745908e+02 2.718663242588435764e+02 2.722434301758756305e+02
2.752037395208791395e+02 2.750820910988852006e+02 2.740997623929968086e+02 2.753473738482118733e+02
2.670136038560900715e+02 2.667913539528202591e+02 2.672942451629677407e+02 2.669494328336508033e+02
2.669326646007030490e+02 2.674886871796720698e+02 2.673891510111750449e+02 2.666402955103923773e+02
2.613776351161495768e+02 2.620639493012783987e+02 2.610630025326084365e+02 2.617023125219005806e+02
2.677403005999423726e+02 2.681119195835567552e+02 2.673109791859758388e+02 2.684734894122057085e+02
2.641572668605494982e+02 2.647048836435947692e+02 2.644326264112648346e+02 2.645131634839412982e+02
2.812859850314126788e+02 2.817773055733738943e+02 2.803937052721628902e+02 2.818804124147099515e+02
2.657156714690322588e+02 2.659541465836610996e+02 2.656499524044616578e+02 2.659584957292366312e+02
3.058966976833655735e+02 3.060357669977248634e+02 3.057490083846295761e+02 3.053022869882728969e+02
2.783570335370494604e+02 2.782756007129303839e+02 2.774415817857075126e+02 2.787620036003122550e+02
3.038022929370727638e+02 3.039261799954744561e+02 3.026004067095647088e+02 3.029352274356136832e+02
2.694246057917305279e+02 2.696540869872447388e+02 2.694200248795078778e+02 2.693372325657787201e+02
2.656843129863856348e+02 2.660137158806630282e+02 2.659415719405259892e+02 2.657738501795003003e+02
2.633230098890078352e+02 2.635432463140708137e+02 2.639020062300405698e+02 2.632386269165227191e+02
2.939005585141549659e+02 2.938534452277414744e+02 2.921833871842192139e+02 2.934533017023272805e+02
2.743240185660202428e+02 2.749120086013496689e+02 2.740605768530962791e+02 2.745168489555648534e+02
2.650477691529624735e+02 2.657694838836816871e+02 2.656022697921699205e+02 2.658453277332396851e+02
2.661695653339599517e+02 2.663818730379981048e+02 2.656676745897082128e+02 2.669244912664433400e+02
2.783199136798489803e+02 2.790091484929662329e+02 2.785617202705361137e+02 2.785812825460390627e+02
2.661415737676122149e+02 2.671719778463206012e+02 2.659280574686454770e+02 2.658865973870265975e+02
2.992357629283788469e+02 2.998367877275226192e+02 2.985066439263200664e+02 2.981906509690666667e+02
2.658123434375186775e+02 2.655242888798645140e+02 2.655185459237062560e+02 2.654699100130693523e+02
2.734636797668200074e+02 2.739818975408499568e+02 2.721931350977353645e+02 2.733033258692136656e+02
2.748804565146157302e+02 2.746514953491773099e+02 2.739669855244134737e+02 2.737974428240146381e+02
2.696794776065408428e+02 2.693278107690318848e+02 2.694781407362719392e+02 2.699881560193315408e+02
2.681895061461594310e+02 2.679487624238971648e+02 2.686988435956506009e+02 2.673918551847485219e+02
2.680161335869435675e+02 2.685393182014043418e+02 2.691599388737822665e+02 2.685098549743708531e+02
2.733248335897158086e+02 2.741085066857160655e+02 2.726540030005157291e+02 2.738432563331540450e+02
2.803375865364531023e+02 2.794988921537800479e+02 2.783633147025436188e+02 2.796673149275825949e+02
3.073806903969245923e+02 3.076139626362403874e+02 3.075322399255766754e+02 3.060616064500542279e+02
2.825078148574044690e+02 2.819588365037980680e+02 2.806515631774065582e+02 2.823304063196042648e+02
2.648128799211736464e+02 2.650326559453280311e+02 2.650530159399511945e+02 2.654149576520190408e+02
2.634260808014252007e+02 2.631604269729364773e+02 2.631249899328079209e+02 2.631836059318927141e+02
2.735320037152314967e+02 2.734962132922371438e+02 2.725679802360292570e+02 2.731143593418228193e+02
2.639642426817553087e+02 2.643584462235842807e+02 2.633225522118710842e+02 2.637645664263941967e+02
2.668945298252318139e+02 2.663886974010653717e+02 2.668053334986029768e+02 2.674597451203104583e+02
2.664716053831662066e+02 2.663664263565138413e+02 2.666612018029495061e+02 2.666649360176247683e+02
2.634092517402211797e+02 2.636523437312009150e+02 2.640146762745610545e+02 2.636891060746619360e+02
3.028722369977209041e+02 3.034235093467449360e+02 3.030203320722752665e+02 3.022533339372050136e+02
2.739871846605296923e+02 2.740629855854542711e+02 2.739490234058603733e+02 2.747495020654802147e+02
2.650439335416613744e+02 2.649971741579832383e+02 2.652449843834476155e+02 2.652157801061031819e+02
2.756832282437000572e+02 2.764215565792192137e+02 2.756079240580019132e+02 2.761414244371638915e+02
2.644912676250684740e+02 2.649583557448177089e+02 2.648786333079727342e+02 2.641350969222763752e+02
2.673873902808112462e+02 2.676691829413010169e+02 2.680230103000720874e+02 2.666111709534579859e+02
2.724065860556997904e+02 2.730866173833709922e+02 2.720729799502822743e+02 2.724936721935765149e+02
3.073241903101546200e+02 3.068978972765139019e+02 3.073938304458002904e+02 3.067819865161819735e+02
2.902862287812362752e+02 2.900858360490308883e+02 2.885327760977602907e+02 2.896332059859709034e+02
2.729477628399951641e+02 2.735003595118915314e+02 2.716946166384949493e+02 2.730877417452245481e+02
2.608096621729634990e+02 2.612556622963887207e+02 2.607939212147878720e+02 2.611444532612821945e+02
2.652367499202604790e+02 2.642320481474881149e+02 2.649276035626897965e+02 2.648288854023024328e+02
2.706393497502508581e+02 2.711588743465852644e+02 2.705581772159569027e+02 2.703144167546088852e+02
2.752317262355987282e+02 2.755727596705218616e+02 2.743608186150052575e+02 2.752337373540730141e+02
2.671542799731239484e+02 2.662267009631854648e+02 2.666017269449798164e+02 2.669034366099983231e+02
2.645143776286500952e+02 2.645179087718878463e+02 2.638109602835274359e+02 2.645991621284124449e+02
2.660164296240109820e+02 2.671852610337230089e+02 2.656052998666086182e+02 2.663919028206217376e+02
2.659789991772627218e+02 2.659071053384451488e+02 2.661167509104936926e+02 2.664408746191840009e+02
2.667663177173879490e+02 2.667041121607958303e+02 2.671313702020419782e+02 2.673461291189086069e+02
2.652735263307864670e+02 2.654745326067487099e+02 2.648005057980552692e+02 2.655717350007777782e+02
2.699091079977276308e+02 2.702080150978242727e+02 2.688149100710651851e+02 2.698489701175258233e+02
2.675143260442569044e+02 2.677830518982090666e+02 2.674944800105793092e+02 2.674413174847418304e+02
2.809564135900374708e+02 2.796826042299200026e+02 2.792074286391059559e+02 2.805084623072020236e+02
2.668312246476080531e+02 2.667283561547703243e+02 2.670098474518653120e+02 2.672434955250938629e+02
2.700393938889224046e+02 2.698459587944151963e+02 2.692511797191044707e+02 2.700503872463703487e+02
2.796896172328864623e+02 2.796448840606843760e+02 2.779314844778025986e+02 2.789083806906411951e+02
2.680036104651662754e+02 2.683032145167140925e+02 2.687971572618183131e+02 2.678170472651829641e+02
2.622793994988982149e+02 2.631417842449395152e+02 2.628825596366143031e+02 2.623571264978305067e+02
2.914082658822931080e+02 2.914399194566956908e+02 2.900413124147269173e+02 2.915095508551893317e+02
2.893169902467720362e+02 2.887758642684050869e+02 2.872236133219192311e+02 2.881282020522075413e+02
2.652674975693635133e+02 2.659361610896304455e+02 2.656951239224841288e+02 2.661976809578400207e+02
2.786419762998209535e+02 2.777413605445877920e+02 2.775230685704685243e+02 2.779785255642490824e+02
2.676222117325690419e+02 2.671088808068391245e+02 2.676346952029072668e+02 2.672611512103558198e+02
2.706008564812443637e+02 2.707549021916765923e+02 2.714023827887309039e+02 2.705933729977275561e+02
2.652385012672064590e+02 2.652617226653275111e+02 2.653152570765210498e+02 2.654980636505293319e+02
2.636196270816070069e+02 2.640252533482174613e+02 2.640498692976778443e+02 2.640728949976585795e+02
2.870842697722217167e+02 2.872920024524771065e+02 2.854632965170347347e+02 2.872936952049092270e+02
2.648246961186309818e+02 2.647131557405193121e+02 2.654777792735964681e+02 2.650226465549642398e+02
2.701841478317483620e+02 2.704230313680131985e+02 2.699344682750144671e+02 2.698814803550516217e+02
2.694023076398895569e+02 2.693100567552143616e+02 2.682028918341735562e+02 2.699972257583084456e+02
2.854965770913859160e+02 2.853952060145890641e+02 2.839446145567279700e+02 2.851090545927984863e+02
3.001867530213187933e+02 3.002446075101162819e+02 2.984765687947931383e+02 2.996528353167701653e+02
2.718421828792324959e+02 2.716864145474861516e+02 2.714966180303169381e+02 2.723198062306174734e+02
2.691709526985316074e+02 2.692801293798772804e+02 2.694552784211924177e+02 2.689986351091603183e+02
2.649498830397667462e+02 2.650917556198907619e+02 2.649903550695675563e+02 2.652416676634819055e+02
2.700023608609779444e+02 2.707878333095945891e+02 2.696140212961569205e+02 2.698098502852503202e+02
2.689542032501407789e+02 2.694636505396874213e+02 2.682881088614459486e+02 2.694910972665470013e+02
3.030293629926931658e+02 3.028257146306857521e+02 3.027547846676362724e+02 3.027792306099109396e+02
2.642120646508336108e+02 2.640841850730094507e+02 2.649730332901680185e+02 2.640726354560970321e+02
2.661460041988121930e+02 2.660491752040132951e+02 2.662537088179872171e+02 2.655873488645767111e+02
2.724596427949656459e+02 2.732035810374446214e+02 2.723286210802917253e+02 2.732571241476467776e+02
2.738025024587627172e+02 2.736505126044337430e+02 2.725347496115642230e+02 2.741818579747550757e+02
2.730479308443515833e+02 2.736219182813676980e+02 2.734525047811970353e+02 2.730967522295644585e+02
2.654767366877014183e+02 2.663320901474881452e+02 2.658380603515541907e+02 2.659922953396167031e+02
3.014836324913591170e+02 3.019468083520449113e+02 3.008120604423081659e+02 3.011277379319867578e+02
2.672220304950805030e+02 2.672135784076435812e+02 2.661814050968660013e+02 2.666667260066971608e+02
2.687322956757045631e+02 2.696660691579294848e+02 2.686593028219262465e+02 2.690849610096566948e+02
2.612073386854253840e+02 2.615504998481855523e+02 2.611688376768308899e+02 2.611099692774682808e+02
2.670187900837753432e+02 2.666743839960955711e+02 2.672513055151026151e+02 2.663719578451324992e+02
2.617427438596089928e+02 2.622381505458208153e+02 2.621048085631099980e+02 2.622864899769754174e+02
2.780161059488239061e+02 2.777781307755607827e+02 2.764823924454615280e+02 2.774850893956604523e+02
2.896522192249989871e+02 2.904222197830729328e+02 2.887203885446060667e+02 2.894327154799420327e+02
2.866161543132992051e+02 2.862497211080628290e+02 2.844193436433768056e+02 2.861565208508144451e+02
2.665919255150640765e+02 2.662665992815067284e+02 2.666460022415704998e+02 2.661789599546046361e+02
2.632117124323449957e+02 2.629978743667840604e+02 2.636216342635952969e+02 2.634212108920202695e+02
2.714045500782841032e+02 2.715415726254713036e+02 2.706670995405042959e+02 2.716310398541652944e+02
2.902981917273068575e+02 2.905156090226630567e+02 2.890211156580315333e+02 2.906666030798697307e+02
2.672389668266349076e+02 2.675416953542446663e+02 2.666727646707929011e+02 2.677382596426720056e+02
2.651510619999398273e+02 2.653606209307246786e+02 2.650020846251923672e+02 2.657110203961494221e+02
2.695329350492252729e+02 2.703234154422709139e+02 2.704478825209228603e+02 2.699201640132376951e+02
2.676798754531337181e+02 2.679624033851315517e+02 2.680917606155813360e+02 2.673045352073187928e+02
2.656156029058473678e+02 2.651181930587358693e+02 2.649457502313417194e+02 2.656879147011669602e+02
