2.642979814447278955e+02 2.649400438904166890e+02 2.626482643066741502e+02 2.651353788316649798e+02
2.497764808218904022e+02 2.501629439732302842e+02 2.488806704289968650e+02 2.505239438763946680e+02
2.514530422089657122e+02 2.515212558774154274e+02 2.505259302177496750e+02 2.510970917712834591e+02
2.611121404925864908e+02 2.607557445132773069e+02 2.605935680117608513e+02 2.618052457239464275e+02
2.595763220913889882e+02 2.596298182852851824e+02 2.575988848601083987e+02 2.601340600527587412e+02
2.715377373049230414e+02 2.719129372567571750e+02 2.690374029778368481e+02 2.719372529888041186e+02
2.701211037983910614e+02 2.697765420745324150e+02 2.672744911791423874e+02 2.689901475490124767e+02
2.576717956935238476e+02 2.580293678361687739e+02 2.568167506994613518e+02 2.579679326024810280e+02
2.500115665682796759e+02 2.500882706714108963e+02 2.493161488653094011e+02 2.505053475593373946e+02
2.783806779446514952e+02 2.802250243412910891e+02 2.759389324575528804e+02 2.787428376647411596e+02
2.546109889600384975e+02 2.543411516257085339e+02 2.527827438781977492e+02 2.549153722763983581e+02
2.746055503461968215e+02 2.748592367669886585e+02 2.723435602533037354e+02 2.749831637231984587e+02
2.569560522581707005e+02 2.570786849717280234e+02 2.541368494115466774e+02 2.569421465460532090e+02
2.578962587229310657e+02 2.590467473575395729e+02 2.575696369006324176e+02 2.586282137393507128e+02
2.537440771662282373e+02 2.536202747552152346e+02 2.531976292224857161e+02 2.536934025311290100e+02
2.772412534207489898e+02 2.776138034755965123e+02 2.742372506525559857e+02 2.768170463364371585e+02
2.523774048232800169e+02 2.529015967732926811e+02 2.519997430410919037e+02 2.531657776731961178e+02
2.784822003341648156e+02 2.786192102796404129e+02 2.762764684926067389e+02 2.793817114677550535e+02
2.559369275399321566e+02 2.559519907469085638e+02 2.545224451378364563e+02 2.568641949559356590e+02
2.548809929369855354e+02 2.547324958141234958e+02 2.537820321799079863e+02 2.552475972550496977e+02
2.561202848998236732e+02 2.569098106294559898e+02 2.550244432067215712e+02 2.570083677933007493e+02
2.641177075621327504e+02 2.654129149173411406e+02 2.612249441056883370e+02 2.652122314878880616e+02
2.516109206160855649e+02 2.517285150249292371e+02 2.506994138609002505e+02 2.520104688577197010e+02
2.727642025675174864e+02 2.720825102367253407e+02 2.695179450189751833e+02 2.721471420740874123e+02
2.893374940319010875e+02 2.894053391517254568e+02 2.871760880452798688e+02 2.894433871187433169e+02
2.674869053322789227e+02 2.694050775250246375e+02 2.653593840668300459e+02 2.695839382360860554e+02
3.005667090128754353e+02 2.989822111688638415e+02 2.987956411699740897e+02 2.997239221620288276e+02
2.556203773093828602e+02 2.552760132991626563e+02 2.545165713664015072e+02 2.564663302678889636e+02
2.722279853305573170e+02 2.719201332252877705e+02 2.703227371483295656e+02 2.732365553629551300e+02
2.626039927727798613e+02 2.627193398398694058e+02 2.605465143537612107e+02 2.620939559203487761e+02
2.557588301247435254e+02 2.557032313131601597e+02 2.548370348875745037e+02 2.562698820029540911e+02
2.492549902856468123e+02 2.497263079392481586e+02 2.487692789190459166e+02 2.498734217578220296e+02
2.552650367364658450e+02 2.552683510787600483e+02 2.538270019772077433e+02 2.554766219227502972e+02
2.720458803692723109e+02 2.727332088977419744e+02 2.690533850353724006e+02 2.724962731680149659e+02
2.537394856871907507e+02 2.542054107330538670e+02 2.537678856166924675e+02 2.553323853496625873e+02
2.654261391248697350e+02 2.664348859514707328e+02 2.642409231672210694e+02 2.665183032524195710e+02
2.532878810726082008e+02 2.541820112612456057e+02 2.518277021150897781e+02 2.538734304177823162e+02
2.676230419990537825e+02 2.685680354744097258e+02 2.632592234849270199e+02 2.681049672154418317e+02
2.563696604608996950e+02 2.575507535821884630e+02 2.552303034585241051e+02 2.575276329112342069e+02
2.752538212536192077e+02 2.762857281595732388e+02 2.745183282193838750e+02 2.761296598775568327e+02
2.556186271083397799e+02 2.555865887186816678e+02 2.543789710215033608e+02 2.550310480515453833e+02
2.525117324281486901e+02 2.533185978063735604e+02 2.523015269395517350e+02 2.532931053877761940e+02
2.523615539275888295e+02 2.524535756213084596e+02 2.516413236982920978e+02 2.530984133632867668e+02
2.573451093282168358e+02 2.573728769030678905e+02 2.555563540331364436e+02 2.585980294479377335e+02
2.590167039628814223e+02 2.586699982395065831e+02 2.572707122783489808e+02 2.596336027665296342e+02
2.547765828701827218e+02 2.555999447244894895e+02 2.531003720218071749e+02 2.550524267630464408e+02
2.620766076716171824e+02 2.622452733028691227e+02 2.609557084276705154e+02 2.624558270571804997e+02
2.594990220925598692e+02 2.591873804189534098e+02 2.581196907727756411e+02 2.596933594515514301e+02
2.513856811339685748e+02 2.522139125689224670e+02 2.508370801162771500e+02 2.522418206327558892e+02
2.676692341734390084e+02 2.674226032915869951e+02 2.651545601374514831e+02 2.672960373615114804e+02
2.651072296382193940e+02 2.662427998802353954e+02 2.628104542736575695e+02 2.662327919699048948e+02
2.627461943442153824e+02 2.631289525213531419e+02 2.605787813097655317e+02 2.634190844843191144e+02
2.830606022625462401e+02 2.827258850510503407e+02 2.818880584525949757e+02 2.848997854679352599e+02
2.679437198696937799e+02 2.669034754232940827e+02 2.644705273500264298e+02 2.692129886720436502e+02
2.542195480309105164e+02 2.543881853474448747e+02 2.535395770257426307e+02 2.549961276622890409e+02
2.734822199795099209e+02 2.724320935600151188e+02 2.708000083234291537e+02 2.741388490903593151e+02
2.514106135987015023e+02 2.516097187188305213e+02 2.499147933075805668e+02 2.518154197986378620e+02
2.542591936906930243e+02 2.550085129094561296e+02 2.535787480161554583e+02 2.551921628153623658e+02
2.613668591378815904e+02 2.613606132301458160e+02 2.599870698695827969e+02 2.615823502990432985e+02
2.649505593158407919e+02 2.660020849167518122e+02 2.629870731711948793e+02 2.649118655815092893e+02
2.535304563737472563e+02 2.533777064001386066e+02 2.532936064573231647e+02 2.542187765760304785e+02
2.936680161632708064e+02 2.928551939661941788e+02 2.914491125205145181e+02 2.921515532087078100e+02
2.548922462640373965e+02 2.548252646634764176e+02 2.533873055788214970e+02 2.550446201166126343e+02
2.476447796155011929e+02 2.479302929316087045e+02 2.460714403496186264e+02 2.479038839251880404e+02
2.721410543310465187e+02 2.717075885826519652e+02 2.693570687579616560e+02 2.716054918501860129e+02
2.529167618637932549e+02 2.534093150403385266e+02 2.527000447854031790e+02 2.537925209328483902e+02
2.576543651040202008e+02 2.581309767064235530e+02 2.566653479396812827e+02 2.574551026966250333e+02
2.535818254001479772e+02 2.537959920935805087e+02 2.526866281051391638e+02 2.545098283762977189e+02
2.483329287029118859e+02 2.481264945849872561e+02 2.470149044812079353e+02 2.485079368230282739e+02
2.751015530405421714e+02 2.757541669284695445e+02 2.729324573714865210e+02 2.756692660702314583e+02
2.573285094515043170e+02 2.572269823729025120e+02 2.568560676845191892e+02 2.573996161573787731e+02
2.548513402144587019e+02 2.545124020956643278e+02 2.531824419397797499e+02 2.541373635170307637e+02
2.587784535570332878e+02 2.585908208441948659e+02 2.571092231813235003e+02 2.592494703190258747e+02
2.611672607987756578e+02 2.608436490677067923e+02 2.595261737671539777e+02 2.616738381836398162e+02
2.776407754140698216e+02 2.787324131186078375e+02 2.756996439904500562e+02 2.788994578181802240e+02
2.593318069668779913e+02 2.594325124586375750e+02 2.569954848090516180e+02 2.592881703045410404e+02
2.582316090134397086e+02 2.583370536303593781e+02 2.583116501791548103e+02 2.585102925106821203e+02
2.812119367907654350e+02 2.817208272712111352e+02 2.791917675819381088e+02 2.818451014462666535e+02
2.580851103401683986e+02 2.585144411237507711e+02 2.567623077604719697e+02 2.581132971386019221e+02
2.559100377698741227e+02 2.552594013173550707e+02 2.546640140533091596e+02 2.560947222936964636e+02
2.625714115557562991e+02 2.621763974903612393e+02 2.612559390277743319e+02 2.623147473823239011e+02
2.644800624103173732e+02 2.654745338632232006e+02 2.623551107615988371e+02 2.658265304601331991e+02
2.461322355244637947e+02 2.465306624227140446e+02 2.453048902218059482e+02 2.466542578413137505e+02
2.521445854074230510e+02 2.528360164067653670e+02 2.520009511146770933e+02 2.531264545295359483e+02
2.551450746022470639e+02 2.554468152474452154e+02 2.541283243455316665e+02 2.557989779033426601e+02
2.839263025415222046e+02 2.848618934044990283e+02 2.807564008199039449e+02 2.850844499476507963e+02
2.880936306094444603e+02 2.890386722604182523e+02 2.873179969093200157e+02 2.887871258618513366e+02
2.600691767595390615e+02 2.607812926214584195e+02 2.593784764371067695e+02 2.604405809140736210e+02
2.998096602310041590e+02 2.986655091448521944e+02 2.979312654597874257e+02 2.976692653975447342e+02
2.638941264624925793e+02 2.643897589462159203e+02 2.632069948359540490e+02 2.646737705062849386e+02
2.631279057324010751e+02 2.634830235785385639e+02 2.618105528677855887e+02 2.636496210115162171e+02
2.771857979699115049e+02 2.785456708814490980e+02 2.749078035335442678e+02 2.774464808709273029e+02
2.628565197527283885e+02 2.646018390383910628e+02 2.612586062474849768e+02 2.636693268364140295e+02
2.550442226204816905e+02 2.555916936883658934e+02 2.553248082818160469e+02 2.560289788484923861e+02
2.523628484872836282e+02 2.526135091508618018e+02 2.519249096387701456e+02 2.526629748917647191e+02
2.805918467326952737e+02 2.808358046700084287e+02 2.777792266900559639e+02 2.803201390064805878e+02
2.560434645967874303e+02 2.570075523713138637e+02 2.554883307601682816e+02 2.571116448851303744e+02
2.551052470294803811e+02 2.555183413934080079e+02 2.549529307072342874e+02 2.549641375485930723e+02
2.625896500388004142e+02 2.622873452838931598e+02 2.609087546178837442e+02 2.630186981133693394e+02
2.518559082823907431e+02 2.520548663048563753e+02 2.504993620788540056e+02 2.527960316295273060e+02
2.543441069209234797e+02 2.554921735506220841e+02 2.526585589238858631e+02 2.560199491667128768e+02
2.645321684830105937e+02 2.651911821622883849e+02 2.622892933558644586e+02 2.637161436655410967e+02
2.856707177283138890e+02 2.852823613991890852e+02 2.830423360676467723e+02 2.846710849941081847e+02
2.702245023703307538e+02 2.709227555767127456e+02 2.686582577724281578e+02 2.721605145995127941e+02
2.967550647700418835e+02 2.966981897298491617e+02 2.956247534978365366e+02 2.959344387976780695e+02
2.952822691091354841e+02 2.957986365226510088e+02 2.937803653054084521e+02 2.956444121837166108e+02
2.521026832227408647e+02 2.526253842233793137e+02 2.513934929045851732e+02 2.529664912098112666e+02
2.618758781048762785e+02 2.613561710018842632e+02 2.599727323208141456e+02 2.619766660279748862e+02
2.619959689317444713e+02 2.629867469234055761e+02 2.609212776347800400e+02 2.628292880333987114e+02
2.836620719277131002e+02 2.840383350241369840e+02 2.816779275432132295e+02 2.839231590720840472e+02
2.710897484559301347e+02 2.732790325209473394e+02 2.695028583428396587e+02 2.732200499721117239e+02
2.610149837999038027e+02 2.619383910059510754e+02 2.590742569339994930e+02 2.623347008091039925e+02
2.666419093883030769e+02 2.693431787647990632e+02 2.651211534052829393e+02 2.680540314033456184e+02
2.506310819159155585e+02 2.503392003848209697e+02 2.495542236317687923e+02 2.512586720233297228e+02
2.752630132810361943e+02 2.758093332981231924e+02 2.732098031657192223e+02 2.760743178848005073e+02
2.688288529049004296e+02 2.679979453291869049e+02 2.670440092650832185e+02 2.685900696890392965e+02
2.520306121191180750e+02 2.518764664484362470e+02 2.514451213019935665e+02 2.521548452836223362e+02
2.894397175209469992e+02 2.902033961772077078e+02 2.885054103296096741e+02 2.901943523082194361e+02
2.699509300520778652e+02 2.710750917739833881e+02 2.688389212869477092e+02 2.704107313956459393e+02
2.617871679216953567e+02 2.617877788899110669e+02 2.596381516096520272e+02 2.626951675235570747e+02
2.928081084735952686e+02 2.919980717394802241e+02 2.903976385825993134e+02 2.913130312797178476e+02
2.510338352962216391e+02 2.517994209463142568e+02 2.506881953985784435e+02 2.519319855050050592e+02
2.523838603251132895e+02 2.529797547903018256e+02 2.519815215166569260e+02 2.528449764330423761e+02
2.865308862494289883e+02 2.862851944243349749e+02 2.834983277019782690e+02 2.867588713790569273e+02
2.499287932172625517e+02 2.501775452773628956e+02 2.492067822932951344e+02 2.508267004214241069e+02
2.590318152458542613e+02 2.585211408246153724e+02 2.589227696743811293e+02 2.591193363123509243e+02
2.974385043525307992e+02 2.964791410686257791e+02 2.960685874023221800e+02 2.953913266828786277e+02
2.602103664921228301e+02 2.609540121786711211e+02 2.595392797164657850e+02 2.611028886728014413e+02
2.596283597963081888e+02 2.601545766433855533e+02 2.587308130683299510e+02 2.605255638406875960e+02
2.646103256491713296e+02 2.655664607164727045e+02 2.620248315325021622e+02 2.656065549947967384e+02
2.605928093478741516e+02 2.609935688836430927e+02 2.602667626265539980e+02 2.609670741412888901e+02
2.539958388062824213e+02 2.547923072155115563e+02 2.533631992328720060e+02 2.537951502783910769e+02
2.551674430192508964e+02 2.557894963339971355e+02 2.547547528966009907e+02 2.566191668023539592e+02
2.550425990246123717e+02 2.556970544733203212e+02 2.541812687027277207e+02 2.552059895845461597e+02
2.966578435439497525e+02 2.965234180372867741e+02 2.936316089744898932e+02 2.946491469516765846e+02
2.644779662336117099e+02 2.655321475375579894e+02 2.628877292685410794e+02 2.650063463943829447e+02
2.783197040008022327e+02 2.774333284747639823e+02 2.750745690984892917e+02 2.776309276177026959e+02
2.701033192994162278e+02 2.715795145943273496e+02 2.685002763059014228e+02 2.715105390499493865e+02
2.518516418554665677e+02 2.518266699503292045e+02 2.509653480600017019e+02 2.521812357480658022e+02
2.815533552990982571e+02 2.830080984027204636e+02 2.791530330605278891e+02 2.826594049967224009e+02
2.595634061278881290e+02 2.603420593428643315e+02 2.590539991673243208e+02 2.608139494164785788e+02
2.579897035525882529e+02 2.582019368589466239e+02 2.576410296591828910e+02 2.583091026474609748e+02
2.624119181011135993e+02 2.630337142532976031e+02 2.604760786586598442e+02 2.627050889699781919e+02
2.800650398662453426e+02 2.797741744912178774e+02 2.771827350428772547e+02 2.803760040543417063e+02
2.736229812188882420e+02 2.738974702029123023e+02 2.713897782490703321e+02 2.729212437485952591e+02
2.723915841774945079e+02 2.721201814893609026e+02 2.700458512577847614e+02 2.724193922813169024e+02
2.796282006341172064e+02 2.810449772997531568e+02 2.773343356400732773e+02 2.813944493801710109e+02
2.650373719274365953e+02 2.642727582827923811e+02 2.623613760367998680e+02 2.654205196607581456e+02
2.591072101340737959e+02 2.600105208671478749e+02 2.581382920828696115e+02 2.603205000357873473e+02
2.570374324142137539e+02 2.577266820665255409e+02 2.553816896752007892e+02 2.576616300743514216e+02
2.575203298708022999e+02 2.577367806735496174e+02 2.572090529559937977e+02 2.580574783766318205e+02
2.558539290503881318e+02 2.564863310860208685e+02 2.551891612662820137e+02 2.560804778720107606e+02
2.549252437677034209e+02 2.555658118057471881e+02 2.536428832524689483e+02 2.563459097906232387e+02
2.687686503605302164e+02 2.684004866310889383e+02 2.662072421861727207e+02 2.693826059590619479e+02
2.541680897070038156e+02 2.540638589655524697e+02 2.531178929676242433e+02 2.548098078124101562e+02
2.615565576574904298e+02 2.617554723887130876e+02 2.590904524079279554e+02 2.622059596807929438e+02
2.662634737682022887e+02 2.671047727126666018e+02 2.650528245442951061e+02 2.667104181996975285e+02
2.489910834578342360e+02 2.497997441272214303e+02 2.489835948324083290e+02 2.498420626738462715e+02
2.584576163771910160e+02 2.587019644514396077e+02 2.570156297006900559e+02 2.594504515490681342e+02
2.548412370905049045e+02 2.554546582275602873e+02 2.538716436532395733e+02 2.554067631304571933e+02
2.593963149381994526e+02 2.594385528558904639e+02 2.572762923834325761e+02 2.598992199353089632e+02
2.574197261558913397e+02 2.587479022426961137e+02 2.558488140038017775e+02 2.591985352251319341e+02
2.517766497021411567e+02 2.521978974956501816e+02 2.517621672497529914e+02 2.527189146433761380e+02
2.746791628292477867e+02 2.755975187974245841e+02 2.708934840824592243e+02 2.751898209427038751e+02
2.518968246553259291e+02 2.521341315122016340e+02 2.508012535016335960e+02 2.523032437430721302e+02
2.546996939223671177e+02 2.548313194323012567e+02 2.540673054356063858e+02 2.547858343884256271e+02
2.669242209065329234e+02 2.674318627980100018e+02 2.640045529094109611e+02 2.671446696117213833e+02
2.594862446633329682e+02 2.596035288681757152e+02 2.576725714360554207e+02 2.602265631772145298e+02
2.529642514133079203e+02 2.534440526354900101e+02 2.524131259067401061e+02 2.536755959334988972e+02
2.597292702718932560e+02 2.602538357910641480e+02 2.587833971389947010e+02 2.602823226297838346e+02
2.497406716528608968e+02 2.498381803018873768e+02 2.481662925354216043e+02 2.504447277857857159e+02
2.679807731917708793e+02 2.690450881173068183e+02 2.660027105339125910e+02 2.696083851986291506e+02
2.546511080917170773e+02 2.540402890136949452e+02 2.533426444021182249e+02 2.545436502473807536e+02
2.768411128427947574e+02 2.768671223240617110e+02 2.751849623834372096e+02 2.769362447259497912e+02
2.637809287903839390e+02 2.636075450045255479e+02 2.617785219112957975e+02 2.646579272025933847e+02
2.597572870139686074e+02 2.607771114382740620e+02 2.583266673498809496e+02 2.610189328882058817e+02
2.541655802855636637e+02 2.547118411622338385e+02 2.528309418744202333e+02 2.545947201637033572e+02
2.559640633283841851e+02 2.567383108765615134e+02 2.542412246504070481e+02 2.576682137545629416e+02
2.573459222229072338e+02 2.575715928274407815e+02 2.552373452639616289e+02 2.571717849922678738e+02
2.615541587210184389e+02 2.622106981936623811e+02 2.594496261297966839e+02 2.619948761581681538e+02
2.596576319575485741e+02 2.599688181749381215e+02 2.587554661593861169e+02 2.601171914407706254e+02
2.554711994838391149e+02 2.557856246153704092e+02 2.547185051046412525e+02 2.560600225652519271e+02
2.520037116372606931e+02 2.523296911356270584e+02 2.509116495378456193e+02 2.518398585550315261e+02
2.603572121774415677e+02 2.611576163280652736e+02 2.585753235561969063e+02 2.611479431980160371e+02
2.738489228316168465e+02 2.735678429804471534e+02 2.715510998209976492e+02 2.738829158160102111e+02
2.803140768726127021e+02 2.808905371097292800e+02 2.785402378828186443e+02 2.813380818367245411e+02
2.686775776409010064e+02 2.692721885782810318e+02 2.666402607859522504e+02 2.698274305559529012e+02
2.537368549513023481e+02 2.530899257057807006e+02 2.522051461151023091e+02 2.534556768274267426e+02
2.715675100707857155e+02 2.717731907636658093e+02 2.697161576340824354e+02 2.713923547207170373e+02
2.531130163331887104e+02 2.530088260813512306e+02 2.513679623864144901e+02 2.538188232058974450e+02
2.817997597705040675e+02 2.814692595233818793e+02 2.798563585471209194e+02 2.822558700192003016e+02
2.732540503043819058e+02 2.741563623658456095e+02 2.713225156063156760e+02 2.740463982605748470e+02
2.505226825008878961e+02 2.510652403328332696e+02 2.496761716911552185e+02 2.510871792653678369e+02
2.563827037737629553e+02 2.572922838376908885e+02 2.554522706230516462e+02 2.573335049855056127e+02
2.485195572433469522e+02 2.489072838143134732e+02 2.476413465289435862e+02 2.495787057689128972e+02
2.694749755912597493e+02 2.697318371087090441e+02 2.659610576692570021e+02 2.693698792419722281e+02
2.553186573348957324e+02 2.551310730372044588e+02 2.547027205813590456e+02 2.557065202218420552e+02
2.620767684164787852e+02 2.617333761235294105e+02 2.604249823239677539e+02 2.634568947069657270e+02
2.594270395920260626e+02 2.595487911368062441e+02 2.578839345637114207e+02 2.597693130865056901e+02
2.565698009390714560e+02 2.572658636069097042e+02 2.550891297382869141e+02 2.573547899955602816e+02
2.534645707159397716e+02 2.537517495708326294e+02 2.522528936315640635e+02 2.542406981681540401e+02
2.590452704311104526e+02 2.599194959310348736e+02 2.582457554696701436e+02 2.608826872803804804e+02
2.503921831861816543e+02 2.512954462419471611e+02 2.489501326299399580e+02 2.516461767731028658e+02
2.556825265326046122e+02 2.560937999957977809e+02 2.552494225868233002e+02 2.556676361820020418e+02
2.800874993984749608e+02 2.797598483524996027e+02 2.772903412027669674e+02 2.794546697952383170e+02
2.550276575669426506e+02 2.546810498243319216e+02 2.538673591727212226e+02 2.558408328034540489e+02
2.636277522499452743e+02 2.645618747891701901e+02 2.630317985318283718e+02 2.643112216401294177e+02
2.544699726698024733e+02 2.548250045943519240e+02 2.533641309166678468e+02 2.548316556365505789e+02
2.610333781763816319e+02 2.610326339174403643e+02 2.588574143551530256e+02 2.617531378512847482e+02
2.520563083352552667e+02 2.517705058688665076e+02 2.512298195580091829e+02 2.519962257250079176e+02
2.589032470674305841e+02 2.596917821259797847e+02 2.571345924678560664e+02 2.605452453091205598e+02
2.714837710157644892e+02 2.719890566216675438e+02 2.697468133306312552e+02 2.729664517640442796e+02
2.514269918941623700e+02 2.514753151563753875e+02 2.501180424889783467e+02 2.519062535862566961e+02
2.720232905376096255e+02 2.725590868123680366e+02 2.693918905361080078e+02 2.721601908154599982e+02
2.560541637014620733e+02 2.572947365401097954e+02 2.540121134593589431e+02 2.576195504642841456e+02
2.682572514498245368e+02 2.688222373006525459e+02 2.665686008776897893e+02 2.693363090506892377e+02
2.545958849252772893e+02 2.550990331367790986e+02 2.539331172511316197e+02 2.558435624271373001e+02
2.543991783631186081e+02 2.555758952331883620e+02 2.533045678434686465e+02 2.553886466073385293e+02
2.612083196181072822e+02 2.618893225902869517e+02 2.593241747250951335e+02 2.618920710067253026e+02
2.502220842598646300e+02 2.502033702525515650e+02 2.493463635807997321e+02 2.512089249721605029e+02
2.579815073741208380e+02 2.576846419478448524e+02 2.566168015973900083e+02 2.580791315899944607e+02
2.706442555736678628e+02 2.718530327304690104e+02 2.687724745096649599e+02 2.711300008923922178e+02
2.594916003424141877e+02 2.595204522503797762e+02 2.584932170793091473e+02 2.597679448084020351e+02
2.602347194894420568e+02 2.600693533370329078e+02 2.580346138586829738e+02 2.598422734334534425e+02
2.771074019227337430e+02 2.781453328650898129e+02 2.749517742504514786e+02 2.778562563759130057e+02
2.552059304626548624e+02 2.550725333175459468e+02 2.553886011490968997e+02 2.557901519935653027e+02
2.575867646653318275e+02 2.579201797483446512e+02 2.562482464480482918e+02 2.584596149940449550e+02
2.512448664578801640e+02 2.518144966344518991e+02 2.502869104538132206e+02 2.518518633092033951e+02
2.513144059416680705e+02 2.511526668229666654e+02 2.498891626770172252e+02 2.516868813216235026e+02
2.591289102683551846e+02 2.595694512134083993e+02 2.576770651560350984e+02 2.593536448354938102e+02
2.508271057846910139e+02 2.507444659812741747e+02 2.495612213474499299e+02 2.511347662972580963e+02
2.478118027306145734e+02 2.481208897677093432e+02 2.463360232418555427e+02 2.489796558489850611e+02
2.542119922827835126e+02 2.546626610734109875e+02 2.529247722057046701e+02 2.546061191323833839e+02
2.641957676747255732e+02 2.650676388352265462e+02 2.627072213631582258e+02 2.645849742115073013e+02
2.674778248499308120e+02 2.670244671100791720e+02 2.657022111752787055e+02 2.673024289398755968e+02
2.510755860362533838e+02 2.523233746169484277e+02 2.513923086211732709e+02 2.523732540488123277e+02
2.698430590641578419e+02 2.704922564264684866e+02 2.681644838940549107e+02 2.703572397851618234e+02
2.601481723153447660e+02 2.604163675989632338e+02 2.581868777626184510e+02 2.612000715796602321e+02
2.567085502765575029e+02 2.567588321128502571e+02 2.546213734087313298e+02 2.568851557348613710e+02
2.579132296298343476e+02 2.579597817211105166e+02 2.563076300373426193e+02 2.585960245631710563e+02
2.716449129748992277e+02 2.712789545458206248e+02 2.695155629115986358e+02 2.715599798138907204e+02
2.622502060481444346e+02 2.622802353062023144e+02 2.596759473789113599e+02 2.629005204755168847e+02
2.509565498375131654e+02 2.515845767497156373e+02 2.497007929851886274e+02 2.509532754704109152e+02
2.553263471427136437e+02 2.559461248449840127e+02 2.544600943845603354e+02 2.557695445946945085e+02
2.587533072350120733e+02 2.594365810555079292e+02 2.575349680859236514e+02 2.593332523749713800e+02
2.495337954735561539e+02 2.502122347339876569e+02 2.488755510697795046e+02 2.498614544189399282e+02
2.601814491439285462e+02 2.605749833518508467e+02 2.586831358933557112e+02 2.618087512097440026e+02
2.607205398553546729e+02 2.618708066176019429e+02 2.598351174562434949e+02 2.616569936028641905e+02
2.602915021481088615e+02 2.594888606419958137e+02 2.560794325779177711e+02 2.609916782919570437e+02
2.496264197015539708e+02 2.496377551155364642e+02 2.486751807883659069e+02 2.501074835557445226e+02
2.602688378316957483e+02 2.602571652784008620e+02 2.574485555778061325e+02 2.601415442318648275e+02
2.979906579908420667e+02 2.973767253867735008e+02 2.956318246734600734e+02 2.967658685984470139e+02
2.513486368877397297e+02 2.520191327211990995e+02 2.500915297829391193e+02 2.525249227252981541e+02
2.660975208025159873e+02 2.661827670244306319e+02 2.631782731582408132e+02 2.665424963848351467e+02
2.660759921679551780e+02 2.658990870450659827e+02 2.630071384670787893e+02 2.665495723998045605e+02
2.463065371291139058e+02 2.467582603043502445e+02 2.449706084454617212e+02 2.470886362627184951e+02
2.496791818823860183e+02 2.498438895175142136e+02 2.486067997168560453e+02 2.501014138561976665e+02
2.481895880415737565e+02 2.488794078576746927e+02 2.476393911993254164e+02 2.491779222086346408e+02
2.807976485747181528e+02 2.803427113229914198e+02 2.779460527431752439e+02 2.806538205553849821e+02
2.539036268446944291e+02 2.540271850854041134e+02 2.525480842450758701e+02 2.544396148872789354e+02
2.537841760400443718e+02 2.544076559212877555e+02 2.536425301905969718e+02 2.544250624144861774e+02
2.858811841737810369e+02 2.866402771561229770e+02 2.821896537124575275e+02 2.857718018054109734e+02
2.549983936207246700e+02 2.548804170601715668e+02 2.538117199119158727e+02 2.555611592607452280e+02
2.580043112875288216e+02 2.585406818217769001e+02 2.557412078363000774e+02 2.581555768836902303e+02
2.563584815896104487e+02 2.571430449508498555e+02 2.562792821305818620e+02 2.576528958062896777e+02
2.575028778038843598e+02 2.577113675594695223e+02 2.566943823933614226e+02 2.574046036533246706e+02
2.565699844048833143e+02 2.565354831312388910e+02 2.555165645853405749e+02 2.570091770893876060e+02
2.497219843623572331e+02 2.500363982008459232e+02 2.487250575695644272e+02 2.498948836275827148e+02
2.673961342258102718e+02 2.672152419782169659e+02 2.663932198380155114e+02 2.677419311139586284e+02
2.494807518405606572e+02 2.495782720106801094e+02 2.489357418907432304e+02 2.498658531995956196e+02
2.628196460963120558e+02 2.623033036062675478e+02 2.612152263887247159e+02 2.624590865481989113e+02
2.551028569006753344e+02 2.543860157799056481e+02 2.536939537891230430e+02 2.548977593230240757e+02
2.631793989334111643e+02 2.634811460618311116e+02 2.603719930275556749e+02 2.640865481216302442e+02
2.501001676738753758e+02 2.509994511925035283e+02 2.493113485034926953e+02 2.509172440491150269e+02
2.493491146371179923e+02 2.499817322550247525e+02 2.487184482048830887e+02 2.500291280779835859e+02
2.633550964937398930e+02 2.638875601350164857e+02 2.606993013883478625e+02 2.638950981384991792e+02
2.656463936256870397e+02 2.654950676376454339e+02 2.630092373743497660e+02 2.667986318871857634e+02
2.549903669805431434e+02 2.557567862942602801e+02 2.535062396106458209e+02 2.550906708783535066e+02
2.563030017286735074e+02 2.561849498655996058e+02 2.553904611791692219e+02 2.563957506715491377e+02
2.672177967094207247e+02 2.671328966372189484e+02 2.654934560297123198e+02 2.676356387479719388e+02
2.570839800843432954e+02 2.568410317154427958e+02 2.569753801225480743e+02 2.576915789943483333e+02
2.552571302168607303e+02 2.555082934825276766e+02 2.539899306906497429e+02 2.560530366938294264e+02
2.522147394174251929e+02 2.515850613412855807e+02 2.505219035371197549e+02 2.517242212247989244e+02
2.554307215860154372e+02 2.560859977888809453e+02 2.549137681799880681e+02 2.560957223794404172e+02
2.494252752087908220e+02 2.500923505536235325e+02 2.482711370576062109e+02 2.498903466178725523e+02
2.944450139759730973e+02 2.940459138080081516e+02 2.924818796659400846e+02 2.949414997833421808e+02
2.497781880526877103e+02 2.510029204298121499e+02 2.488078212209522349e+02 2.515009722273161401e+02
2.507184602630781569e+02 2.508406998185667192e+02 2.497591306654378229e+02 2.511832520301537954e+02
2.534895101825302106e+02 2.542535044274873144e+02 2.523187601554329831e+02 2.538167099974159839e+02
2.487194736186499995e+02 2.484394402111825286e+02 2.467705923176852707e+02 2.488590110861895255e+02
2.583787706101476829e+02 2.580504229573639918e+02 2.565816416598896126e+02 2.589969539691603586e+02
2.527809881823663716e+02 2.529344146840738290e+02 2.507340785967138004e+02 2.537127689501003545e+02
2.797703251116017782e+02 2.801379042973995297e+02 2.762698792291174641e+02 2.795901220960756746e+02
2.512630589698226515e+02 2.519756702691354633e+02 2.502530147186076306e+02 2.515017441471261748e+02
2.583561067236892654e+02 2.598561847317432125e+02 2.567211645512821860e+02 2.601718251448485262e+02
2.538811399530204085e+02 2.538287140398052770e+02 2.519100890048840142e+02 2.538836097300543031e+02
2.472425264365431303e+02 2.472932947113091871e+02 2.462902224872670160e+02 2.478577822992105837e+02
2.663045603596706314e+02 2.678789687404414508e+02 2.631979360913953201e+02 2.675302624288090101e+02
2.532414816523240688e+02 2.529735770434566007e+02 2.527363304599936100e+02 2.531295130131001940e+02
2.568832737218164652e+02 2.574292986501257019e+02 2.560704649981180978e+02 2.576629910349035413e+02
2.483192189660318832e+02 2.485670237160495049e+02 2.471085341484687206e+02 2.488467832897043763e+02
2.577343539135828223e+02 2.583943640689354311e+02 2.574290282778180199e+02 2.581452804427165120e+02
2.491610350763767485e+02 2.492219344094399105e+02 2.482989285782215347e+02 2.496245688765110344e+02
2.774269169079140624e+02 2.782873664304358954e+02 2.747905037503337553e+02 2.776234829546639844e+02
2.643411777434590704e+02 2.650445306024291199e+02 2.624974661805936762e+02 2.650987482291554898e+02
2.736289856399514520e+02 2.719993822524522784e+02 2.702627099320454818e+02 2.726367448743249611e+02
2.732020618463280925e+02 2.734864066730465879e+02 2.699285011741936273e+02 2.735077110399277558e+02
2.568834891399521325e+02 2.576216978486687594e+02 2.562322945741637454e+02 2.576105002116045171e+02
2.528269693825676541e+02 2.528014863997967723e+02 2.515947692944765492e+02 2.538550888260476484e+02
2.477097116115300821e+02 2.485466965940427713e+02 2.472491618273340066e+02 2.480222783725086799e+02
2.568765887012441453e+02 2.565970857579353037e+02 2.556301659510894808e+02 2.569579378239033076e+02
2.691584588012768791e+02 2.698035816410067582e+02 2.666612985957323758e+02 2.694070512317883299e+02
2.654919896237394141e+02 2.651476966099731385e+02 2.630956699632687901e+02 2.654133476668313847e+02
2.648330253051815362e+02 2.645953220871323879e+02 2.631386167883098324e+02 2.644327377857723036e+02
2.836814204541242361e+02 2.831447200980476850e+02 2.805192715409561401e+02 2.826917615522119718e+02
2.585417187180532892e+02 2.589571848737874120e+02 2.567393666369551966e+02 2.586000330513249992e+02
2.551479054178800538e+02 2.558865406910337583e+02 2.551502544721332129e+02 2.560694903803059219e+02
2.548159261940571412e+02 2.552995556896987068e+02 2.548891005234267482e+02 2.556269810014347286e+02
2.676419677826226007e+02 2.673511852112194447e+02 2.646323582717021736e+02 2.678783870591276468e+02
2.524548603155867283e+02 2.531621518224368970e+02 2.521821313126786208e+02 2.533338951826094672e+02
2.533114492740704691e+02 2.532753097501949071e+02 2.528284280018967536e+02 2.535145087311803422e+02
2.628799906095273968e+02 2.629104666005029571e+02 2.616033789265706559e+02 2.636745033176234756e+02
2.528040946120013643e+02 2.535749803846181862e+02 2.516640240978774443e+02 2.531460893386714019e+02
2.532671994000208144e+02 2.528945011222136259e+02 2.518129841123668200e+02 2.532843907479007157e+02
2.541214887396490099e+02 2.539704997513993305e+02 2.537912566393518716e+02 2.540733827604604471e+02
2.892020003718004659e+02 2.905797618300570093e+02 2.876008111259279190e+02 2.897779016919092783e+02
2.610230745340518865e+02 2.610769691079387371e+02 2.594625379548139676e+02 2.620590006377963164e+02
2.838210002699317442e+02 2.858433591559409592e+02 2.826313636472567055e+02 2.833226628768793489e+02
2.576886528920159094e+02 2.578697720606552934e+02 2.557976488410074580e+02 2.583161622111505267e+02
2.583925222212703261e+02 2.598749001143927444e+02 2.569639314226286615e+02 2.589116587794459292e+02
2.571795731973313650e+02 2.572575352836486786e+02 2.569001960790345720e+02 2.572184926248148713e+02
2.698501401273933311e+02 2.700756648747171766e+02 2.682314055754295623e+02 2.707130117481049751e+02
2.937489906161080171e+02 2.939401782184598915e+02 2.924368109834355209e+02 2.940203293894157355e+02
2.801645946217544747e+02 2.798159422365589535e+02 2.779616067274230886e+02 2.808994313496737050e+02
2.684959944335530508e+02 2.686986093684830053e+02 2.648818793615936329e+02 2.700197391298853518e+02
2.528502370208617265e+02 2.527780408626781536e+02 2.520260366780922823e+02 2.530587666298312115e+02
2.590595819775193149e+02 2.593590570229115997e+02 2.578256381770964367e+02 2.596154641571415027e+02
2.529888071414859780e+02 2.534134091179615211e+02 2.522381047418286641e+02 2.534016394047246479e+02
2.565112797293209610e+02 2.568474944206337796e+02 2.562751615795728526e+02 2.575603846315153191e+02
2.573942411900110301e+02 2.576760510292699564e+02 2.552020883019010569e+02 2.570655496905203563e+02
2.589126614541232243e+02 2.591088464057853571e+02 2.576027153276352237e+02 2.599160961832359931e+02
2.938893046565814302e+02 2.935171301260181735e+02 2.927483322846791793e+02 2.930970947695941504e+02
2.565990941004586148e+02 2.558992434146157677e+02 2.552965951550277168e+02 2.560949073211173754e+02
2.692867907322841461e+02 2.703834417639071717e+02 2.680844299531020170e+02 2.699074616351932718e+02
2.529344999678225463e+02 2.532035411727443659e+02 2.523036970189567683e+02 2.538141963168857558e+02
2.888740834433542659e+02 2.895085355340207798e+02 2.864885175634771031e+02 2.882911435741442006e+02
2.553270626478492602e+02 2.559021137610921812e+02 2.552557046260563141e+02 2.567574459545282934e+02
2.529210552011933828e+02 2.531913299719154793e+02 2.518126185974441853e+02 2.529412665870258365e+02
2.594523169764649992e+02 2.587978984265111535e+02 2.574751321974393363e+02 2.598730516965439392e+02
2.658831607468749212e+02 2.669754003529708939e+02 2.643390090986898713e+02 2.664657389283311204e+02
2.603065726430032782e+02 2.611247814537016438e+02 2.584328232842575517e+02 2.606060035585422838e+02
2.943889646570509626e+02 2.933000148386560682e+02 2.917766775350033868e+02 2.931895887761733661e+02
2.572024014841566668e+02 2.579498501358185649e+02 2.557775879737562832e+02 2.577106897683896705e+02
2.554269814421945171e+02 2.554286960837571883e+02 2.546749683547139398e+02 2.563182636242921149e+02
2.623374234900109059e+02 2.619675256477645462e+02 2.600148230716474131e+02 2.627266439082118836e+02
2.578702159544425285e+02 2.575405007649551408e+02 2.568519032742084960e+02 2.581508787356071934e+02
2.580906717814446552e+02 2.582066241118724861e+02 2.566956713950095832e+02 2.579930198086735231e+02
2.602722116220801922e+02 2.610834734368241357e+02 2.593179588960782667e+02 2.608999147642685443e+02
2.930286212317794821e+02 2.930378012461563912e+02 2.922147906754134397e+02 2.951162390878106407e+02
2.660832052590404828e+02 2.668605666781170953e+02 2.642841603368564734e+02 2.670272545502733124e+02
2.660253164265899386e+02 2.659981168676917491e+02 2.623203266907418651e+02 2.654600763711912919e+02
2.797792867068224041e+02 2.801033131144857862e+02 2.767209203197566580e+02 2.796764005208681283e+02
2.494063038728039032e+02 2.496943616342766745e+02 2.483933679746916141e+02 2.495464412889561459e+02
2.655695253164637961e+02 2.662276188391179517e+02 2.646402061493910765e+02 2.661399164364553940e+02
2.611496794411917790e+02 2.607228622927055426e+02 2.589272853445709188e+02 2.619583533475907302e+02
2.693354480282093277e+02 2.688677925855074591e+02 2.670179516580931249e+02 2.702597170150399393e+02
2.576489448811080933e+02 2.577964080861295315e+02 2.570053802838247634e+02 2.581782315679243993e+02
2.576389668149045065e+02 2.578363053538741383e+02 2.560272104993993025e+02 2.578216717014243500e+02
2.577764437800888686e+02 2.586938888924310618e+02 2.574736336489452242e+02 2.590206355943029735e+02
2.947356288589767814e+02 2.948688922385778710e+02 2.924846149128993034e+02 2.938357610960190982e+02
2.895865325422761316e+02 2.900053745251217947e+02 2.871277931493546021e+02 2.883631748521287363e+02
2.761351304712325145e+02 2.767637396962086314e+02 2.739044351652084401e+02 2.764963252693397635e+02
2.594827800259560604e+02 2.591978201168674900e+02 2.577741996536532838e+02 2.591996087489462184e+02
2.586324468556786655e+02 2.592155949282560528e+02 2.562679485398514316e+02 2.588772101410899609e+02
2.622493194428091670e+02 2.633625333637007202e+02 2.610184895500987636e+02 2.636893065423622602e+02
2.505775368440399973e+02 2.512169689830678010e+02 2.497793300454066525e+02 2.507974803028696726e+02
2.500979641785735623e+02 2.500931376327007740e+02 2.488870791701681355e+02 2.504583577305906488e+02
2.526383927245946381e+02 2.528413962231028052e+02 2.519688670081608848e+02 2.528720156097894289e+02
2.599302409063367350e+02 2.603403135635520584e+02 2.571722545419772814e+02 2.596350780176620674e+02
2.769072373363612201e+02 2.783062195707984756e+02 2.745098505896274332e+02 2.786650356696185895e+02
2.904085842356113289e+02 2.913309174335348644e+02 2.883854530991928868e+02 2.912942185227626624e+02
2.474010249355835924e+02 2.476890036411591041e+02 2.462539178231295409e+02 2.483188939909495048e+02
2.669173646841611571e+02 2.663935377721728059e+02 2.654125383719974138e+02 2.662481196603790181e+02
2.630920325406900702e+02 2.635324521230616597e+02 2.600220929074924925e+02 2.623545993897389508e+02
2.888614430866778662e+02 2.901451261435490210e+02 2.880645248941910381e+02 2.900649066861120104e+02
2.524143603630601262e+02 2.525295707811397676e+02 2.523209622336150630e+02 2.531329442108383603e+02
2.581892431667016012e+02 2.591748322671823530e+02 2.578225824517314777e+02 2.582973023710832763e+02
2.561633799557387761e+02 2.554912060705883619e+02 2.545228667068009827e+02 2.567134042439954555e+02
2.668276666443489944e+02 2.670158090197746219e+02 2.644236146716730218e+02 2.678855406902130767e+02
2.581302848675826453e+02 2.583749407371425377e+02 2.568235777891861176e+02 2.582215657082949178e+02
2.615593071349763932e+02 2.623571001734152901e+02 2.596282071652156560e+02 2.621054362014894537e+02
2.714203659499449373e+02 2.731128141836330769e+02 2.697443612633583143e+02 2.728903424812100411e+02
2.505043011101149091e+02 2.505630298657664810e+02 2.482654109035616727e+02 2.510998279255228738e+02
2.656272089274445989e+02 2.658099982655979829e+02 2.629741635143508347e+02 2.659646973645939738e+02
2.516160406714937778e+02 2.516626449099601643e+02 2.514050381388176731e+02 2.520615556509628448e+02
2.565681909491300416e+02 2.580134469315547676e+02 2.547588584150739734e+02 2.571285028554178211e+02
2.498638447837911087e+02 2.509920143550325236e+02 2.484077810221695017e+02 2.501464389114040046e+02
2.572986301708149313e+02 2.572554430837327573e+02 2.556947859967447698e+02 2.578265979632980702e+02
2.515785503921399027e+02 2.521626737793439759e+02 2.514521237525313211e+02 2.525168867614811461e+02
2.575422790616273119e+02 2.579396928662325195e+02 2.552111898531587428e+02 2.579657282023622429e+02
2.746500036389253978e+02 2.761456753484669662e+02 2.726609078906370769e+02 2.759512064840938024e+02
2.506149469135663708e+02 2.511700540922786900e+02 2.491922967655671073e+02 2.503234480910763011e+02
2.545909599699101591e+02 2.555794560425246971e+02 2.537020491864898872e+02 2.557379946199810945e+02
2.477500065161039515e+02 2.489097400096246702e+02 2.476698161635336533e+02 2.481426420129857604e+02
2.686689554952208141e+02 2.682158104744735851e+02 2.659951351957375891e+02 2.675779237688442436e+02
2.490799288964914808e+02 2.498108306127221852e+02 2.483185293296577356e+02 2.497171370039654619e+02
2.524163093644496882e+02 2.522515547751485485e+02 2.508067806099080030e+02 2.530584194358251864e+02
2.568493920235723635e+02 2.573765409953430776e+02 2.559830486508112415e+02 2.576960680962872630e+02
2.501787401265050619e+02 2.507447199117699483e+02 2.490542506877006588e+02 2.509641850485841701e+02
2.932046003184343022e+02 2.941241704594939392e+02 2.927687910387537613e+02 2.933589279960834801e+02
2.550717086950994599e+02 2.558346316018088942e+02 2.545563886129304478e+02 2.556612720173980051e+02
2.526984212866022972e+02 2.527577110927281865e+02 2.521321015545784974e+02 2.530120906017922096e+02
2.594074181020245078e+02 2.598146152921805196e+02 2.589544021904310398e+02 2.618048907075005332e+02
2.675977581295474010e+02 2.666937306254747000e+02 2.636063207297579538e+02 2.694019660307105255e+02
2.669573841022024112e+02 2.666289715374749676e+02 2.652184951060968388e+02 2.670054281989799279e+02
2.686295515112109911e+02 2.693886550383478493e+02 2.673600621900524175e+02 2.694730531196867673e+02
2.594435544592031420e+02 2.600880927448466764e+02 2.584733761763458801e+02 2.604315326852209864e+02
2.632696771744501802e+02 2.636276048605861320e+02 2.622078635313820314e+02 2.642308923942678689e+02
2.555683894952724984e+02 2.555277089287985746e+02 2.544042557778260516e+02 2.565178521219924619e+02
2.544791779200949975e+02 2.544821398026507779e+02 2.532521923702599054e+02 2.544076475535370605e+02
2.567795302857792308e+02 2.578712847734833531e+02 2.552719451959856940e+02 2.587147720826311570e+02
2.576190429850438477e+02 2.578706181010676914e+02 2.564959293659266564e+02 2.577684967210603872e+02
2.523252956050426121e+02 2.528469933411190311e+02 2.521227133781071643e+02 2.529818904809891649e+02
2.548481169979011440e+02 2.554191368383066276e+02 2.539239302098896758e+02 2.554038500281922666e+02
2.492486915832534180e+02 2.497734913442793356e+02 2.487517540638601190e+02 2.496574488501900646e+02
2.487344948924584571e+02 2.493801053794644815e+02 2.473751197878127925e+02 2.495004018331276825e+02
2.501215849513354215e+02 2.504991731127781520e+02 2.487413364471752288e+02 2.511327753403976146e+02
2.887485235082161239e+02 2.897958787768198476e+02 2.850128078886893945e+02 2.880319710094227617e+02
2.679868994460777003e+02 2.685663149125612108e+02 2.660420434725946279e+02 2.689591461295765384e+02
2.552305822527784471e+02 2.555406443329787862e+02 2.540008500384223851e+02 2.564417765514531879e+02
2.931666435765951064e+02 2.937594465927935516e+02 2.914995503471422467e+02 2.919488595956427162e+02
2.485273249234749073e+02 2.483995761415260972e+02 2.469532418264754483e+02 2.488837646047305157e+02
2.569551282889141817e+02 2.572752093700460705e+02 2.562475809097664978e+02 2.576757432141336039e+02
2.574291528282709578e+02 2.579975646659234485e+02 2.562323047258612405e+02 2.576806187070596366e+02
2.759185060797502160e+02 2.760868023653721934e+02 2.743801836821240272e+02 2.775787824050407266e+02
2.909322083649674369e+02 2.909797695228067482e+02 2.891554594027218172e+02 2.899303991436925685e+02
2.556700675267931047e+02 2.559068514869748014e+02 2.546501942752482250e+02 2.557379715383363816e+02
2.608721803591892012e+02 2.608203860201846851e+02 2.597493104381579201e+02 2.609409145454682744e+02
2.523029654113397271e+02 2.526312605528698896e+02 2.516548973593971539e+02 2.531967549973476821e+02
2.604157607741682909e+02 2.610331193656193136e+02 2.591696458558693621e+02 2.609695418580689079e+02
2.879877646362648420e+02 2.875394420445126116e+02 2.849240848401586277e+02 2.867511497560502676e+02
2.909463893446332463e+02 2.912359449610922297e+02 2.886901319597845372e+02 2.918075330876858402e+02
2.565711674480012903e+02 2.576306842726579021e+02 2.557074975336422256e+02 2.574828621185432667e+02
2.554787844260410736e+02 2.564104249377381279e+02 2.551159365651120368e+02 2.563802719921869766e+02
2.926685851498233433e+02 2.925951678889023242e+02 2.903903242034891719e+02 2.925368023766258716e+02
2.534963781445988218e+02 2.541061231636402624e+02 2.531303864699872292e+02 2.542226882292226264e+02
2.471460778426314846e+02 2.468162776998165953e+02 2.458724778839305714e+02 2.477683654048625215e+02
2.510882283713888796e+02 2.513447689122920110e+02 2.497204589685959775e+02 2.514570978389335778e+02
2.719901847932271153e+02 2.718790356315449230e+02 2.695700902287703684e+02 2.731603671443240273e+02
2.802312832667063276e+02 2.810797877351316174e+02 2.786020353673737304e+02 2.799836423310837858e+02
2.504350247690056506e+02 2.504830503975818203e+02 2.492201809589906247e+02 2.508924744281819983e+02
2.630523932223287602e+02 2.635443102702364513e+02 2.607363683042856906e+02 2.652733617419594339e+02
2.804507775300276649e+02 2.807904512108064523e+02 2.775743456096115551e+02 2.812537840820963311e+02
2.513924898379711692e+02 2.521857956605225866e+02 2.509112177504601107e+02 2.522423201698062769e+02
2.502997379431073171e+02 2.509642370011957837e+02 2.491975725063982452e+02 2.507388267713847370e+02
2.508082101101415162e+02 2.505888294523631430e+02 2.494131919333954670e+02 2.509437419376705236e+02
2.576875289645845442e+02 2.583505185349648627e+02 2.570269103136550939e+02 2.589812902739017773e+02
2.564579476836995013e+02 2.570753493245714481e+02 2.549847012583230992e+02 2.571143943334004121e+02
2.550055697304403850e+02 2.548101207531217653e+02 2.540110363736319528e+02 2.556453719849569666e+02
2.523414256923177845e+02 2.520450717088238264e+02 2.516275581974842055e+02 2.527742174143138527e+02
2.532508380640035455e+02 2.533698476087293727e+02 2.522771088318129671e+02 2.546448704834803891e+02
2.711895669864019283e+02 2.712804612672330222e+02 2.676703877742808118e+02 2.714938407208952640e+02
2.542129397084195261e+02 2.550613012932173547e+02 2.540272153803431650e+02 2.551384188252013985e+02
2.585848365916048692e+02 2.583541980698551583e+02 2.584507777283248515e+02 2.588358770060281699e+02
2.672331558292906379e+02 2.669026639185747172e+02 2.644576424740186553e+02 2.682036148741769921e+02
2.489860412540119228e+02 2.490088217734858631e+02 2.473767034604251194e+02 2.493667398890210336e+02
2.503927887016266425e+02 2.501148778841763374e+02 2.488226102828991486e+02 2.511472512705324220e+02
2.963781526645477129e+02 2.967016354051579015e+02 2.943413942015097859e+02 2.965900148074180152e+02
2.583470213191608309e+02 2.587749446672034424e+02 2.561030784521626060e+02 2.587787453296757576e+02
2.626508895335602460e+02 2.624029172985521541e+02 2.607084120847699751e+02 2.631592413738317191e+02
2.761530024293923589e+02 2.770409606739971764e+02 2.743511195776804357e+02 2.762831768874497129e+02
2.551043247370909057e+02 2.552550257055205520e+02 2.543119475015137709e+02 2.551332718055835471e+02
2.516898294904512738e+02 2.517588414259241461e+02 2.504419625685656570e+02 2.527302581194243771e+02
2.521232151307958702e+02 2.528324874488512535e+02 2.512523760415613765e+02 2.534029186830897800e+02
2.502382911623608379e+02 2.512469388749982784e+02 2.495133218420878620e+02 2.511131724216310772e+02
2.573836759349380827e+02 2.578598295691172098e+02 2.562701272635021041e+02 2.585396800048409318e+02
2.543679999740021174e+02 2.547138343199896724e+02 2.534059329273586627e+02 2.545744984857822146e+02
2.533509580335576459e+02 2.531485632402144574e+02 2.523995753041881756e+02 2.542146810085650941e+02
2.607774267470270502e+02 2.611854420496542275e+02 2.593722701964692305e+02 2.611549286334117710e+02
2.525671654068342775e+02 2.522935506570401571e+02 2.500997258331397006e+02 2.523948210377469650e+02
2.481298475978408078e+02 2.477753290612195940e+02 2.467985673274857277e+02 2.486082518872084108e+02
2.735315028884660933e+02 2.739051329430415649e+02 2.704837956273868258e+02 2.730716190689396399e+02
2.547635666962243590e+02 2.555596467002816325e+02 2.526734532285274497e+02 2.552858924231987885e+02
2.507380816036906879e+02 2.515963517014396018e+02 2.501873370505433058e+02 2.515395791104222951e+02
2.545842144230012423e+02 2.553776387698373185e+02 2.540045742191026079e+02 2.556163380037432091e+02
2.541946739278090490e+02 2.549895902903087972e+02 2.538334689109235001e+02 2.550679319900958433e+02
2.556598208210378118e+02 2.556661494402698622e+02 2.540143014059495670e+02 2.556310987950134290e+02
2.785981613732421920e+02 2.804596903208449135e+02 2.760943483035700297e+02 2.793897764482809976e+02
2.829311667541385873e+02 2.836751683831340074e+02 2.807067472196996505e+02 2.835415204541882304e+02
2.757838780649449291e+02 2.779007613207987788e+02 2.736044913515044072e+02 2.766612747773345973e+02
2.659790977887250278e+02 2.664202061595036071e+02 2.642992679925907851e+02 2.673613055310420350e+02
2.568500728601059109e+02 2.573632924932279025e+02 2.554051900201436354e+02 2.575128339378712212e+02
2.658706844095932524e+02 2.663228251396652126e+02 2.640196347236192764e+02 2.656877944521393715e+02
2.864943641967358303e+02 2.853914292789794445e+02 2.827650396725804853e+02 2.849892828980900958e+02
2.910819694106734801e+02 2.901007820846851359e+02 2.884417306689564384e+02 2.908099448596750563e+02
2.501420167853136718e+02 2.500324857162420358e+02 2.488498027200538445e+02 2.505591503940036944e+02
2.635817069364110807e+02 2.635335575119871123e+02 2.624549783305386654e+02 2.641089165334352629e+02
2.537170899054253823e+02 2.538731470026772001e+02 2.528557726454051817e+02 2.541793030537314451e+02
2.554031691176928405e+02 2.562880923677679448e+02 2.548665265505775892e+02 2.564995209122741926e+02
2.526464695070183097e+02 2.525685597608369335e+02 2.520882322072997113e+02 2.535825070126978744e+02
