2.503916149264376827e+02 2.503229387437187370e+02 2.497536505766419168e+02 2.508829332136454013e+02
2.640236552092749776e+02 2.643166986393661091e+02 2.624535980135609066e+02 2.643251996021330115e+02
2.604606451897279271e+02 2.603112013184774582e+02 2.586988091043940017e+02 2.602684848002969034e+02
2.487880346555364497e+02 2.489761885076453041e+02 2.481943730221424858e+02 2.488652148168367546e+02
2.581761321540565746e+02 2.586506438727156478e+02 2.571753907546494702e+02 2.593299221029143382e+02
2.525808153921207690e+02 2.527881753607760800e+02 2.518855006821002007e+02 2.533862130990074775e+02
2.511999096692475177e+02 2.517561109701297539e+02 2.516194232552946346e+02 2.519932604260389724e+02
2.495211434447415684e+02 2.495473953420648456e+02 2.487288443136752960e+02 2.498378334957299103e+02
2.590726932351421965e+02 2.595218508055697839e+02 2.580841923646840996e+02 2.595920475559084366e+02
2.481455369666365414e+02 2.489700121269857220e+02 2.477979682458945092e+02 2.491649039688978178e+02
2.539714906405750696e+02 2.541414824149028675e+02 2.534037289352365860e+02 2.539753804379689370e+02
2.827614855336998403e+02 2.824415578270828746e+02 2.792505560138998248e+02 2.834110301883046077e+02
2.564443216906705629e+02 2.567675116516929847e+02 2.557133240102650404e+02 2.572251002414062100e+02
2.642434134081884736e+02 2.642216032341535765e+02 2.622166869029337590e+02 2.652424772942314348e+02
2.685869983259231617e+02 2.693728325161610542e+02 2.673368179170096255e+02 2.697135332490972246e+02
2.563126310261468461e+02 2.564216283016720581e+02 2.551574802465706000e+02 2.570941795640295027e+02
2.802302024132924316e+02 2.809910340561303315e+02 2.774200602693434803e+02 2.805729785344398692e+02
2.519671446715779268e+02 2.522455501102498090e+02 2.509620713622968253e+02 2.522942686627183946e+02
2.619164017156440991e+02 2.625181013219451529e+02 2.604983499065447177e+02 2.630714968549796708e+02
2.866925746819906067e+02 2.867275519296240986e+02 2.846406751512158735e+02 2.867109301004928739e+02
2.514838590859222620e+02 2.517446847493110909e+02 2.514048960085728481e+02 2.514916137265178122e+02
2.930162471030554343e+02 2.928211812078254184e+02 2.919498523093013773e+02 2.920743399718009528e+02
2.476049497773293240e+02 2.479364705102875917e+02 2.474501397959087114e+02 2.483250217074841260e+02
2.550698778346091729e+02 2.550218373918449970e+02 2.543285958477612496e+02 2.559544961335089965e+02
2.852603485051460552e+02 2.850609462962872271e+02 2.826056053226035374e+02 2.842605062237811921e+02
2.533917228075065964e+02 2.530399135930431953e+02 2.525501805442026182e+02 2.537026633316574760e+02
2.523682235192388532e+02 2.525673180950792869e+02 2.527043319809730519e+02 2.528093024623526901e+02
2.585564844827965771e+02 2.596499959057901492e+02 2.573053835096502553e+02 2.598536623687922429e+02
2.605286230765950108e+02 2.610235561874679320e+02 2.585399119036772504e+02 2.607389855779738355e+02
2.907729289356264530e+02 2.924765337264431082e+02 2.893688556070277400e+02 2.923598228690209453e+02
2.511755457583445548e+02 2.510197597579046089e+02 2.502592723974638034e+02 2.516446839909978337e+02
2.547801931368985606e+02 2.551304947737996542e+02 2.544554895680229549e+02 2.553963998528263062e+02
2.870695942367470366e+02 2.869502791990955188e+02 2.851043445075564478e+02 2.865921006029080900e+02
2.572804032006634998e+02 2.576652115932890297e+02 2.555158388479988503e+02 2.578895876349037621e+02
2.461349091539709093e+02 2.464016139213140093e+02 2.458004868912406664e+02 2.467214887188307273e+02
2.935946823313401524e+02 2.928059968641579189e+02 2.908363990251613131e+02 2.924367456870529622e+02
2.560980011490991615e+02 2.560645460585340629e+02 2.540229861400328275e+02 2.565136621443298282e+02
2.506044525040001929e+02 2.509218821733784637e+02 2.507571415442833711e+02 2.510591434515789047e+02
2.522925009880802065e+02 2.523157793381479621e+02 2.516209023460108369e+02 2.526228833682100685e+02
2.758582594959343055e+02 2.766109944353624996e+02 2.724868241698842439e+02 2.754033545413154229e+02
2.504121937807771872e+02 2.500473556246007831e+02 2.498493414288014662e+02 2.506381545083418132e+02
2.493170720222471743e+02 2.490398643149933662e+02 2.481124748804984108e+02 2.496453812341977141e+02
2.492843346424290303e+02 2.498477720742879455e+02 2.488988274167113275e+02 2.501501601624800344e+02
2.519915915858296103e+02 2.518629469968155945e+02 2.517680181728325977e+02 2.519805698423565161e+02
2.686729212105898341e+02 2.679542145968898694e+02 2.663233943080021504e+02 2.683628935037021392e+02
2.564406712955300236e+02 2.565315365756766823e+02 2.552855977056313463e+02 2.565621558012560399e+02
2.589322663230248054e+02 2.589338714847103233e+02 2.567774384509650645e+02 2.594744798861494246e+02
2.516861533855652340e+02 2.522396639391658368e+02 2.519406507682898848e+02 2.525035657185005391e+02
2.513009027067694490e+02 2.512978741066150121e+02 2.513294302750500719e+02 2.515705910968555656e+02
2.838298534754355273e+02 2.850747907830836425e+02 2.831152464778506328e+02 2.854663486768845928e+02
2.570563100515669248e+02 2.572391960383914693e+02 2.561139417490135202e+02 2.571895414019217014e+02
2.527873859426759395e+02 2.525698423878673680e+02 2.528433406337917972e+02 2.526683012630394671e+02
2.487104827234967104e+02 2.487501343363217927e+02 2.480695901267907288e+02 2.491809384474630065e+02
2.495402349571800187e+02 2.494599049076778101e+02 2.486853995128995507e+02 2.493863810485886177e+02
2.572698084626395598e+02 2.575666846221061519e+02 2.564500833364556343e+02 2.580307909826890409e+02
2.548335602800696620e+02 2.547303523134933698e+02 2.543385257491149218e+02 2.548018539290555395e+02
2.599084888259149579e+02 2.605434566912454102e+02 2.576219391598428956e+02 2.606539058706310357e+02
2.479778595716232985e+02 2.478701617900872520e+02 2.475028623349881229e+02 2.483180035051323955e+02
2.529908351620198914e+02 2.535493677876067693e+02 2.517442119023353371e+02 2.543576787701862258e+02
2.675850113063569324e+02 2.678670462788850273e+02 2.654105371375921436e+02 2.682278937642001324e+02
2.545655022274267765e+02 2.548248810792523500e+02 2.536038117658231954e+02 2.558180579160041646e+02
2.529575924988726001e+02 2.538125273568754778e+02 2.534784814000645952e+02 2.530700047278760110e+02
2.563181987829850073e+02 2.568319522398397226e+02 2.553665335376650205e+02 2.567898459474850483e+02
2.472255174812022176e+02 2.473776947943844675e+02 2.466675116883857868e+02 2.481459367959949986e+02
2.701105306763428757e+02 2.701918927722172725e+02 2.677405993240132602e+02 2.700121176891832988e+02
2.578432066072223847e+02 2.573749312598627057e+02 2.561555090625786875e+02 2.577405245483814724e+02
2.549712986875670424e+02 2.549411076811455246e+02 2.550316828304988235e+02 2.554957605962345895e+02
2.765651650434120938e+02 2.760314840977142694e+02 2.743398355045412131e+02 2.759617158373754933e+02
2.501375883248548462e+02 2.507674767848397721e+02 2.494930033510199507e+02 2.508745075155981112e+02
2.846307605833304137e+02 2.861155360850240186e+02 2.833126958562431810e+02 2.863868554174544556e+02
2.524420755486902692e+02 2.523621297762274196e+02 2.513953146493850284e+02 2.526503211471555517e+02
2.540126678355230467e+02 2.540895431808659737e+02 2.529916357871525463e+02 2.547108391781762577e+02
2.494561320183063629e+02 2.498204192505488095e+02 2.497643913030141505e+02 2.498054587356727438e+02
2.628728870037830347e+02 2.639559526792243105e+02 2.607692989533096011e+02 2.636421583573638259e+02
2.561889976474037098e+02 2.569074191054215817e+02 2.549591854694616302e+02 2.571165042589419159e+02
2.783345252022638761e+02 2.789234177672543069e+02 2.771610063630763534e+02 2.782279085885743370e+02
2.608712265638915255e+02 2.608551580205629534e+02 2.589784861438509438e+02 2.611659360678871735e+02
2.510028265719536478e+02 2.512275333245299862e+02 2.505904654148125985e+02 2.512400635375090872e+02
2.706366361160195311e+02 2.711951731392330771e+02 2.677469297439646425e+02 2.709788776115184419e+02
2.863431772827678969e+02 2.865441425516893901e+02 2.838887536332664467e+02 2.859741517485753093e+02
2.600833420250366999e+02 2.608928896767628203e+02 2.586541404978913192e+02 2.603831380690634205e+02
2.804016127474147879e+02 2.814877999313176247e+02 2.785731018618893700e+02 2.814499341806202324e+02
2.502951244985021049e+02 2.498877786796386147e+02 2.496942449295171400e+02 2.506516679268673329e+02
2.505667430748168272e+02 2.508270095960564561e+02 2.503883215754351568e+02 2.511071735424607425e+02
2.545250424745387363e+02 2.547158409090120870e+02 2.538400758101666668e+02 2.556933472883106333e+02
2.913348919573624585e+02 2.909381168136333713e+02 2.882105104270190168e+02 2.897306879427778199e+02
2.914022298076631614e+02 2.909326914534817092e+02 2.881726167348011813e+02 2.914233078209801420e+02
2.502402497426946013e+02 2.506680751254307893e+02 2.499305637167717578e+02 2.508726546687237828e+02
2.535735788305461540e+02 2.539154180501792553e+02 2.525849222351389187e+02 2.545687087758169582e+02
2.519800284104206014e+02 2.515435870572558485e+02 2.511835269304609142e+02 2.518932695626844236e+02
2.559398986916755518e+02 2.559046706875042219e+02 2.553981511015625756e+02 2.567042577562310157e+02
2.564336189284138072e+02 2.562237006031431292e+02 2.547799285030349097e+02 2.572689638929850275e+02
2.583858572891054450e+02 2.592661074759162148e+02 2.566033340291446621e+02 2.589251923268332121e+02
2.546570448296770053e+02 2.546449678499834590e+02 2.536169969730556488e+02 2.552401691916053608e+02
2.524337827877137386e+02 2.521916468842913162e+02 2.513694776248100311e+02 2.529500484748921849e+02
2.543107797789308222e+02 2.540572443190777392e+02 2.539796030503677002e+02 2.546716735642059177e+02
2.867944619528222461e+02 2.873496404540537696e+02 2.839720667383530781e+02 2.871036899180065802e+02
2.671137782911742988e+02 2.670601485181130101e+02 2.645305352602799758e+02 2.673531816091423821e+02
2.522265531001864360e+02 2.525683043665988237e+02 2.515430250342530201e+02 2.521938995992287573e+02
2.539170355194676745e+02 2.539976365366757136e+02 2.531384935588260134e+02 2.543690389356841024e+02
2.494503205540990507e+02 2.496883487166200553e+02 2.489086870968611436e+02 2.496992543124566737e+02
2.632044927030101462e+02 2.632792799025723980e+02 2.610299069473513214e+02 2.634068483793471387e+02
2.647287084502347057e+02 2.646752068367414950e+02 2.626456876308155870e+02 2.655368101557349974e+02
2.686306606635550907e+02 2.691000450574020419e+02 2.666370743978831115e+02 2.690705901053471507e+02
2.483176817717426843e+02 2.485971055989230365e+02 2.475294113880973157e+02 2.485263242189481616e+02
2.517841223120132383e+02 2.529108647352315415e+02 2.518408975668517655e+02 2.527753333096582367e+02
2.480095293238187537e+02 2.480179594354891606e+02 2.477066165644973808e+02 2.486658947149037147e+02
2.634476876370355285e+02 2.636987952209244668e+02 2.610979369042925669e+02 2.636185154899291661e+02
2.510464148835804110e+02 2.514700167519087017e+02 2.512185619003109309e+02 2.516262844086933228e+02
2.730499275797465657e+02 2.726992603634031411e+02 2.716326590989427814e+02 2.730352691239556862e+02
2.687405389177254733e+02 2.686049324933608773e+02 2.666920971470840982e+02 2.685514226906706767e+02
2.568720892223363990e+02 2.572647943185940562e+02 2.551653980865457925e+02 2.575747394118150169e+02
2.752090302175183751e+02 2.759825735677799230e+02 2.726959232117747547e+02 2.756856363535653145e+02
2.743675189309884672e+02 2.749686834017946921e+02 2.722906106260486467e+02 2.730911953736343776e+02
2.622377781491052815e+02 2.626241009100859856e+02 2.601665553151973427e+02 2.636751059599362179e+02
2.527223573480380310e+02 2.522047839199620682e+02 2.520864446590687464e+02 2.534329122950896931e+02
2.657511446320553432e+02 2.660245879863767868e+02 2.629839397249618855e+02 2.662669604228154867e+02
2.513597181457026295e+02 2.510823729349070845e+02 2.503839084125642955e+02 2.513756024730515435e+02
2.538818273701703276e+02 2.539401176515897589e+02 2.534021700979255627e+02 2.539413259224631361e+02
2.534605114891421636e+02 2.533642965211558931e+02 2.532589723804005075e+02 2.535801073045643648e+02
2.560603581274257863e+02 2.563968199067366527e+02 2.549354941617467603e+02 2.573639120321639666e+02
2.626891993170322053e+02 2.633726029879940711e+02 2.622069900440251331e+02 2.641688031398909970e+02
2.520440100337579565e+02 2.517644220237209538e+02 2.515026540526906444e+02 2.525208277728903852e+02
2.525449241227735229e+02 2.522038420991821965e+02 2.516299170950871655e+02 2.528485081945345314e+02
2.723524091293538731e+02 2.733307042277085657e+02 2.690474062253654779e+02 2.732103041333736542e+02
2.511590810951881281e+02 2.506827557331662604e+02 2.507857565850153208e+02 2.514093855929399410e+02
2.539897230978120888e+02 2.541802082271932477e+02 2.528102354034718076e+02 2.548914497298380013e+02
2.927620152826877415e+02 2.933076792734005380e+02 2.928316950633859506e+02 2.923989488018991096e+02
2.581199919819991919e+02 2.583971152502605833e+02 2.566632659012346949e+02 2.585086754976377392e+02
2.545388442495151651e+02 2.551140629484596047e+02 2.527718729125082859e+02 2.550915464730630617e+02
2.562876594197450686e+02 2.578848315325732301e+02 2.553246828068000696e+02 2.584336841440527337e+02
2.499985746521832368e+02 2.497071812908813797e+02 2.493646513604166728e+02 2.497374551885687879e+02
2.647330332942293012e+02 2.647679377304954187e+02 2.630223580920593349e+02 2.652115607790644276e+02
2.598229923391036209e+02 2.604088218807235648e+02 2.575887200175196767e+02 2.617480051045382652e+02
2.551029903382253110e+02 2.555899197935223413e+02 2.540631692720503736e+02 2.556357675894700776e+02
2.506477270362703393e+02 2.511386093948388520e+02 2.499895659210495182e+02 2.509853364869914571e+02
2.540920534014982479e+02 2.543474895831375306e+02 2.530774557212449452e+02 2.546279997473461663e+02
2.559414555927265837e+02 2.555515849146783864e+02 2.546241636681005502e+02 2.566508590869948989e+02
2.568305377656276391e+02 2.577181934027499892e+02 2.556333151067358642e+02 2.578852991784997357e+02
2.522082645885998318e+02 2.528789378412081419e+02 2.501881999472444704e+02 2.532662859120039514e+02
2.772554966741648741e+02 2.784137441799825865e+02 2.757065380445963569e+02 2.777054541455826779e+02
2.614274144594439804e+02 2.617853292289009914e+02 2.597658850861714654e+02 2.623333426947551175e+02
2.501695717684694671e+02 2.504580934086486650e+02 2.496678780135610793e+02 2.513080132149214876e+02
2.872640122676600072e+02 2.872409660928076391e+02 2.859797780816096520e+02 2.862588628995202384e+02
2.514743427859925475e+02 2.513716258753312331e+02 2.511350642344999073e+02 2.511651619301655671e+02
2.669954184015180658e+02 2.686160050813033422e+02 2.656328525125962301e+02 2.686188637497259606e+02
2.885669925104547815e+02 2.887698336092309432e+02 2.865671058918914014e+02 2.896422539803987775e+02
2.530099831336754050e+02 2.532409781168228164e+02 2.523863784109609014e+02 2.535135385753966375e+02
2.532759180635109431e+02 2.530980417681830090e+02 2.529980018249160594e+02 2.535549696098046581e+02
2.593359817632302224e+02 2.588751598556838189e+02 2.582542561184511669e+02 2.595619409449126351e+02
2.499716562841408916e+02 2.497973019441897122e+02 2.496292546946359607e+02 2.502238818530044568e+02
2.701245430668387826e+02 2.716785201169403763e+02 2.681775688750177551e+02 2.724461450278897132e+02
2.747358254429341855e+02 2.754593323776161924e+02 2.729240480418106358e+02 2.760061551879292097e+02
2.542775710883906584e+02 2.546534937208328699e+02 2.536228687205254460e+02 2.552782358947879970e+02
2.855667315541719518e+02 2.855350563540169446e+02 2.829976948934206007e+02 2.856098962619837494e+02
2.656577917368985595e+02 2.657248551898332494e+02 2.635762789161066166e+02 2.666674028674000283e+02
2.562687471874045855e+02 2.565311410485671217e+02 2.547873529676014357e+02 2.569948211110469174e+02
2.501965472250457765e+02 2.504723351401016487e+02 2.499773477112510705e+02 2.505959651040917606e+02
2.519129895404674926e+02 2.521886585666660494e+02 2.514101434778740440e+02 2.521796601923611547e+02
2.508473706047517453e+02 2.508188745907509940e+02 2.506163819367526742e+02 2.514216508537334107e+02
2.573569220395118009e+02 2.574173867229330881e+02 2.551047818587262839e+02 2.573855496455660159e+02
2.528935745544584961e+02 2.531343282197329643e+02 2.524309338491595440e+02 2.532636887881806729e+02
2.498888803640310243e+02 2.502087388141692941e+02 2.495272970022046195e+02 2.502017124832179036e+02
2.536524797619715628e+02 2.539865765226673773e+02 2.531545900261794770e+02 2.538693015747077197e+02
2.592874167159240528e+02 2.587590109042462245e+02 2.570763788943692703e+02 2.594232796116978079e+02
2.944755487409827310e+02 2.962606749258445120e+02 2.932887088464211729e+02 2.939550391139778185e+02
2.812054288348928139e+02 2.815390180064359242e+02 2.791918031284428707e+02 2.813438649120517994e+02
2.616750989312115507e+02 2.620774565831871996e+02 2.598841763471389754e+02 2.625325373964314508e+02
2.798056866934643381e+02 2.801836834913441407e+02 2.783276779372005763e+02 2.809190094463743890e+02
2.574070861368775809e+02 2.580595456035475195e+02 2.567372115756209610e+02 2.583874429009704841e+02
2.581132455091450311e+02 2.580879357156835567e+02 2.569023850220468148e+02 2.583598213444775524e+02
2.589409903599354834e+02 2.593571487232590584e+02 2.577407740484731562e+02 2.596067320811584409e+02
2.522359065719351179e+02 2.525413581339693110e+02 2.523751977013488670e+02 2.527646594280996908e+02
2.580810441592248594e+02 2.580736700920924136e+02 2.574991425562895984e+02 2.590418752534516216e+02
2.817304585693943295e+02 2.826492533549964037e+02 2.793680469547047664e+02 2.831697681748879063e+02
2.536969624397652012e+02 2.535853504866021240e+02 2.531296388724342421e+02 2.538406974928260524e+02
2.493287580697821113e+02 2.495276409225829468e+02 2.492894218468500469e+02 2.496817867827222415e+02
2.520175714550155988e+02 2.517655231269182821e+02 2.512889433329020221e+02 2.528359484603997203e+02
2.728514942294759749e+02 2.735316769566685480e+02 2.706040359114273883e+02 2.729737362074609450e+02
2.493750742573112973e+02 2.491146903018550631e+02 2.486399780408817151e+02 2.492079524116841469e+02
2.518131038463616562e+02 2.520542802038494017e+02 2.511630720992591250e+02 2.521140068999603443e+02
2.498926994182567398e+02 2.495384582028231364e+02 2.493308341493202818e+02 2.496697818012548851e+02
2.512200237117875758e+02 2.518554174306095490e+02 2.516112564876691522e+02 2.520292858167167367e+02
2.610405846003982333e+02 2.613529439232781328e+02 2.591938988962116355e+02 2.617687883314551414e+02
2.513866210037979272e+02 2.517375045456165594e+02 2.507286186062267461e+02 2.520185734376013329e+02
2.555721535495433443e+02 2.561967390965596678e+02 2.556234169316461760e+02 2.561280974960266121e+02
2.516177576087356726e+02 2.518448415448640674e+02 2.517946999830118386e+02 2.516452303576294014e+02
2.625407927100488337e+02 2.629669311091237773e+02 2.614693712446321001e+02 2.634684769493514978e+02
2.480808897035549876e+02 2.483308645722184451e+02 2.482551183633602818e+02 2.485200659800202061e+02
2.549648648044329491e+02 2.552922234045575181e+02 2.543390304103681387e+02 2.556213404476181381e+02
2.707684222952422601e+02 2.704702486293609809e+02 2.675006231635418885e+02 2.712726528458244388e+02
2.547407140066221700e+02 2.549782397499723743e+02 2.540944002270667568e+02 2.547521586538859992e+02
2.838310364462089410e+02 2.844874965400749716e+02 2.818836016601597407e+02 2.843930693531657425e+02
2.526059578965677304e+02 2.525081960132465326e+02 2.511512597796450166e+02 2.531625636121684977e+02
2.519640588131194079e+02 2.522300648083671888e+02 2.512673639756167177e+02 2.524367853200816967e+02
2.503060486527515422e+02 2.504034514147635377e+02 2.493423190123850475e+02 2.510889957619711765e+02
2.511517998115249100e+02 2.509873410761159107e+02 2.505252030038362534e+02 2.514327383695247704e+02
2.555527183461477136e+02 2.560394344852768427e+02 2.543661905958902310e+02 2.561722058087675578e+02
2.499081104290727069e+02 2.498329985840292409e+02 2.488742063677423459e+02 2.506523726090755702e+02
2.520900975285217100e+02 2.517418002909276993e+02 2.514000044175134292e+02 2.523535641157090481e+02
2.656100055546123144e+02 2.660397963316302707e+02 2.640670841827824233e+02 2.666572794054964675e+02
2.964497070894062745e+02 2.967038588069282810e+02 2.955889148630395766e+02 2.961170695342888166e+02
2.662505733253847779e+02 2.664222572128379625e+02 2.637030204198237584e+02 2.666501573256118149e+02
2.572298148497158650e+02 2.572984572714747173e+02 2.561465136409567549e+02 2.574886963912247779e+02
2.522364870230609313e+02 2.521989100073841144e+02 2.518480262826566900e+02 2.526556320665231397e+02
2.535339573842828429e+02 2.532242141260314270e+02 2.525495528657211821e+02 2.533595523803325023e+02
2.534173125211902970e+02 2.537877695402642928e+02 2.522165630935015201e+02 2.539693905016200972e+02
2.521587720673150841e+02 2.521217980817429805e+02 2.518543830584574437e+02 2.522085152721740826e+02
2.563708859428173810e+02 2.565968080472252950e+02 2.553893037579040879e+02 2.567928923631917542e+02
2.539249062403672497e+02 2.541312864467361976e+02 2.530554665894543689e+02 2.542060066455933054e+02
2.515254294551814951e+02 2.517970485228769633e+02 2.515834467889078496e+02 2.520019050329904360e+02
2.566351433836543947e+02 2.563354717489393693e+02 2.561828138720055676e+02 2.570381743557808818e+02
2.498986440742405364e+02 2.500729394702377419e+02 2.491842113521097701e+02 2.506433739507198766e+02
2.714075134253897659e+02 2.721793656092818878e+02 2.695086885656884306e+02 2.717166738887568158e+02
2.529580036280711113e+02 2.532388491671107431e+02 2.520872285229745842e+02 2.533264731234969531e+02
2.970214322457740082e+02 2.984435076695972384e+02 2.970346784982565964e+02 2.965992752795277170e+02
2.499474645752298727e+02 2.497854350886737791e+02 2.500730221912192235e+02 2.505107525401925272e+02
2.495299903522935381e+02 2.500604237584846032e+02 2.494070729333733141e+02 2.503884243802459082e+02
2.535118064187673212e+02 2.534532644074883194e+02 2.534090700967641112e+02 2.534729937040072798e+02
2.544807674085287204e+02 2.546154218216293543e+02 2.538577285240707795e+02 2.551665033862669532e+02
2.555556438768237513e+02 2.549564583829187256e+02 2.529457220240005029e+02 2.550041327022755695e+02
2.518356666598188838e+02 2.519217084085491933e+02 2.520161972475243317e+02 2.518321766461249069e+02
2.518577676731430586e+02 2.519212390404976531e+02 2.515500263591100065e+02 2.524311839250473781e+02
2.923336953702878418e+02 2.926792174935341677e+02 2.910346177795217386e+02 2.932196319557310176e+02
2.699231663671340016e+02 2.707341585769847825e+02 2.677983456070631405e+02 2.711149367757067239e+02
2.475020254053099507e+02 2.474029441829904670e+02 2.469227899597839837e+02 2.479624979012109520e+02
2.550210941029978073e+02 2.549335475295079334e+02 2.542115321586369419e+02 2.554341301369880739e+02
2.782929196813864792e+02 2.791769331141073280e+02 2.753928218111469164e+02 2.789573741882669538e+02
2.492097608988379989e+02 2.492175036743940382e+02 2.487779869056435871e+02 2.492727887857253677e+02
2.548351448169532318e+02 2.546383700801123666e+02 2.532854903290455582e+02 2.546954231838708438e+02
2.536502990545517378e+02 2.535482125380256662e+02 2.529957703194723138e+02 2.536904155173245385e+02
2.550221100098220006e+02 2.551553047503844027e+02 2.536492228680062908e+02 2.560340678347549215e+02
2.568509036775524805e+02 2.570626743793478113e+02 2.558561470778207081e+02 2.576125171994187326e+02
2.583878969447004010e+02 2.584629781065011684e+02 2.570021307326670694e+02 2.591410755574393647e+02
2.546244041787305434e+02 2.550196759638604362e+02 2.538462272121694809e+02 2.557719752606405450e+02
2.514882972891375346e+02 2.513521827820624424e+02 2.506960213445865975e+02 2.516578225696837592e+02
2.481146792956220963e+02 2.488736839367730624e+02 2.476135497245301167e+02 2.489408991995397002e+02
2.489823951354324549e+02 2.491029438853076954e+02 2.484730891167441769e+02 2.491782964810281840e+02
2.559062760281979365e+02 2.557986284350616017e+02 2.538621669788709028e+02 2.564732897170081287e+02
2.485323000260412130e+02 2.484571025337659762e+02 2.481221483505899528e+02 2.487531920230872515e+02
2.613984002004154945e+02 2.619852806126859264e+02 2.600229983041292030e+02 2.626173130687353705e+02
2.845973428132585354e+02 2.830559546764433207e+02 2.801913234738592564e+02 2.837844513150140529e+02
2.518864267504094698e+02 2.522177450327315853e+02 2.513088100167131245e+02 2.528016051947197695e+02
2.498615403591783490e+02 2.504941107274415515e+02 2.494057273053511494e+02 2.509772756568600300e+02
2.487474907802782411e+02 2.491370056629448868e+02 2.483573409967331429e+02 2.494759003718511678e+02
2.561793451654594946e+02 2.562126404014131253e+02 2.551577166788134150e+02 2.565620417822049149e+02
2.535415265877268212e+02 2.537595059541650357e+02 2.528947624790332043e+02 2.543771227180727692e+02
2.488536421973321069e+02 2.492219070467082531e+02 2.482982815756800221e+02 2.490861457696221350e+02
2.703945882155839513e+02 2.706612066472364404e+02 2.683526794199921142e+02 2.708305923909029502e+02
2.534417750769081579e+02 2.532045528835952837e+02 2.529667009730450218e+02 2.539227515459871256e+02
2.505603587413410480e+02 2.504509723131911301e+02 2.495918857928569423e+02 2.509143736997049245e+02
2.566097508380560726e+02 2.567972790278535058e+02 2.553931651063823836e+02 2.571868727787086755e+02
2.509200340984827733e+02 2.509783228513007316e+02 2.499543688300597353e+02 2.508815260316889351e+02
2.573436743203984634e+02 2.579463954955261897e+02 2.563066839990282233e+02 2.587183471217268789e+02
2.501543312946350852e+02 2.497025624894430393e+02 2.502159548790147312e+02 2.502299980755307445e+02
2.666845056028976160e+02 2.677196295442668657e+02 2.652081298696385829e+02 2.681344913511030086e+02
2.568597332380317653e+02 2.577787862725077730e+02 2.559800531188564605e+02 2.579476554906933075e+02
2.494909930725364688e+02 2.497291716792306886e+02 2.491973327292549527e+02 2.501990729267511426e+02
2.553226061362657333e+02 2.561174774369135889e+02 2.546874959908454059e+02 2.561345561788151031e+02
2.547163611708698170e+02 2.546471014350800601e+02 2.534160786073621523e+02 2.548896829766791257e+02
2.523930692549641890e+02 2.527360400358153640e+02 2.518513068386352813e+02 2.530052571456567705e+02
2.506928085947230613e+02 2.506502808562543407e+02 2.496615936371695454e+02 2.509388704026005428e+02
2.663318041804582776e+02 2.664412626052912287e+02 2.647151391196955501e+02 2.667368101856382054e+02
2.647235849195371884e+02 2.642555673009544535e+02 2.613812393263327181e+02 2.640196626679882570e+02
2.557883536906407187e+02 2.555315080062105153e+02 2.550255591069726222e+02 2.557880962844452313e+02
2.516060628185926191e+02 2.516401015809032629e+02 2.513166210152486713e+02 2.516220322895219681e+02
2.498708398604920831e+02 2.495978349910153042e+02 2.492262328729743786e+02 2.498481939187296632e+02
2.818324404221763189e+02 2.830803662331016994e+02 2.818383257713135208e+02 2.833489450718769262e+02
2.507694525628618862e+02 2.508746046623267034e+02 2.496748886991820484e+02 2.511414405684632527e+02
2.501390520974307208e+02 2.507440642542010210e+02 2.499436273853103785e+02 2.509761758192041157e+02
2.583546220066270962e+02 2.576987017068108230e+02 2.564459014214909303e+02 2.586429779042310315e+02
2.947263831812065860e+02 2.945194151258714896e+02 2.936069724371517395e+02 2.935498107222104522e+02
2.657426454663744835e+02 2.664561352260156468e+02 2.645074592611371145e+02 2.667811627099078464e+02
2.476663638182270404e+02 2.478381513097208426e+02 2.468712240129892734e+02 2.480379458093354685e+02
2.548191542223135855e+02 2.550598806932644038e+02 2.534199684152688121e+02 2.547559986733476194e+02
2.580302939511656746e+02 2.585383564967812617e+02 2.573681987543578202e+02 2.588413615856737238e+02
2.628232052592894661e+02 2.636573231780703281e+02 2.609186672425988149e+02 2.631389922992825063e+02
2.564774060384851850e+02 2.556676089227209729e+02 2.553956346642989956e+02 2.570015241825933003e+02
2.923311929045629540e+02 2.921553107652366634e+02 2.912327556367073953e+02 2.924241016231709978e+02
2.680068166399245229e+02 2.692723480913575145e+02 2.675038230826421568e+02 2.692179172514496486e+02
2.767933316525549685e+02 2.767166263275879601e+02 2.731705568197318712e+02 2.774470378840504168e+02
2.877274824836364360e+02 2.872549137754509729e+02 2.843760907895028822e+02 2.866060379387395756e+02
2.623645195975430511e+02 2.633760236675356055e+02 2.598125559314452744e+02 2.632727781024333353e+02
2.601062831360620748e+02 2.603764909280584448e+02 2.589115757975203564e+02 2.607105780575708422e+02
2.513566156832683589e+02 2.513042012113976682e+02 2.504466339425738397e+02 2.519043716583205708e+02
2.512202708346342490e+02 2.512414368324106420e+02 2.506969778769731363e+02 2.513980332669645463e+02
2.496647478180988458e+02 2.494021145351553059e+02 2.490456968722216686e+02 2.501375517341886621e+02
2.522527793833285727e+02 2.523800715522948792e+02 2.514367806167957440e+02 2.529234310961365111e+02
2.537079737874960301e+02 2.538418524294871759e+02 2.528714405810215453e+02 2.541994845012320638e+02
2.525494912404894023e+02 2.526798471540834328e+02 2.521935447281323377e+02 2.530068306486311371e+02
2.623090102161525010e+02 2.647345184136617036e+02 2.613635273447938516e+02 2.639119376400238366e+02
2.505119284426700972e+02 2.508252657105744277e+02 2.501186803798591427e+02 2.505383086041709078e+02
2.545992432024524419e+02 2.550556966968715074e+02 2.536947705457446318e+02 2.550066022288904719e+02
2.538451976628647344e+02 2.538064428397151175e+02 2.531995832860628184e+02 2.542731374975130620e+02
2.780332800069281802e+02 2.791086762389322757e+02 2.763061539377347913e+02 2.791794547629270937e+02
2.575268967729996916e+02 2.577172970401159660e+02 2.564420860992007647e+02 2.586121868934415602e+02
2.601554333910272021e+02 2.603122333554991314e+02 2.583786624766472073e+02 2.611528047727833268e+02
2.660360635971385364e+02 2.672293513814747712e+02 2.650365645981847820e+02 2.675300446281669338e+02
2.558990768121713302e+02 2.563566305588096839e+02 2.547898505572660497e+02 2.568604117788646590e+02
2.567012029902952008e+02 2.565866866262293797e+02 2.555430603620426382e+02 2.567610486748928338e+02
2.518542766964123985e+02 2.522892081281314063e+02 2.514046806383367709e+02 2.530830574498793055e+02
2.810976192069632020e+02 2.828587500256915064e+02 2.786067135561337977e+02 2.799805110905391530e+02
2.543572323144626353e+02 2.543993796001887233e+02 2.532893832352233687e+02 2.548688224315731077e+02
2.507770741383305904e+02 2.503496450673980291e+02 2.498714519497529807e+02 2.515574132156773430e+02
2.510671060575712659e+02 2.515378512313481565e+02 2.505833285089972549e+02 2.518213213829872643e+02
2.580036502741253344e+02 2.584095830042357989e+02 2.570998220210167915e+02 2.584252620368224598e+02
2.687955927401127951e+02 2.692887152022150872e+02 2.669688594988944033e+02 2.702781670687980409e+02
2.597729210781890856e+02 2.595334517665808107e+02 2.582201206431979017e+02 2.608526698988187036e+02
2.503287337958228989e+02 2.502781203284824869e+02 2.497622000791132564e+02 2.502486195563220690e+02
2.668932073184168985e+02 2.664625840712083118e+02 2.649850566282074169e+02 2.675967172633568794e+02
2.567907552777415958e+02 2.575857319060240798e+02 2.556086046609566438e+02 2.575249296287228162e+02
2.718124220800721105e+02 2.719086231384006282e+02 2.684275296906769768e+02 2.730779359291248056e+02
2.556511419436256176e+02 2.557256868313038183e+02 2.546126234839977940e+02 2.554751355886786257e+02
2.557556114409017880e+02 2.562181025011912539e+02 2.547031138261584431e+02 2.565162614468046627e+02
2.745464069083264462e+02 2.732098166615448918e+02 2.706806145859022195e+02 2.735976869201014097e+02
2.490031547768887492e+02 2.492427303718329767e+02 2.485418074941340478e+02 2.494366274503085776e+02
2.571984920386500448e+02 2.567749856935133153e+02 2.555116895899705298e+02 2.574873351059579250e+02
2.530929089467354061e+02 2.527907093719140335e+02 2.520447856970267821e+02 2.533552736299709238e+02
2.562409448120048978e+02 2.562128100801397181e+02 2.549314520912205637e+02 2.570357417809969434e+02
2.685329272363379118e+02 2.687372126619083019e+02 2.669931938200159038e+02 2.697271075432240082e+02
2.530741367596464215e+02 2.534564824422331242e+02 2.532436544845344599e+02 2.534506115667936683e+02
2.466997201051677564e+02 2.466453089222077892e+02 2.459654415279119917e+02 2.472125755548939310e+02
2.528755334690041821e+02 2.535922927897179306e+02 2.514237597645452524e+02 2.536924851812962061e+02
2.527637958906176152e+02 2.529831068175156759e+02 2.521658966938451556e+02 2.527789828884739620e+02
2.516057383232871985e+02 2.518575525033707834e+02 2.510423508900675529e+02 2.521637897199964868e+02
2.692816211483093980e+02 2.684940818206609947e+02 2.668405726991268807e+02 2.700342061058464083e+02
2.561647565536773072e+02 2.563220846570738445e+02 2.555307672220288566e+02 2.562713110310482421e+02
2.530673567123297403e+02 2.534775055883465313e+02 2.535017478700870015e+02 2.532071151196012124e+02
2.506434944159242377e+02 2.508384131548632467e+02 2.508078127855423531e+02 2.507885338510391477e+02
2.574899135279536608e+02 2.573741564652670490e+02 2.563932079554847974e+02 2.578001862092659735e+02
2.498000142888342623e+02 2.497088266797878191e+02 2.492030950035876629e+02 2.501956317231800995e+02
2.516639552698189561e+02 2.517382328228219421e+02 2.516287996515319776e+02 2.526211124634498049e+02
2.553811428119767584e+02 2.560213121063692938e+02 2.549014950073703858e+02 2.560063656901642162e+02
2.486304591936459758e+02 2.482634557126017683e+02 2.484787019801645442e+02 2.488726102259957713e+02
2.534907032717763684e+02 2.537729061283802992e+02 2.531836114222098502e+02 2.537424594693420090e+02
2.497115153170725250e+02 2.500022498903324220e+02 2.501099751607536916e+02 2.502910733688920857e+02
2.596030533977586288e+02 2.604931028472805679e+02 2.588082691797167172e+02 2.604149961042584209e+02
2.500609645057723753e+02 2.493167007749198660e+02 2.487341389626536738e+02 2.502310763144238308e+02
2.519097235134324251e+02 2.517478020047557834e+02 2.511037806843056046e+02 2.521053744845677898e+02
2.512416028739901890e+02 2.516340802070722873e+02 2.511850697201439289e+02 2.519881780288413324e+02
2.495000439554357854e+02 2.495915739435674823e+02 2.486469350488018790e+02 2.497999152987944171e+02
2.502418798402773064e+02 2.509282559271494222e+02 2.494482308659081582e+02 2.510158548056143957e+02
2.504663708602915619e+02 2.507872679649358361e+02 2.506117681948277891e+02 2.512855419524685203e+02
2.643751206448454809e+02 2.648266841322558776e+02 2.627610712302894740e+02 2.649022282269040147e+02
2.849591801100398811e+02 2.833866029350267013e+02 2.811286925583779635e+02 2.840502345050455801e+02
2.544252403208954263e+02 2.547895111526167966e+02 2.534576168845963480e+02 2.548766526516229760e+02
2.503764068179863500e+02 2.503531963376096030e+02 2.496381670914644246e+02 2.506905787847185252e+02
2.557235997977822706e+02 2.552485319590654740e+02 2.549378599444088707e+02 2.556976795900050377e+02
2.530602884062685405e+02 2.532560367876244811e+02 2.527862416887503798e+02 2.531750038336975877e+02
2.542632511093925984e+02 2.541836083223527396e+02 2.533635004985652870e+02 2.547231262954075248e+02
2.504730848320166388e+02 2.501657004120370686e+02 2.500644695699020588e+02 2.505890600545180575e+02
2.499207813935487650e+02 2.505058268801440988e+02 2.492313798923663910e+02 2.506494729517050359e+02
2.660848820168611155e+02 2.662842470581432508e+02 2.646816568827840115e+02 2.672083847218803498e+02
2.486261959171698663e+02 2.489711773953567615e+02 2.481588779701302485e+02 2.489856576121347018e+02
2.498709839657993825e+02 2.493985327255890923e+02 2.496518472705922136e+02 2.494227573253845662e+02
2.499572043857426706e+02 2.504498372140033950e+02 2.496845352627687191e+02 2.505824925235864953e+02
2.718916885138089015e+02 2.717405096377298150e+02 2.698408808292877552e+02 2.718211964506719482e+02
2.515769558767606213e+02 2.516968740308247163e+02 2.506443423385042308e+02 2.521396934735384150e+02
2.556879499084664644e+02 2.558435040283155786e+02 2.545352070790787309e+02 2.557246035942792162e+02
2.533290952696507077e+02 2.540539868717164040e+02 2.526882974170987666e+02 2.543291257601641746e+02
2.551532887117569715e+02 2.556868334608103623e+02 2.537711417986716924e+02 2.557142704082857847e+02
2.667561294290713363e+02 2.662849406245653086e+02 2.644187580851434518e+02 2.673364358267264151e+02
2.542867476764549792e+02 2.547073220067372574e+02 2.535010571923774023e+02 2.550988912754762339e+02
2.509663014044088243e+02 2.508330335889733078e+02 2.503842114890263133e+02 2.512533212391091411e+02
2.513435376309548417e+02 2.515266315482802781e+02 2.499790132275908547e+02 2.517878568356128426e+02
2.512310726373009402e+02 2.517197202236121996e+02 2.510233084046341503e+02 2.511934750873163864e+02
2.472343484759553291e+02 2.471761066304156600e+02 2.467611604608151481e+02 2.471920459996498209e+02
2.502119613028595211e+02 2.504151078211772870e+02 2.495276968142848091e+02 2.505044119739953032e+02
2.585805486880552735e+02 2.584771892898128272e+02 2.569160341999484558e+02 2.593951667846123428e+02
2.664568234523438832e+02 2.679444517400889367e+02 2.648357347189028133e+02 2.679206129654124879e+02
2.476210176427654801e+02 2.479790862420650797e+02 2.467348657295680994e+02 2.483308358394587287e+02
2.486807407016716525e+02 2.489489617929230576e+02 2.478015344149594341e+02 2.492207623052863710e+02
2.482910461443634915e+02 2.480111604253155519e+02 2.477957876551188008e+02 2.487744977994788371e+02
2.500710025521229340e+02 2.501637940643872469e+02 2.491940036071414397e+02 2.500681534226040696e+02
2.531653837829324232e+02 2.537866991022654588e+02 2.534305668213156082e+02 2.539103340388269316e+02
2.560130099194507238e+02 2.562677451153754760e+02 2.541262296257270918e+02 2.569464977904292482e+02
2.520435361018273568e+02 2.523452198220869036e+02 2.513287947535570765e+02 2.525024925668714104e+02
2.538880639640977677e+02 2.540934895051973967e+02 2.537075527282289897e+02 2.547244536793519103e+02
2.572785792075601989e+02 2.578814042797513366e+02 2.552484010118926392e+02 2.582898202954395401e+02
2.553157790484983423e+02 2.557785742953028034e+02 2.546106377196803408e+02 2.560806764350978142e+02
2.587404649418794520e+02 2.599945372619922637e+02 2.579631037270991101e+02 2.596681745955162341e+02
2.526628861507975614e+02 2.529774339601974020e+02 2.529506753695619636e+02 2.529947653310651674e+02
2.531121727575768148e+02 2.535169098943305812e+02 2.524342627824714214e+02 2.535349943251196123e+02
2.493665997933510141e+02 2.496228108843168627e+02 2.485237751009844942e+02 2.498115652371639044e+02
2.840556464323519208e+02 2.843120069133642005e+02 2.825040728862503556e+02 2.848075597590829489e+02
2.532979318378262974e+02 2.536389466909736541e+02 2.522649969518330693e+02 2.541862139661608069e+02
2.547871439731491137e+02 2.544602519749491591e+02 2.535451036504100273e+02 2.548620523087573986e+02
2.730837519900384791e+02 2.735792192223955794e+02 2.707048638567097214e+02 2.735265084071539832e+02
2.508886203175518403e+02 2.506425779879155300e+02 2.504032988277203913e+02 2.512735185117773824e+02
2.592170613483582429e+02 2.592084953473093378e+02 2.576604963589069826e+02 2.596212578110672098e+02
2.590275722832222982e+02 2.598061700743134566e+02 2.579868909007081470e+02 2.592746095158336175e+02
2.585339119933739198e+02 2.584700610038162267e+02 2.570057017949213218e+02 2.592832617561032293e+02
2.560957236816965974e+02 2.559327943860391770e+02 2.541803731324086755e+02 2.557592093662154014e+02
2.597885743127559408e+02 2.602985769260254187e+02 2.579783299872930229e+02 2.611132102528575842e+02
2.638700576901359227e+02 2.645005895402080682e+02 2.625899245373844906e+02 2.646663971945280878e+02
2.572218135772478718e+02 2.575768846454786853e+02 2.558798584007033128e+02 2.582453807281266336e+02
2.570794229558387656e+02 2.574919853726168526e+02 2.555683187981672404e+02 2.584790116346264313e+02
2.486346888636131212e+02 2.487777960307388696e+02 2.484914822801560206e+02 2.492675480500874414e+02
2.531339257527713755e+02 2.527511372162645671e+02 2.517405818876394790e+02 2.531400443625885543e+02
2.494131711145994927e+02 2.491979462994856362e+02 2.489037132971619144e+02 2.499254958006887648e+02
2.507695582404982986e+02 2.511938660143420634e+02 2.508158787035168586e+02 2.514739498797683552e+02
2.835314644789487488e+02 2.839657380094903942e+02 2.812314391767154689e+02 2.837304397677975771e+02
2.515132407516325088e+02 2.518013955236517063e+02 2.520167647389162084e+02 2.520104158893479962e+02
2.512335104972671616e+02 2.513882920337805160e+02 2.502698063973448939e+02 2.521176378137575966e+02
2.491433253727534520e+02 2.497605322421606218e+02 2.488308765155478852e+02 2.496941275066609194e+02
2.500849300277363056e+02 2.500948782890318967e+02 2.499627306171840075e+02 2.500976383067780944e+02
2.539902537550439092e+02 2.549515486913391271e+02 2.536749874214524141e+02 2.544011840059812357e+02
2.517217608151333366e+02 2.515195231061363472e+02 2.507347763591691319e+02 2.516417671066195112e+02
2.684278257030895247e+02 2.677730097809522931e+02 2.662657843754658415e+02 2.691092981705758689e+02
2.601812457768512559e+02 2.606606197239146923e+02 2.592840324525914184e+02 2.613255179269394262e+02
2.517836413962270399e+02 2.518155242269961036e+02 2.510787124309166529e+02 2.519125833730043951e+02
2.602886870353853510e+02 2.602983514382214594e+02 2.578061863231778830e+02 2.611012318538392378e+02
2.543422991775439357e+02 2.547367406220551800e+02 2.541297743585698186e+02 2.547734264620441706e+02
2.635585991926131442e+02 2.634531417678829257e+02 2.626218355390982993e+02 2.642211646373208964e+02
2.645239523930040377e+02 2.651735326746388068e+02 2.616810537890302726e+02 2.641595303337294354e+02
2.655441084683752138e+02 2.649358279208577756e+02 2.630376499826695067e+02 2.656563183687648007e+02
2.569801377795014332e+02 2.573626513070646524e+02 2.557611897074079934e+02 2.575406350141744838e+02
2.536440643046737762e+02 2.540849553928665614e+02 2.527685745503497685e+02 2.541482713343599471e+02
2.508020711680589443e+02 2.504571828162054032e+02 2.500916487983533898e+02 2.506695266901726598e+02
2.518802928544243969e+02 2.517459931499676316e+02 2.520503147865634048e+02 2.516648938879211812e+02
2.549851888985948847e+02 2.551457835227787996e+02 2.537054698202122154e+02 2.554801426063870338e+02
2.551633336096656990e+02 2.550099673480989395e+02 2.539356382915583481e+02 2.554006909058626036e+02
2.505719318670738005e+02 2.504467519876901065e+02 2.502069709568803830e+02 2.508628022091998560e+02
2.689889881602227888e+02 2.690488868650572272e+02 2.664138298726709309e+02 2.701407040230251937e+02
2.562860636778599428e+02 2.560468331641544637e+02 2.550880152347043577e+02 2.567242257784088793e+02
2.608169245252661881e+02 2.614926963744622412e+02 2.596969887570743936e+02 2.614965507999415877e+02
2.505910910197113992e+02 2.511089708903442101e+02 2.493453765194913956e+02 2.511019409252181163e+02
2.484827316437898048e+02 2.481603814539819837e+02 2.476903098248575930e+02 2.486245030772383018e+02
2.523317541402604718e+02 2.528493166620611134e+02 2.521522723509280581e+02 2.530952140609396110e+02
2.763564259939806789e+02 2.760778085106949220e+02 2.730508703607627012e+02 2.766575640707785055e+02
2.939256944110875338e+02 2.945411551012398377e+02 2.927460508976627125e+02 2.952612651802194819e+02
2.615775389525065862e+02 2.623023320925595954e+02 2.607351421564844145e+02 2.632123776669594122e+02
2.731282777005634443e+02 2.733183705989270607e+02 2.704237906860018938e+02 2.741292641646977017e+02
2.518224403683501578e+02 2.516747718059987733e+02 2.511287998936822987e+02 2.520318573451939130e+02
2.497689466237856948e+02 2.499151370550976594e+02 2.489596968373294885e+02 2.504365883439149627e+02
2.580375525267332932e+02 2.584533535684647063e+02 2.571328343785289121e+02 2.595404151075433674e+02
2.872599010855267920e+02 2.894836720921500728e+02 2.862451505051093932e+02 2.876742499402309932e+02
2.555320911411393467e+02 2.555922147056911911e+02 2.544434132043881220e+02 2.563134669785014239e+02
2.620695803394461905e+02 2.619521902767953065e+02 2.603602443167650904e+02 2.623121602205965814e+02
2.681071201352733624e+02 2.687063168639090236e+02 2.657433066894835179e+02 2.690236576101515311e+02
2.930783971149843978e+02 2.935264818673683180e+02 2.896084593647406678e+02 2.917933711543890922e+02
2.557632729792732675e+02 2.564107054046934877e+02 2.551113647614417062e+02 2.567608746458313931e+02
2.454273207942907220e+02 2.460796316560360140e+02 2.449392641849403844e+02 2.461865286382908948e+02
2.543329543243227135e+02 2.546171020523987636e+02 2.532097303233469177e+02 2.550823874451967868e+02
2.941255267859818332e+02 2.952490377493917890e+02 2.912685301762263066e+02 2.935973611815969093e+02
2.522419618337144982e+02 2.523233413106261480e+02 2.519716456959927768e+02 2.523555870893454767e+02
2.667181630315897678e+02 2.667242153704985412e+02 2.645457240181121961e+02 2.666567681369806451e+02
2.518452991148562319e+02 2.519313714640617548e+02 2.515977504995699974e+02 2.524556403545824708e+02
2.536527492705776012e+02 2.536738737670695798e+02 2.533751437785138592e+02 2.542752244754335038e+02
2.575908202055371135e+02 2.576465504082407847e+02 2.563186812447110583e+02 2.583236223152174489e+02
2.522837024837456852e+02 2.522568962984753966e+02 2.518620118111643365e+02 2.525633676697920862e+02
2.521060147049669240e+02 2.521690568256238123e+02 2.520156419899935543e+02 2.523950671077724905e+02
2.765790982971454355e+02 2.774000966270936601e+02 2.751918071338843106e+02 2.776900895493327539e+02
2.791790710214777391e+02 2.799716217337888224e+02 2.772176607000671993e+02 2.792554124378373217e+02
2.506803323052005226e+02 2.504611663036960749e+02 2.502603665126356987e+02 2.509050430227175070e+02
2.564375993152414139e+02 2.569490414690424700e+02 2.551902264195016414e+02 2.574335977142656020e+02
2.695249981250930773e+02 2.697675345137474778e+02 2.674923674193518650e+02 2.692238224859495404e+02
2.747967579206809319e+02 2.750964822393478357e+02 2.714475315427991973e+02 2.753331171028140716e+02
2.513439188240462272e+02 2.513169350326608935e+02 2.504548905242010619e+02 2.515271950816011781e+02
2.576409514540251848e+02 2.585324973379530888e+02 2.567785939207809065e+02 2.584231021503194370e+02
2.537826072776019259e+02 2.534326881159045115e+02 2.527591705845661352e+02 2.538599460378905235e+02
2.537368696843553835e+02 2.539588642687147910e+02 2.533532355849574458e+02 2.541500323587397361e+02
2.590426534116826360e+02 2.594134477028549099e+02 2.578055805187005944e+02 2.597350972041231785e+02
2.550288714019187921e+02 2.558763167049182812e+02 2.548889293467641721e+02 2.559717149105029819e+02
2.512998821907727915e+02 2.510958692307845013e+02 2.499164339172001803e+02 2.522316977644619556e+02
2.925912570323698105e+02 2.930485143336476881e+02 2.919217314629890438e+02 2.919327050662595298e+02
2.552230536869489868e+02 2.550180908534507864e+02 2.537604812559127367e+02 2.554397258143744978e+02
2.661745648536013391e+02 2.668706502209129781e+02 2.646155813640054930e+02 2.675220920162309994e+02
2.616729759721195023e+02 2.619261720414290835e+02 2.596496280829599073e+02 2.628144191662250364e+02
2.587042998431788305e+02 2.591124242869149157e+02 2.575646892932097103e+02 2.589960478612910038e+02
2.966408295131955128e+02 2.962900616794221946e+02 2.966521176667479835e+02 2.958750535895480311e+02
2.597790058716100248e+02 2.596737507232587063e+02 2.576183909252798685e+02 2.602994825140195303e+02
2.842626076605599224e+02 2.837558410879583448e+02 2.809905802177917735e+02 2.841225715419179210e+02
2.526935634046973007e+02 2.529702256488345711e+02 2.522017459889137569e+02 2.532698088463255885e+02
2.609072841773219125e+02 2.612054123205158476e+02 2.594806888936558948e+02 2.615027651167764020e+02
2.915268715491728813e+02 2.902899012684353011e+02 2.894807441434472821e+02 2.916619742157491260e+02
2.506505277092986717e+02 2.514647095714066154e+02 2.497750056598673041e+02 2.517083039533551130e+02
2.575525854026570300e+02 2.585251714565637258e+02 2.566894235475127743e+02 2.581344697689683585e+02
2.522540522305251045e+02 2.522193790161885545e+02 2.519394974052307532e+02 2.524299965664887111e+02
2.528877821723647230e+02 2.529910448834695842e+02 2.514800607853283054e+02 2.540260457605567126e+02
2.507940800202042340e+02 2.512035527809386224e+02 2.508273029702778558e+02 2.511081522504204315e+02
2.626399413429205651e+02 2.630826588821266228e+02 2.607353279481308164e+02 2.631431287103192744e+02
2.604721673534449451e+02 2.612258017378489399e+02 2.590924013754720932e+02 2.615612289348280228e+02
2.503293697019651347e+02 2.501630780815602577e+02 2.502269704465092275e+02 2.509532086704670917e+02
2.579550614321821058e+02 2.588891899131465379e+02 2.563180135294537081e+02 2.592061264096970490e+02
2.531624371459613769e+02 2.528326091671340805e+02 2.521884165344305018e+02 2.534352322478903830e+02
2.586321523422449218e+02 2.594446242404260943e+02 2.577996315843119532e+02 2.595593465286287369e+02
2.486073722844534473e+02 2.490086688334989162e+02 2.482412120469396655e+02 2.491716731977492429e+02
2.526541047157278115e+02 2.532191862175434096e+02 2.522529738109405173e+02 2.535201473878283309e+02
2.568916154383675234e+02 2.563300635554388123e+02 2.560166568822380668e+02 2.572460328855034959e+02
2.510742847213431332e+02 2.510959060933629985e+02 2.505275816016205113e+02 2.512361350087360563e+02
2.500310540244326489e+02 2.494979813968867859e+02 2.495746208505379116e+02 2.507085884000320561e+02
2.541935799124569257e+02 2.548252365742028189e+02 2.538963044289633615e+02 2.544945312673471562e+02
2.530137041768768427e+02 2.531563712090829767e+02 2.526433650180668735e+02 2.534893561067806615e+02
2.488127263667677198e+02 2.493658792248139378e+02 2.482522697416135031e+02 2.499517017541148789e+02
2.922484313800476343e+02 2.919533719709952493e+02 2.896736482862422122e+02 2.918541053818256046e+02
2.502697486142690479e+02 2.496229993523987787e+02 2.490869968432919563e+02 2.504442360361160240e+02
2.549207811583383432e+02 2.548004007645992886e+02 2.533272637068623396e+02 2.556407555724500753e+02
2.540629001484848288e+02 2.541063505811021344e+02 2.536206879213656862e+02 2.545757468717754080e+02
2.537234570968635126e+02 2.538737161019371626e+02 2.537737430231738642e+02 2.544501690823752256e+02
