2.601306796283853942e+02 2.604364594143000886e+02 2.599318221298677827e+02 2.607179046194712555e+02
2.589585401082364911e+02 2.591164752291764444e+02 2.585811071865475697e+02 2.597736161452389183e+02
2.584972876099217842e+02 2.586355504393168303e+02 2.582455496423856971e+02 2.584962871958255164e+02
2.972179041441314666e+02 2.979508697718371195e+02 2.960129018383926791e+02 2.972809583379732885e+02
2.526363357907480065e+02 2.522931365208328316e+02 2.517455944158319880e+02 2.528329355638937841e+02
2.713394361553657745e+02 2.706597744975477440e+02 2.693040543834263190e+02 2.720481980747917419e+02
2.972568979519257368e+02 2.978091127839250021e+02 2.958527526383106760e+02 2.966398393022081450e+02
2.558115640350113722e+02 2.559656589473325994e+02 2.544663661601315425e+02 2.564078501525531806e+02
2.667894730797975171e+02 2.673781676213437777e+02 2.646503460515916686e+02 2.670509910565616565e+02
2.662587625847456252e+02 2.663303744361246572e+02 2.646597127526285362e+02 2.676689663251303273e+02
2.594776312625975265e+02 2.600536606330778113e+02 2.590263065028681240e+02 2.606112832274333186e+02
2.521074428268096028e+02 2.520714948106103748e+02 2.512202119971618970e+02 2.521306309656025917e+02
2.741633809956557570e+02 2.738167294051280010e+02 2.723581895699583129e+02 2.748632462127384315e+02
2.708755936740458878e+02 2.708367068705777001e+02 2.682565156857576767e+02 2.712671170002984695e+02
2.586839622378454351e+02 2.584575430861013956e+02 2.586199288010546979e+02 2.592947450458467529e+02
2.575144564174190691e+02 2.573054403308096312e+02 2.569930225350111073e+02 2.574398418056727564e+02
2.847205928852226293e+02 2.850190978026558355e+02 2.831581197393381331e+02 2.860506103504368411e+02
2.660889772689895381e+02 2.664995301768613558e+02 2.642494176411283888e+02 2.658744663007181543e+02
2.557267698306640398e+02 2.559280452823767007e+02 2.547875030467257034e+02 2.558525893526017683e+02
2.608895114191329867e+02 2.615332251663837724e+02 2.608649769834793233e+02 2.609974412891758675e+02
2.627770787627814570e+02 2.627451666529532304e+02 2.620556788415979668e+02 2.632458554965811004e+02
2.572024946844374540e+02 2.580836607670095759e+02 2.566434871369398820e+02 2.585345840574768772e+02
2.985724418916416880e+02 2.985764787382855729e+02 2.963462507475356915e+02 2.990363173648189559e+02
2.752043341058388819e+02 2.745022158412068620e+02 2.729978835586884429e+02 2.755685715958470041e+02
2.541083184033421674e+02 2.544578731677004271e+02 2.534033671674119148e+02 2.546775436475316212e+02
2.615354268155420527e+02 2.613414272354270906e+02 2.599810397140013833e+02 2.619062923064615802e+02
2.554905958948049260e+02 2.557884499967670706e+02 2.556390890150954078e+02 2.557907930791119213e+02
2.603370554331276594e+02 2.596977368061068887e+02 2.588050386895349675e+02 2.597012806221882215e+02
2.590454725042577024e+02 2.595641608183838684e+02 2.583353082929240259e+02 2.599982589205436057e+02
2.615643418080611013e+02 2.623638808794331680e+02 2.605312487619929698e+02 2.629530151410478425e+02
2.569433206880976286e+02 2.574875028918888802e+02 2.566994520595104632e+02 2.575724846985096974e+02
2.529696142408401727e+02 2.530582868113891379e+02 2.526274578521074545e+02 2.534686834200673786e+02
2.670656767330441994e+02 2.678133464579260021e+02 2.651041856848793827e+02 2.675621841780313162e+02
2.616599817400745565e+02 2.622734077364605696e+02 2.608264672856257675e+02 2.624999555264212177e+02
2.575508680613029924e+02 2.578631966441934082e+02 2.568667474603604433e+02 2.578208944961423867e+02
2.655658761531560685e+02 2.659801003064072802e+02 2.647088270001046340e+02 2.659265901704097246e+02
2.576333196009608173e+02 2.578356768369575889e+02 2.564974420758458677e+02 2.582997622793517962e+02
2.720894458191274339e+02 2.720828616037971415e+02 2.705117040473379006e+02 2.731427257534453474e+02
2.651927160874197966e+02 2.657747119908513014e+02 2.642951228194559690e+02 2.658178616105888636e+02
2.991305229569248354e+02 2.994414099774857618e+02 2.985074616677705990e+02 2.985962659176477132e+02
2.593799585972541308e+02 2.602168045949903785e+02 2.587123597603069243e+02 2.603913340792047393e+02
2.629454536028448501e+02 2.631006073301909964e+02 2.609618948790904369e+02 2.641242980048917843e+02
2.702202280047538920e+02 2.710588153052843268e+02 2.686970723305477691e+02 2.709841224698590736e+02
2.689926036746670661e+02 2.697749533496162258e+02 2.675056924079749479e+02 2.697106732503397097e+02
2.561502443680552688e+02 2.562611798927210884e+02 2.557856392410360513e+02 2.565685404150763134e+02
2.963917000220923796e+02 2.965135380923350681e+02 2.963077312377188832e+02 2.963695719698939683e+02
2.565391632181181194e+02 2.560527489116174138e+02 2.553478938141296055e+02 2.568624015798773712e+02
2.555862132812274297e+02 2.557623302354459440e+02 2.552010159532643172e+02 2.559794937353327953e+02
2.860971396400524327e+02 2.859898737428541722e+02 2.836291037725855517e+02 2.865125736541330070e+02
2.548354632095888235e+02 2.553647471982804973e+02 2.535000613569031884e+02 2.553237762719995771e+02
2.592949386618511767e+02 2.590752155138229114e+02 2.563639601820845542e+02 2.601601835822010571e+02
2.699575763271601545e+02 2.691943665408138031e+02 2.684056985496532661e+02 2.694719852317394384e+02
2.574308481198026470e+02 2.573003800914904673e+02 2.559783400584880155e+02 2.580044099946857727e+02
2.614578708382423997e+02 2.612102461623904901e+02 2.602322978626276040e+02 2.616644353824556219e+02
2.606005155670085855e+02 2.606155965742864851e+02 2.598513086780162098e+02 2.611607184460664826e+02
2.621986820426178610e+02 2.624730438437670159e+02 2.604876824079250355e+02 2.629172118600574208e+02
2.595571197782527406e+02 2.588905918460221187e+02 2.584981531310273226e+02 2.591767618946263951e+02
2.565357821235046458e+02 2.572425590154322208e+02 2.564597478975924787e+02 2.570303758873038760e+02
2.570335204994018454e+02 2.574580415938893339e+02 2.562713595263672914e+02 2.572307659521279675e+02
2.548902830033938756e+02 2.554098671028654337e+02 2.548936610930248037e+02 2.555737245291156512e+02
2.632577351292783305e+02 2.639964453105435496e+02 2.621495018302962308e+02 2.644071810922648069e+02
2.572251060900566131e+02 2.571990524335648729e+02 2.559737595118311333e+02 2.575522039677647967e+02
2.694159751504475935e+02 2.705756137512075270e+02 2.677190339583444256e+02 2.703726303477203032e+02
2.602706180800913671e+02 2.600094669197083022e+02 2.603542602309683502e+02 2.607026054489849685e+02
2.655281717363932898e+02 2.659946178977801310e+02 2.638109721577292817e+02 2.665050954909730763e+02
2.648055275280667615e+02 2.650624001422284550e+02 2.638669533042137232e+02 2.656272825238655741e+02
2.758145723657571580e+02 2.760251060196463868e+02 2.745819354511253891e+02 2.762672799917016278e+02
2.613654387525481866e+02 2.612353779602458417e+02 2.609324901041885596e+02 2.611689027836173977e+02
2.531980352296327794e+02 2.536303513337421123e+02 2.533266341473268710e+02 2.538147854260863028e+02
2.647926672228072107e+02 2.645420487334301924e+02 2.628711074483624657e+02 2.649817890720038349e+02
2.586236959220609037e+02 2.590269456480494910e+02 2.583874137674608846e+02 2.592064153696073845e+02
2.672501538486408776e+02 2.676119464688060816e+02 2.660319386011589131e+02 2.688141648139136919e+02
2.609648242317230142e+02 2.614387502639572176e+02 2.607727683111473311e+02 2.614952093123360441e+02
2.610209733718695020e+02 2.608942837746683949e+02 2.594881505683580940e+02 2.607823710918394227e+02
2.547759980889740348e+02 2.547695216107317435e+02 2.542887650278151170e+02 2.548464789787650204e+02
2.604834936643531478e+02 2.608930273750005995e+02 2.592242458532899150e+02 2.605283963404892802e+02
2.621813014477282309e+02 2.624377077946770669e+02 2.606883390698667426e+02 2.630480732747392381e+02
2.536896612446841743e+02 2.540253630549383104e+02 2.539060066478454587e+02 2.549504752721497596e+02
2.867153430273463641e+02 2.865303740578349334e+02 2.843200662090759465e+02 2.863457699320193228e+02
2.542456239413961328e+02 2.541324885865059571e+02 2.533086413033635154e+02 2.548591745980395160e+02
2.527610636002695514e+02 2.529893499228587643e+02 2.515951460348465787e+02 2.525699664601484642e+02
2.566999818188812128e+02 2.566123679322640783e+02 2.556837444570266769e+02 2.565737168527025460e+02
2.961575815619812033e+02 2.968205054592366423e+02 2.957923722089291800e+02 2.967065542525581918e+02
2.624598874031237301e+02 2.624035804151676530e+02 2.609912029580045782e+02 2.629808762569244323e+02
2.884235759709118838e+02 2.884065423884678694e+02 2.860971465086211083e+02 2.880654857598357808e+02
2.581694237078064589e+02 2.580188229254653720e+02 2.575442107469236817e+02 2.583925260352576174e+02
2.810051633518963854e+02 2.813451518478304934e+02 2.791652291449954646e+02 2.807783398013134502e+02
2.604895202087499797e+02 2.601336885323913748e+02 2.599660316649249125e+02 2.606343758724275403e+02
2.575964979489880875e+02 2.577736340609512808e+02 2.570370441950004192e+02 2.583651310880850360e+02
2.676471642378164688e+02 2.684752659859715891e+02 2.669473513351190377e+02 2.686533266410803549e+02
2.740502882963306774e+02 2.751901968855123073e+02 2.724733897832044818e+02 2.760440369041290865e+02
2.563403915132997781e+02 2.564482072208625709e+02 2.560075380648946748e+02 2.561721556832553119e+02
2.598227854412069178e+02 2.600085943482134212e+02 2.589746481023546494e+02 2.600837624388930749e+02
2.665521955137930377e+02 2.675995191565567097e+02 2.640133428630465460e+02 2.673416430467682403e+02
2.551911095643529848e+02 2.554189680346199225e+02 2.545576455186717340e+02 2.556052307739963680e+02
2.599381850206178797e+02 2.600338430957280025e+02 2.594826976482663099e+02 2.607362352231507430e+02
2.611711554264969664e+02 2.615411614401212432e+02 2.597897172524117195e+02 2.615958670968598199e+02
2.570183269874452208e+02 2.572595412272517024e+02 2.559670512022618425e+02 2.573429269684332326e+02
2.725618730092281226e+02 2.726686132632407862e+02 2.707155953696610027e+02 2.732592980607861932e+02
2.656232271077178666e+02 2.659474791554389412e+02 2.644967498129410615e+02 2.662517059836474687e+02
2.537382538746010141e+02 2.537921946534947040e+02 2.532286301295950750e+02 2.544529032948339022e+02
2.805711714936634849e+02 2.817969943242708268e+02 2.792969105227726345e+02 2.816882450667602598e+02
2.661189814935657409e+02 2.664646456137955397e+02 2.644131634021071591e+02 2.667181728629894906e+02
2.569042459188202656e+02 2.571796792477566100e+02 2.559452664727157298e+02 2.570974010686413749e+02
2.698339558830425631e+02 2.706125905335898665e+02 2.674949932592592177e+02 2.706694412078277878e+02
2.542345984704375326e+02 2.541934192219655131e+02 2.535815421585444085e+02 2.545809125786924199e+02
2.600606950771828565e+02 2.607320817884282178e+02 2.587312941477973709e+02 2.603297710053427068e+02
2.608644935266012794e+02 2.603146050729845911e+02 2.589921298736495032e+02 2.619458763743068630e+02
2.570441963777679462e+02 2.569338712890982492e+02 2.563304732854754775e+02 2.577163255099019921e+02
2.979065332669153463e+02 2.980582381010569293e+02 2.976801633534448115e+02 2.986131017369062874e+02
2.583779082517502843e+02 2.578781637268302802e+02 2.576893524817632510e+02 2.582333846023464616e+02
2.572315496472947984e+02 2.572692960399770072e+02 2.571541393386034429e+02 2.574966795699670001e+02
2.549950854709302064e+02 2.556189449781140581e+02 2.551654406333209124e+02 2.561908148506766452e+02
2.602716070388588037e+02 2.605561551210015523e+02 2.595094383487652863e+02 2.611110970200938937e+02
2.959400715485005549e+02 2.952848517164927671e+02 2.935317138934101422e+02 2.956752757571154575e+02
2.776171842972181025e+02 2.775463174260970618e+02 2.752196753219291168e+02 2.770801509999340624e+02
2.516868781560035586e+02 2.522623199028457748e+02 2.517078033696258785e+02 2.524436813293264095e+02
2.604636594622483585e+02 2.606246345028757787e+02 2.600356063282334844e+02 2.603761752299322438e+02
2.613291443761009987e+02 2.615560140356204215e+02 2.599091830509519809e+02 2.616838635392933270e+02
2.723756608273308757e+02 2.724228915512202320e+02 2.691764809723840699e+02 2.733074839728485586e+02
2.565871197319707449e+02 2.568854703388294070e+02 2.561503442514561470e+02 2.565666933190697705e+02
2.944551680038377413e+02 2.943228998839527435e+02 2.923669863801454198e+02 2.936067026923562935e+02
2.544378139289401588e+02 2.543067248484065317e+02 2.535988647397853128e+02 2.544704486634765317e+02
2.876896498392572994e+02 2.880444609603758863e+02 2.849078507120544259e+02 2.882593863768350957e+02
2.650345201168131553e+02 2.651457934172599380e+02 2.639788588363084045e+02 2.652862383987568933e+02
2.596632563790204244e+02 2.597223305952169312e+02 2.596149660104407531e+02 2.596571090391187226e+02
2.560021345227139022e+02 2.557949649647110846e+02 2.545405133255404451e+02 2.560449335440794130e+02
2.564837890849494215e+02 2.572875253120618027e+02 2.555946086809522058e+02 2.574964845066867269e+02
2.851890797268553683e+02 2.868682512633766351e+02 2.831456848122907104e+02 2.865773762269154759e+02
2.578300956279867933e+02 2.574716497086438380e+02 2.572035626982570307e+02 2.576591869219842579e+02
2.580866461920206234e+02 2.577338574402195377e+02 2.571643016890903368e+02 2.580803829901630593e+02
2.590665721807993123e+02 2.592354542479989732e+02 2.585516099809468074e+02 2.590759807751530275e+02
2.753047646431195972e+02 2.763146731048570928e+02 2.737871053884945809e+02 2.758050185709234370e+02
2.914212761371599072e+02 2.911182341583215134e+02 2.893673973363865457e+02 2.906472322484585220e+02
2.590796086834287735e+02 2.598165360975762610e+02 2.582126787396303484e+02 2.610114886793385836e+02
2.529753990852469485e+02 2.535043071968615891e+02 2.527743914267025502e+02 2.534531820218811049e+02
2.692599525471591164e+02 2.700582992386810020e+02 2.678598480312037395e+02 2.698553490629943781e+02
2.659920900196493108e+02 2.660397031684245235e+02 2.641881328063593060e+02 2.660732042776220396e+02
2.643787051144767588e+02 2.643880217568924991e+02 2.618593126615955953e+02 2.644325988122519675e+02
2.554449408563909287e+02 2.562033924435889958e+02 2.554481935348739512e+02 2.564864862168256536e+02
2.610606294976336699e+02 2.611886615973990615e+02 2.601669542989391175e+02 2.617018969526543515e+02
2.584479972406339243e+02 2.588617079005423420e+02 2.578329060799983949e+02 2.584472265821919450e+02
3.015217393391367295e+02 3.010025113842291375e+02 2.995976890723778183e+02 2.995326013347141156e+02
2.627655905509076888e+02 2.636373932428501803e+02 2.617398721062908180e+02 2.641426832167037446e+02
3.056688603606296510e+02 3.049443630553628850e+02 3.043718044669651590e+02 3.050771786328726307e+02
2.554043974629177853e+02 2.558190737866219138e+02 2.549338966634927885e+02 2.564296573350915764e+02
2.690108640936695679e+02 2.700628502988527657e+02 2.686244562747263558e+02 2.722376964008368532e+02
2.566972625210984802e+02 2.566423015080184200e+02 2.564385185135776055e+02 2.575419204401014781e+02
2.585398728069528147e+02 2.583976221815548229e+02 2.569821814529008179e+02 2.589501831174169979e+02
3.065827826140141497e+02 3.069513004983596147e+02 3.071441115663909613e+02 3.070299406185875455e+02
2.564917089589607713e+02 2.562479457496334021e+02 2.559635915912654127e+02 2.563698887476345476e+02
2.763997232651962577e+02 2.772565926639973100e+02 2.742638334256866983e+02 2.772927032228799931e+02
2.589655191892687753e+02 2.596931843150104555e+02 2.582559938378424818e+02 2.594622851625068165e+02
2.592372543344792462e+02 2.591456544258592771e+02 2.582613219729189495e+02 2.594237792068785211e+02
2.583368072657218590e+02 2.584838864328443719e+02 2.573071727587355895e+02 2.586652620352519989e+02
2.601549369050653695e+02 2.601832038330411478e+02 2.587648932697393889e+02 2.603799312475169927e+02
2.777819221566719534e+02 2.791839834955615629e+02 2.763590457720247855e+02 2.781029409735032800e+02
2.698534926947630765e+02 2.705277693472987721e+02 2.684258168857485316e+02 2.701381231505056348e+02
2.910653218513153888e+02 2.920411291821123427e+02 2.897026196767174042e+02 2.908379562876921796e+02
2.566530827139356461e+02 2.570946329143792468e+02 2.563323149480090706e+02 2.570597497776167302e+02
2.600325205982045986e+02 2.598244756518024019e+02 2.599090019440385504e+02 2.604286453641681192e+02
2.549331318531004058e+02 2.547567605653526925e+02 2.540504550422610350e+02 2.551840837436912466e+02
2.601648526194913984e+02 2.608888355010583382e+02 2.589067208260547091e+02 2.612965717098451819e+02
2.619677762973171298e+02 2.621062085646281048e+02 2.607383967394870297e+02 2.628729466750464780e+02
2.661065254432193683e+02 2.657378383991148212e+02 2.638627156745548632e+02 2.664512519098370831e+02
2.598780207340149104e+02 2.602334331900207189e+02 2.590299097253090395e+02 2.600335583856521566e+02
2.615428371096655269e+02 2.619394652346056205e+02 2.605395142832363149e+02 2.630524373062453378e+02
2.601314200529566847e+02 2.601785736235580089e+02 2.595300895260001539e+02 2.605081826198193085e+02
2.546055120609239282e+02 2.548728539814156306e+02 2.537786697326003491e+02 2.547295345365486696e+02
2.663863806984740563e+02 2.667845086959878813e+02 2.650890861258927771e+02 2.675129311831358336e+02
2.598551819017828279e+02 2.610021304577540491e+02 2.594166242591699643e+02 2.613025567769649342e+02
2.570948722562399098e+02 2.568107173366404368e+02 2.565516453135513757e+02 2.570826614801102892e+02
2.665560759977112752e+02 2.669075337239939927e+02 2.657317673180528459e+02 2.669017228863453397e+02
2.577342703214979451e+02 2.579216340257797810e+02 2.566098092320917203e+02 2.585753427884433790e+02
2.631846903999899041e+02 2.635509538396165681e+02 2.620035434744744975e+02 2.641484591107796405e+02
2.569048526062378528e+02 2.563013765903039030e+02 2.561117717077843281e+02 2.570972778855934848e+02
2.916790622295548019e+02 2.918276670904328967e+02 2.890461670076859377e+02 2.911386950389860431e+02
2.727265372530215473e+02 2.730146019999556870e+02 2.699271310423114869e+02 2.732954760795760194e+02
2.626443712529635377e+02 2.632936943001743657e+02 2.616461981836199584e+02 2.636542122911545789e+02
2.595769067012366236e+02 2.601481697113794098e+02 2.592505235347129542e+02 2.608853069529650952e+02
2.677412826745346592e+02 2.693125853384891002e+02 2.666031565319743208e+02 2.698130751406654326e+02
2.598317935224186499e+02 2.598369121680271974e+02 2.590371722263528795e+02 2.600153484861719448e+02
2.667843146444806735e+02 2.670492861386460390e+02 2.660852402654000457e+02 2.681940772945049503e+02
2.586532761188064455e+02 2.586804219153112854e+02 2.582389776636982219e+02 2.585561599614327406e+02
2.542199550063675986e+02 2.544373561734599889e+02 2.533646741310381572e+02 2.544698484077033243e+02
2.556202255110549970e+02 2.558075184759446472e+02 2.552616822517724984e+02 2.559008925993561263e+02
2.555159935412068251e+02 2.554960654571754617e+02 2.545535870153984490e+02 2.556727351170880524e+02
2.776570720199115954e+02 2.776599895987994842e+02 2.753660773797807906e+02 2.786189705176367397e+02
2.551608136165525025e+02 2.547644684628120331e+02 2.549360060214170858e+02 2.551550193594108293e+02
2.594415139043199474e+02 2.599629103439010009e+02 2.590206039493221510e+02 2.598290216883176527e+02
2.645166468760145904e+02 2.647974564775659587e+02 2.627406560494953851e+02 2.658171271088073127e+02
2.514731529965949903e+02 2.515111850251828400e+02 2.501601747221679659e+02 2.516247827794649368e+02
2.663811113419997127e+02 2.661493444010843632e+02 2.642310971467920240e+02 2.660806782125897030e+02
2.957135483255528356e+02 2.956303296239767633e+02 2.930411127082072653e+02 2.959362267810158187e+02
2.577019493533259151e+02 2.574271963812045669e+02 2.570874211929978514e+02 2.575251870397530638e+02
2.664293014781886768e+02 2.667106268072448643e+02 2.639191176686330209e+02 2.675277730461860983e+02
2.571277453161802100e+02 2.573724583373291352e+02 2.562832862621540357e+02 2.573821607953722150e+02
2.652176310367511292e+02 2.652924051144741497e+02 2.638357335488552167e+02 2.651386424996556457e+02
3.012202532749698776e+02 3.010965980901810326e+02 3.003314732572869730e+02 3.007921829672778244e+02
2.544347512193580201e+02 2.550142531152272056e+02 2.537730328227629570e+02 2.549698737021755335e+02
2.724306747272423763e+02 2.727783219835636146e+02 2.701777933461922316e+02 2.723565123532898724e+02
2.610948267642660880e+02 2.616958128486393775e+02 2.597114773711859357e+02 2.614619910651576333e+02
2.662817614380835494e+02 2.667250820332818648e+02 2.649722930527661902e+02 2.674358064336842062e+02
2.563886576588409412e+02 2.564996733676713916e+02 2.553612621496223483e+02 2.568625615264267026e+02
2.964130694294182717e+02 2.971561058780546887e+02 2.966904502100921945e+02 2.962131469021644534e+02
2.895126267507606030e+02 2.897291050862673387e+02 2.888260367690214139e+02 2.898751569216452708e+02
2.544205775101199549e+02 2.548194690560452500e+02 2.535590293501120982e+02 2.553350457704792404e+02
2.569796048127288941e+02 2.569862268425580396e+02 2.565720920701120349e+02 2.568707344054921009e+02
2.610117130605440252e+02 2.610404462469546161e+02 2.604250154426445647e+02 2.614345769031862687e+02
2.711997820760335003e+02 2.712138184064648954e+02 2.686058171845369884e+02 2.711965380551258136e+02
2.874485003256203299e+02 2.871583331007970514e+02 2.844688795437241424e+02 2.869949384704693784e+02
2.550757867027608086e+02 2.549557075603214287e+02 2.545135825014799877e+02 2.551698200635886451e+02
2.720978044999109784e+02 2.720639261977354408e+02 2.702540659346325924e+02 2.726676261223142319e+02
2.568431687346866852e+02 2.568515677452049317e+02 2.557333118518102140e+02 2.571175756586444550e+02
2.585809597834164606e+02 2.586634041938235669e+02 2.573135213110393806e+02 2.581809772636659659e+02
2.581843751549662898e+02 2.588854209234754649e+02 2.578257488547356502e+02 2.583312337356258581e+02
2.604678282320325593e+02 2.604494865308830072e+02 2.592227472725075472e+02 2.608526084413954891e+02
2.908201657981222752e+02 2.899526932331569924e+02 2.877732059288556457e+02 2.907357675379223565e+02
2.615828332761099091e+02 2.623766023888779841e+02 2.596421029810500727e+02 2.626910624976414965e+02
2.687056623045707511e+02 2.694069520350620905e+02 2.665434237254436312e+02 2.688353002865475219e+02
2.580679884378436100e+02 2.585448063167575583e+02 2.577150335872428286e+02 2.583682120818770045e+02
2.575243112359607949e+02 2.574311145984297013e+02 2.573571987603607454e+02 2.581003503884883798e+02
2.765303080956308008e+02 2.771904952734661265e+02 2.731648531682386079e+02 2.760635805620082692e+02
2.773851814658698345e+02 2.782893216703101302e+02 2.749944943540779718e+02 2.778243549487015116e+02
2.561134641721462799e+02 2.559380649744762763e+02 2.545378834473384870e+02 2.565676864745435637e+02
2.598341293080608807e+02 2.604164814407842528e+02 2.587853913730135105e+02 2.604543407874578520e+02
2.806409370918226500e+02 2.818770480769730966e+02 2.797297476284237518e+02 2.815621248583919396e+02
2.794229906869411479e+02 2.803487679376654569e+02 2.784232346964654994e+02 2.793709803265158484e+02
2.630591884982874262e+02 2.624583483438320854e+02 2.629912296701699574e+02 2.629971237108856030e+02
2.571431778544025519e+02 2.571582122602230811e+02 2.561171453245128760e+02 2.577728283059757359e+02
2.605759469232922356e+02 2.615072450324875604e+02 2.593596091713359897e+02 2.613950099803943203e+02
2.567531491549552243e+02 2.564033484530523879e+02 2.549284693348772919e+02 2.568025572845335205e+02
2.644695430169534802e+02 2.653475218582786397e+02 2.635948476333553003e+02 2.649705092084460034e+02
2.683132336364503203e+02 2.694885145732419005e+02 2.667803596760739993e+02 2.693169240518383276e+02
2.855856148990002907e+02 2.862484352302024035e+02 2.827553179775233616e+02 2.856402825690159943e+02
2.587257090578536349e+02 2.593705521392509468e+02 2.582772942171044974e+02 2.595475456635815590e+02
2.590299645908466459e+02 2.585469965361981508e+02 2.584014649111351218e+02 2.592822379910788868e+02
2.689053307146533029e+02 2.689821366207306141e+02 2.668383070524201912e+02 2.705572646228714007e+02
2.560091616968722974e+02 2.562504545553408661e+02 2.561056868132622526e+02 2.568257813109115091e+02
2.758133206697095261e+02 2.755741560247696498e+02 2.744202796732027423e+02 2.761909915840321332e+02
2.577099687431835378e+02 2.586000907977179963e+02 2.570993859578048841e+02 2.578742715361875071e+02
2.585006229270450149e+02 2.588777367675214691e+02 2.584120640629076320e+02 2.591843436040212509e+02
2.564461261393028622e+02 2.568050772783475395e+02 2.558161958721384792e+02 2.568991256946101771e+02
2.571667991518377221e+02 2.576327075908716324e+02 2.573082516048196453e+02 2.576409751239048660e+02
2.587875251290172400e+02 2.590572603902452329e+02 2.578957548579627996e+02 2.589342225279133345e+02
3.037241988693907047e+02 3.043860983605606521e+02 3.041625601772917094e+02 3.036777058497811481e+02
2.657206536527649519e+02 2.658023616604986614e+02 2.638338286505533006e+02 2.661347645888618558e+02
2.597578411853294824e+02 2.602565580441760744e+02 2.598888012908619771e+02 2.605541754598194757e+02
2.691360576856290550e+02 2.683856530603232500e+02 2.664122007723884167e+02 2.690613076699810335e+02
2.574372186030703347e+02 2.578649732924162663e+02 2.566636736273292172e+02 2.573147349216397970e+02
2.550484099233142103e+02 2.551073150385198574e+02 2.550275165528428829e+02 2.554470386090360989e+02
2.555552682900121795e+02 2.561188500577458740e+02 2.547945687079886454e+02 2.563559328771548280e+02
2.599126006100970017e+02 2.600983917515160897e+02 2.582768579946794034e+02 2.597682850488135955e+02
2.997998825529283522e+02 3.005044397439136219e+02 2.992101561880567715e+02 2.988833020372161400e+02
2.823496888160335061e+02 2.829859335873243822e+02 2.806153603105854586e+02 2.832603206614710416e+02
2.554211514628819373e+02 2.561988160382137494e+02 2.554690378738623053e+02 2.561620501787713238e+02
2.638765931453573330e+02 2.644973877884289095e+02 2.619422056297259473e+02 2.647607858689659110e+02
2.660303907436012310e+02 2.659630317462858784e+02 2.645013533616751147e+02 2.662266399523489326e+02
2.615361082006166384e+02 2.624616149181056812e+02 2.606707285255916986e+02 2.625018894323678182e+02
2.541479431061597722e+02 2.545383174760267480e+02 2.532277317471680647e+02 2.550633964101705828e+02
2.553823377443218021e+02 2.557746595251544761e+02 2.551640329201769077e+02 2.562727875955357035e+02
2.568472731219167713e+02 2.569700656084530692e+02 2.567612455041999624e+02 2.570313618272938356e+02
2.562784342733663152e+02 2.561662186742548215e+02 2.559693394735707273e+02 2.567033244964495680e+02
2.680655184484231199e+02 2.688559413925808030e+02 2.673271298525107795e+02 2.682979618510315163e+02
2.558763959658045053e+02 2.564188704059148449e+02 2.554613739183444636e+02 2.578214601571563662e+02
2.619540596676413315e+02 2.627202968561060175e+02 2.609983463515677613e+02 2.621574324672764646e+02
2.639676093710990585e+02 2.637211222471570977e+02 2.627133703380513907e+02 2.631100560497832817e+02
2.634854244120892872e+02 2.640565466635696339e+02 2.618257045861195138e+02 2.640368590740433206e+02
2.617409826778412025e+02 2.622310060793544721e+02 2.596435053288117842e+02 2.633897881666092644e+02
2.754694872226959319e+02 2.759286073220837920e+02 2.746091358731378591e+02 2.764945597127065753e+02
2.559614958141056036e+02 2.565155636314773915e+02 2.557641244587830727e+02 2.565663978964164471e+02
2.764458836492571550e+02 2.758966893950762369e+02 2.739425036798310771e+02 2.765957623214469550e+02
2.853147834522005724e+02 2.856387180539177280e+02 2.830069119484782618e+02 2.853284650415544093e+02
2.544784096588702766e+02 2.551564340678710323e+02 2.532890015562437611e+02 2.551796623845955594e+02
2.583784885076760816e+02 2.580858225192950499e+02 2.577712352594526237e+02 2.582126996111434210e+02
2.780881574132712899e+02 2.783753745066984493e+02 2.760110525031368525e+02 2.787525684071247838e+02
2.641746071150912485e+02 2.642592301372317820e+02 2.627152013736624667e+02 2.642828433783498099e+02
2.633647940099547782e+02 2.630826283436339281e+02 2.617533817924298205e+02 2.627190862771134334e+02
2.858234877212747733e+02 2.862661395190248186e+02 2.838208059489420521e+02 2.866452189759552311e+02
2.674741222753695524e+02 2.679590330943673280e+02 2.654393398242740432e+02 2.674994596332343235e+02
2.569130382612344192e+02 2.568938754267309150e+02 2.561857152724645630e+02 2.573391402060130986e+02
2.561361722218335331e+02 2.561367021870406120e+02 2.550851425872738503e+02 2.560598610241782467e+02
2.563697073022142945e+02 2.565558500614863533e+02 2.557041991602479243e+02 2.567470062210867354e+02
2.569795403066277117e+02 2.575417185657543655e+02 2.560228727149325323e+02 2.575464995583726591e+02
2.629100623703812403e+02 2.627549526739055636e+02 2.621606530643435917e+02 2.635724752833247635e+02
2.545775714389547204e+02 2.549161986845169565e+02 2.541191071144191369e+02 2.550795615551616038e+02
2.650296561686896553e+02 2.647084221092213738e+02 2.633854993809678717e+02 2.651898909273434697e+02
2.550328241643800027e+02 2.555377063984570896e+02 2.549857581525261310e+02 2.557239859873194519e+02
2.662417366140101649e+02 2.664858318284291272e+02 2.649128304710138195e+02 2.670270613351320321e+02
2.566945028501790489e+02 2.568271114998826192e+02 2.567099050736860022e+02 2.571901249508252931e+02
2.724025983764463490e+02 2.731907127654602618e+02 2.712157250239659447e+02 2.732357874995043403e+02
3.020287794356630116e+02 3.016412416388271254e+02 3.013765078578913403e+02 3.014081080190490525e+02
2.626519141909003565e+02 2.625065032987846507e+02 2.611118108632248322e+02 2.628565951738353306e+02
2.539894377563786065e+02 2.545383719062959642e+02 2.535095737588038389e+02 2.542505305824348341e+02
2.630482550570130229e+02 2.636521673938162280e+02 2.622128417909735845e+02 2.637052238542827922e+02
2.589608752294468559e+02 2.587057575014607096e+02 2.586062358994439592e+02 2.591512703755182656e+02
2.639017145986248352e+02 2.638144623044007062e+02 2.627041395526940164e+02 2.642789879947868599e+02
2.593671310235330907e+02 2.596733522089937765e+02 2.583654091345424035e+02 2.591399990674105993e+02
3.037739379049037893e+02 3.036520870121150892e+02 3.027928455931460689e+02 3.039425792018370203e+02
2.557988053827150452e+02 2.561677724301430885e+02 2.546427265614126441e+02 2.564022260538480396e+02
2.659822837002267306e+02 2.665218257151904027e+02 2.650323048272744018e+02 2.661109086257923195e+02
2.578279093242896920e+02 2.584651325188861506e+02 2.573620153959478785e+02 2.585622989487699215e+02
2.559452406922513887e+02 2.565830289500302683e+02 2.561756687988406611e+02 2.571367696328111947e+02
2.660395353486988483e+02 2.667554780139408876e+02 2.649602268776707206e+02 2.668918942147489020e+02
2.529318758786473325e+02 2.530728675311423217e+02 2.522140732409147574e+02 2.532317720490909778e+02
2.642960488447730540e+02 2.656058845120050478e+02 2.622343292231616942e+02 2.655892375779164922e+02
2.832919534927959830e+02 2.841916096523748934e+02 2.810579292962410705e+02 2.838766123148180327e+02
2.598421053973299877e+02 2.607269354001988404e+02 2.599891608726351251e+02 2.600887642283625496e+02
2.729451194701724148e+02 2.737095199145213087e+02 2.709334136769522843e+02 2.737753680998735604e+02
3.003309578555337680e+02 3.004842637730253045e+02 2.996046180684285218e+02 2.989953104668449555e+02
2.874391232422184999e+02 2.891058226992836353e+02 2.862382595126663318e+02 2.882569880191274478e+02
2.770402769469915825e+02 2.764998584682371074e+02 2.745589498727872524e+02 2.773708164529778628e+02
2.575317124659139836e+02 2.571146169843131020e+02 2.567764360146422860e+02 2.582375333177524794e+02
2.767589616359411480e+02 2.768857917390707257e+02 2.747295414086350434e+02 2.775291669825072631e+02
2.632153381917777892e+02 2.633371927128564494e+02 2.618619002806037770e+02 2.639408262649252492e+02
2.608125782819436722e+02 2.609823942039602116e+02 2.605156247060963892e+02 2.612984261168285798e+02
2.537965999584783674e+02 2.539148299590761724e+02 2.532416328173719364e+02 2.541853679418260583e+02
2.562097373646151368e+02 2.564103287778879121e+02 2.556407978469764259e+02 2.569126132051293325e+02
2.634559543839948219e+02 2.643348407349920421e+02 2.621554133726650662e+02 2.648937295440204593e+02
2.656524411359756641e+02 2.660441333832144437e+02 2.642550348372632243e+02 2.666917706034419098e+02
2.622634157112246385e+02 2.625863274508839709e+02 2.610984227982739867e+02 2.627807699818430365e+02
2.720827954256902785e+02 2.718197532490023605e+02 2.706687480414136644e+02 2.723362508070630952e+02
2.592734569939344169e+02 2.589789707823382514e+02 2.583125000571701548e+02 2.601311568617329613e+02
2.826824536312645932e+02 2.840108156979977139e+02 2.807531433261022471e+02 2.833615508805471563e+02
2.620713084755658997e+02 2.624622005791047741e+02 2.603507388576657604e+02 2.623823112717008144e+02
2.583042907415069180e+02 2.576635500232032996e+02 2.564883519207139670e+02 2.583498982274745686e+02
2.699865494458631474e+02 2.706902502826225714e+02 2.691236606001473319e+02 2.705207280361992161e+02
2.700629643843696499e+02 2.706650898226557160e+02 2.674893979926643510e+02 2.699575618039381766e+02
2.662653229489645241e+02 2.660653226296879552e+02 2.642058890057523399e+02 2.665239268502927530e+02
2.888167404001781620e+02 2.886407131030243249e+02 2.865952892141017401e+02 2.885555126809555304e+02
2.770790903140119212e+02 2.777490823978820345e+02 2.750624497723717923e+02 2.779793876288552497e+02
2.652012894949387487e+02 2.652752360715329019e+02 2.634333931846708197e+02 2.647214154356052518e+02
2.793538324518301010e+02 2.796923513001697188e+02 2.770050948879093085e+02 2.795862471923591670e+02
2.599046943466378821e+02 2.599791196325978717e+02 2.589102177732598307e+02 2.604831177448209587e+02
2.557911644013582304e+02 2.560431197679322395e+02 2.549103584536142364e+02 2.562243153861465430e+02
2.586871783559259939e+02 2.583354010002042287e+02 2.573705804449203356e+02 2.588588058795235725e+02
2.594265647726235784e+02 2.591504089045914725e+02 2.579302832744632497e+02 2.601435127054278951e+02
2.914770788922538713e+02 2.908393385041463830e+02 2.892593501674401750e+02 2.915007852597100850e+02
2.562944938778202868e+02 2.565046459979490123e+02 2.557484962505472765e+02 2.564452864197776307e+02
2.617438838711557310e+02 2.619232922858129768e+02 2.611896289553350812e+02 2.614448035709558553e+02
2.577768669342473800e+02 2.579246369159804999e+02 2.566591984181195585e+02 2.578751376853528541e+02
2.725293296279236301e+02 2.728202742046676690e+02 2.698333483424327142e+02 2.733807591088506683e+02
2.589675746129984191e+02 2.587906864293055378e+02 2.574944206161368356e+02 2.590424992818972783e+02
2.961286276138125686e+02 2.973149536343992736e+02 2.948782421830991325e+02 2.959879813973303158e+02
2.775077833292202740e+02 2.781216819143206749e+02 2.751029635880967703e+02 2.781091307671670734e+02
2.643675305667987345e+02 2.652851340562182827e+02 2.623860819422559985e+02 2.653836841170896150e+02
2.544078194811414733e+02 2.551455038887443720e+02 2.540757761750099064e+02 2.549876605634428302e+02
2.605083045357282003e+02 2.604912755609749411e+02 2.601763553191228198e+02 2.602585547990817645e+02
2.598324056649818203e+02 2.596262608930643978e+02 2.586006451406296947e+02 2.603071876490522527e+02
2.777524043703434131e+02 2.783633006211387624e+02 2.745462420366982315e+02 2.781532119316327680e+02
2.588935494330431197e+02 2.595797152154395349e+02 2.579485850368172350e+02 2.595377773170943669e+02
2.616553199371338110e+02 2.617999160124469427e+02 2.608243214305613833e+02 2.619621312565461153e+02
2.980898558615040201e+02 2.984033239918977642e+02 2.970775807777990849e+02 2.984567294438368208e+02
2.569909270099590231e+02 2.573355422342568204e+02 2.550465920204434838e+02 2.580438461757184427e+02
2.595171244473789329e+02 2.599067847045074586e+02 2.587251446455097721e+02 2.596969553075340400e+02
2.609868864430845861e+02 2.619938143825143015e+02 2.603673875753057132e+02 2.617950776185185759e+02
2.574390006754761657e+02 2.578856300498426890e+02 2.571097412760580028e+02 2.580360481916081312e+02
2.678698087249271680e+02 2.685481105007507949e+02 2.668854772954433088e+02 2.695131717357668890e+02
2.604963710869672013e+02 2.605656541002801418e+02 2.598558216280149509e+02 2.608039774379926143e+02
2.597436024412889424e+02 2.598232975562975753e+02 2.590022784809391396e+02 2.600125740309889011e+02
2.611360659037238179e+02 2.609238872127166928e+02 2.606323988634995885e+02 2.607596574996767345e+02
2.864454132714590173e+02 2.868522755541629294e+02 2.848337169980130170e+02 2.862637347614838177e+02
2.590676648314628778e+02 2.593565637185966466e+02 2.585802070992965014e+02 2.601050142255190281e+02
2.545025508951832762e+02 2.545120594487829919e+02 2.537248530255034211e+02 2.548581237521088951e+02
2.552769969513994681e+02 2.547168074147008667e+02 2.544861287191298231e+02 2.556008017983635057e+02
2.557690942148159365e+02 2.560913185883502479e+02 2.546002783865192214e+02 2.557666191342192690e+02
2.533194483591870778e+02 2.531260415194714142e+02 2.523066322868045006e+02 2.532732751653433070e+02
2.718285077255746387e+02 2.718171482512942703e+02 2.691106451214507729e+02 2.716665268911145859e+02
2.612890978635325041e+02 2.619678232628729120e+02 2.586682806124068179e+02 2.615649282548295105e+02
2.577334059490275422e+02 2.583235279877663970e+02 2.574242050979227088e+02 2.585981039438666471e+02
2.707045063590481959e+02 2.710092533528346621e+02 2.685191259504636605e+02 2.702536404290619885e+02
2.623404447760187281e+02 2.633076789538886260e+02 2.606081657866380397e+02 2.639511563462517643e+02
2.651348907316312875e+02 2.656883340747281181e+02 2.639452636184117864e+02 2.663432187537488858e+02
2.635698750044173835e+02 2.637074560045990097e+02 2.628718075110493828e+02 2.638180376840879831e+02
2.658768566876818227e+02 2.664825757592990385e+02 2.643794371253239319e+02 2.662332475249014010e+02
2.577921043384049540e+02 2.578377241951310452e+02 2.575888567804870490e+02 2.578868416186576837e+02
2.599469732832493492e+02 2.600045693113940501e+02 2.604334844619594946e+02 2.604048738655362172e+02
2.571670118073499793e+02 2.568095492532133903e+02 2.557691275212965252e+02 2.570126829408321782e+02
2.685509511057850318e+02 2.688933165174460669e+02 2.670506680015275265e+02 2.687454978615965615e+02
2.905987620689120945e+02 2.915943928776742951e+02 2.892154870359585743e+02 2.909965113754275308e+02
2.560291411129234689e+02 2.563443983888420235e+02 2.556571675085412494e+02 2.567637379827478412e+02
2.677131471530605609e+02 2.674219824415545759e+02 2.658144674845309510e+02 2.675631841530703241e+02
2.656330106629463330e+02 2.653337069380700086e+02 2.640934641198830946e+02 2.658680721027328673e+02
3.030637628198556968e+02 3.031777313697732552e+02 3.018828656202152274e+02 3.017532522445761174e+02
2.584493885898784242e+02 2.585474448068162587e+02 2.575409558042777007e+02 2.592693102013971043e+02
2.733603594042861005e+02 2.735527718197773765e+02 2.708376513293344487e+02 2.731795241142847885e+02
2.902673847694949245e+02 2.917935635019894676e+02 2.873350461366230206e+02 2.903269297783733123e+02
3.049924947288827752e+02 3.047923281903545103e+02 3.030821798781160510e+02 3.049341804866390930e+02
2.907745551576423395e+02 2.900445008509234412e+02 2.887827255029477556e+02 2.905525122471104851e+02
2.959752009646606439e+02 2.951263947703161534e+02 2.935186870563575781e+02 2.958042341227194925e+02
2.640626899851812937e+02 2.645242859035174092e+02 2.624455813026087299e+02 2.647173874062928576e+02
2.540089689018215608e+02 2.538206715931140423e+02 2.528434904801448511e+02 2.546255639919361329e+02
2.631658685003206415e+02 2.626476788066385666e+02 2.620617858078213089e+02 2.626563696893119300e+02
2.836462635423440020e+02 2.834862540881952100e+02 2.813128543122428482e+02 2.836468490998210541e+02
2.596304876130170669e+02 2.594262915197622874e+02 2.589574946074378090e+02 2.595856265453804781e+02
2.579011007305969656e+02 2.585633731561729292e+02 2.575715358418821666e+02 2.587488520811443777e+02
2.599321950083369188e+02 2.600627741789817833e+02 2.589043190209043814e+02 2.599958908472589769e+02
2.729507909920822613e+02 2.739008793844196248e+02 2.703159395651821342e+02 2.727396735843777265e+02
2.816049378693094809e+02 2.838570082329509319e+02 2.809138176103315345e+02 2.827180343832967537e+02
2.594253904587819761e+02 2.594064406875029363e+02 2.590365300460265985e+02 2.595861251471086462e+02
2.599739426129617641e+02 2.608326137795642126e+02 2.594321160681537890e+02 2.601861920865065940e+02
2.599757528294660460e+02 2.604204852104511474e+02 2.587347205264281911e+02 2.600955303481404144e+02
2.635384829177025949e+02 2.642777198202267641e+02 2.619194045292620103e+02 2.640130283881899800e+02
2.747753691735701977e+02 2.760312201776401935e+02 2.729960286037631363e+02 2.769170076679915269e+02
2.628194618132417872e+02 2.630974600856334860e+02 2.612257117366254988e+02 2.634814068111280676e+02
2.742525796734663572e+02 2.751360561296813785e+02 2.727646539110843378e+02 2.748020571367206344e+02
2.664209785879533570e+02 2.663261999417489960e+02 2.647753005585512369e+02 2.667033647579832518e+02
2.561284528133731442e+02 2.561195069630081775e+02 2.554048187357824986e+02 2.563099752326215253e+02
2.617318621331329496e+02 2.613925540580922302e+02 2.601157446801573769e+02 2.618412710498462275e+02
2.728747151533390252e+02 2.736209716750735197e+02 2.717566216974067856e+02 2.746243845407332174e+02
2.625802139678784215e+02 2.623028382760516592e+02 2.598346499613876972e+02 2.630084513366673491e+02
2.593145510770152669e+02 2.598418043594933238e+02 2.585452510924419585e+02 2.602972636587252850e+02
2.622321109194566588e+02 2.627829470226222384e+02 2.616095528861189337e+02 2.629080500131489089e+02
2.639584231972288535e+02 2.636451863064752956e+02 2.621756680875816983e+02 2.644794381818809939e+02
2.524566466175890866e+02 2.528066155066876206e+02 2.520916240669622539e+02 2.526923925678318597e+02
2.943770664704198907e+02 2.947758985529854385e+02 2.928891284366789591e+02 2.941546477812102012e+02
2.542927873249939239e+02 2.542747827767894648e+02 2.533503473474495138e+02 2.542204538699384386e+02
2.715481153930232949e+02 2.714095223760141380e+02 2.690513741274936024e+02 2.720401500122911216e+02
2.744152446524137758e+02 2.746049186816513270e+02 2.723822581857145337e+02 2.747423660524252682e+02
2.523309476576817474e+02 2.525619554912175317e+02 2.515276793537779554e+02 2.526410511581289313e+02
2.964139755318435618e+02 2.976862588952350848e+02 2.959718186471160948e+02 2.957738810148451876e+02
2.615045106889192539e+02 2.617110682348862269e+02 2.603096706503729365e+02 2.614902714421443193e+02
2.572487152445925744e+02 2.577260758567770722e+02 2.562517046966062821e+02 2.573536643147656378e+02
2.591268375125065972e+02 2.593606376693785478e+02 2.576394161628031156e+02 2.592336653880634003e+02
2.559670700793043636e+02 2.561020813992923308e+02 2.553535409154601439e+02 2.559045257395077329e+02
2.598471884090814115e+02 2.600567899306195727e+02 2.595867007871634087e+02 2.597895731052288966e+02
2.528169149392704185e+02 2.530295085014448375e+02 2.524488583385478080e+02 2.534335222662533056e+02
2.619972467582002196e+02 2.621779958267571828e+02 2.610503959414314181e+02 2.624451633011615854e+02
2.550947318202286169e+02 2.553681576760718315e+02 2.547484432632717244e+02 2.558218655002560524e+02
2.599254528856179149e+02 2.597329379391932775e+02 2.586997694092540883e+02 2.599227875562887107e+02
2.620907366861674177e+02 2.624514159085724145e+02 2.621075001973009648e+02 2.628207520509166102e+02
2.584985399949587759e+02 2.587030442557179981e+02 2.585278258563342888e+02 2.582904933534678662e+02
2.574574285637131652e+02 2.571359981602003018e+02 2.565829866229653362e+02 2.573026638588175388e+02
2.586578736541283661e+02 2.591360789195422285e+02 2.573857249418508104e+02 2.588910573897023824e+02
2.639910153398257648e+02 2.637348698938121743e+02 2.628854403787017873e+02 2.636939838409884942e+02
2.595762755576344034e+02 2.599795914202856011e+02 2.591899176957458621e+02 2.598416274795424670e+02
2.564719518974700918e+02 2.570477584895626251e+02 2.560197002510834636e+02 2.566291010467207911e+02
2.587104670388827117e+02 2.588696154402682623e+02 2.583132732799079463e+02 2.595880904547146883e+02
2.662836572603245031e+02 2.660797275032923608e+02 2.644734136459467777e+02 2.673961124372464155e+02
2.737202670012142676e+02 2.739686408887952780e+02 2.714588534711044190e+02 2.737947209563238289e+02
2.576354337314795089e+02 2.578905622700075355e+02 2.569425044652152792e+02 2.578691145107955549e+02
2.634986487648315574e+02 2.637975096913970106e+02 2.622806657768948071e+02 2.636551096879941838e+02
2.657635621312648482e+02 2.666902575968290421e+02 2.646906360036257979e+02 2.663623829836723758e+02
2.711499855180990153e+02 2.711923819415536059e+02 2.687527246969271459e+02 2.713448894321381317e+02
2.699390738299912869e+02 2.709222870325426697e+02 2.683521810260257894e+02 2.707172196527977803e+02
2.688396794654113933e+02 2.688951369138095515e+02 2.662618378442947460e+02 2.694349040790262393e+02
2.625520264886382051e+02 2.624758586499344233e+02 2.610272674693304680e+02 2.629773565443535404e+02
2.609555892007182933e+02 2.599210993060384567e+02 2.587339708452257128e+02 2.606970183999091546e+02
2.576961896290056302e+02 2.581170990782658805e+02 2.576079169626774501e+02 2.582615106084483045e+02
2.554074359568013222e+02 2.557624385923640773e+02 2.536930079885217708e+02 2.558488157351342238e+02
2.655988190933655915e+02 2.656839457040346133e+02 2.634821921437057881e+02 2.661065993208616192e+02
2.619489501732829808e+02 2.615356461922573885e+02 2.608063429479679485e+02 2.621847216098766467e+02
2.688521398447670094e+02 2.692888687719005247e+02 2.670869725141956224e+02 2.699857429295383895e+02
2.633353829209865467e+02 2.629940691438245608e+02 2.615650742133902327e+02 2.638812986071359887e+02
2.576202833591379431e+02 2.574610981193687280e+02 2.564076162300280544e+02 2.578168415968762588e+02
2.550672472941329545e+02 2.550583525999148549e+02 2.544534857759303179e+02 2.554309582223476980e+02
2.774397477197306330e+02 2.795466759445489515e+02 2.754505432291799707e+02 2.787556644716963206e+02
2.750984364433636529e+02 2.754747642719569853e+02 2.728626136042134362e+02 2.751671984334015519e+02
2.569978833292241802e+02 2.571848729172755270e+02 2.562821385455669088e+02 2.578908023430909111e+02
2.619991858517207675e+02 2.629589713141378411e+02 2.611460303031651620e+02 2.631990769196746101e+02
2.927235918137136537e+02 2.921723422687285847e+02 2.909779639330573673e+02 2.924291898651153474e+02
2.838623065371813254e+02 2.833433101770427243e+02 2.813484233919751318e+02 2.824687495646865045e+02
2.706248243108138354e+02 2.708738675179043867e+02 2.686032222226917270e+02 2.713028470448597318e+02
2.645256147414659154e+02 2.651000932718650347e+02 2.640103030203824233e+02 2.649935746629730602e+02
2.622946820698923034e+02 2.630227597414707930e+02 2.612624585786387001e+02 2.626948793292950768e+02
2.548690731127303764e+02 2.548866240921498729e+02 2.539000048921078019e+02 2.550654747817179100e+02
2.621160810761048765e+02 2.620462669483722493e+02 2.609324479229392182e+02 2.627429819939050617e+02
2.578227569732877669e+02 2.581317925461344771e+02 2.565853001003503095e+02 2.586430766791357883e+02
2.566331958329487861e+02 2.572288359176022254e+02 2.560375173465852185e+02 2.572937435304307314e+02
2.868404136507861608e+02 2.865443332508593244e+02 2.844939815028058092e+02 2.872065363048285462e+02
2.640382175769050832e+02 2.637603663708620729e+02 2.628114548622385200e+02 2.646476718690601047e+02
2.597749155135450110e+02 2.602862100232791249e+02 2.576404013770574011e+02 2.615807324721606619e+02
2.772026264079767088e+02 2.775346977378640645e+02 2.751987526443883212e+02 2.782952284291417300e+02
2.770264819762793991e+02 2.773486422992971256e+02 2.743081050596179580e+02 2.769645218006673417e+02
2.587553757837836770e+02 2.589529728916573390e+02 2.578854545709471040e+02 2.593426709750392547e+02
2.554994066548986780e+02 2.555740188385926785e+02 2.550799121576430935e+02 2.559504264991638536e+02
2.989479046058478957e+02 2.993802260379974314e+02 2.983474670714636545e+02 2.983348329338508051e+02
2.609493376294664131e+02 2.605813628004058273e+02 2.594027899046894845e+02 2.605683470528469456e+02
2.618883458850698958e+02 2.620387496516174792e+02 2.606919032452133820e+02 2.622510471742323261e+02
2.571139751408750271e+02 2.570518710902741191e+02 2.571600379627196844e+02 2.578678450567900313e+02
2.558858345446565181e+02 2.558228421537158965e+02 2.552361848239892481e+02 2.563539180285498560e+02
2.733705322778830578e+02 2.734534296320411499e+02 2.705789435173861079e+02 2.724612622474043064e+02
2.833517315732469228e+02 2.833589041847482122e+02 2.798545736130534465e+02 2.832032718968995937e+02
2.758117729353454024e+02 2.756278648490703063e+02 2.733142704747465928e+02 2.762266655818179970e+02
2.557124269630841695e+02 2.557598409277215410e+02 2.544536432267500743e+02 2.562442654009582839e+02
2.821161768806715031e+02 2.811731706318367969e+02 2.802927260536522454e+02 2.816461569615994449e+02
2.746273676020524590e+02 2.754031462120590845e+02 2.725251375646709562e+02 2.764079282777668141e+02
2.591744825532207983e+02 2.594850332957933574e+02 2.587761409113169293e+02 2.597186208143713770e+02
2.531679163417165341e+02 2.531949434761216366e+02 2.520781259620523826e+02 2.533407938399778629e+02
2.572848074169114625e+02 2.574186075355897856e+02 2.562148119904258579e+02 2.571391185485560413e+02
2.550310849512931668e+02 2.550438446888699389e+02 2.538215815594272442e+02 2.552437506057511314e+02
2.921139549786618659e+02 2.909172441154179864e+02 2.909772149492928293e+02 2.916233274346574831e+02
2.555191270557201619e+02 2.563674780714840153e+02 2.551253130801643749e+02 2.563872141541585847e+02
2.628985795949023441e+02 2.629071724609726175e+02 2.622680606847898730e+02 2.638342644096022696e+02
2.644009209224299752e+02 2.641635997615914562e+02 2.636590887129671614e+02 2.647083699622677955e+02
2.633617453108295194e+02 2.637199093869126045e+02 2.622273462495267609e+02 2.644053812683559954e+02
2.584472881342246069e+02 2.578187468385986563e+02 2.569633695241020632e+02 2.583369254562519473e+02
2.567241299731217623e+02 2.567422902241556244e+02 2.565952104024905225e+02 2.568099833724570544e+02
2.560328743777259319e+02 2.566948857725495259e+02 2.551367932461372732e+02 2.562576759012452499e+02
2.615222508726919841e+02 2.622727983851257250e+02 2.613754819852449032e+02 2.621603705815630860e+02
