2.536596486048643726e+02 2.539705399956418432e+02 2.527339135343270584e+02 2.539852272375218831e+02
2.539821278854930426e+02 2.541600877119188340e+02 2.529633658875131914e+02 2.543938494526335035e+02
2.548524715063046528e+02 2.549337208420635079e+02 2.544360066685794663e+02 2.551351713103981922e+02
2.527379076654483185e+02 2.528622150084353279e+02 2.522838763284416075e+02 2.534161398961499287e+02
2.657016841902983515e+02 2.664830964157011408e+02 2.650470249123579265e+02 2.668118632394698579e+02
2.597956363342410668e+02 2.600573777929844255e+02 2.585633617472357173e+02 2.601010742948047323e+02
2.553019759587739088e+02 2.548941433448032114e+02 2.546130051063868223e+02 2.551021519781502320e+02
2.801068062005026604e+02 2.806499270627502369e+02 2.775120003792793568e+02 2.802899382227006981e+02
2.533279679800565134e+02 2.539947493394644198e+02 2.525638295034482042e+02 2.536021295047863759e+02
2.548671380256532188e+02 2.551198425517775377e+02 2.541569565507357709e+02 2.555469769777638476e+02
2.611572370648012793e+02 2.624243639380776472e+02 2.607069890173450517e+02 2.623128107984219355e+02
2.550049473080424320e+02 2.558272980565058106e+02 2.546973335958466294e+02 2.556574833599700582e+02
2.580805492247079087e+02 2.578538808325819218e+02 2.574449051865748856e+02 2.582101394459923540e+02
2.547041945302772490e+02 2.552273883614715260e+02 2.547518341257776342e+02 2.552012846645361890e+02
2.752376932968061851e+02 2.753317690341185653e+02 2.731604890493811126e+02 2.751933254752289031e+02
2.763313653862463752e+02 2.771282851754416470e+02 2.742318153163092234e+02 2.770397465300205795e+02
2.930149404138325053e+02 2.932152592564272027e+02 2.903379057331485456e+02 2.929802826188811196e+02
2.661708682158696888e+02 2.665898043304754310e+02 2.635755801605336046e+02 2.665166673776884636e+02
2.519966919243419454e+02 2.516855413883244523e+02 2.510971987783819088e+02 2.518873301809500447e+02
2.554035986410649173e+02 2.556791791132638991e+02 2.544138600815761322e+02 2.563307206499545146e+02
2.896576881395483838e+02 2.907573380473341444e+02 2.877927367101634673e+02 2.911265962134370966e+02
2.601412661708644691e+02 2.601389482941692677e+02 2.584523808347328213e+02 2.609550988346607028e+02
2.561420201598417634e+02 2.566121178842393533e+02 2.556002428737288881e+02 2.560824661752265001e+02
2.574953282570307351e+02 2.576736788199883108e+02 2.569120890471825192e+02 2.575724476229993911e+02
2.563848744963971171e+02 2.568169875022129531e+02 2.566970841280506761e+02 2.566370337368690002e+02
2.854584128252958521e+02 2.864045561171894292e+02 2.825728547401433275e+02 2.858556512860414500e+02
2.767698443484931659e+02 2.777308196587141538e+02 2.749719561396838117e+02 2.774173703128079183e+02
2.716334629355308152e+02 2.723881455689436848e+02 2.703126417399205934e+02 2.720543429057350409e+02
2.609041072408813875e+02 2.613344106906170623e+02 2.605171956148051322e+02 2.617983458662964154e+02
2.983609369022245801e+02 2.981892937242380412e+02 2.970919615128945566e+02 2.978283917468891673e+02
2.587491061087299045e+02 2.588256266686354365e+02 2.586941910456477558e+02 2.589719029044691752e+02
2.637173288370890987e+02 2.653011243191135691e+02 2.628191820421808416e+02 2.647343910189702569e+02
2.679375304846693098e+02 2.685443640072501807e+02 2.663703587632155632e+02 2.684522680517112008e+02
2.749566037594038335e+02 2.756747373947827668e+02 2.729863789245339945e+02 2.746645872703286955e+02
2.549864853407972873e+02 2.553918657689128224e+02 2.542467226974333698e+02 2.549511746951133944e+02
2.617028622150327806e+02 2.616936405079326846e+02 2.620914171103331114e+02 2.612529621048000195e+02
2.546732530062738249e+02 2.547891079214314516e+02 2.541062877205439747e+02 2.552893311695754335e+02
2.562730179083647499e+02 2.568937023054684801e+02 2.562747360979585665e+02 2.567014657180911286e+02
2.577693046949218001e+02 2.579676059208543393e+02 2.562463339129246833e+02 2.584108636048584913e+02
2.550897037349931509e+02 2.556683212579383735e+02 2.540579959376278794e+02 2.557862465635676870e+02
2.576995027683068997e+02 2.582812449675940911e+02 2.570769435686655697e+02 2.580848805495986085e+02
2.593885759166876710e+02 2.597409380848676506e+02 2.586010774432306221e+02 2.592722260387348001e+02
2.784944926953199911e+02 2.789640889446778260e+02 2.759121023550949303e+02 2.786892575879635956e+02
2.926808031418598262e+02 2.921144530868415927e+02 2.916010780266104803e+02 2.921082404760217628e+02
2.596654438973195056e+02 2.598717510173263463e+02 2.587237591543924964e+02 2.598424145954459732e+02
2.580021099511278635e+02 2.576097709939735410e+02 2.568306951617513505e+02 2.584230379909711814e+02
2.728733419049706868e+02 2.737521564554765519e+02 2.711693522480758247e+02 2.734697962751957334e+02
2.549152258782351055e+02 2.552942802015198254e+02 2.545947320593431584e+02 2.550473854442334698e+02
2.611473187997409582e+02 2.616677662843759435e+02 2.606152491079337210e+02 2.620209200362556885e+02
2.534300010873673159e+02 2.534467501804330709e+02 2.524935767957797452e+02 2.534554634441658720e+02
2.664355983549735356e+02 2.670711172134886624e+02 2.646006335980239328e+02 2.669273507960705842e+02
2.917957077311988314e+02 2.924695827353939990e+02 2.896279376011195836e+02 2.898550235546428553e+02
2.589249113953633810e+02 2.587185272770750544e+02 2.587822496440313103e+02 2.597138341079404995e+02
2.624315168850168902e+02 2.625322374550254949e+02 2.605126758201906227e+02 2.633921241699108009e+02
2.770987816405097988e+02 2.770625531800041585e+02 2.757493143168744041e+02 2.783960795296733295e+02
2.615736282715989773e+02 2.621003067123693882e+02 2.599217859927763357e+02 2.616792309687567126e+02
2.793194753740877445e+02 2.802621895291405849e+02 2.769777646564837141e+02 2.792074397441988367e+02
2.885787081223697328e+02 2.884141259685310956e+02 2.861427377703953994e+02 2.886149634849164727e+02
2.553570614158270757e+02 2.552474462129298729e+02 2.538667974192911174e+02 2.561554852422565318e+02
2.539229484127918965e+02 2.541201564842028233e+02 2.531311593355630123e+02 2.546397107756727962e+02
2.751482070793736625e+02 2.754359111102896804e+02 2.721515281438415172e+02 2.745896953564952128e+02
2.588959679426537264e+02 2.591631087679050438e+02 2.579349490226769035e+02 2.594645839138814836e+02
2.608424830899456879e+02 2.609302509187105557e+02 2.599246097951576644e+02 2.610968440017005605e+02
2.639027392051294783e+02 2.649656976405138948e+02 2.629051662855642917e+02 2.643368657083059361e+02
2.577509356276739254e+02 2.579755356393062584e+02 2.573953671894738591e+02 2.583404919518459906e+02
2.537232898861524006e+02 2.541808904034017758e+02 2.535959224173529378e+02 2.543458145751691859e+02
2.575622208679135952e+02 2.582061123849248361e+02 2.566941660655950272e+02 2.588059677374828311e+02
2.569473003095283730e+02 2.573278159208688862e+02 2.554830676759566188e+02 2.580882676261617235e+02
2.598928605940227499e+02 2.598683579637442449e+02 2.593792354202157071e+02 2.601135539543852815e+02
2.601215602761777177e+02 2.604171255902218149e+02 2.594097097676471435e+02 2.604663593220791995e+02
2.700613658327762892e+02 2.699576785599260234e+02 2.678746427954502565e+02 2.698615724899062229e+02
2.998121607627033427e+02 2.988934660295670938e+02 2.990350604504496914e+02 2.980561123713543452e+02
2.918746399886363747e+02 2.914985204290449587e+02 2.905305100078410305e+02 2.912090308125501110e+02
2.750755855050583705e+02 2.758377486936548166e+02 2.738566525589964158e+02 2.749264407131819326e+02
2.551370395311810455e+02 2.556793144296646290e+02 2.544000235892169428e+02 2.558946278845313600e+02
2.568812993595948910e+02 2.573230541561602536e+02 2.567423850753906436e+02 2.578035042656453584e+02
2.599749601576957616e+02 2.599882133761726664e+02 2.595869578717225181e+02 2.596378294809750855e+02
2.620271091429234502e+02 2.624354644696813921e+02 2.595880009755607603e+02 2.629383825350148527e+02
2.621755044668129244e+02 2.620212716484708153e+02 2.615075554154631732e+02 2.625356177956307988e+02
2.549991562788046906e+02 2.549098308292078059e+02 2.549804717110099261e+02 2.551800915961530336e+02
3.033837483057284317e+02 3.030146095873389527e+02 3.024474331165541230e+02 3.026695124184315091e+02
2.590713289506098818e+02 2.591155989204018510e+02 2.588613146364698423e+02 2.591377599393871947e+02
2.664450288554053259e+02 2.666109792503986569e+02 2.659494935972754206e+02 2.671445816431888716e+02
2.893426684716484374e+02 2.897446021076459601e+02 2.873406308945810110e+02 2.889129940784645783e+02
2.521497144017961887e+02 2.521058335585476584e+02 2.511250557613435888e+02 2.525852481961941862e+02
2.617138423108148118e+02 2.622670285779215646e+02 2.607248977683147473e+02 2.625637704577122236e+02
2.726954550555009291e+02 2.739592344058373214e+02 2.706910852287208513e+02 2.730687710758231788e+02
2.693208521303630505e+02 2.695512580900738726e+02 2.667201898939127318e+02 2.693061138883605850e+02
2.631035378047553763e+02 2.637508653422894440e+02 2.612871249505665219e+02 2.635713922759668435e+02
2.764464772926520482e+02 2.768469076919799932e+02 2.751095676096635998e+02 2.779905670743096380e+02
2.629655152061155832e+02 2.627371734765115434e+02 2.612801987551898151e+02 2.634155602373203919e+02
2.671351251690171011e+02 2.679294362755334191e+02 2.650767290389460982e+02 2.679706233535722504e+02
2.720377772926273678e+02 2.723225774983321799e+02 2.701000500924668017e+02 2.728025032017813487e+02
2.865752186506807107e+02 2.868594993021073378e+02 2.836537068589930755e+02 2.865961287256205878e+02
2.679895660337687673e+02 2.684497159439208644e+02 2.671189437848556167e+02 2.682060219117181532e+02
2.759214162341309020e+02 2.758061321915918143e+02 2.736208967510651178e+02 2.763940344712751767e+02
2.558187046650156162e+02 2.559797268244507791e+02 2.546688464286595490e+02 2.561084334476610707e+02
2.586175551563025010e+02 2.590304629318056300e+02 2.579029772144956496e+02 2.586747536708583084e+02
2.712635961342491555e+02 2.713593658796174850e+02 2.690711420473655835e+02 2.716737873896960878e+02
2.566728568340654988e+02 2.568858666130558959e+02 2.562120749926694998e+02 2.570529901318869861e+02
2.614508997077203958e+02 2.618822938309868391e+02 2.605680167650559724e+02 2.620193224099873532e+02
2.532838341211113118e+02 2.539033927370900017e+02 2.531683041149986479e+02 2.538231083824743166e+02
2.546504509065729849e+02 2.551698945866201598e+02 2.536665513393110132e+02 2.549779258717501591e+02
2.640657501500872968e+02 2.653184593975182111e+02 2.629338306997199766e+02 2.656936381893938801e+02
2.557477380401833216e+02 2.562589672712386459e+02 2.546752364533587638e+02 2.574378643732959517e+02
2.589127743219884223e+02 2.591964098390570257e+02 2.586088014387160001e+02 2.600300465516665440e+02
2.603924907527246546e+02 2.608837362437702723e+02 2.597493463292786373e+02 2.611237398532961720e+02
2.878376166419376432e+02 2.876000842697540065e+02 2.863632311607125871e+02 2.875571517878147461e+02
2.680879308776819130e+02 2.676027754676445056e+02 2.658813936527302531e+02 2.682608077044188803e+02
2.567685463391956091e+02 2.566374265106225039e+02 2.557748178942454729e+02 2.568721974978616345e+02
2.619004845168794873e+02 2.612616576510124560e+02 2.601046770785955573e+02 2.613510125591170095e+02
2.569383594691011012e+02 2.571297827140243157e+02 2.559614922008188103e+02 2.578119453871064479e+02
2.663258043422159744e+02 2.665020184680635680e+02 2.644742182750989627e+02 2.669861488877729698e+02
2.576738470149986142e+02 2.580546237973701977e+02 2.559510150806796958e+02 2.575907080865605963e+02
2.567971472263254213e+02 2.575937750256616141e+02 2.570243932277041949e+02 2.578033737693443754e+02
2.711942477923104207e+02 2.716116607078971015e+02 2.695146396503316737e+02 2.720435667630314356e+02
2.486999977959249009e+02 2.488627683591697917e+02 2.481300694910411835e+02 2.494115660324872863e+02
2.542886570392218744e+02 2.545291211139395386e+02 2.537825036654903386e+02 2.545440826835202870e+02
2.956442654292556540e+02 2.970709373971427567e+02 2.948364792185374199e+02 2.954950259292460260e+02
2.595510210136847604e+02 2.589808736569758594e+02 2.592767319880564401e+02 2.599318770896763908e+02
2.660242251035359118e+02 2.665562777249567716e+02 2.659438483651977663e+02 2.662807035198065932e+02
2.899649745785013124e+02 2.896336693258413675e+02 2.879541365577117062e+02 2.898549761088432888e+02
2.597716404385610645e+02 2.600773105467222308e+02 2.592430635201459381e+02 2.599751477545304965e+02
2.576103420002023654e+02 2.581184909943519301e+02 2.561547446011402940e+02 2.581310681009702535e+02
2.580663094521001995e+02 2.583800747145867831e+02 2.582726784946751764e+02 2.581848092665921399e+02
2.770588847185182999e+02 2.771853039721776213e+02 2.745040290835995620e+02 2.768402382307868379e+02
2.666396101883589722e+02 2.677099916562925728e+02 2.639634038963336025e+02 2.674951906211783239e+02
2.779155096612328748e+02 2.783796068689388790e+02 2.753755861946463597e+02 2.786444541204950269e+02
2.796569938917951959e+02 2.798169807330028220e+02 2.773935686410105745e+02 2.789188772639988656e+02
2.569566457441727607e+02 2.573697033689480236e+02 2.565694401490269456e+02 2.574051457507379155e+02
2.561846829544263642e+02 2.565862108135530661e+02 2.554812600072403654e+02 2.569374630520238156e+02
2.571188550110478559e+02 2.567839122795963362e+02 2.561059343393272343e+02 2.576368388937057148e+02
2.655982292694818057e+02 2.657753170989485056e+02 2.637859353243646297e+02 2.667586490585327965e+02
2.594357114020383506e+02 2.591460635618853985e+02 2.591783518569346825e+02 2.595861294886117321e+02
2.654343869716902873e+02 2.669386723129380812e+02 2.645743581944537368e+02 2.674637738382976409e+02
2.546151462200845401e+02 2.548600925896432443e+02 2.538078153466074411e+02 2.552253638309850317e+02
2.585263870152912205e+02 2.591977332629605826e+02 2.576685920487228714e+02 2.596187170177208827e+02
2.760061801478000234e+02 2.754172932425889826e+02 2.732909603276744974e+02 2.757801471090921268e+02
2.842968716444230495e+02 2.857682008498210848e+02 2.830219373213445806e+02 2.843145729207616341e+02
2.678220630355007756e+02 2.689471386361780674e+02 2.667002904059877437e+02 2.683365025909516248e+02
2.583443834815203672e+02 2.587392343246841619e+02 2.582176716809235018e+02 2.584993547776942933e+02
2.606414733075656613e+02 2.606118413832998044e+02 2.597529559705386646e+02 2.603189715126713395e+02
2.602754107334803280e+02 2.602452463959472198e+02 2.588928310968703954e+02 2.604827540889436364e+02
2.916022467698416563e+02 2.920250020670882805e+02 2.893801825821607281e+02 2.913955090529843801e+02
2.542500357883355377e+02 2.548349571131321341e+02 2.539265200186011384e+02 2.549059683317135807e+02
2.600963616547384731e+02 2.605941460670283050e+02 2.597870991426074738e+02 2.604181262810784006e+02
2.884068307897851469e+02 2.893482997958032001e+02 2.863555575614560098e+02 2.895833665210336676e+02
2.567042246396093788e+02 2.566126870317379485e+02 2.566015248633190708e+02 2.571637323773445587e+02
2.554121168799238148e+02 2.554804858307256836e+02 2.546043680251545709e+02 2.555485329928073384e+02
2.613564833265253355e+02 2.624163865919292675e+02 2.606528147700033173e+02 2.615606030126426162e+02
2.563779400649615354e+02 2.570250767145770965e+02 2.555892505154943422e+02 2.575420893798141719e+02
2.610706996564898645e+02 2.609636010901242003e+02 2.606226739057010491e+02 2.617194675139170386e+02
2.537435527094673944e+02 2.538779210157003092e+02 2.530007728154424456e+02 2.541494090965652504e+02
2.631248193618706068e+02 2.645040429506457826e+02 2.613384646153659219e+02 2.641380962590576473e+02
2.636264240800311995e+02 2.637782280062060636e+02 2.609812087601888493e+02 2.645747037575578133e+02
2.629162405058489753e+02 2.635235038671253278e+02 2.612554872740576570e+02 2.639858025628016094e+02
2.515820419202260894e+02 2.522095037313836485e+02 2.509963230072706608e+02 2.525416724695777191e+02
2.595636974649759736e+02 2.595256669345804994e+02 2.580658911089143430e+02 2.606221763461458067e+02
2.601631723804130161e+02 2.602928453571212231e+02 2.602658429024766065e+02 2.603046164307517643e+02
2.695173365723547931e+02 2.695505416900862201e+02 2.678025699865370370e+02 2.699262390072315156e+02
2.778913435129182403e+02 2.787528617919263638e+02 2.760767140886182460e+02 2.791590700196210832e+02
2.640781212587078244e+02 2.646596902065724066e+02 2.630297738156558012e+02 2.654891083026903971e+02
2.557311752829703266e+02 2.556802285417174403e+02 2.551813027549235642e+02 2.561828982970567949e+02
2.648616729782054904e+02 2.653778847916952941e+02 2.632483991213729269e+02 2.651259940603839027e+02
2.558967128306846917e+02 2.556930162802497932e+02 2.549757697391096372e+02 2.560432525203586351e+02
2.651052784288455655e+02 2.654612083006813350e+02 2.632721146776148657e+02 2.665141923733032741e+02
2.982054927985328732e+02 2.974181307235446639e+02 2.961024226518015894e+02 2.971013441754702171e+02
2.737606708376219444e+02 2.735934067626869250e+02 2.710974504039949124e+02 2.740637833293326366e+02
2.589111125654478656e+02 2.599023377212972150e+02 2.586823853798683785e+02 2.596193255416060879e+02
2.555143271132275231e+02 2.560946636968756707e+02 2.551144535510631499e+02 2.561130848598772900e+02
2.542944379988011860e+02 2.544336536293354527e+02 2.538117975734081142e+02 2.547573667712945849e+02
2.937512846607232291e+02 2.941829350162854553e+02 2.926337130578986034e+02 2.935130815790067800e+02
2.611744757380988631e+02 2.617171971545432143e+02 2.605004832903234160e+02 2.625136033650552463e+02
2.696051081094299775e+02 2.702110565216866007e+02 2.684116899481383598e+02 2.703150718337005287e+02
2.713106876314759006e+02 2.717536471122625130e+02 2.694714198517725663e+02 2.722281485881895264e+02
2.581863258854809260e+02 2.585233486557054334e+02 2.574731867556157567e+02 2.583975454453591851e+02
2.562443461717211903e+02 2.567297490548314727e+02 2.559552594097041265e+02 2.566008768870749464e+02
2.630140730517905467e+02 2.639876139518714808e+02 2.612011156285744846e+02 2.634240411580958607e+02
2.559335190159009414e+02 2.568146267300022032e+02 2.560611547141417077e+02 2.561279180519737224e+02
2.568211431366863735e+02 2.572095735602370041e+02 2.557266215399899920e+02 2.575736276197790176e+02
2.549292822504216076e+02 2.550395595427044952e+02 2.546218573995158181e+02 2.549120257577337725e+02
2.556127749423178273e+02 2.562580451312785499e+02 2.549254115818135347e+02 2.554838760577925143e+02
2.782222771200498528e+02 2.776933785865437017e+02 2.753828939985155557e+02 2.786185977804890967e+02
2.602864325521451860e+02 2.609955151205240895e+02 2.583508504550891303e+02 2.604560718663767034e+02
2.697464669551001748e+02 2.694802847458824999e+02 2.680475510818090470e+02 2.698470296820898966e+02
2.992247095902099545e+02 3.005613847033170032e+02 2.994817513928058474e+02 2.977121929450093489e+02
2.547812717407633158e+02 2.550223204704684576e+02 2.536303075986384101e+02 2.553474539829791468e+02
2.522475246468684986e+02 2.522272885271119378e+02 2.515665754926858995e+02 2.524517517915932672e+02
2.788410922345150880e+02 2.794524841384138654e+02 2.760628400778242053e+02 2.799914111685278613e+02
2.548387846895791142e+02 2.549238751375775109e+02 2.540063466367642206e+02 2.550816906192105193e+02
2.596754642292591484e+02 2.601808668195557743e+02 2.583596625425370803e+02 2.605580020610404404e+02
2.592922143538617092e+02 2.591659982322785254e+02 2.573161194694152414e+02 2.596929070299058253e+02
2.545302526272506327e+02 2.551814946067331675e+02 2.543466996477564805e+02 2.554032317082384793e+02
2.564280143586445888e+02 2.567858150098273882e+02 2.550445638398235815e+02 2.570995380528204350e+02
2.581704194899364211e+02 2.578108555738601808e+02 2.572554673251502209e+02 2.579128237278449660e+02
2.589121496518644676e+02 2.590283564736234894e+02 2.590258098245435008e+02 2.588391171962352360e+02
2.742934778077155897e+02 2.741639178923571194e+02 2.727772885181030915e+02 2.743785364206005966e+02
3.008851954164760514e+02 2.999967108407137175e+02 2.986890827718492005e+02 2.993354447206544933e+02
2.689039873623954122e+02 2.691152378065266930e+02 2.654981407944976581e+02 2.690111782795112845e+02
2.697106619872637907e+02 2.682681383005529483e+02 2.669580531699193102e+02 2.699760359928818616e+02
2.930088122192768765e+02 2.936210572049441225e+02 2.916939127497505524e+02 2.925032265294867102e+02
2.559244071447011208e+02 2.563656932245586404e+02 2.548437408018127996e+02 2.566169917278710386e+02
2.590396613892205551e+02 2.597802291591339099e+02 2.583912799638054025e+02 2.597547785085841952e+02
2.653925590750829429e+02 2.660557853812011899e+02 2.642758014584692887e+02 2.657776741202221160e+02
2.556692778206375181e+02 2.554550376466658861e+02 2.543699736788109647e+02 2.561046811594619044e+02
2.847831091562504184e+02 2.846481373873175471e+02 2.831158544484501931e+02 2.851729386815350722e+02
2.657405117061395003e+02 2.664004994318827357e+02 2.641619632770446628e+02 2.666545914398528794e+02
2.732947810177643078e+02 2.737078880106168413e+02 2.710376359073565027e+02 2.734395866057739681e+02
2.592337651707032933e+02 2.593898186016066916e+02 2.572788150766018020e+02 2.599642739321222393e+02
2.714773103873840796e+02 2.725093557917999760e+02 2.695489091197829907e+02 2.722781567981481885e+02
2.579723605190870899e+02 2.576918358364713981e+02 2.576269120936601666e+02 2.577153858156132742e+02
2.628442081161815054e+02 2.638534953140752464e+02 2.606724778373757090e+02 2.622605497380167776e+02
2.655430286764558900e+02 2.651557900374508563e+02 2.640017586974137203e+02 2.647420124304522915e+02
2.637927463052358803e+02 2.638592583170784565e+02 2.636720478609490783e+02 2.639670631503025220e+02
2.570136388889072805e+02 2.573474392507589528e+02 2.560865507329771162e+02 2.574399558896977283e+02
2.562603539363493041e+02 2.564102135602057047e+02 2.561977738971438043e+02 2.563687930210330137e+02
2.557746224077799866e+02 2.560947895341797675e+02 2.547079102535172979e+02 2.562008843302781429e+02
2.589324103220900497e+02 2.593263888391527416e+02 2.581597609798137114e+02 2.594873882077081930e+02
2.681368661721974718e+02 2.678000072855555800e+02 2.656834637115820783e+02 2.678919474549169877e+02
2.549220563558206152e+02 2.553070254756523525e+02 2.545341213076914926e+02 2.555533884703619947e+02
2.519105085145369571e+02 2.520914131568534629e+02 2.512474541586727810e+02 2.525818007276202763e+02
2.555992029005735731e+02 2.550345358082707037e+02 2.538090818074603874e+02 2.561482952196486735e+02
2.586545781729832925e+02 2.597225993396020272e+02 2.589514737258505193e+02 2.591924949195009162e+02
2.794320608412004958e+02 2.803964363045079722e+02 2.774063612467584221e+02 2.810355221238498871e+02
2.850267813118023241e+02 2.855381896048157273e+02 2.849012429136801643e+02 2.855751759151302736e+02
2.664015770004053252e+02 2.661358734339199827e+02 2.638566611693741493e+02 2.666578801891952253e+02
2.706112002658346114e+02 2.708917655199247179e+02 2.692022696915293523e+02 2.712795370496385772e+02
2.642698431094269722e+02 2.645159469408327482e+02 2.625088622491550723e+02 2.651039102919426114e+02
2.557152956166070226e+02 2.559276345862104449e+02 2.548042025805087007e+02 2.555491547434049835e+02
2.586929091329734547e+02 2.592920938432300204e+02 2.584344858747863896e+02 2.586149899154934246e+02
2.585489862924147815e+02 2.587055470803582011e+02 2.568911878170314935e+02 2.587729840221952031e+02
2.611527127890041129e+02 2.616046803329104478e+02 2.602783238653146896e+02 2.616707230702751872e+02
2.538831577564260158e+02 2.538380678924632718e+02 2.534742680957920129e+02 2.542083104243189382e+02
2.589782687950369677e+02 2.591583816071698152e+02 2.583077923820284809e+02 2.596065001592840531e+02
2.618984093166857292e+02 2.621978469925735453e+02 2.601203045737875641e+02 2.621518654150062275e+02
2.517510258484990118e+02 2.516541852292124588e+02 2.510703586578946158e+02 2.525888512296893964e+02
2.527822315924014731e+02 2.532034270293432314e+02 2.518934404682400725e+02 2.534629865666277340e+02
2.582930680812166315e+02 2.580368798113826756e+02 2.575131263679875815e+02 2.586267142090896414e+02
2.557539463750584900e+02 2.558283841784554795e+02 2.550419255657466522e+02 2.565438220696594840e+02
2.579290521234080416e+02 2.585136853577482157e+02 2.574213239236984236e+02 2.586567615859196962e+02
2.582266190357231039e+02 2.574688655181446961e+02 2.571903999319034142e+02 2.579749901546755950e+02
2.791162209595038917e+02 2.794589322411716807e+02 2.764022165166302329e+02 2.801306676736114127e+02
2.663461038975813153e+02 2.666336525341546917e+02 2.643004855772868495e+02 2.667437887927557654e+02
2.627327852058635358e+02 2.638517383102127951e+02 2.617453895874843397e+02 2.637437281235235105e+02
2.580030027524572347e+02 2.575081349996079894e+02 2.568330114931752064e+02 2.578113666404380524e+02
2.552187864420070014e+02 2.554491429301949950e+02 2.534330569166570228e+02 2.551440522979817445e+02
2.549435440548894007e+02 2.544958952057866952e+02 2.543491710396657481e+02 2.553265927451837740e+02
2.793851088015443338e+02 2.797594683147557362e+02 2.775801039640952581e+02 2.797391991183659457e+02
2.782674679983267083e+02 2.792744558760097675e+02 2.773067434488720551e+02 2.789999810433265566e+02
2.765852153413995325e+02 2.764136897237727339e+02 2.731799612073075991e+02 2.766664205608445286e+02
2.758672300483488584e+02 2.765090314375737535e+02 2.746425061905239886e+02 2.772933643485488346e+02
2.993484360846829304e+02 2.988767301917987993e+02 2.972853453377504707e+02 2.983842799845165246e+02
2.950896687027114353e+02 2.946151725078790946e+02 2.935472251074963310e+02 2.951103202629763018e+02
2.770671578590613535e+02 2.779422957840865820e+02 2.745175335706180135e+02 2.767771337861305483e+02
2.832864956856906815e+02 2.845883680262523399e+02 2.821275734845656871e+02 2.830180553919740873e+02
2.613778162745954887e+02 2.613748801024239015e+02 2.614664617351207312e+02 2.617369997501660350e+02
2.978185708340367341e+02 2.980364016851679594e+02 2.965480427632647320e+02 2.970206768057889803e+02
2.616267738963898637e+02 2.626999156311932779e+02 2.605410558019274276e+02 2.627572797682753958e+02
2.492520008070543440e+02 2.495676987458019198e+02 2.482248735795311632e+02 2.497655542086851028e+02
2.779835571443942968e+02 2.798552867602247147e+02 2.762017060330333038e+02 2.790908462381652271e+02
2.529977819331355136e+02 2.530055008125518441e+02 2.523308155336332561e+02 2.530392163479787087e+02
2.603000881865311840e+02 2.604426089712750354e+02 2.591156714718415515e+02 2.613554361304823601e+02
2.589015908708108782e+02 2.601400840091824307e+02 2.580660657822639905e+02 2.602052761414065571e+02
2.619717639390934210e+02 2.621476937333617343e+02 2.611201062926633085e+02 2.617156600179442307e+02
2.546964080068881344e+02 2.546841434527270849e+02 2.541094534548004447e+02 2.549857749661100002e+02
2.611593862501658805e+02 2.611835431569905381e+02 2.600014720633859042e+02 2.615034090316074185e+02
2.566869393345509707e+02 2.570778051928060108e+02 2.559643973406000157e+02 2.567321611495730167e+02
2.607505606175378148e+02 2.612895874463802670e+02 2.589345706882009495e+02 2.607986360421915606e+02
2.664021122101632386e+02 2.673648966147866304e+02 2.655412116995757401e+02 2.675476135515751253e+02
2.527413004668653116e+02 2.531815366187713039e+02 2.526007114850411313e+02 2.535410238676524557e+02
2.560456357030288359e+02 2.561339975206892063e+02 2.557346988700194004e+02 2.563957069851941810e+02
2.813974702083698389e+02 2.813246041446760159e+02 2.790377734671221219e+02 2.821492698595214392e+02
2.531268663637447958e+02 2.533185936020336726e+02 2.527117942804430868e+02 2.534592320197789661e+02
2.561898897007392293e+02 2.562766674984821975e+02 2.554090489882352415e+02 2.565122123904545788e+02
2.544285495617939716e+02 2.548205779904548365e+02 2.542285902457974487e+02 2.547684745368159440e+02
2.571508030185367488e+02 2.573573237236224145e+02 2.561515291940003749e+02 2.579948761917648312e+02
2.577038234975344153e+02 2.578939782635322899e+02 2.573232528886393879e+02 2.581663000824575533e+02
2.573900418892688435e+02 2.573286330757995870e+02 2.565547346996732472e+02 2.572870449864178681e+02
2.983085952819965314e+02 3.001945793375042513e+02 2.988130795008884206e+02 2.985632663063781251e+02
2.536578678770765976e+02 2.537529086620022554e+02 2.529512561935688950e+02 2.536606629482916446e+02
2.652565990383238272e+02 2.648310615702657174e+02 2.628511449106876512e+02 2.647027528549136832e+02
2.570391224930530143e+02 2.575190273154244665e+02 2.568862557187804327e+02 2.572893310329585574e+02
2.564917092759294519e+02 2.567237964582323571e+02 2.557863483803392057e+02 2.569587586963878607e+02
2.527116270232768898e+02 2.526285147131740700e+02 2.518064513283818826e+02 2.528719552689734371e+02
2.972670495898968284e+02 2.968291643461010381e+02 2.948774558190440871e+02 2.961336510566000584e+02
2.619222970039169809e+02 2.623500066411005491e+02 2.612982204827960118e+02 2.626263607750143478e+02
2.583766791683696624e+02 2.590954083407391977e+02 2.578676522407772609e+02 2.589280829358854135e+02
2.663773852911401150e+02 2.657440134969641008e+02 2.639662155446503675e+02 2.665299052976001803e+02
2.604269227754528515e+02 2.610555929332066967e+02 2.596214701990402887e+02 2.609246043031370732e+02
2.567838507377110204e+02 2.573347223965670310e+02 2.558469520490687898e+02 2.575170726048124266e+02
2.727162587472287782e+02 2.737433946576980475e+02 2.710113487285414067e+02 2.732449646942719141e+02
2.555037264003704252e+02 2.554715887064668323e+02 2.546448457514634640e+02 2.560438693395121277e+02
2.973477550148270439e+02 2.970128997126557238e+02 2.963749297301524166e+02 2.977157397342613763e+02
2.730146328766910528e+02 2.739207742829364065e+02 2.714705782023273173e+02 2.739152168820310749e+02
2.606529408556302201e+02 2.610262744632040608e+02 2.601340123154456023e+02 2.612561909401746902e+02
2.635431972935723479e+02 2.643295899355431970e+02 2.626638382103521394e+02 2.642697256750202541e+02
2.556674980281178762e+02 2.557103971569286784e+02 2.554246175195560511e+02 2.560531155404470383e+02
2.568129876907412381e+02 2.570370770987908600e+02 2.553035449309810474e+02 2.577871395749638737e+02
2.631668039914829365e+02 2.630692971118111245e+02 2.616631710575426837e+02 2.638210589499923344e+02
2.975390710979393702e+02 2.971896488533125193e+02 2.958729551126964452e+02 2.960958836696531762e+02
2.975465780887220717e+02 2.978849496899767928e+02 2.953032896770303068e+02 2.961547871887334509e+02
2.926171637066846074e+02 2.915551579736418830e+02 2.919531732656917029e+02 2.918693938576423079e+02
2.729410131518019966e+02 2.733653633257126785e+02 2.709895529099318878e+02 2.733690696699441673e+02
2.644746856391388405e+02 2.643680070881262054e+02 2.631271049002120321e+02 2.652150514528818235e+02
2.596705761826333969e+02 2.603466527306237595e+02 2.592826368841011231e+02 2.604517390617975821e+02
2.566499120693790132e+02 2.569337924998656604e+02 2.562800745437377827e+02 2.571686662106748145e+02
2.586245635800740388e+02 2.586404927578402635e+02 2.581956562918823579e+02 2.587756165375461705e+02
2.527901082485397808e+02 2.531172395409070077e+02 2.523090905736880245e+02 2.529141108138909146e+02
2.577057875437243979e+02 2.579396516131149042e+02 2.562369975144003433e+02 2.590288802877883541e+02
2.562437110027574931e+02 2.561176125056127830e+02 2.558190926613604859e+02 2.568666312662388123e+02
2.592641651413763952e+02 2.596421050111388240e+02 2.585569596788776039e+02 2.597972828992668042e+02
2.841142508079533968e+02 2.847863045922949823e+02 2.828897085440167416e+02 2.846817436985130030e+02
2.594141752354231585e+02 2.599098085401341223e+02 2.589497287285889797e+02 2.607365399135296684e+02
2.632098875752643039e+02 2.625887637866915156e+02 2.607713170713338968e+02 2.630598864430637605e+02
2.557985802511523445e+02 2.563887677290643978e+02 2.543070761052456135e+02 2.559636143349566737e+02
2.563699954719824063e+02 2.568063308796616866e+02 2.561724849281301886e+02 2.564753375227813308e+02
2.557521479715810813e+02 2.558607672048823929e+02 2.556165282331984372e+02 2.563056394956334998e+02
2.634265885721016502e+02 2.637378755072151648e+02 2.615209230692935307e+02 2.634107796989086410e+02
2.764400047545007624e+02 2.776763947357686106e+02 2.746603116406935783e+02 2.764565700568714419e+02
2.634473208150325263e+02 2.627109397979511982e+02 2.632248620841749585e+02 2.629122016858143525e+02
2.585968506158829427e+02 2.583865982247667148e+02 2.579144458920835064e+02 2.592898446094006886e+02
2.547501032985249196e+02 2.552457770373074766e+02 2.539770835784943017e+02 2.555623828695383963e+02
2.593694806115900633e+02 2.593004337353672213e+02 2.583958475591456363e+02 2.593522112663184203e+02
2.534459831925205435e+02 2.534890656834859897e+02 2.532030264995521236e+02 2.535739458428688522e+02
2.735149246399240610e+02 2.735899730506322385e+02 2.699442630076045475e+02 2.731007790628032694e+02
2.628250268957662570e+02 2.626001940921530036e+02 2.609505624992291359e+02 2.631930520885072724e+02
2.727393550543145011e+02 2.734732552595593802e+02 2.712220954672171160e+02 2.731469218954883900e+02
2.589873489551097236e+02 2.590046082448208722e+02 2.584319894594233915e+02 2.595383226785123156e+02
2.669523339223676999e+02 2.667192264627933014e+02 2.650233606873124472e+02 2.674153290800403511e+02
2.671848797364960433e+02 2.681571820776438244e+02 2.651963600727676749e+02 2.681228388754043408e+02
2.559564446826688311e+02 2.560376852842271092e+02 2.558198602376020574e+02 2.560913089147092023e+02
2.595896464708426947e+02 2.600536713128814768e+02 2.600451568131981617e+02 2.601739441329115152e+02
2.569109296880984061e+02 2.573571525241178506e+02 2.570543688912096059e+02 2.572920753435522556e+02
2.610208039090894658e+02 2.616168828665224737e+02 2.603030349099482805e+02 2.611822178524608944e+02
2.676099652444680146e+02 2.683470180195619719e+02 2.661102715762406206e+02 2.681308979318581578e+02
3.032906610081481631e+02 3.019888799626115201e+02 3.026517639224134655e+02 3.022186773533614996e+02
2.559950687596225407e+02 2.556972241310603806e+02 2.546380123978489110e+02 2.559108786629052759e+02
2.738994440081063999e+02 2.755022850451617842e+02 2.719388121177373137e+02 2.743931793968303623e+02
2.542269338008892987e+02 2.541954539712207009e+02 2.532317363113702129e+02 2.546488719503573179e+02
2.565389690217393763e+02 2.571657857962834441e+02 2.558342478903731774e+02 2.570583272638110657e+02
2.596125147542409763e+02 2.588625015964435079e+02 2.587908877773529071e+02 2.597230412970447446e+02
2.530192697416534884e+02 2.526988353649983594e+02 2.522155460688383641e+02 2.530130027243183406e+02
2.584755921354226871e+02 2.588071619727532493e+02 2.569676647728592798e+02 2.588030798136038015e+02
2.566285258426919427e+02 2.569534275026756518e+02 2.549897608746129549e+02 2.568571677659091392e+02
2.581891433561774534e+02 2.580215372075839468e+02 2.566841091561087751e+02 2.592206295923148787e+02
2.554151941606107528e+02 2.555311673642183905e+02 2.552412716144337139e+02 2.560595779933736367e+02
2.551294296978468026e+02 2.553555655544068372e+02 2.546304177685048273e+02 2.557482472850579711e+02
2.621878925166478211e+02 2.630605564933718483e+02 2.607002665401245167e+02 2.631871450493140969e+02
2.665146855584702053e+02 2.665178041466928107e+02 2.649501692804782351e+02 2.676232455600180629e+02
2.750556389505251218e+02 2.758481028539334829e+02 2.721213068467865241e+02 2.756855759639946655e+02
2.752717239038582306e+02 2.758656334911299837e+02 2.732608346224328670e+02 2.762244169268598171e+02
2.683493978902203594e+02 2.684901586563350975e+02 2.670606213151415318e+02 2.686318054281721288e+02
2.610884766844033038e+02 2.618876411472535892e+02 2.595882203392264387e+02 2.625385029466638116e+02
2.522931599666174236e+02 2.522251286452416821e+02 2.512754885348441576e+02 2.528635563586572914e+02
2.640129902418295273e+02 2.638476332133630535e+02 2.628271867609473134e+02 2.641553047613600143e+02
2.611740956935581721e+02 2.616688664291330042e+02 2.603112615810661623e+02 2.613089325136907632e+02
2.605700119127959056e+02 2.610961353100695987e+02 2.594828007950681013e+02 2.606565305329723969e+02
2.541993944624764765e+02 2.542427501523898457e+02 2.533070425597996689e+02 2.549527489529188244e+02
2.651114750664482926e+02 2.661215551103574057e+02 2.633270021805607257e+02 2.657035178521331318e+02
2.740552659830339053e+02 2.749938067040628198e+02 2.728894656404930856e+02 2.756758551246330171e+02
2.980210827547905410e+02 2.961700182466879028e+02 2.971452773914389240e+02 2.972355260531770682e+02
2.498058028180358008e+02 2.505565517458065585e+02 2.492923822137166496e+02 2.505641927140100051e+02
3.038593747213941469e+02 3.036695089590725161e+02 3.020613530203357300e+02 3.030019515242557873e+02
2.608959330839658151e+02 2.608675568158284932e+02 2.602410342546275501e+02 2.608156486414874848e+02
2.624058043526105735e+02 2.621495050503846187e+02 2.606415624205368431e+02 2.624249349209335946e+02
2.575527873542561679e+02 2.576520678439772496e+02 2.570507468613791957e+02 2.576430009627304116e+02
2.853865477644440602e+02 2.850707724135434660e+02 2.824937437713982717e+02 2.840985087407086667e+02
2.540854481653128971e+02 2.544447886517195627e+02 2.535108194387323408e+02 2.543926336335831593e+02
2.572997666944623347e+02 2.570054391742974076e+02 2.555546785450409573e+02 2.573275361219556316e+02
2.655704641390351526e+02 2.657131930061871685e+02 2.642299867802896642e+02 2.666753761065688764e+02
2.629105222778197231e+02 2.632787554983434006e+02 2.615014502650190593e+02 2.636815325603622000e+02
2.605377062355841531e+02 2.610068150933766447e+02 2.593903165062171183e+02 2.613036397139559313e+02
2.707915623852983344e+02 2.710648882609659154e+02 2.677256817575383820e+02 2.710598025712523622e+02
2.614843925717681827e+02 2.621810138666449461e+02 2.598218430241267924e+02 2.627579283514798476e+02
2.589805919781908301e+02 2.600373460557713088e+02 2.572232102329357417e+02 2.590854470470679871e+02
2.601776030028451032e+02 2.609540958109434996e+02 2.599198543500292544e+02 2.608417973198057780e+02
2.667138712016219415e+02 2.666612847366796473e+02 2.649575266360398587e+02 2.667773745518675241e+02
2.681357605352348514e+02 2.679894692758321071e+02 2.659300047582802335e+02 2.684305907389503432e+02
2.535100928579333015e+02 2.541497339859465399e+02 2.528438647423826353e+02 2.545135127745079728e+02
2.613440682850753660e+02 2.614822916829668884e+02 2.601868066307012555e+02 2.618168983951070459e+02
2.547756336129043291e+02 2.550196911561130548e+02 2.538518625935924149e+02 2.553654091374219774e+02
2.790249470345631835e+02 2.788124419277751258e+02 2.767408861120896972e+02 2.794358280731651121e+02
2.642346010347457081e+02 2.646087231112128961e+02 2.625981437842656305e+02 2.647192946507341276e+02
2.582728408992095979e+02 2.582639131539628465e+02 2.586622859943508956e+02 2.583897180222547831e+02
2.657113894353994965e+02 2.663682853970556721e+02 2.641823683220737280e+02 2.665847291263052625e+02
2.894640324666615925e+02 2.891718957307671189e+02 2.871434909426996001e+02 2.892605573483955368e+02
2.692137366620560783e+02 2.697955773469927863e+02 2.672720637931253123e+02 2.699731152326640427e+02
2.564021299629779378e+02 2.563874074246269288e+02 2.547684573357428235e+02 2.568229019160692133e+02
2.611294133908995718e+02 2.609670564823351810e+02 2.598580171349218517e+02 2.617189975083500713e+02
2.597806015213751607e+02 2.597592638952138486e+02 2.594512611800403192e+02 2.601454288089947795e+02
2.553745278556761207e+02 2.551234969358085891e+02 2.544215494922970890e+02 2.558429012487584373e+02
2.622549122105412494e+02 2.628701211241275359e+02 2.608408977353779505e+02 2.630129067601843076e+02
2.582891997915382376e+02 2.580226347874371413e+02 2.579096567298857963e+02 2.583050856992016406e+02
2.544386513935913854e+02 2.550225088102578468e+02 2.538913288012526266e+02 2.547281804584789882e+02
2.567367891980230752e+02 2.571282924714482192e+02 2.559282776801539683e+02 2.579223750244638609e+02
2.862174589999913223e+02 2.869396401258957212e+02 2.846142580388068950e+02 2.871997689151262989e+02
2.557740827868703661e+02 2.563256904651685772e+02 2.544713986026421537e+02 2.560477903388870118e+02
2.646500408534290045e+02 2.649713081674558453e+02 2.639219057703118096e+02 2.657936255536648673e+02
2.606026336162534562e+02 2.601749186646799217e+02 2.590894875308042060e+02 2.608007803662235915e+02
2.532389606420525183e+02 2.533199297632886271e+02 2.527628518168300218e+02 2.531968557847157797e+02
2.546456386488576698e+02 2.552793105073904201e+02 2.542382207404889982e+02 2.552275998219798225e+02
2.571587369444316096e+02 2.569468551502524747e+02 2.562149099444876015e+02 2.579207548350086086e+02
2.713013247450612653e+02 2.710786448382652907e+02 2.684176845359622234e+02 2.710174084874548726e+02
2.537943197729559870e+02 2.535654182082151351e+02 2.534531752629665959e+02 2.537739624554879470e+02
2.541164687269797753e+02 2.545058904823195007e+02 2.530420892576052267e+02 2.544086760501482729e+02
2.656034760468533591e+02 2.660825091032163527e+02 2.640708042303293155e+02 2.666285583066130016e+02
2.579322613122730559e+02 2.577604497841348348e+02 2.565641836980959170e+02 2.582794413835331397e+02
2.678850065051041156e+02 2.676559053123983745e+02 2.660099749569953929e+02 2.682176887216830323e+02
2.993745081966372368e+02 2.993207301204454893e+02 2.979211788107576240e+02 2.974223053503575329e+02
2.571347424580970369e+02 2.573823548616774133e+02 2.569000582328184805e+02 2.580804917592980701e+02
2.898303411611854585e+02 2.897116266495100376e+02 2.883893801483840775e+02 2.904041062047085120e+02
2.608427246815865601e+02 2.611252935185767114e+02 2.601641955052659796e+02 2.608652193688601528e+02
2.661449445518800303e+02 2.658198561100969641e+02 2.645636789043255703e+02 2.665078663617466646e+02
2.574170061251545008e+02 2.572151236941655270e+02 2.566383595222222880e+02 2.574133916396691006e+02
2.589740793252018420e+02 2.599073734374077276e+02 2.580120226759896127e+02 2.600712235982737184e+02
2.549415035040652526e+02 2.552113336884386001e+02 2.553843063241702396e+02 2.556164354676020878e+02
2.661979604290767725e+02 2.658394214075857462e+02 2.639676548717128526e+02 2.663660486970660486e+02
2.547750456472608107e+02 2.547674379629615089e+02 2.541689244276120689e+02 2.552715535621259733e+02
2.572935238138314276e+02 2.583554402538724730e+02 2.569013142573051596e+02 2.580998592434535794e+02
2.551652203333789259e+02 2.551980520730959086e+02 2.544372626629538843e+02 2.553838765472107184e+02
2.609034744144720435e+02 2.608356075491876140e+02 2.610839620715537421e+02 2.612186651875433654e+02
2.508337022347784568e+02 2.508453480029002947e+02 2.497334091437863322e+02 2.512273435153569778e+02
2.906924690372223949e+02 2.910242865891011093e+02 2.886562897574484055e+02 2.900014241746235371e+02
2.559015711398788540e+02 2.555630501485424872e+02 2.550550343665225341e+02 2.565613632493368073e+02
2.679514707000286649e+02 2.682332472244057726e+02 2.656407862194421909e+02 2.682651573346501550e+02
2.570650163892360638e+02 2.578682649745209687e+02 2.567905424004022734e+02 2.578518831791959087e+02
2.647506992119602387e+02 2.652619033199693490e+02 2.629313297250342885e+02 2.657786450258595892e+02
2.913504663206450118e+02 2.919577123806927830e+02 2.904289919312066672e+02 2.922176244431727241e+02
2.796786351264851760e+02 2.810376429023777973e+02 2.786689182220065959e+02 2.807995184019547992e+02
2.761919780629616525e+02 2.763230689371447966e+02 2.742117051935621816e+02 2.757922475754500056e+02
2.676600614246719942e+02 2.683162863571547518e+02 2.655785477638156635e+02 2.685653858242302476e+02
2.940494529940879715e+02 2.940152779768388882e+02 2.918933977428978892e+02 2.926819426220635023e+02
2.584741003309447365e+02 2.589415819634076570e+02 2.577227068914745018e+02 2.583626798324838205e+02
2.577199999645429216e+02 2.575811006350543266e+02 2.564294707411812624e+02 2.582370511068254473e+02
2.643653365111759399e+02 2.641316110091895553e+02 2.627825226166225434e+02 2.651316838089705357e+02
2.531923532044645810e+02 2.532502868342713498e+02 2.534231243601746257e+02 2.536219302402965354e+02
2.524149379950447951e+02 2.529538608950031175e+02 2.519088279052665769e+02 2.527073815739603617e+02
2.571280549106816125e+02 2.578094000666641250e+02 2.571281549708149896e+02 2.582060367670158598e+02
2.562175701090802704e+02 2.566332775965281030e+02 2.558890138867914743e+02 2.564827816760279688e+02
2.575146564362936488e+02 2.576046370613721592e+02 2.566669148070302526e+02 2.579300537652794105e+02
2.543208983733752007e+02 2.542197789166738175e+02 2.537012145548687556e+02 2.545478612538173309e+02
2.713787973002131935e+02 2.714566646667525447e+02 2.689678472911277254e+02 2.719513336613089223e+02
2.578506966459677869e+02 2.584536955002197374e+02 2.572144475383457234e+02 2.585607517386773679e+02
2.553621250278706043e+02 2.556664281797536944e+02 2.546778073537695946e+02 2.558096565324303242e+02
2.586608833486114918e+02 2.584263629643907052e+02 2.570887309010452100e+02 2.587248673378872468e+02
2.533152746695479607e+02 2.538701854047042161e+02 2.526089958381890597e+02 2.542096443338492406e+02
2.648564410391093134e+02 2.651130197994148148e+02 2.627359830316819398e+02 2.656199720990533706e+02
2.977758978053994383e+02 2.983884555721431298e+02 2.973907631895403370e+02 2.984784851637694487e+02
2.589770376311336690e+02 2.588486357457151712e+02 2.585399003168419654e+02 2.594514082215603139e+02
2.741490053011704617e+02 2.744882988806809294e+02 2.714774071893106111e+02 2.758974118269730411e+02
2.694240597708625273e+02 2.692646869118842119e+02 2.677317152099299165e+02 2.693986488294008836e+02
2.806403809858143177e+02 2.810588704577901353e+02 2.779998672334118055e+02 2.808102949840304632e+02
2.517341919233363399e+02 2.518887058722291101e+02 2.509897588519448846e+02 2.522903637984749707e+02
2.805095827652185676e+02 2.811539340353965031e+02 2.787670709841406733e+02 2.812081504186839993e+02
2.607756575448369745e+02 2.606325271085735267e+02 2.600458935801901248e+02 2.609295348801782666e+02
2.572503874077028172e+02 2.571597174826949868e+02 2.565389731067164121e+02 2.574096003571053188e+02
2.717468460751422299e+02 2.722553245917332561e+02 2.693861963958592014e+02 2.719603004381649498e+02
2.593730037499278183e+02 2.586876749098158257e+02 2.584436354748570466e+02 2.588342820563542546e+02
2.623249686685190909e+02 2.625906448563465574e+02 2.628960175077179429e+02 2.624710168735795150e+02
2.696279319028488999e+02 2.701862656093989017e+02 2.675539784562451473e+02 2.694412002173485234e+02
2.548298977631072830e+02 2.552205511125677901e+02 2.538149834524037658e+02 2.552444223100620491e+02
2.962037655449368003e+02 2.951473241715905260e+02 2.958429310645228156e+02 2.961037857548357124e+02
2.543677641442624804e+02 2.544842725757023914e+02 2.538947226235851531e+02 2.547599471963702911e+02
2.524839543961917343e+02 2.529878346689309012e+02 2.518458428955908062e+02 2.531079403769427643e+02
2.948895298787975889e+02 2.963798727797429819e+02 2.949578415456064704e+02 2.956544031190126134e+02
2.489667342645686574e+02 2.492665844972772788e+02 2.479972763711322443e+02 2.495602600954895252e+02
2.647494567567813419e+02 2.648095777418620855e+02 2.620191056540979275e+02 2.640720771148403969e+02
3.001951230846218550e+02 3.009024338183762097e+02 3.016788998037758915e+02 2.996440863198900502e+02
2.522273912952592809e+02 2.520807802185113076e+02 2.512455834500291019e+02 2.524375623904387282e+02
2.715396124717841531e+02 2.718756047070136788e+02 2.689271718411717984e+02 2.725562106641469882e+02
2.879745457737197398e+02 2.889450358997659123e+02 2.873144010529692878e+02 2.891103568718635302e+02
2.511791726240199978e+02 2.515858792291564612e+02 2.504316184716981013e+02 2.518220936347501606e+02
2.541825290148031229e+02 2.541266175092451078e+02 2.534998972479830002e+02 2.547992605109025135e+02
2.999692443636182588e+02 2.998944797939014961e+02 2.994601834697264167e+02 2.986527138362665710e+02
2.994671525285154416e+02 3.006512808847208476e+02 2.994202353120225553e+02 2.986222734879079326e+02
2.598689030454752356e+02 2.600868580279978914e+02 2.568076249689248129e+02 2.603976674866186158e+02
2.904734714207518778e+02 2.910076391042043156e+02 2.882760855016152277e+02 2.899836106247560110e+02
2.567747362843277870e+02 2.565753302095033632e+02 2.559303399836274195e+02 2.567503227856362855e+02
2.598595114477762422e+02 2.606545202583659488e+02 2.594423623579327227e+02 2.611641142753435929e+02
2.658919145201851393e+02 2.662636770498973533e+02 2.640540138168130397e+02 2.665585147694018815e+02
2.581498001966951392e+02 2.580270771636585323e+02 2.574343804492750110e+02 2.585235295153705692e+02
2.549121238799153844e+02 2.550710572476081381e+02 2.543715663623854368e+02 2.554547035129534436e+02
2.556388553262146957e+02 2.552865119629614696e+02 2.548638273187549146e+02 2.554115562728763678e+02
2.568937997150923707e+02 2.568571787686879588e+02 2.565739362081725403e+02 2.575223735726476093e+02
2.593078627257398807e+02 2.601454099725537503e+02 2.593409617263102405e+02 2.600127856021908315e+02
2.561087517534214157e+02 2.565438314973083038e+02 2.557033467496016499e+02 2.566215703337365426e+02
2.623154688382308564e+02 2.625839414666376115e+02 2.608527024438503759e+02 2.626070501576667198e+02
2.602416224022865663e+02 2.606576234271594217e+02 2.588750688772040576e+02 2.608375207579634889e+02
2.549099707669508916e+02 2.551510841724178249e+02 2.541156431373261171e+02 2.552438517884913836e+02
2.734143519883115800e+02 2.730388074209799356e+02 2.708098869609164581e+02 2.739748215728373566e+02
2.597190118323867978e+02 2.591672351647536061e+02 2.580291556910480040e+02 2.597211655098305982e+02
2.567406292101527470e+02 2.566578640007270451e+02 2.556754969770906598e+02 2.568650977959752026e+02
2.827376705269007289e+02 2.830202708825237892e+02 2.807255213742294018e+02 2.836427776263954001e+02
2.559306512559968496e+02 2.563234440018489408e+02 2.549507048413275356e+02 2.568177937975161740e+02
2.536874832779296014e+02 2.532487909204751304e+02 2.519534545964498022e+02 2.535207259612512587e+02
2.569411053131980793e+02 2.568232932631770495e+02 2.559766906719992221e+02 2.570453136808247905e+02
2.554904196573359627e+02 2.550666493497082854e+02 2.548217581183373284e+02 2.552330464602929112e+02
2.572784656964988130e+02 2.572317575311469113e+02 2.549747849186311157e+02 2.579231907371049033e+02
2.609311310136058637e+02 2.612909870608878578e+02 2.597281154278683744e+02 2.622383225403792153e+02
2.588397074872950725e+02 2.596186024450865375e+02 2.579834419178152416e+02 2.601568855557270012e+02
