2.633815282372718229e+02 2.632906798370070192e+02 2.628982077035844327e+02 2.634072114960343924e+02
2.768784783187300604e+02 2.767166163473723941e+02 2.746970073144296975e+02 2.772624192257372329e+02
2.608627666443600219e+02 2.608724991413448606e+02 2.598301690424545995e+02 2.616700859494777660e+02
2.569824992958094754e+02 2.573401502900065339e+02 2.555181395325593314e+02 2.574322014992255276e+02
2.807529337679574724e+02 2.816820793095649265e+02 2.786271357274677030e+02 2.817319030090416732e+02
2.854173089681879105e+02 2.859098352355819088e+02 2.835826627176638794e+02 2.860530025874784315e+02
2.639758721812701765e+02 2.642153327495484518e+02 2.631762360953539428e+02 2.643462931920572601e+02
2.757943658808733289e+02 2.757790731090948952e+02 2.734853625490866875e+02 2.760009390533680289e+02
2.567385119141062546e+02 2.574014999847045146e+02 2.558201490448280424e+02 2.571043677501433535e+02
2.623954058447776561e+02 2.627590807153734431e+02 2.620223824465756479e+02 2.625365395219229185e+02
2.879815949746590604e+02 2.874965605489904874e+02 2.858666784287422615e+02 2.876073480776893234e+02
2.774868005199571712e+02 2.768875966330426195e+02 2.747954079459830155e+02 2.773727502816155379e+02
2.624165719737510472e+02 2.631328512774856563e+02 2.625576691654939054e+02 2.630319309609682250e+02
2.649565861854648574e+02 2.654783465258730075e+02 2.643641357418955522e+02 2.658893149634912447e+02
2.636143284864116936e+02 2.639761228911398234e+02 2.627949472965885889e+02 2.638796493394881395e+02
2.582690681834393445e+02 2.576336294041960855e+02 2.575330052874728608e+02 2.582554088312585350e+02
2.571077589493704636e+02 2.567494246788094188e+02 2.563627567450947708e+02 2.572814733722661344e+02
2.720018182753614724e+02 2.731972237745229677e+02 2.710397291955223409e+02 2.727211903473746588e+02
2.641085421310634729e+02 2.637996178920246848e+02 2.637616666675235138e+02 2.640220244569653119e+02
2.605418055743460286e+02 2.610921414743617675e+02 2.601070528931383592e+02 2.609649530356134619e+02
2.990503097309645568e+02 2.996129258560560515e+02 2.979550021752771158e+02 2.982851596015419204e+02
2.587852018718037357e+02 2.587358095964436870e+02 2.584621155314252405e+02 2.587006758376821836e+02
2.601533529398376459e+02 2.608284776143723320e+02 2.591258465930311559e+02 2.609412766151801861e+02
3.052400879661153112e+02 3.052504201630194984e+02 3.046331802802196194e+02 3.037108326668281393e+02
2.669109262014704882e+02 2.672954164859410753e+02 2.662749311907220999e+02 2.671317423920306169e+02
2.581723852075019749e+02 2.578811236106977844e+02 2.573913540024141184e+02 2.584376078037777233e+02
2.714768798203401730e+02 2.718081386723089850e+02 2.697082641994254004e+02 2.720375730664868001e+02
2.620343043598448958e+02 2.624074960973118209e+02 2.619373649379154472e+02 2.622857102801045812e+02
2.659280082472403137e+02 2.661690709756048250e+02 2.652843557463201023e+02 2.665903207295548327e+02
2.762166244177885233e+02 2.761906490019687794e+02 2.740655434603190201e+02 2.765665431146890114e+02
2.725694662392648411e+02 2.734112838766426421e+02 2.706837674192157692e+02 2.741247494391111559e+02
2.627117375330699929e+02 2.627186811143026830e+02 2.629602754089810901e+02 2.624707048956231574e+02
2.929834755840284402e+02 2.941828649104020315e+02 2.918598808047296984e+02 2.933349469695556309e+02
2.906699520051789136e+02 2.901283765029511414e+02 2.884551174999925820e+02 2.897475590498527254e+02
2.667681668680417602e+02 2.665978939710450391e+02 2.654267905334965576e+02 2.666870727031541151e+02
2.686847408182795789e+02 2.681435555771180361e+02 2.667864294519916939e+02 2.690625321610728520e+02
2.582652684656965221e+02 2.587673732452991544e+02 2.575688865611056144e+02 2.584762904226798241e+02
2.704939951369303799e+02 2.717338758634721785e+02 2.685121180057181505e+02 2.719600857986374649e+02
2.580914028233228237e+02 2.579411600312292876e+02 2.574471512102383599e+02 2.582066015555777767e+02
2.600581697829670134e+02 2.602461786316181929e+02 2.591927092710461125e+02 2.604236866753809068e+02
2.609615723986232183e+02 2.620518620996782602e+02 2.608486211772859633e+02 2.617252192213394437e+02
2.864684884607848971e+02 2.870331486036797628e+02 2.838774045123254837e+02 2.870502998900933562e+02
2.701791730119416570e+02 2.700402614003778012e+02 2.690083483214118019e+02 2.702991279605062687e+02
2.821712388928177120e+02 2.809919056657528245e+02 2.796268693785908681e+02 2.820160006655481766e+02
2.640806270991355973e+02 2.640029599501779103e+02 2.634578837490374212e+02 2.641351105470631637e+02
2.773296297048937049e+02 2.778100524029828762e+02 2.753404000512993548e+02 2.777816808291107691e+02
2.683156920069617399e+02 2.688258507659941756e+02 2.678825136036005006e+02 2.684270681730800447e+02
2.698128944835972902e+02 2.699410523860423154e+02 2.676610677740944766e+02 2.706320052207407798e+02
2.589343704389363552e+02 2.591586838543787508e+02 2.584541774516011969e+02 2.587979242300879150e+02
2.638902878500180691e+02 2.644187677504186809e+02 2.637790180729987810e+02 2.636072944773855511e+02
2.689986851718941239e+02 2.693387107191718428e+02 2.680792977011237213e+02 2.690851810578310506e+02
2.557685833861288529e+02 2.557135794971217138e+02 2.554732000740936257e+02 2.563851894835451617e+02
2.669693480769518033e+02 2.677074932838153813e+02 2.663761972832376159e+02 2.675438644011002225e+02
2.587151788902257294e+02 2.585470580154084246e+02 2.583181809498040025e+02 2.585090628887343200e+02
2.723864205483552610e+02 2.727884878971023568e+02 2.702226842577345565e+02 2.722569939206585445e+02
2.558449413507129862e+02 2.560711646809764375e+02 2.556874498057235314e+02 2.564696065672830514e+02
2.718252940103093920e+02 2.722015746067038435e+02 2.700289680363205775e+02 2.723060359006825593e+02
2.554841423194246204e+02 2.559683360801981848e+02 2.554624812468924517e+02 2.559250279528635588e+02
2.589100238175431627e+02 2.590540462345462629e+02 2.584827812587920448e+02 2.592303237864095991e+02
2.720555579172056468e+02 2.723770318637955938e+02 2.701807520286550925e+02 2.722385419471617638e+02
2.654278622981079820e+02 2.663689247358537386e+02 2.642856574724223719e+02 2.670250474986393101e+02
2.977333431083807795e+02 2.982118118266523084e+02 2.958069298094293345e+02 2.961926620859429704e+02
2.661396116773897234e+02 2.658284176982257350e+02 2.644172031611914804e+02 2.654781204541928901e+02
2.637906252007310286e+02 2.646110660028149937e+02 2.628886208783366101e+02 2.644432182435841128e+02
2.643608599802170716e+02 2.647652927230003570e+02 2.632651631821336764e+02 2.649443393905809216e+02
2.604257685844467574e+02 2.603119371410792837e+02 2.604822463679016664e+02 2.604202706734008643e+02
2.729421259929035273e+02 2.731139423426666895e+02 2.716919810417779786e+02 2.734905803308096210e+02
2.797216543803210698e+02 2.800289980196010333e+02 2.771601847865575223e+02 2.797741434863810355e+02
2.578039907057140567e+02 2.579910926027617961e+02 2.570118680654413765e+02 2.577940468263338971e+02
2.595892663133711835e+02 2.600028892145988380e+02 2.594185496362468939e+02 2.600454034806867867e+02
2.589278023171415271e+02 2.590917139343329723e+02 2.588363102315040578e+02 2.592128360583141102e+02
2.936974783880061750e+02 2.928248778333582436e+02 2.904811001474048453e+02 2.925463168854524838e+02
2.638996012286437463e+02 2.635654347154584229e+02 2.629026421882692262e+02 2.641029589741908126e+02
2.656369338801621893e+02 2.661124759552975547e+02 2.642446441632608298e+02 2.661023343537089545e+02
2.555343596114508955e+02 2.562063529251070690e+02 2.555518590911848946e+02 2.562270621191860300e+02
2.700151707747785963e+02 2.698839092886406092e+02 2.678991022215715248e+02 2.705494546243459695e+02
2.769880681838932901e+02 2.771900391524964675e+02 2.752193521203458886e+02 2.771374268643531309e+02
2.636629292694525475e+02 2.633279621286062593e+02 2.626944830199678336e+02 2.638387793724679682e+02
2.607426846387101591e+02 2.605116361516430743e+02 2.596600837627264013e+02 2.606435006926571987e+02
2.817374329165731979e+02 2.825203960396718799e+02 2.795207814834872124e+02 2.820735889267999710e+02
2.589609023344124239e+02 2.593034494808474619e+02 2.586707982578304836e+02 2.592114138110550812e+02
2.637532892062827727e+02 2.635562479415260668e+02 2.625546329691949836e+02 2.640826360984174812e+02
2.654208594249290059e+02 2.655757191698533575e+02 2.650412737412049751e+02 2.658861742318181314e+02
2.539411138607539442e+02 2.540987503935325833e+02 2.536529604845777328e+02 2.538703433942924619e+02
2.630704725360178600e+02 2.632131940251334186e+02 2.618158505224708392e+02 2.626232711703585210e+02
2.895956159751320911e+02 2.903202363028959780e+02 2.877039514697320897e+02 2.887868678157288400e+02
2.778797929543536043e+02 2.779452293776014926e+02 2.758210930286896883e+02 2.793946990058630035e+02
2.560908611727539324e+02 2.561941917778700599e+02 2.557678908343440014e+02 2.559942923862057853e+02
2.614940359371834688e+02 2.622948287613075422e+02 2.614424946329904174e+02 2.619963156668358124e+02
2.588875779091485470e+02 2.596459410194221391e+02 2.584027567976409046e+02 2.600146836588484689e+02
2.600600954158765603e+02 2.600501898142664459e+02 2.598538194667410721e+02 2.602770418105862973e+02
2.577431403305896538e+02 2.576222723020768512e+02 2.561095795147421654e+02 2.577111849289452721e+02
2.737990502832511197e+02 2.736269146348437289e+02 2.711097272097295559e+02 2.739098149531770332e+02
2.641722056620904482e+02 2.640657122920032407e+02 2.630129817559845264e+02 2.646206228605449837e+02
2.589491089514307305e+02 2.593325304241427602e+02 2.586575694574502222e+02 2.590620635836903602e+02
2.582212886408091777e+02 2.580474892402846763e+02 2.579834592893379863e+02 2.592950239279060725e+02
2.749809873935762425e+02 2.749794764089359660e+02 2.733649477663359448e+02 2.754449155201665462e+02
2.553734125188835264e+02 2.554695510002983667e+02 2.544898116515419986e+02 2.555759549465331304e+02
2.648414640018868909e+02 2.647809886342954542e+02 2.633900149183800181e+02 2.653863827051272892e+02
2.569067030549030619e+02 2.566396091843499221e+02 2.565727762500626454e+02 2.569537520615392623e+02
2.663575245301950076e+02 2.666439354419692336e+02 2.650938704425872174e+02 2.667522909481745614e+02
2.590128286329028242e+02 2.588758456742749559e+02 2.579776473402857278e+02 2.592986622922390438e+02
2.615436691127174527e+02 2.620174523003784657e+02 2.614299288428182990e+02 2.621820766434009897e+02
2.720104995468512925e+02 2.724584388062369271e+02 2.705074240489815907e+02 2.724597448861547946e+02
2.619143429228500395e+02 2.614864393594095873e+02 2.613697622503773346e+02 2.612885723169123366e+02
2.620660193980316421e+02 2.628507589905512987e+02 2.611992080291411185e+02 2.624611942289420767e+02
2.790017911232175152e+02 2.799228929871131299e+02 2.772489019899836080e+02 2.802230133428824956e+02
2.618729543498743624e+02 2.623259494271522954e+02 2.618584819453593013e+02 2.623947622885678470e+02
2.637471161665936279e+02 2.639484809749149576e+02 2.638479452044179538e+02 2.633050898777701150e+02
2.590994120009667654e+02 2.596109620893710712e+02 2.582012544435291375e+02 2.595808160971560028e+02
2.749315766844750897e+02 2.758483775544747232e+02 2.725574164412914797e+02 2.753299971415170262e+02
2.677276744940537583e+02 2.680556094622194792e+02 2.670221119131063574e+02 2.677979121513940299e+02
2.600618542841035037e+02 2.599857580555128607e+02 2.592719603903178154e+02 2.609695491169982233e+02
2.937515664910839064e+02 2.938609258510578570e+02 2.925483996609809765e+02 2.933033171993145629e+02
2.561207665991480553e+02 2.562507391743492349e+02 2.549083844835379864e+02 2.567445043244250655e+02
2.646131054887234768e+02 2.648607578522454560e+02 2.637309390731271037e+02 2.647621191859611258e+02
2.945504642459993647e+02 2.945411741217225199e+02 2.927022528235056598e+02 2.956283776152761789e+02
2.545739006005495639e+02 2.548940562381351072e+02 2.542418877908297077e+02 2.551344194707118902e+02
2.661384778719682913e+02 2.665720958154029745e+02 2.650308932299985258e+02 2.659040466085165235e+02
2.620645763991200852e+02 2.618191319350455615e+02 2.616845627127493685e+02 2.622463164761853136e+02
2.707841804030662161e+02 2.710198256866256088e+02 2.689676349658906815e+02 2.706870059516248261e+02
2.627473604436562482e+02 2.630657161970167977e+02 2.626582941736515977e+02 2.632078395740282417e+02
2.591001460144864268e+02 2.595145231644429487e+02 2.581025979317473116e+02 2.594780027476666646e+02
2.586939080402611353e+02 2.590582327845119153e+02 2.578235637565167053e+02 2.588275154581446031e+02
2.808116542453120701e+02 2.809884995066898341e+02 2.789804134343561373e+02 2.812982515062182642e+02
2.732073007222072647e+02 2.733763828814994099e+02 2.717311032050938593e+02 2.737172249653192466e+02
3.048036591085366922e+02 3.057560096402302179e+02 3.044085287282174477e+02 3.037047275097808665e+02
2.663849161284681486e+02 2.667244795758443843e+02 2.650997324133257962e+02 2.665152161719029777e+02
3.002013105670658319e+02 3.008318455595656360e+02 2.980287795371979200e+02 2.993120868645870587e+02
2.765065282408623943e+02 2.763324701752272858e+02 2.737722086706933737e+02 2.764215097952038604e+02
2.604945988868227005e+02 2.605283379446341314e+02 2.600311132093715969e+02 2.606384066358963878e+02
2.872640462008048985e+02 2.878927405876331136e+02 2.854605557889012175e+02 2.870503556326307830e+02
2.774630021199045018e+02 2.781487047854012076e+02 2.750801724518876199e+02 2.779408262977223671e+02
2.629138616105409483e+02 2.626745866089606807e+02 2.617171269333102259e+02 2.637045282742952281e+02
2.699401655271086042e+02 2.702155624922916104e+02 2.685574464042414888e+02 2.698858245240912197e+02
2.792684742296281115e+02 2.803079867433736467e+02 2.783999832439622537e+02 2.802156994438583979e+02
2.616634186164440621e+02 2.617769910518507572e+02 2.606848182371368807e+02 2.618488851642296140e+02
2.626853199473300151e+02 2.638294292456569110e+02 2.622882198698945331e+02 2.636758852387220600e+02
2.595405420280219460e+02 2.591371312934155640e+02 2.590383530989952874e+02 2.598732689504120685e+02
2.584674419773391492e+02 2.588995871625063501e+02 2.588020919019587041e+02 2.590442103954994764e+02
2.561951634321675897e+02 2.561777338385557528e+02 2.558016021605112087e+02 2.563750529026323193e+02
2.632016035015121815e+02 2.635469649382280863e+02 2.608333300616798738e+02 2.628337775880704044e+02
2.601429405415835845e+02 2.599001158671624125e+02 2.586629078286919707e+02 2.597007616583377967e+02
2.531342988207774169e+02 2.534549940766603129e+02 2.525522462224184324e+02 2.533409913871414574e+02
2.625443147579153447e+02 2.624737667940564734e+02 2.617324128188382701e+02 2.626331310219899251e+02
2.781032743020801945e+02 2.780294687104200761e+02 2.774009226188961179e+02 2.784380458217973455e+02
2.631964144931532701e+02 2.634440196382369663e+02 2.621169031596014065e+02 2.641505494918071122e+02
2.611381995490584700e+02 2.612522206201949189e+02 2.599615939909245412e+02 2.614158335771309112e+02
2.746276840435955364e+02 2.744409447234268100e+02 2.732201535077305721e+02 2.740535843012530677e+02
2.610691027644264182e+02 2.609376344888853509e+02 2.604193240126377304e+02 2.611286222411688414e+02
2.657704759722043946e+02 2.659715109660492089e+02 2.646605091574876951e+02 2.661892460289167843e+02
2.581299556336120418e+02 2.582133098081317826e+02 2.583800811417476666e+02 2.589223252278287646e+02
2.630955653750734200e+02 2.629082999131587144e+02 2.612419804351750372e+02 2.630966266221464593e+02
2.734659274886699336e+02 2.747704602622191032e+02 2.710369307316139498e+02 2.728997753649094875e+02
2.750226775748762975e+02 2.754490347811658353e+02 2.732371358803338239e+02 2.751229319288299848e+02
2.774761567669880264e+02 2.778938673282235072e+02 2.756522765995197801e+02 2.779723689863732830e+02
2.583395982836708527e+02 2.583702744242487483e+02 2.578157315271626544e+02 2.586171908467923686e+02
2.658440970751748864e+02 2.658024110309754633e+02 2.652013836062239989e+02 2.662164701556121713e+02
2.695735928965666517e+02 2.703873848893121021e+02 2.690833750512461506e+02 2.695566610517790878e+02
2.703256001547632650e+02 2.701946157985331638e+02 2.685606600662712253e+02 2.705470894909541926e+02
2.585707152034964906e+02 2.585333690280605765e+02 2.570924538719160637e+02 2.590376439930753918e+02
2.827258216417360472e+02 2.836834790209496191e+02 2.815424046143734245e+02 2.836157044338402784e+02
2.622125627719810268e+02 2.628831427437460206e+02 2.621074275726642782e+02 2.624501991715896452e+02
2.612568106679123616e+02 2.610949014819673266e+02 2.606990096043077756e+02 2.622440917316400828e+02
2.634757753809608403e+02 2.637072228376254657e+02 2.631362232866418935e+02 2.637381168943874741e+02
2.584674900969611713e+02 2.586986778993798453e+02 2.584761222371570852e+02 2.592731656092689150e+02
2.620394042256201601e+02 2.621114673873995571e+02 2.609264835977598409e+02 2.623722984873229507e+02
2.730051442250583591e+02 2.738229724935990248e+02 2.713008701663216584e+02 2.728903027079954313e+02
2.821561406939450194e+02 2.822227900433916261e+02 2.789920360246294422e+02 2.818426347537650827e+02
2.661573887861303547e+02 2.668898400521642316e+02 2.661615280751268529e+02 2.671118430738893039e+02
2.662450678136640363e+02 2.670451383089228443e+02 2.653085385796533160e+02 2.663744753322392285e+02
2.641714467133088533e+02 2.635710952196732251e+02 2.625502535180156656e+02 2.641003216463504373e+02
2.595523173566667765e+02 2.592160042709260210e+02 2.590996139039976356e+02 2.598580910580859609e+02
2.702362383194022186e+02 2.705469617384909498e+02 2.689947244860255751e+02 2.712934672398001794e+02
2.634443493351442953e+02 2.638916679703689283e+02 2.628982771237139104e+02 2.642509238388283848e+02
2.586348131031168691e+02 2.591880787796929440e+02 2.580419546554705903e+02 2.590260157236630221e+02
2.658569981656305572e+02 2.654987236709637841e+02 2.649560138765253896e+02 2.658244003249374146e+02
2.607474547896713943e+02 2.610286676577682101e+02 2.591375789302436488e+02 2.610687271859646899e+02
2.909744148664337331e+02 2.914247116999059131e+02 2.887883189128273216e+02 2.905547713390680542e+02
2.664316347528422853e+02 2.668626171424596123e+02 2.647423974067585846e+02 2.682154542193983957e+02
2.723169693057525933e+02 2.724677113040442009e+02 2.702200795030759082e+02 2.726299979642945459e+02
2.552314752415094574e+02 2.550858821904522244e+02 2.545450426373760990e+02 2.554005355831365875e+02
2.722920345735434466e+02 2.730804930602041622e+02 2.706573122910884308e+02 2.732218879645076299e+02
2.693769620629096266e+02 2.697866584866601443e+02 2.680263733305553728e+02 2.704401422420181120e+02
2.602274325969267466e+02 2.601836860905206663e+02 2.597327921825351495e+02 2.604825868309202406e+02
2.632551758907150088e+02 2.634144701319652313e+02 2.625148897646630530e+02 2.633450680195612108e+02
2.618829385475264644e+02 2.615711763438949902e+02 2.610997131090003904e+02 2.620939538194452894e+02
2.598362680656943553e+02 2.596753268230522735e+02 2.596747257362703181e+02 2.597964221663772264e+02
2.616303067207883828e+02 2.620304194967997660e+02 2.613467412838666633e+02 2.617605932809383944e+02
2.569109071322639579e+02 2.574706595883429259e+02 2.566866666290580952e+02 2.573622805799303705e+02
2.975252550158274971e+02 2.977510653290473215e+02 2.959525634922674726e+02 2.970269747159446752e+02
2.632288558457710224e+02 2.629567776275457049e+02 2.626790776146272037e+02 2.632466553677968477e+02
2.749201831378497332e+02 2.738391725432074395e+02 2.734621507060379031e+02 2.749515355760570969e+02
2.688429307495138687e+02 2.693629491427825542e+02 2.669130879498412128e+02 2.695023179621066447e+02
2.644144513880032719e+02 2.658889744894594287e+02 2.635631199817575521e+02 2.653583648512463924e+02
2.794287268649276257e+02 2.793643398499606860e+02 2.771098318746027189e+02 2.783552172088451471e+02
2.561362428697738665e+02 2.558705496191189752e+02 2.553291856458347979e+02 2.561944665931562213e+02
2.593700874698370740e+02 2.597547855357928483e+02 2.587506792061206511e+02 2.596183769955381422e+02
2.604231297866594446e+02 2.606460490638990564e+02 2.602869145090426173e+02 2.608285488348636250e+02
2.834255408403371348e+02 2.838051213382959759e+02 2.814090005827072218e+02 2.838846702553986461e+02
2.707301561891338224e+02 2.705711814785589695e+02 2.693883586030742663e+02 2.709955271925036300e+02
2.668224756087893184e+02 2.668213841876335550e+02 2.662048813853964475e+02 2.666281823249815943e+02
2.588307943909763935e+02 2.590019529181509483e+02 2.587829484406339589e+02 2.591353621516782937e+02
2.547890142881907707e+02 2.549674342136138137e+02 2.541244837496840887e+02 2.554044219526778079e+02
2.665765800075114385e+02 2.662902296026846898e+02 2.653050345194872079e+02 2.673939106660770335e+02
2.596322887531580363e+02 2.593411995269799490e+02 2.587355031522511126e+02 2.588179039925126972e+02
2.557754842569120797e+02 2.560237557631768937e+02 2.557473430530504004e+02 2.559258784332934056e+02
2.674875671748897616e+02 2.671695127420397284e+02 2.666246633306751050e+02 2.675098640623063488e+02
2.599661160420786814e+02 2.601635623870429299e+02 2.599123783789375466e+02 2.607312887801505212e+02
2.877930051252365615e+02 2.880209208115776391e+02 2.851089304205394228e+02 2.870481859506558067e+02
2.631424952684343452e+02 2.633998867134390593e+02 2.625524093601109143e+02 2.635333306159878362e+02
2.632011736499998733e+02 2.634759859529982009e+02 2.620565566663019581e+02 2.638989907707520501e+02
2.815397987042260866e+02 2.828357530448705575e+02 2.810707522967682621e+02 2.829196180564784413e+02
2.775834529105925412e+02 2.779874896977402727e+02 2.754005584775527495e+02 2.774321162411054047e+02
2.867043617754320621e+02 2.857501396494685082e+02 2.834996100109713097e+02 2.854780716283575543e+02
2.606463191622104318e+02 2.608992349553667509e+02 2.598827051737956140e+02 2.616301071888163392e+02
2.633903110589045014e+02 2.638695456315955994e+02 2.624205773352495612e+02 2.642752229286599572e+02
2.661083819954900491e+02 2.672675971343001606e+02 2.647628827766781683e+02 2.666508078391402137e+02
2.970206444260500120e+02 2.970774861871963139e+02 2.963638756840984456e+02 2.976301788250169125e+02
2.600147858625987283e+02 2.602266897137311616e+02 2.602008025455727420e+02 2.599896475543349084e+02
2.628429104243880943e+02 2.623633171592620101e+02 2.621027000783831795e+02 2.625508568974574928e+02
2.653712768058306892e+02 2.655348869493033703e+02 2.644535103541461467e+02 2.655898896505057110e+02
2.578981881514697534e+02 2.582940355549690139e+02 2.575695112062354610e+02 2.585937537987436485e+02
2.639238386883230874e+02 2.638828017525572704e+02 2.628521138126278061e+02 2.640590010373342125e+02
2.691296410960335947e+02 2.690017208684756724e+02 2.678931161241959558e+02 2.692473222836413811e+02
2.602261385439818469e+02 2.602528439367299598e+02 2.598689935580410406e+02 2.605775202322104178e+02
2.659284441960792833e+02 2.660819807720286576e+02 2.642359988762775060e+02 2.662209261719779647e+02
2.625864055363778107e+02 2.625489038207143153e+02 2.613361333602431955e+02 2.632427862845742652e+02
2.570242236335533903e+02 2.572997363055703772e+02 2.569829953332629771e+02 2.573940422273183231e+02
2.678191130986406279e+02 2.679670515594777953e+02 2.654761263739439983e+02 2.682321717530916203e+02
2.769645727478771278e+02 2.774036211114358252e+02 2.754236929703797614e+02 2.774368866770747104e+02
2.567030831156679369e+02 2.565996231761267836e+02 2.558033412115118210e+02 2.566540152097561531e+02
2.760581261338526247e+02 2.773282656751958370e+02 2.752724790309999889e+02 2.774997444836870955e+02
2.911296988570032909e+02 2.907803910271059635e+02 2.894540661331196247e+02 2.914800618409888102e+02
3.000546612553907266e+02 2.986755449234269122e+02 2.975103443847892208e+02 2.974075271217619161e+02
2.628484900493854184e+02 2.636426854731796539e+02 2.630621700223976518e+02 2.636339257651294474e+02
2.645157848165353585e+02 2.641486049471732827e+02 2.635625672806460784e+02 2.640653413569573331e+02
2.612251641405846385e+02 2.605795478497356044e+02 2.594158807139216947e+02 2.611523998858195910e+02
2.594272371150332788e+02 2.598723036224338330e+02 2.587637988169323080e+02 2.601442665858176611e+02
2.621995691346822923e+02 2.626587897631128499e+02 2.621654131897256548e+02 2.625290118725701518e+02
2.815849660994099963e+02 2.824322558135269219e+02 2.796641211700764416e+02 2.821519381271306202e+02
2.668322768810282355e+02 2.674888945470721637e+02 2.651760086469871567e+02 2.675060112208838632e+02
2.746348349266176001e+02 2.746335792357220384e+02 2.717501487068419124e+02 2.744182854949846728e+02
2.579774245326066193e+02 2.593622141964909247e+02 2.577871303055319459e+02 2.585077012719661980e+02
2.714551025871998036e+02 2.723985815492213192e+02 2.701157326313667113e+02 2.721409954016591541e+02
2.714258873673666699e+02 2.725807424445910101e+02 2.701486230206440950e+02 2.716453341223628968e+02
2.599505735593571103e+02 2.598419631161289658e+02 2.594710914780646931e+02 2.605307900251242472e+02
2.581452455696197603e+02 2.585974357566523736e+02 2.582532337280538854e+02 2.588776411425338324e+02
2.786597570354833238e+02 2.783840581226331778e+02 2.768927687747665232e+02 2.796050562895935059e+02
2.589232911867135272e+02 2.596229427892411650e+02 2.583451402201563383e+02 2.597715997314328433e+02
2.649849494551344264e+02 2.649154005321319119e+02 2.642785121594159250e+02 2.656436607650474571e+02
2.579853214669097952e+02 2.584432813395878838e+02 2.580544484704442993e+02 2.580469773256004942e+02
2.596795696068264192e+02 2.598938450097141413e+02 2.586986880515588609e+02 2.599532175300148538e+02
2.576641571846177499e+02 2.575938711386917817e+02 2.570875630611835163e+02 2.576308239194540306e+02
2.584981359178860885e+02 2.585637225298218027e+02 2.576719911661210745e+02 2.590636601774850760e+02
2.677251440823193889e+02 2.682508738681856357e+02 2.664468419824874559e+02 2.675355971013361227e+02
2.763307786625295535e+02 2.767617046835649717e+02 2.755808425683047744e+02 2.764221304435205298e+02
2.643625005355102076e+02 2.649427910283935717e+02 2.633631028694505289e+02 2.645464419659458599e+02
2.625141776296038643e+02 2.624924486772323462e+02 2.623415035451754420e+02 2.625493802488654183e+02
2.801555977944948950e+02 2.821509538230012595e+02 2.789752699943510947e+02 2.818825416149078933e+02
2.632779392502891938e+02 2.637011460197255133e+02 2.621619937016121753e+02 2.640302417415342120e+02
2.950269321078439475e+02 2.951497290552641175e+02 2.933145672626449141e+02 2.948027685305770547e+02
2.747364257198120185e+02 2.749931183717684462e+02 2.724926186809449291e+02 2.750881779744743767e+02
2.593568558238663400e+02 2.600589332532420599e+02 2.590351882110044812e+02 2.595836730665408822e+02
2.663879481874949420e+02 2.674084051716005774e+02 2.652551893802038876e+02 2.677483869693235761e+02
2.596735533072276780e+02 2.595883847117410710e+02 2.588488844752451428e+02 2.596832915159126287e+02
2.597992818421238326e+02 2.600818478529554909e+02 2.595558083480132154e+02 2.601385635209905445e+02
2.762049170211346905e+02 2.765834986693336077e+02 2.730041278910243818e+02 2.762767696760581657e+02
3.038646059425287262e+02 3.033237570165507009e+02 3.016703308373644177e+02 3.020180348758002538e+02
2.647607969824284169e+02 2.644261360529166609e+02 2.632736951282889777e+02 2.653806926403501052e+02
2.608370779509868953e+02 2.603798199246444938e+02 2.608636548119084182e+02 2.612732969319795302e+02
2.636626650703655628e+02 2.635425687914864170e+02 2.630297294720494961e+02 2.646114783337342260e+02
2.635022735362687172e+02 2.639772712290725281e+02 2.634188512057567664e+02 2.638356193125645177e+02
2.761964642519620270e+02 2.762932741961251395e+02 2.751792402642669231e+02 2.760873349275261717e+02
2.840366683236936183e+02 2.868521780785932833e+02 2.821663861887105895e+02 2.853163290193026569e+02
2.722851812563224598e+02 2.726409429891364766e+02 2.694721492630680473e+02 2.730416187821653011e+02
2.986881757141304092e+02 2.970607014027420405e+02 2.965222351112108754e+02 2.979249007892026953e+02
2.559319547409990605e+02 2.564000519259139423e+02 2.557043617174057601e+02 2.559713239013518944e+02
2.646365076782508368e+02 2.650343519178053953e+02 2.642115076987579414e+02 2.653039101055746869e+02
2.598301964324703590e+02 2.597617910242174730e+02 2.596673605607655873e+02 2.599423078690420539e+02
2.769464537419643193e+02 2.781388460512534380e+02 2.755723092433195802e+02 2.771420279954485864e+02
2.589716729394755248e+02 2.596469201300735676e+02 2.579947953104823455e+02 2.589221292850245391e+02
2.598818688749632315e+02 2.597271279114965523e+02 2.597326599513941119e+02 2.597365983183325966e+02
2.593813841549514905e+02 2.595964423205847993e+02 2.583837981748884545e+02 2.595844447476275718e+02
2.590020028043155094e+02 2.591218497929387468e+02 2.587672458758576113e+02 2.589891269965279434e+02
2.836314069606931412e+02 2.842381951117166068e+02 2.814626647241740898e+02 2.838819168441664829e+02
2.579804721331096857e+02 2.579620372305247429e+02 2.579032648553136937e+02 2.585789004973374858e+02
2.596895216220741531e+02 2.593345266423500561e+02 2.585601286098232663e+02 2.596144416193086499e+02
2.773324611267315163e+02 2.779055137193825544e+02 2.743998176656195369e+02 2.771343855568064214e+02
2.590185027574684682e+02 2.591269332440620019e+02 2.588025765859627541e+02 2.590929183783433700e+02
2.632370643008546267e+02 2.637613957635891211e+02 2.622105498456442092e+02 2.634897314665886938e+02
2.631433655577037598e+02 2.634269920592338394e+02 2.623327308545808592e+02 2.634387594211262922e+02
2.679857228402803457e+02 2.672989329450309128e+02 2.662675898522693956e+02 2.687763028313660811e+02
2.732521420961452918e+02 2.730712421164169541e+02 2.711254575548371690e+02 2.741399944750658051e+02
2.575501134037124871e+02 2.578044658489180847e+02 2.571994722267510838e+02 2.582091475803613889e+02
2.573236293857540318e+02 2.572889641476021438e+02 2.572138015263599868e+02 2.566070700102931141e+02
2.611055543509434074e+02 2.615989430281773025e+02 2.607525587308624608e+02 2.610455796578029890e+02
2.788120351909018950e+02 2.798185932285483091e+02 2.770325564885066569e+02 2.795159992992595335e+02
2.631864809763675908e+02 2.630782277455033409e+02 2.625668739155571529e+02 2.630774277406912915e+02
2.606523843513765542e+02 2.610056953123740300e+02 2.592389939599557351e+02 2.609478433442592973e+02
2.599776749306481065e+02 2.597704955855352864e+02 2.588478505893991155e+02 2.597079528311909371e+02
2.638407144608153203e+02 2.638393749566952238e+02 2.613844336752234767e+02 2.635624141871933261e+02
3.008730635886087725e+02 3.009178682533578808e+02 2.997338095293122819e+02 2.997266762229436381e+02
2.641701889112391086e+02 2.647494196943031284e+02 2.639317872103687250e+02 2.651906216500629512e+02
2.821404518795497438e+02 2.828584150089904483e+02 2.798987896410737335e+02 2.820457238357492997e+02
2.609536357579613082e+02 2.607555487067800186e+02 2.611141116366314918e+02 2.612646426995657407e+02
2.711378228043844274e+02 2.716637186777861643e+02 2.696370022571310869e+02 2.720120696613529390e+02
2.649135091550764969e+02 2.646698797951495408e+02 2.647152698052298092e+02 2.651099771972879466e+02
2.821709634992479323e+02 2.834956726696001397e+02 2.809509926017341286e+02 2.829794992409254064e+02
2.633354370403056919e+02 2.631817905420703028e+02 2.618204659526466003e+02 2.632885877100895868e+02
2.574279609733962388e+02 2.576153294282577804e+02 2.568973561216037069e+02 2.583393835921827417e+02
2.594701324052660993e+02 2.596799573141739188e+02 2.591772599345803769e+02 2.594876409060508990e+02
2.597208353765262245e+02 2.598059989620902002e+02 2.592738256999003283e+02 2.598709556684274276e+02
2.646327921020783265e+02 2.644988086935951515e+02 2.627944305625306356e+02 2.644816278416336672e+02
2.640942822334486664e+02 2.643403509976618011e+02 2.641072927157700860e+02 2.647404250537791199e+02
3.028234497548716604e+02 3.021957057611756454e+02 3.021249519813156326e+02 3.018603220573854173e+02
2.632881734319104794e+02 2.636196843763871698e+02 2.621617198443450434e+02 2.636608608808512599e+02
2.594900748349337505e+02 2.596217592374001697e+02 2.599673523531692467e+02 2.598656933908100655e+02
2.978235609934540093e+02 2.981352859569267935e+02 2.965235872711616025e+02 2.969900447378007016e+02
2.605866861929596325e+02 2.605408273435324418e+02 2.593698848336244396e+02 2.607535534585447294e+02
2.949745305133802731e+02 2.949365439045653829e+02 2.925772480724057800e+02 2.944102663035176874e+02
2.725255814352727270e+02 2.726804477302629266e+02 2.716738580394228393e+02 2.725582869470990772e+02
2.719133808267650352e+02 2.723651041007074696e+02 2.692160474121552625e+02 2.726017188110710094e+02
2.850870351800363665e+02 2.866901189063767674e+02 2.849832641279636505e+02 2.857943664228368448e+02
2.591777592042767537e+02 2.589716000384745485e+02 2.584430596123037276e+02 2.594860073231754996e+02
2.621230598120868081e+02 2.624769428455494449e+02 2.612834820268590192e+02 2.617649446630180705e+02
2.569436912863688462e+02 2.572052805792419576e+02 2.570762428588387252e+02 2.570790966761595087e+02
2.602698356605878303e+02 2.608549965839798688e+02 2.591578993739482257e+02 2.600415019035506816e+02
2.567418877219230353e+02 2.568756962851959997e+02 2.559636104168338591e+02 2.580312843670838561e+02
2.746994425258739057e+02 2.752455331703774846e+02 2.730204049357410554e+02 2.749061986525632619e+02
2.626937799779227021e+02 2.620624708782511902e+02 2.612023383640287193e+02 2.627825280300671125e+02
2.739270085835835857e+02 2.737086880825227126e+02 2.720048289941760800e+02 2.736960221030261096e+02
2.892974626988651607e+02 2.903076797511715199e+02 2.879802224199688681e+02 2.893147786196116158e+02
2.936216441313443966e+02 2.934443326029814330e+02 2.923600020848847976e+02 2.929307921833561181e+02
2.629286093654362730e+02 2.625010641086989267e+02 2.623707898156150691e+02 2.623960801099452738e+02
2.738858513388789220e+02 2.745316445478889591e+02 2.734223151717836799e+02 2.746964648427568818e+02
2.920084755531567566e+02 2.915136635827799978e+02 2.896852702657718055e+02 2.917957151757993302e+02
2.952007400156708172e+02 2.955492634770690188e+02 2.931706315693494957e+02 2.945342612437792695e+02
2.624123359355095886e+02 2.623898802617273418e+02 2.612239341032640141e+02 2.627546670017329689e+02
2.935233781394857715e+02 2.937644847918668916e+02 2.916620421010571249e+02 2.935345995449221732e+02
2.625349303436850619e+02 2.623331967114131089e+02 2.616198431577556676e+02 2.624784660606198372e+02
2.613249487086840190e+02 2.624414021223142868e+02 2.610728872124959707e+02 2.620906066198376152e+02
2.857662126884176246e+02 2.863951138779265193e+02 2.839579612624735319e+02 2.867453670846931004e+02
2.605980450624618356e+02 2.606271089390870088e+02 2.601713337248802986e+02 2.608352709443815343e+02
2.594174490332836740e+02 2.588381573009183398e+02 2.586166468744993381e+02 2.590316288170561165e+02
2.982725817380681974e+02 2.995048182815323798e+02 2.971755666916442920e+02 2.985380933107897476e+02
2.615608327849304260e+02 2.620589774015616058e+02 2.610867634052814310e+02 2.616906328181595427e+02
2.649256184710037587e+02 2.651393558936417207e+02 2.643651549321297693e+02 2.647993321943628757e+02
2.595295090548106032e+02 2.592256657051553930e+02 2.587050582997069910e+02 2.598748320411587542e+02
2.584766668427719765e+02 2.585024061948191729e+02 2.570761332080263628e+02 2.585738304742563400e+02
2.704332852467724138e+02 2.709656676955456760e+02 2.692167646697816394e+02 2.712697457041139160e+02
2.908173593805148016e+02 2.916117290137050304e+02 2.898349911193595290e+02 2.918921577151890006e+02
2.841977547622244060e+02 2.838631046766028021e+02 2.816654444911903283e+02 2.845500333494084089e+02
2.599297210686043513e+02 2.604520049224686886e+02 2.593164286486770038e+02 2.606991730684096069e+02
2.591633911600605416e+02 2.594845688023326034e+02 2.588765278247162769e+02 2.595809444435730029e+02
2.658277138919350477e+02 2.664531537828089540e+02 2.650061048023864032e+02 2.661723776847787803e+02
2.581298174466791693e+02 2.584835431455693993e+02 2.576709953053659206e+02 2.586711576476793653e+02
2.641150085361880429e+02 2.644863204928431060e+02 2.636199795970641730e+02 2.652044676248852966e+02
2.646522971014765062e+02 2.646995470229372245e+02 2.637440211108910830e+02 2.653285616652420913e+02
2.841538519738282957e+02 2.851107878200063510e+02 2.818646199528294005e+02 2.839241304341097134e+02
2.715292051900156594e+02 2.717549299926538424e+02 2.703465155705648044e+02 2.722919281017821049e+02
2.995070422763330384e+02 2.996994364862371754e+02 2.985081144972433549e+02 2.986263984342349431e+02
2.599950090279137385e+02 2.601025884883175650e+02 2.588289680939539608e+02 2.600198978040926931e+02
2.785883903920996545e+02 2.783543277748177047e+02 2.755185230126519400e+02 2.784353225228491056e+02
2.804190160574029846e+02 2.808286450411515602e+02 2.787005664932556783e+02 2.813492126487861356e+02
2.584356116819633939e+02 2.588278107398981547e+02 2.583678510812686682e+02 2.582718764641480220e+02
2.680978421495381667e+02 2.683115649212487028e+02 2.674401248978661556e+02 2.686045349711310450e+02
2.622499657172133425e+02 2.625043720839266825e+02 2.615065515424927867e+02 2.629042579680581753e+02
2.566424277203711881e+02 2.573071717078409506e+02 2.569316293900317305e+02 2.572973122434187303e+02
2.588337530833638880e+02 2.591505793803099778e+02 2.581880101466982183e+02 2.587320604319008908e+02
2.744564091817675262e+02 2.749904782892656954e+02 2.726825242355761247e+02 2.742668441655306992e+02
2.596225203752648554e+02 2.592572213575417663e+02 2.593043727633639719e+02 2.594478989582332247e+02
2.640532295506137643e+02 2.638187663902165241e+02 2.629845637899435360e+02 2.639100127767127333e+02
2.575772821726029065e+02 2.579641689634625550e+02 2.570459011999469112e+02 2.573591050471580388e+02
2.625214122945597524e+02 2.623241316016123506e+02 2.628671758682901896e+02 2.631295609961886726e+02
2.573601560365822820e+02 2.574804469498866979e+02 2.569470006829160411e+02 2.576458205624313109e+02
2.595353569250193573e+02 2.595638867500914557e+02 2.602093886370715836e+02 2.598141961406375913e+02
2.835304625311987934e+02 2.840112206049926158e+02 2.819332096052419843e+02 2.838435604804706713e+02
2.575869502610115092e+02 2.573338224850532470e+02 2.569432136739897601e+02 2.575936451629735302e+02
2.599369349952805806e+02 2.601035560117383056e+02 2.599725021358515846e+02 2.606268542881001054e+02
2.957576261189805109e+02 2.960879488350327051e+02 2.944154993967396763e+02 2.962955088902916714e+02
2.561905821033881807e+02 2.564686773712197692e+02 2.556653294092219824e+02 2.566172179546161942e+02
2.608874866982142748e+02 2.612820345332492025e+02 2.595762883495334563e+02 2.617250314276297445e+02
2.583552925800022422e+02 2.584877347161186094e+02 2.577701840810097451e+02 2.585489793980822810e+02
2.813021834574818740e+02 2.810714815947716829e+02 2.784268805531318662e+02 2.818008941758545802e+02
2.740098862717717338e+02 2.741309262387550802e+02 2.719906918854898095e+02 2.744447564980971492e+02
2.754504827963808680e+02 2.756505709513269835e+02 2.732068985813972404e+02 2.753485150934350827e+02
2.641640112707613639e+02 2.642160396979775783e+02 2.625783407662576678e+02 2.640417714533436424e+02
2.559417528108476176e+02 2.568106109722846782e+02 2.561380414212101186e+02 2.569514424131984356e+02
2.668790635420315311e+02 2.665574495315007653e+02 2.655187801526665226e+02 2.670923705433760347e+02
2.568024430034502643e+02 2.567384319019913619e+02 2.566319084287234205e+02 2.565640473105590331e+02
2.564924202357667014e+02 2.570018935457072189e+02 2.554156380638040673e+02 2.571986467261560279e+02
2.634944719355199823e+02 2.633515845239001578e+02 2.629531899024460699e+02 2.635265815291322724e+02
2.651256115982168353e+02 2.662718777813767019e+02 2.642030556431343484e+02 2.654920486979546581e+02
2.872944095965638667e+02 2.876439289674423208e+02 2.861291934723053600e+02 2.874045060363078505e+02
2.629367358781065604e+02 2.632135133306097146e+02 2.617134598254335174e+02 2.639035434762406567e+02
2.804169229351688273e+02 2.803916661258784870e+02 2.784752948725835608e+02 2.817223455234542371e+02
2.565402809790051606e+02 2.574754913331854027e+02 2.565889008229287356e+02 2.569181190064365410e+02
2.620518620988485168e+02 2.628836950065194742e+02 2.615441198460516148e+02 2.624313068697279618e+02
2.622112041873023145e+02 2.628433596416383580e+02 2.615286446046052902e+02 2.626449138907625525e+02
2.568742525786058764e+02 2.572048837915999684e+02 2.560769681877122252e+02 2.575410032219480740e+02
2.574392281781768475e+02 2.580342550916860773e+02 2.572750005673938176e+02 2.574232003092423611e+02
2.586738973145804152e+02 2.591179438963920916e+02 2.589734760124251807e+02 2.593696821938343646e+02
2.689803141672576885e+02 2.692202137107946669e+02 2.686004896364607930e+02 2.692982061248043237e+02
2.559957758955771112e+02 2.560241516120506162e+02 2.556506264383607459e+02 2.566724796415830383e+02
2.582974115918882489e+02 2.578977927511917869e+02 2.576048494944974436e+02 2.584663200142054507e+02
2.590999539699607226e+02 2.593080001054963191e+02 2.588441226402799771e+02 2.597372342198077604e+02
2.587654885278147958e+02 2.591074520985197296e+02 2.580370502664477499e+02 2.593121802891697030e+02
2.688917765724918354e+02 2.685559239809436463e+02 2.670136843806587308e+02 2.687595136058724279e+02
2.639292965096979060e+02 2.644949308528345000e+02 2.632860504778600443e+02 2.642304255928263501e+02
2.703413877406516121e+02 2.707793873375586031e+02 2.684958629905668204e+02 2.708907274929383675e+02
2.600999059460257854e+02 2.612041785126360196e+02 2.603336068168447355e+02 2.601306748082998865e+02
2.707316523177089493e+02 2.709856344098100749e+02 2.693941251019087986e+02 2.711576805839910094e+02
2.577096553200420885e+02 2.583301616629756836e+02 2.568427623016346502e+02 2.578520732209922244e+02
2.693205713796326108e+02 2.695965026496179462e+02 2.686828266524591982e+02 2.696851125867247561e+02
2.615086779847223397e+02 2.613759107984394632e+02 2.602349134653142642e+02 2.617872359576924737e+02
2.570001213604005557e+02 2.574517739800350000e+02 2.566178410603827729e+02 2.572278651905108973e+02
2.563959058634577559e+02 2.572373031809343615e+02 2.559349283071148591e+02 2.571541324889187763e+02
2.917568034497599569e+02 2.926834054552248290e+02 2.906928619221048962e+02 2.917793015285373031e+02
2.588697144339902252e+02 2.588752400007887218e+02 2.587497879307107951e+02 2.590146628936359434e+02
2.584053897736654335e+02 2.586093038104577886e+02 2.584568952324491988e+02 2.587057465147102562e+02
2.901093603365528679e+02 2.901180585059374266e+02 2.877953683763892627e+02 2.895115842332353395e+02
2.932781279903752534e+02 2.948623472624474857e+02 2.913836731685565269e+02 2.931997175707145971e+02
2.588922809057395398e+02 2.591606722624236454e+02 2.586011328651139252e+02 2.589784778215188794e+02
2.615463118534247542e+02 2.623487020865023283e+02 2.606682558931523772e+02 2.622497280384131386e+02
2.833705234696702178e+02 2.835379852527249227e+02 2.813099681839211712e+02 2.831325508159749234e+02
2.601390269446525281e+02 2.599133125556558070e+02 2.596258628658584939e+02 2.600358757136453391e+02
2.617238453311557009e+02 2.616284597523592197e+02 2.613823103701860759e+02 2.621549773158714629e+02
2.833611941606797586e+02 2.839985920717091403e+02 2.820361371597256266e+02 2.838497140662905736e+02
2.549510121052019258e+02 2.547113625124835323e+02 2.539120831863158116e+02 2.551528239582102628e+02
2.740299731000366705e+02 2.744078997505804409e+02 2.722158333024896706e+02 2.745751769195060206e+02
2.607976208106312583e+02 2.607852326388834854e+02 2.601567268580716927e+02 2.608943381747324679e+02
2.604515855283987662e+02 2.602881871652547829e+02 2.603938696161311555e+02 2.606397575706259886e+02
2.646558263791259265e+02 2.649999672692077866e+02 2.639007550713711794e+02 2.648922660692184081e+02
2.585755753944749245e+02 2.585290918827212749e+02 2.584125001821128080e+02 2.586386991799058706e+02
2.610017325160424093e+02 2.609646293893896996e+02 2.602804894972882721e+02 2.615347131784432122e+02
2.829301897521826845e+02 2.830032882855389289e+02 2.801939895923510448e+02 2.825507577125251828e+02
2.613853284722156332e+02 2.621703907069401112e+02 2.607102682968873637e+02 2.618662945948109382e+02
2.712815906112908237e+02 2.717884625614078686e+02 2.698942082306606949e+02 2.714779955327423977e+02
2.627742238361110481e+02 2.623468250827143038e+02 2.620862473149629182e+02 2.626483716887365176e+02
2.607350413907457209e+02 2.607570860616181108e+02 2.602157638116271983e+02 2.602359362659383919e+02
2.581592045386560699e+02 2.580486037645303554e+02 2.570236900185183799e+02 2.588913198170416763e+02
2.599660787807323459e+02 2.598578695962143570e+02 2.598136968871697832e+02 2.606083053277126282e+02
2.761158282360548810e+02 2.763475024336212869e+02 2.734932973790619144e+02 2.756735132359016802e+02
2.643783717151843007e+02 2.643336685766093410e+02 2.633007181419001768e+02 2.648909711728922503e+02
2.765275844437532555e+02 2.772096136154543728e+02 2.745421880644696557e+02 2.773934903062893795e+02
2.969206938192454572e+02 2.975526170535215442e+02 2.954055175294807896e+02 2.972161181570897952e+02
2.753909427039779416e+02 2.749849085554921544e+02 2.722898250809503224e+02 2.746338280828507550e+02
2.610175731068053437e+02 2.615174910426437691e+02 2.603014449893626647e+02 2.616910478338997450e+02
2.585656404874378040e+02 2.587549797829854583e+02 2.580329372302891784e+02 2.588328546534942234e+02
2.696490557207742427e+02 2.692089869292134949e+02 2.673071445050341026e+02 2.698275673035473687e+02
3.087098289419371326e+02 3.090462905619118601e+02 3.085229135529800715e+02 3.073242864411357118e+02
2.628832588550841933e+02 2.627701102347606934e+02 2.620095716751192754e+02 2.639656533356920818e+02
2.855832475197781264e+02 2.853961324605002687e+02 2.836115417238734153e+02 2.859043152701459576e+02
2.777087644919635068e+02 2.779448914109721045e+02 2.765850297024722977e+02 2.786519672935957033e+02
3.014807676587361698e+02 3.008364836672119509e+02 2.993556530297030918e+02 2.991667002711321857e+02
2.644957150583460361e+02 2.641330906896093325e+02 2.643005410812245373e+02 2.647466048392494713e+02
2.587535962576418456e+02 2.593315597698131683e+02 2.587312030718978235e+02 2.590191283369734947e+02
2.608505816880032739e+02 2.612007169926943106e+02 2.602416804276698485e+02 2.617745852369063755e+02
2.623224876303510200e+02 2.632898311524893415e+02 2.619514511902165168e+02 2.630173849135961746e+02
2.968993814805207307e+02 2.970292504613186679e+02 2.950278218778896644e+02 2.956649905895316692e+02
2.610703086674118367e+02 2.618610030355338836e+02 2.608031771614392937e+02 2.615962319040901320e+02
2.623214681618850932e+02 2.622181471925999858e+02 2.613175719555424621e+02 2.622798245566432342e+02
2.920933110132886554e+02 2.919876683085734612e+02 2.900887834584486313e+02 2.920788162518820172e+02
2.600046948166611287e+02 2.606643386615396594e+02 2.597780505168832406e+02 2.604333924441201589e+02
3.056063895556827674e+02 3.065394700667471852e+02 3.048753703842311893e+02 3.049624999458640673e+02
2.582750349710847786e+02 2.583711305578843280e+02 2.579871870951922119e+02 2.587341428684536027e+02
2.599229065321435996e+02 2.600818639720840224e+02 2.597027190189157864e+02 2.609336656189105952e+02
2.572310016518918587e+02 2.577068759851309778e+02 2.572972485255040169e+02 2.574774214462309487e+02
2.706505068763760278e+02 2.712478093822027176e+02 2.694983981489768894e+02 2.707577679249930611e+02
2.673027631066715912e+02 2.678815946811192816e+02 2.660607547430482214e+02 2.678480664864375171e+02
2.696959952014032638e+02 2.706657816295501675e+02 2.687438038974924552e+02 2.707165698553465063e+02
2.940183650552707491e+02 2.948572075315858569e+02 2.934838546954733260e+02 2.947574008150411942e+02
2.641130142935707568e+02 2.639354922629564157e+02 2.620491016605905088e+02 2.641794628721904701e+02
2.754974545004232596e+02 2.756345933414197589e+02 2.734363117298061638e+02 2.763381566935256046e+02
3.056507664338810741e+02 3.054784374786996750e+02 3.051811068084913359e+02 3.040911724842906665e+02
2.610735022901817501e+02 2.615012232623002433e+02 2.603289693279660355e+02 2.621861689389970707e+02
2.703904511102119272e+02 2.705422251406844225e+02 2.684012555465658352e+02 2.703168760591177602e+02
2.606379806420508771e+02 2.612634335421128071e+02 2.603395586694699659e+02 2.614192535623270714e+02
2.690426621474739477e+02 2.694193158601899540e+02 2.673564143633774961e+02 2.696300469650793161e+02
2.890586593491648841e+02 2.889440112758435362e+02 2.868029999083769326e+02 2.881109389797534277e+02
2.551527441677691854e+02 2.555406383776879409e+02 2.534317873994563683e+02 2.552497938850698915e+02
2.619530545937926718e+02 2.624208993725227401e+02 2.608681507221065772e+02 2.625556646512579846e+02
2.607462988696177604e+02 2.607362600486341648e+02 2.607826859639750410e+02 2.609144589304364672e+02
2.662810305811760259e+02 2.671629073261194094e+02 2.660571775161490677e+02 2.659695728975207203e+02
2.619151125661958872e+02 2.617520257731833908e+02 2.609467933845343737e+02 2.618228029893510325e+02
2.569303628610134069e+02 2.578806006782040185e+02 2.568861776395320931e+02 2.576008810411182139e+02
2.718467232111166823e+02 2.727229696237887424e+02 2.710628867404851121e+02 2.725768413044156659e+02
2.538361532220371259e+02 2.542499287556255467e+02 2.534320665779953572e+02 2.543513464695954553e+02
2.628986946127306510e+02 2.628755171951616489e+02 2.624753216769578898e+02 2.635186960641345877e+02
2.693015535730333454e+02 2.696470075607554691e+02 2.674103752073439182e+02 2.695431785876715480e+02
2.744700069980901844e+02 2.748840486348551622e+02 2.724216039559703972e+02 2.747402490474271417e+02
2.610717564285699837e+02 2.611215844278560780e+02 2.596625099193627761e+02 2.617802803245338055e+02
2.606321896000970924e+02 2.602703821235619444e+02 2.596380539549200535e+02 2.606164995615716293e+02
2.640018555143123535e+02 2.641278723309185921e+02 2.632424199106270635e+02 2.645574018799425744e+02
2.568702758288275163e+02 2.573419698433970098e+02 2.570984406623784935e+02 2.570585595281173710e+02
2.749382579610302741e+02 2.750430334441691116e+02 2.725438413929172157e+02 2.744826834130410589e+02
2.926655653160060524e+02 2.939099737082264596e+02 2.906219184640497701e+02 2.921188401519502236e+02
2.716440807524824095e+02 2.717584935720325916e+02 2.714148293886798342e+02 2.728327904859218620e+02
2.603327472523406527e+02 2.610749918235006248e+02 2.594711091816489557e+02 2.609245558925944692e+02
