2.615650222882429148e+02 2.616948823561590416e+02 2.614480804910804750e+02 2.616476240976159602e+02
2.602222467185140431e+02 2.606585413650427085e+02 2.604005735966202906e+02 2.608148241262676379e+02
2.891527323753855399e+02 2.892289609717863073e+02 2.872766290276251198e+02 2.882976840135730185e+02
2.582063827753295868e+02 2.583389355575094442e+02 2.581884516784941184e+02 2.583673644725020040e+02
3.002870024929739543e+02 3.014335661716479535e+02 3.004878434954329123e+02 3.003050630128477110e+02
2.761839074433253813e+02 2.764558287155967378e+02 2.744236135460913033e+02 2.768424726602810892e+02
2.695554190940195554e+02 2.698627038549141730e+02 2.683506830795381006e+02 2.695949829209527593e+02
2.651845845468399716e+02 2.656192555429558979e+02 2.646211528831227611e+02 2.652732761451172792e+02
2.656247568570395856e+02 2.653870431071734401e+02 2.642125026770296472e+02 2.650269357286209697e+02
2.576474154576950468e+02 2.576476618044400766e+02 2.569680508275866373e+02 2.578752582897035950e+02
2.737412975938789828e+02 2.742130180583839092e+02 2.722424992907610317e+02 2.734868939223911752e+02
2.984198089598364732e+02 2.984350461850406759e+02 2.967655851454749154e+02 2.983037974606102125e+02
2.617359179450387501e+02 2.618362939660022448e+02 2.612080578818041090e+02 2.620056852261129734e+02
2.686251031368527720e+02 2.690263270215776288e+02 2.674474244533669207e+02 2.696696655722290075e+02
2.831079842941101674e+02 2.830832884502230513e+02 2.803538139551666859e+02 2.819139439069099353e+02
2.604346822765563161e+02 2.602715263726553871e+02 2.597970352319834433e+02 2.603555564992414020e+02
2.602744303830480703e+02 2.608684030526841298e+02 2.599889811026024518e+02 2.611723400736899521e+02
2.655894063322120360e+02 2.655879485517487524e+02 2.643863314219416338e+02 2.660696662258190486e+02
2.638140394883782278e+02 2.636039697637601762e+02 2.633341872355047144e+02 2.642461832545475886e+02
2.662569765621742590e+02 2.662063282872375112e+02 2.658525193117781669e+02 2.662002844693251404e+02
2.600026419359051033e+02 2.599847726207784717e+02 2.597239055633659177e+02 2.606311066617894880e+02
2.848603644667303456e+02 2.852337608649471576e+02 2.833732305992973011e+02 2.859429952956244279e+02
2.884052657066947063e+02 2.895475860087919386e+02 2.882092422872938187e+02 2.897271284914199896e+02
2.577360607512915749e+02 2.586949001220580726e+02 2.577336277727250149e+02 2.584519109471409593e+02
2.542535025290860347e+02 2.543972672234099832e+02 2.537744849926773156e+02 2.543317789194130683e+02
2.556919067278738851e+02 2.558876149669515883e+02 2.551598411359645695e+02 2.560002673489762515e+02
2.882766244444479184e+02 2.882383782180043568e+02 2.867574605845535984e+02 2.875369912841959490e+02
2.581734710637098260e+02 2.590589780841439165e+02 2.586236804910637943e+02 2.585898075280527451e+02
2.850625843735680860e+02 2.858018182689147011e+02 2.829150989150269311e+02 2.861701639085678153e+02
2.937826325139000119e+02 2.926527805537489257e+02 2.909191023812849153e+02 2.935866009032232000e+02
2.633072834040480075e+02 2.633021052655073504e+02 2.618577198614258918e+02 2.636864854816274715e+02
2.804244816166881265e+02 2.805896556667247523e+02 2.787771561563771456e+02 2.806912095830536487e+02
2.663723824652860230e+02 2.671474437487901810e+02 2.659986111803852964e+02 2.667971995517080472e+02
2.772286006392622539e+02 2.777228402767723878e+02 2.750716405982283845e+02 2.773298522268185025e+02
2.614770564616729303e+02 2.618293380766802443e+02 2.609799143618554922e+02 2.614798869251536075e+02
2.624333804889649855e+02 2.623018205306998993e+02 2.612426374020955677e+02 2.622368203841026570e+02
2.674454742869497181e+02 2.677252723839715145e+02 2.664845453837505715e+02 2.676661707837291715e+02
2.605337643769807414e+02 2.605647118421284176e+02 2.608832023082047158e+02 2.605931060035205178e+02
2.561180517134234833e+02 2.563278462740896657e+02 2.555020571150620867e+02 2.565100234623087090e+02
2.661052566505945833e+02 2.657209052024098241e+02 2.639049795684709352e+02 2.657551569445902260e+02
2.631364362117653855e+02 2.632698726318881768e+02 2.625321308797009010e+02 2.638266090042242809e+02
2.759308901305233235e+02 2.762025102243761125e+02 2.742303368123385781e+02 2.772898353449987212e+02
2.702246576318913753e+02 2.704523496137417737e+02 2.677714251825788097e+02 2.710347753627420389e+02
2.847127999573771717e+02 2.846094047126458690e+02 2.829258267988424791e+02 2.843036914018180710e+02
2.950118947955692192e+02 2.957567016809637153e+02 2.936691403834115590e+02 2.951071646750639275e+02
2.615070402638954761e+02 2.618077459430664362e+02 2.615825738901638147e+02 2.618108292423544867e+02
2.699084841645958477e+02 2.698462541675861530e+02 2.682493871882525696e+02 2.703953098475626575e+02
2.662937346502878881e+02 2.664329561109111637e+02 2.644787094737118878e+02 2.670188174614764307e+02
2.599279053670135227e+02 2.595398430917981045e+02 2.591609194197699821e+02 2.599271876993196315e+02
2.662147047381109246e+02 2.660347390306129114e+02 2.645260521004042857e+02 2.669544296797167249e+02
2.585807843941371402e+02 2.589919247093035324e+02 2.576260547763815225e+02 2.592764765940565894e+02
2.620318265348747104e+02 2.629734317203204910e+02 2.616560905029701303e+02 2.629957199941217709e+02
2.603286157368791578e+02 2.606430008308806237e+02 2.602643033275180073e+02 2.605851579076255575e+02
2.630733437127665866e+02 2.635701063523746370e+02 2.622217314893506455e+02 2.637558257563629809e+02
2.640270920099204659e+02 2.643638152695555164e+02 2.628816334364110503e+02 2.647772305540577236e+02
2.596095857096998429e+02 2.587440331966266172e+02 2.590642711356532004e+02 2.590526305452278848e+02
2.950794652392076500e+02 2.946876350777039875e+02 2.928360408090810552e+02 2.945204013014965199e+02
2.700635736051773392e+02 2.706926648965871323e+02 2.683427079956727539e+02 2.710256537027020727e+02
2.637920785343711145e+02 2.639858560171762747e+02 2.633191911203497853e+02 2.637809323298772028e+02
2.995673469328241936e+02 2.991566220860066210e+02 2.984405067406560761e+02 2.978564439874782011e+02
2.671481187119155152e+02 2.670978387343868121e+02 2.661195850411463084e+02 2.676319658740894738e+02
2.857957630767601813e+02 2.864229369984903997e+02 2.841408715126239599e+02 2.858923559024489691e+02
2.597033836304481156e+02 2.602599438377403089e+02 2.605442627741888941e+02 2.604460717776053116e+02
2.559631007234369520e+02 2.561875114747356292e+02 2.554664456644633219e+02 2.559914019280775221e+02
2.650091915176693078e+02 2.654537549922259245e+02 2.642855104623038187e+02 2.656288679095251837e+02
2.686112414395988708e+02 2.690322794282326981e+02 2.673907776782203314e+02 2.702667766765742954e+02
2.549631339612310512e+02 2.553099461925182538e+02 2.551064179456492411e+02 2.552674283010059071e+02
2.658261503640343335e+02 2.655254936499800920e+02 2.644181431220885088e+02 2.664519666288372264e+02
2.615117970966960002e+02 2.613532545123050568e+02 2.607654383498523885e+02 2.614880565197876194e+02
2.650419830006123334e+02 2.645216960068636922e+02 2.631663137430156780e+02 2.646599078335771082e+02
2.566297544307859653e+02 2.566205129225908195e+02 2.558454216743731990e+02 2.568429668906253482e+02
2.611765811960372616e+02 2.612446700913716882e+02 2.600343873206331295e+02 2.613043686689862284e+02
2.611342792538301296e+02 2.607661152047080577e+02 2.600147476993282680e+02 2.602919629469529923e+02
2.607257099667177158e+02 2.609058529169365670e+02 2.594307649627356227e+02 2.611227000718653244e+02
3.039217077998404193e+02 3.029616908895720258e+02 3.016121434569010944e+02 3.017568875491353992e+02
2.601026016674449579e+02 2.607326468242139867e+02 2.608208450159321501e+02 2.603876243612070311e+02
2.738634580639858314e+02 2.751363594155968144e+02 2.724428063612856477e+02 2.745837214820946315e+02
2.803558157070096399e+02 2.816677298999193226e+02 2.785646685036190888e+02 2.810998376971475636e+02
2.602902918330036073e+02 2.605297696107198249e+02 2.602242469288659095e+02 2.601963927955717963e+02
2.613162194113553483e+02 2.618339689727670248e+02 2.611257762991461391e+02 2.614521884853158440e+02
2.680383383413600882e+02 2.684193294890235393e+02 2.672628110422521104e+02 2.699120885464440107e+02
2.846389085731847217e+02 2.849666218935295205e+02 2.825483836897426499e+02 2.841299290810608795e+02
2.628782134723891204e+02 2.633343923475625843e+02 2.625165961138347370e+02 2.633172353690470118e+02
2.997865311118059140e+02 3.004507052738649122e+02 2.981052803946340077e+02 2.981339967655229657e+02
2.618165543554836177e+02 2.612727746471543355e+02 2.606941591950340467e+02 2.615986087570813083e+02
2.904328659615046604e+02 2.912186448811914374e+02 2.882356556464133632e+02 2.900604295853818257e+02
2.590081189985607466e+02 2.591376108399801410e+02 2.587119699957275429e+02 2.593541068418439295e+02
2.592052840973812522e+02 2.590640780306702027e+02 2.589305655206420056e+02 2.597615117237456275e+02
2.643086990093657391e+02 2.645222771082828785e+02 2.634278810289393959e+02 2.650425043994021621e+02
2.619148580055669413e+02 2.617531730281049818e+02 2.622515480530703940e+02 2.619132141208418716e+02
2.800385007169879827e+02 2.806926220518659534e+02 2.784116419568568972e+02 2.812094942859410480e+02
2.619621343003149718e+02 2.614481665294878212e+02 2.612208399907631815e+02 2.623669159939630049e+02
2.616476520212326022e+02 2.619689438226963603e+02 2.610042904965324624e+02 2.615298048592310920e+02
2.645272513502410447e+02 2.653276313359319261e+02 2.631234004972938578e+02 2.650228987563061764e+02
2.629562992763396210e+02 2.634172548879003557e+02 2.619321832764561577e+02 2.637344680563990664e+02
2.592954527952346666e+02 2.598438078347464284e+02 2.583533115274023544e+02 2.597270444153259064e+02
2.602575946823297954e+02 2.605054473554271794e+02 2.597587059403242620e+02 2.605244256244608891e+02
2.680147547524722995e+02 2.674552450503364867e+02 2.664911749899121105e+02 2.677319847993972530e+02
2.631416740998444084e+02 2.627276642658695209e+02 2.623979617740141634e+02 2.627332812078803954e+02
2.634016744840281490e+02 2.631088005750207799e+02 2.626932874676160168e+02 2.630355545410324112e+02
2.719687356438046208e+02 2.723739496323106550e+02 2.704089382576419780e+02 2.733633635878426844e+02
2.642409400942847242e+02 2.649004239423126137e+02 2.640370951664165204e+02 2.645536236750904777e+02
2.825930211256724647e+02 2.830349491005505911e+02 2.801622158252056920e+02 2.828939806191869479e+02
3.007741629300322757e+02 2.995615397174209420e+02 2.990918019132734003e+02 2.982296902389738307e+02
2.705052814653845417e+02 2.704494723998939776e+02 2.697189257164176297e+02 2.707811610712419679e+02
2.867399831492994622e+02 2.866730830579069220e+02 2.850078034419458959e+02 2.865924467081509306e+02
2.767640161454585268e+02 2.769277182656443870e+02 2.762703353997500244e+02 2.773051991752803929e+02
2.636201071878075481e+02 2.632450373454466330e+02 2.628727646472881929e+02 2.631389718202267431e+02
2.738137647189981294e+02 2.746159021235889099e+02 2.717654799957432488e+02 2.740286330718653289e+02
2.614791863872065392e+02 2.619705361964134909e+02 2.622633108418886536e+02 2.620788011932149857e+02
2.682456649918459561e+02 2.682943375857008732e+02 2.667033147950037915e+02 2.685571798468140514e+02
2.609846241230214332e+02 2.614489811806774355e+02 2.608175792019166579e+02 2.610171717762945036e+02
2.970937142994271198e+02 2.979918350989965461e+02 2.947110874288887885e+02 2.970752165911714542e+02
2.659111191519738782e+02 2.661410189822821053e+02 2.657623511924647346e+02 2.658757968148085524e+02
2.593668808751923507e+02 2.590184109516808348e+02 2.589470812658449859e+02 2.589288089031356321e+02
2.628156395397166989e+02 2.626266708549079567e+02 2.624173359575327709e+02 2.629686372522120905e+02
2.872656063319718101e+02 2.887406914504796873e+02 2.859939049669062570e+02 2.884122116314256346e+02
2.641533552130890143e+02 2.644237948034860324e+02 2.630659170395833826e+02 2.648185962303592760e+02
2.594384775172018749e+02 2.593506762588494325e+02 2.591352340366208864e+02 2.595149349776402801e+02
2.621674026303452933e+02 2.627737460448897764e+02 2.624215049773589499e+02 2.628738307607491151e+02
2.627767481369960478e+02 2.625939742437998916e+02 2.618447899097431559e+02 2.629140734728866846e+02
2.589628757957023595e+02 2.588812296653571821e+02 2.585346684554957051e+02 2.595403147955373129e+02
2.608046372422178365e+02 2.607870983417666366e+02 2.604698865166462269e+02 2.605858546133063669e+02
2.783416793466552690e+02 2.787278630890341447e+02 2.769666857316821051e+02 2.786440848784345121e+02
2.742411689257109515e+02 2.736949860462032689e+02 2.708767945087648741e+02 2.732792926538907068e+02
3.015826876710708575e+02 3.026520364991260976e+02 3.007472635286895297e+02 3.005049625819040671e+02
2.582528773139542864e+02 2.580380535303069109e+02 2.577766618157526182e+02 2.584467418493539412e+02
2.589459757903658783e+02 2.587578265988146313e+02 2.583828327125315809e+02 2.588924683570857042e+02
2.655146549339638682e+02 2.660085610639514471e+02 2.637871437880184544e+02 2.657875552011620925e+02
2.831029995044918337e+02 2.829017972907897160e+02 2.802510580527019783e+02 2.823096022088232644e+02
2.552889300832605386e+02 2.559195470976727620e+02 2.553930859207015942e+02 2.563011476401067625e+02
2.652350100142355700e+02 2.654328998766097243e+02 2.641108052110736821e+02 2.653957056782297173e+02
2.581850037150633739e+02 2.588559226431953562e+02 2.587072012569116168e+02 2.586080457614338570e+02
2.875807999893627311e+02 2.876071317752911227e+02 2.853305350533897808e+02 2.871392729036280116e+02
2.543590093950170683e+02 2.548357044128850930e+02 2.540808983581042355e+02 2.547999061190116379e+02
2.588976407059341227e+02 2.583002476053080159e+02 2.580937962703645780e+02 2.583968031577240367e+02
2.645236394794576427e+02 2.648370007135580408e+02 2.644593841568882908e+02 2.649447693141313493e+02
2.607852242258734918e+02 2.608271901612276906e+02 2.609299534464711314e+02 2.608880592330874606e+02
2.625873885796177092e+02 2.621924726826269989e+02 2.624402845309471672e+02 2.621413500475279648e+02
2.630669278054643314e+02 2.635248094955225042e+02 2.629401956737660271e+02 2.635860704652731670e+02
2.677253133271380534e+02 2.677749416551991430e+02 2.664620992126871215e+02 2.681957888048432324e+02
2.900357554609005888e+02 2.903231245345429556e+02 2.887928172191754470e+02 2.907276972018124752e+02
2.598254361298138519e+02 2.598481916769031841e+02 2.597833785811246798e+02 2.598034159165790129e+02
2.653493845549552930e+02 2.656886863830939092e+02 2.644692258768723150e+02 2.650045557659334463e+02
2.590030203587287474e+02 2.594315531312737448e+02 2.577900520327024196e+02 2.594613561595160149e+02
2.594011671938597487e+02 2.596833361044915591e+02 2.588389746322412748e+02 2.593773530665383191e+02
2.647588786894644954e+02 2.649103320327644724e+02 2.631124532764866899e+02 2.646778204571915580e+02
2.583307017712720608e+02 2.579185836723176521e+02 2.580758177333854064e+02 2.587047622331307366e+02
2.599116796365696587e+02 2.594945736780621246e+02 2.597723248071488911e+02 2.595768792336156707e+02
2.582050787702784191e+02 2.586389390591693882e+02 2.577456600521480823e+02 2.581461387763537800e+02
2.980517134226000167e+02 2.977179247882527875e+02 2.960002624232936341e+02 2.971209943395758160e+02
2.944157438690110666e+02 2.945556317624688631e+02 2.924014065441791672e+02 2.950799326065014725e+02
2.644874167677651826e+02 2.646395462679874981e+02 2.640691108542540064e+02 2.648065641976049847e+02
2.607070386075007491e+02 2.609941193087590250e+02 2.606662743251542906e+02 2.611523538608957438e+02
2.609643700930942600e+02 2.610417167808093382e+02 2.604289415013181497e+02 2.607310937709648329e+02
2.711605434166868918e+02 2.720793057755391828e+02 2.697127059190463569e+02 2.723649901327083853e+02
2.624673904011423247e+02 2.628847640174230946e+02 2.611973478786849796e+02 2.628382448965137996e+02
2.607412301471967453e+02 2.613331039568979008e+02 2.598340767254280763e+02 2.620537002933351687e+02
2.560316553420273067e+02 2.563773255075861925e+02 2.555167310155580083e+02 2.566650176576756621e+02
2.570696978485257773e+02 2.572427528874679865e+02 2.568264787868299095e+02 2.570882568245205562e+02
2.724637269899801026e+02 2.734775377512376053e+02 2.708676063305484831e+02 2.742618989404128342e+02
2.735421236818340844e+02 2.742052358084326897e+02 2.722740584123918666e+02 2.742315645582144157e+02
2.993240670550104028e+02 2.991985185805321521e+02 2.980667128402292292e+02 2.993362456466339268e+02
2.650943244372182335e+02 2.660025572070756539e+02 2.639939703632378496e+02 2.663675933931108375e+02
2.611793084788044439e+02 2.610776830489945723e+02 2.616123692001231120e+02 2.613443072023558784e+02
2.696284065069740450e+02 2.694503336798733244e+02 2.674058102316336658e+02 2.695252665569125270e+02
2.589506710283756661e+02 2.588353849900459522e+02 2.588089349941385535e+02 2.590479637375779589e+02
2.604943152190796241e+02 2.610120983714943463e+02 2.596261256047496317e+02 2.608929174691894559e+02
2.711422827074695761e+02 2.712978399352340375e+02 2.688899445323472150e+02 2.707817604849108193e+02
2.693665746769519274e+02 2.693036325791613876e+02 2.679873042747312297e+02 2.691062754118218550e+02
2.612648545134301798e+02 2.611520279674510903e+02 2.606811889905335988e+02 2.614408188446794270e+02
2.623056070225607073e+02 2.623244888151900227e+02 2.620150382315669049e+02 2.621467111490058528e+02
2.660840275648982356e+02 2.666760931557288359e+02 2.654877660742980652e+02 2.667003006264471310e+02
2.627626246156514185e+02 2.631768518235265901e+02 2.616360760244125458e+02 2.630247659498764392e+02
3.027509101040519681e+02 3.022057195485982106e+02 3.016381744694843405e+02 3.012250623659645612e+02
2.790952674101101252e+02 2.794692210074011882e+02 2.770748528322050674e+02 2.786711619106811213e+02
2.661753031011080566e+02 2.661736985784291392e+02 2.648931560954282531e+02 2.666868069518728248e+02
2.953943551234249298e+02 2.947294194999323622e+02 2.934186395208347449e+02 2.946931317230715877e+02
2.585476858212556408e+02 2.589602950232724652e+02 2.581458052469984068e+02 2.589910215370816786e+02
2.621068725736119518e+02 2.620878324709736376e+02 2.617934693591549831e+02 2.629050297863871606e+02
2.740456460990913001e+02 2.742699718923246905e+02 2.716721576401622542e+02 2.746935055527299028e+02
2.636093302518451651e+02 2.643321286256903022e+02 2.630809392766057044e+02 2.642313417346430811e+02
2.601427070080103476e+02 2.594219878547287408e+02 2.592672566329119945e+02 2.598170836812051334e+02
2.835649029623166939e+02 2.836153307590143413e+02 2.821792409458562929e+02 2.837090711675629677e+02
2.573680224022607490e+02 2.578131522197355139e+02 2.570596480822358672e+02 2.583329300685276166e+02
2.749312178958318782e+02 2.748928733171961767e+02 2.735249266052076109e+02 2.745758767620479830e+02
2.633399720560731794e+02 2.631931542013512058e+02 2.616664425631416293e+02 2.637507155139564361e+02
2.605022019521385914e+02 2.601898552799667641e+02 2.599204763388477772e+02 2.602257796745996643e+02
2.595966339744450124e+02 2.601202241639023214e+02 2.596156900669223546e+02 2.599335372012971561e+02
2.634591835145287178e+02 2.635531046818393293e+02 2.633505898492119854e+02 2.640780256535747412e+02
2.570134877796280080e+02 2.574659162995557153e+02 2.566825264781413694e+02 2.570879974917617687e+02
2.622995703615782190e+02 2.629846142185011217e+02 2.619651988860999836e+02 2.627778370963113161e+02
2.649308936945067785e+02 2.648380329171470748e+02 2.638533190096133580e+02 2.652864269804520632e+02
2.974196288514775688e+02 2.976899013895894655e+02 2.962636128679247918e+02 2.971232482491329847e+02
2.579369683978331977e+02 2.586490705203721063e+02 2.579307658352603312e+02 2.583690886150438359e+02
2.681627013843767600e+02 2.686336924484587030e+02 2.664981493163257937e+02 2.691657860639453475e+02
2.693634312658940075e+02 2.701349359190031123e+02 2.683507868941222227e+02 2.701361914866512279e+02
2.573977134467133965e+02 2.576476001049888964e+02 2.568301746007990687e+02 2.581603360906166813e+02
2.720358948844143470e+02 2.723412066796570343e+02 2.703850308396935702e+02 2.724462083584741663e+02
2.614709447252451469e+02 2.615453638100796638e+02 2.617250376783900379e+02 2.618524970979627255e+02
2.608551722891152735e+02 2.608770069324820611e+02 2.602599677441420454e+02 2.611589867999241505e+02
2.573046577486897490e+02 2.576885144735428526e+02 2.564238956996857723e+02 2.574171229239528884e+02
2.844323896123860891e+02 2.844166828194283312e+02 2.815697486161166694e+02 2.838003478443128529e+02
3.069385183986087213e+02 3.076382361654125361e+02 3.074294973451800956e+02 3.056616096417847643e+02
2.661240110536184034e+02 2.662354069967396981e+02 2.654163366587516748e+02 2.659309531259701203e+02
2.600943418338324591e+02 2.603160942063951779e+02 2.602473603210729607e+02 2.598777412266210263e+02
2.604198730933578645e+02 2.595679472089985893e+02 2.597870386598880827e+02 2.603780901984515594e+02
2.579149392833890033e+02 2.578434440587721497e+02 2.576584793293324651e+02 2.579938499861398782e+02
2.846078268618554716e+02 2.847511859044228686e+02 2.829340399590053607e+02 2.856842966595901316e+02
2.587754388449122303e+02 2.590192574794842812e+02 2.585352879238355968e+02 2.588082918628736024e+02
2.980535845190241275e+02 2.972165809752045220e+02 2.965819126572611140e+02 2.981569724909718957e+02
2.633770055204121263e+02 2.635537121055725720e+02 2.626750672629204928e+02 2.636767735530181085e+02
2.581685939072273754e+02 2.584404231317673748e+02 2.578132526181407798e+02 2.590107706077506577e+02
2.597662978441992436e+02 2.600518949128445456e+02 2.597944277308367305e+02 2.601546761862005042e+02
2.903386215239920602e+02 2.919450164028218069e+02 2.885007059520540338e+02 2.906287629697013699e+02
2.971696126309890360e+02 2.974645131097179842e+02 2.951236734436475899e+02 2.956938860226417773e+02
2.618715538190028838e+02 2.620680991449282828e+02 2.615929902167000023e+02 2.623969542712036969e+02
2.664389420398163679e+02 2.661640718112051331e+02 2.653960605814665428e+02 2.667746618839929056e+02
2.634699972801105332e+02 2.642192020207926930e+02 2.627180305697225435e+02 2.638077662064558240e+02
2.599997927263476640e+02 2.606638688294228245e+02 2.598583616172951452e+02 2.600867758318219671e+02
2.600731327517556224e+02 2.603129412253929900e+02 2.593933318290391412e+02 2.598950887408274752e+02
2.594524508379793133e+02 2.597078120062500375e+02 2.587530209710558324e+02 2.589991789585961328e+02
2.717879322381170937e+02 2.724257282914180678e+02 2.699992721729155392e+02 2.721099102744360039e+02
2.901536735300546752e+02 2.912908051263974016e+02 2.888751297109453731e+02 2.902235104322153347e+02
2.862858167365994291e+02 2.876327102925295094e+02 2.850414907493379246e+02 2.868936003165619013e+02
2.720163224621989571e+02 2.728195663989974946e+02 2.703228283419708191e+02 2.725818057246039530e+02
2.635509915806358094e+02 2.644174719201207040e+02 2.635692471971613600e+02 2.636561526539124998e+02
2.663910910207708866e+02 2.665473264935507132e+02 2.648252927328369424e+02 2.658116620934129060e+02
2.618139737411877377e+02 2.620260517405729388e+02 2.618106304797992152e+02 2.623157495094941964e+02
2.780929289513999834e+02 2.788897360684215982e+02 2.755760426478342424e+02 2.784014303119046758e+02
2.618822377228281084e+02 2.622184080484879587e+02 2.627468203524587693e+02 2.617850795525440049e+02
2.620204860874728752e+02 2.622534220586442189e+02 2.612581280121157761e+02 2.621967881203471507e+02
2.617404393202573374e+02 2.621357608734348332e+02 2.612570270292505938e+02 2.626583753879304481e+02
2.579941712604189661e+02 2.577771488318576871e+02 2.571592931609254720e+02 2.574817948241021668e+02
2.749856730494147996e+02 2.756432659256234388e+02 2.741424270502335503e+02 2.751404003048607478e+02
2.657644330671818693e+02 2.660296226597066038e+02 2.656370318804823114e+02 2.661877084614003479e+02
2.914237032112155248e+02 2.923870769944446693e+02 2.884599049220602751e+02 2.914525158615894043e+02
2.682474018462360164e+02 2.686573372383022047e+02 2.682883397047729659e+02 2.687312727810911497e+02
2.622214613375557519e+02 2.626305767483719364e+02 2.613283458796735204e+02 2.631948032143240539e+02
2.593793597666136748e+02 2.595308564520012737e+02 2.594627704896070099e+02 2.594665223893931625e+02
2.959334031454950491e+02 2.964844500603385313e+02 2.934823411533382114e+02 2.951936096838927597e+02
2.641069025377924504e+02 2.641529254969217959e+02 2.623595533292164532e+02 2.642690595547192061e+02
2.883466885392660402e+02 2.879083599984144826e+02 2.857699632183667973e+02 2.889045712902708942e+02
2.615830499061110004e+02 2.616559556162687841e+02 2.612100239820927641e+02 2.621354829159715223e+02
2.939620134538212710e+02 2.940018613606835061e+02 2.923940347637604305e+02 2.940399757630065665e+02
2.585840122160283840e+02 2.588067991807715771e+02 2.587495977191426846e+02 2.590330776624081182e+02
2.580488163875707528e+02 2.574182107531885322e+02 2.577492875655586317e+02 2.580460952446140936e+02
2.548234115965279329e+02 2.556812128944991116e+02 2.545285655036510377e+02 2.554673484764054763e+02
2.775455376993379559e+02 2.781699899854906448e+02 2.757436243451743962e+02 2.780494907506097206e+02
2.606827544526602196e+02 2.604829342299111090e+02 2.601467555302905339e+02 2.602998071425674880e+02
2.831981188136090282e+02 2.841476749342038488e+02 2.819209460965107041e+02 2.843858488718205422e+02
2.580913483476565489e+02 2.582290859090444428e+02 2.573865689680438891e+02 2.582591075631656850e+02
2.841712354482033334e+02 2.853034734927682052e+02 2.819798111938763441e+02 2.853811689124162285e+02
2.594751402040025710e+02 2.597781573973206832e+02 2.584766034103382708e+02 2.597121359036981971e+02
2.590504001061377721e+02 2.596765888131868110e+02 2.587392154414900460e+02 2.589431292531124882e+02
2.720967795518787398e+02 2.718023800511162449e+02 2.699255726982231067e+02 2.718916336706309380e+02
2.572598340498651055e+02 2.572292721996521436e+02 2.577646631347714674e+02 2.574798383494496647e+02
2.633460027654626288e+02 2.641408626465103566e+02 2.634452006235989074e+02 2.638874481186074377e+02
2.604951894640760202e+02 2.603249590563179936e+02 2.598204067222480376e+02 2.604715030710628412e+02
2.648671220668382489e+02 2.652592711225159405e+02 2.653919960548249151e+02 2.649368577302032008e+02
3.046165143262773540e+02 3.047054212085907352e+02 3.037123517928419005e+02 3.039254189975671920e+02
2.569379401325717822e+02 2.565877643174838454e+02 2.564407653165596344e+02 2.568627292209502571e+02
2.656491708661197322e+02 2.656711041082852489e+02 2.648578334762735835e+02 2.654831242283348161e+02
2.800492202984503933e+02 2.808081175520978832e+02 2.784363266686580687e+02 2.800723761867608914e+02
2.594265221165667867e+02 2.596715742382964436e+02 2.590071529776075181e+02 2.592228915719954898e+02
2.614487550274631076e+02 2.615122179745814606e+02 2.610550184899454962e+02 2.617767650151081398e+02
2.669439862214800883e+02 2.679571048896543743e+02 2.668961042980116645e+02 2.669805391448282990e+02
2.609185875474040586e+02 2.616747752505115159e+02 2.602299947126435313e+02 2.620347369443992420e+02
2.613262242889417166e+02 2.612304348564604766e+02 2.611233001477751259e+02 2.618768949258663383e+02
2.601634960616586909e+02 2.599702915130051224e+02 2.593154072087543227e+02 2.598171020555206496e+02
2.636375595538831931e+02 2.633094646983835219e+02 2.628083250319032231e+02 2.637709924670651276e+02
2.605480443271271724e+02 2.610843805701500173e+02 2.601412938101889267e+02 2.609225307454443623e+02
2.654593071627543281e+02 2.660155616490471289e+02 2.642486743827864757e+02 2.663681637109552298e+02
2.600010641912272717e+02 2.597502970095329715e+02 2.592869792768816524e+02 2.600005791238925781e+02
2.569261605060390821e+02 2.566208998066886124e+02 2.562305673851475376e+02 2.568642596927342652e+02
2.810443782133948503e+02 2.807157621538767103e+02 2.784061909765410974e+02 2.804580600983349541e+02
2.701943529291352775e+02 2.697735992190637262e+02 2.677454090732601912e+02 2.695204254207686176e+02
2.604386813674170753e+02 2.603117872543677436e+02 2.602487580618191032e+02 2.604569121077407772e+02
2.809426742661317462e+02 2.804843245493937616e+02 2.779918517432981275e+02 2.808269583930409112e+02
2.735124589377502389e+02 2.739351364403333378e+02 2.717664370076871592e+02 2.734616499735762432e+02
2.650924923875762147e+02 2.652028328895493701e+02 2.646625501043365034e+02 2.654745968214976983e+02
2.691418787485420125e+02 2.692392803705833444e+02 2.678827351481872370e+02 2.695972716908345888e+02
2.650196346831430674e+02 2.648717791957048462e+02 2.642335951077698724e+02 2.647618375001287063e+02
2.620302195143178778e+02 2.620299316734160584e+02 2.615011246716621827e+02 2.623947169227660652e+02
2.623216987682810100e+02 2.627462220739746499e+02 2.614201568289565216e+02 2.627409736890392651e+02
2.597309179425201933e+02 2.594632317730296336e+02 2.588724435971309390e+02 2.598864807295377659e+02
2.679380499656406869e+02 2.680617041594687180e+02 2.670119206057686370e+02 2.681538355815696946e+02
2.602132992561820970e+02 2.602099971315724929e+02 2.588261183828466301e+02 2.603180673191641290e+02
2.642660808145572560e+02 2.642973181459762486e+02 2.644916906854772378e+02 2.643465823640220833e+02
2.756095831197894199e+02 2.765460113216951186e+02 2.737987106155507604e+02 2.763988942040644474e+02
2.568144661144185079e+02 2.568457534214412590e+02 2.561060034555709422e+02 2.568563017098272780e+02
2.627706567773863071e+02 2.629762112456253931e+02 2.622650000748743651e+02 2.628347649658134628e+02
2.644599296031888116e+02 2.644983913288838835e+02 2.633713262334420619e+02 2.653813311080397170e+02
2.589729851200939947e+02 2.592386107695601254e+02 2.590238275929379483e+02 2.595413661013284923e+02
2.959733166899731032e+02 2.964575904024571855e+02 2.950879163521689748e+02 2.947577847247058571e+02
2.904073017698775629e+02 2.899310996294328788e+02 2.882354581908505793e+02 2.895557522645287918e+02
2.600621201114769860e+02 2.593630116010310189e+02 2.596465979270815296e+02 2.595069969989070842e+02
2.615855009790644772e+02 2.622922832494820113e+02 2.618245340277803166e+02 2.622090432813835719e+02
2.739099832421383098e+02 2.752445007244540989e+02 2.726206974283924183e+02 2.756609058285511082e+02
2.630313028847095325e+02 2.632528674820641754e+02 2.628593822843535577e+02 2.625521068481552334e+02
2.600880477748111161e+02 2.606708844987041971e+02 2.595384695875056309e+02 2.604657240789671846e+02
2.584629883262288672e+02 2.592043401321112128e+02 2.577009389986135375e+02 2.589719816308647182e+02
2.606558223404719570e+02 2.608169178964277535e+02 2.593182758728999033e+02 2.604674069173214548e+02
2.658630190931826291e+02 2.659215339627642720e+02 2.645576784541913185e+02 2.667763767657419862e+02
2.957111405649300764e+02 2.962182693359314953e+02 2.940519138678730542e+02 2.958056417376447484e+02
2.609735860300399963e+02 2.610389679200829960e+02 2.609810706442038395e+02 2.609886979145083501e+02
2.636772088495522439e+02 2.643583212477736311e+02 2.624423121504360665e+02 2.642573277763226542e+02
2.848447137165391041e+02 2.843648084764948862e+02 2.834207043483234543e+02 2.849016783471551548e+02
2.655742287944545410e+02 2.655427184997919881e+02 2.643101162852705102e+02 2.659457609241937917e+02
2.887552857984122738e+02 2.893565221361601516e+02 2.862831515628436136e+02 2.877510779424316638e+02
2.636629712125494507e+02 2.634987386438111798e+02 2.625078513818855868e+02 2.635778740189365976e+02
2.710311633834433565e+02 2.705887429467516085e+02 2.687020865471199613e+02 2.705609131321363066e+02
2.582935340124075765e+02 2.581750199623793378e+02 2.580680678510752273e+02 2.582860258449953221e+02
2.611119463946912447e+02 2.610634446582776036e+02 2.615420765617660663e+02 2.610698712814235591e+02
2.586740927131245940e+02 2.590608425643254691e+02 2.585559369748977474e+02 2.591403028183551100e+02
2.585563937881079255e+02 2.583555416841768988e+02 2.578586873087748472e+02 2.584847331352173114e+02
2.590755769908309958e+02 2.591324279561416688e+02 2.585743726251270687e+02 2.597838197884395299e+02
2.597219385754634686e+02 2.598199848144794828e+02 2.590460737490351448e+02 2.596098164311773075e+02
2.996696358803597491e+02 3.004052135707410685e+02 2.986562602037646457e+02 2.994981393452693510e+02
2.568988654040429083e+02 2.569437177564493595e+02 2.560360522004068002e+02 2.567351161369434749e+02
2.638218287069828989e+02 2.643331750008487120e+02 2.638327809199561216e+02 2.648194663625355361e+02
2.600401390728103479e+02 2.596932923186047901e+02 2.602635202747857193e+02 2.598105881101027421e+02
2.611045067123617400e+02 2.611216940930931969e+02 2.611380475932145941e+02 2.618332381985438246e+02
2.861040920252905835e+02 2.860650864538715723e+02 2.833086247400617026e+02 2.861520235624344650e+02
2.858001755443278853e+02 2.860369189679576039e+02 2.845878679421300603e+02 2.867552003283534532e+02
2.769107574579988977e+02 2.778439623489315409e+02 2.747564290688092115e+02 2.772380102539013365e+02
2.631595272980972595e+02 2.634134906915817851e+02 2.629685487818737784e+02 2.633439501357057679e+02
2.858828745873843218e+02 2.854610292568786463e+02 2.830288076541286273e+02 2.861445183435956778e+02
2.643087295098851541e+02 2.643863812281138621e+02 2.638984465931390559e+02 2.644194292009348146e+02
2.668875335355314746e+02 2.667403842782747461e+02 2.662736937906358889e+02 2.675405629009731001e+02
2.575791579431266314e+02 2.577251731879945282e+02 2.579474057038905244e+02 2.576243988465061534e+02
2.602416449089779462e+02 2.607016553272573560e+02 2.589890814776289858e+02 2.608645895853127854e+02
2.768958261247032056e+02 2.776918994511023016e+02 2.754037146731069470e+02 2.770898475942290133e+02
2.666128340820713447e+02 2.666452612760656393e+02 2.655720050734312849e+02 2.668883578823370613e+02
2.892543946946459528e+02 2.891555719502355259e+02 2.866902074977454618e+02 2.883610982100053093e+02
2.760245708016954040e+02 2.764070693426460252e+02 2.749003716054724578e+02 2.766619029182084546e+02
2.598462295870180583e+02 2.601532698214431889e+02 2.594926386796221323e+02 2.600704815991990699e+02
2.828593050504664461e+02 2.828672287175563724e+02 2.803757484101641353e+02 2.819802037979139868e+02
3.036576810083810756e+02 3.032833041084521710e+02 3.027683814410351602e+02 3.020990248595653611e+02
2.680693360740100388e+02 2.679933667387529113e+02 2.672494475699613190e+02 2.686270374215025640e+02
2.614068875972085948e+02 2.610638252563775268e+02 2.610757030305788930e+02 2.609405674057441615e+02
2.636656245618397065e+02 2.643473689937283098e+02 2.620143878950466956e+02 2.642883233030181600e+02
2.613544363542845872e+02 2.610768302643987226e+02 2.610757812236179234e+02 2.617052331101032792e+02
2.607188044773881757e+02 2.604434234350937913e+02 2.601233615734298041e+02 2.610848944850922635e+02
2.633111936965243558e+02 2.636548208640261350e+02 2.622802317682090916e+02 2.636198032426387385e+02
2.604741793273540225e+02 2.604894617555939931e+02 2.598297813221587944e+02 2.604969876015717887e+02
2.638685403416308191e+02 2.635061768126745392e+02 2.638565931834717730e+02 2.637978612760102806e+02
2.616647074518253362e+02 2.611002552286337846e+02 2.617077172709368824e+02 2.613350188287104743e+02
2.636655620793455910e+02 2.645777688618653087e+02 2.639943859230984344e+02 2.644510270938826579e+02
2.637492824112513858e+02 2.635666985508285620e+02 2.623830122997626404e+02 2.636557326988151431e+02
2.603993506255634998e+02 2.606544503805597515e+02 2.603912881087489382e+02 2.607294253928062062e+02
2.620420420247727407e+02 2.617977309879285599e+02 2.614264686146627810e+02 2.620934171921727511e+02
2.745394356722101179e+02 2.751392114739999784e+02 2.722269463903643327e+02 2.757214703698949734e+02
2.620142152925429855e+02 2.621910827877372867e+02 2.612236258887973008e+02 2.619844756361536042e+02
2.594079855763714022e+02 2.591609440710981858e+02 2.592401693620548144e+02 2.591625243841229462e+02
2.600045691512826238e+02 2.599058486697990702e+02 2.593338194926595293e+02 2.600752376813450155e+02
2.589644878404557744e+02 2.596453344787670972e+02 2.585230474553023328e+02 2.597434043154099754e+02
2.596278058391719128e+02 2.591222957481708136e+02 2.591278092589088260e+02 2.596371987965067092e+02
2.699830645535155895e+02 2.706194501391009339e+02 2.688945119768547443e+02 2.712844779485841400e+02
2.629154855641386348e+02 2.627256384090769075e+02 2.632549743350423341e+02 2.626295704108855489e+02
2.869207832542425649e+02 2.868938224694693986e+02 2.856743804983703399e+02 2.870526240319036333e+02
2.749103370151954095e+02 2.735146828725598311e+02 2.715524348055423616e+02 2.740388084263700534e+02
2.620705103380256560e+02 2.621211059736862694e+02 2.620781458192503237e+02 2.620800843222515368e+02
2.717159976750782562e+02 2.717678748370977360e+02 2.706291822311821988e+02 2.724991221527297967e+02
2.684387826666562660e+02 2.698681048367440098e+02 2.671400970334086651e+02 2.691203149706635145e+02
2.765115746170503144e+02 2.757192133875064428e+02 2.738543206014946918e+02 2.770240916318514337e+02
2.594662929023798483e+02 2.596022776507916774e+02 2.587364958190260040e+02 2.600413693019333436e+02
2.977332662585095022e+02 2.987056073811355077e+02 2.972513228416041784e+02 2.984795951155149965e+02
2.567842587005511632e+02 2.573969015240463136e+02 2.558600858907384179e+02 2.569017763273201922e+02
3.088995318545170221e+02 3.085119081391278542e+02 3.081121793500276453e+02 3.073121598784742332e+02
2.585552943028732216e+02 2.586101534342757873e+02 2.589273568463738684e+02 2.591978580962485239e+02
2.626937687327136928e+02 2.628274991078044422e+02 2.616773865001362083e+02 2.625732564892037999e+02
2.587717819496812695e+02 2.583938748917645398e+02 2.579879035402844352e+02 2.586468610821688117e+02
2.599753239593749754e+02 2.598424727160882526e+02 2.590471549820130122e+02 2.601310466852847867e+02
2.813544458876635872e+02 2.826006054871812694e+02 2.799428434972329569e+02 2.816918934751146253e+02
2.957685800751416423e+02 2.957091825168506034e+02 2.944302929192784859e+02 2.954833660351346225e+02
2.686732405750802286e+02 2.690098985802494553e+02 2.668368552076370861e+02 2.691762468365009227e+02
2.606194425446603304e+02 2.602053517717151863e+02 2.593598064095666587e+02 2.602050589747132676e+02
2.602511013887720424e+02 2.606107841454970071e+02 2.594266898354733826e+02 2.609704711178015373e+02
2.597028280580457817e+02 2.592869999940570551e+02 2.586178038668609815e+02 2.588045622191764892e+02
2.783294431235502202e+02 2.779293866619440792e+02 2.758414312483644721e+02 2.775849911776050476e+02
2.588626445489825301e+02 2.583481656879050661e+02 2.578619923102498888e+02 2.587163412586936602e+02
2.747950229715304999e+02 2.761157318954464017e+02 2.734606017989224256e+02 2.753335735861136868e+02
2.668084799384103576e+02 2.676540902222387217e+02 2.660632724760344558e+02 2.675743313598606505e+02
2.579083474391251798e+02 2.579364586402617192e+02 2.577830579994678146e+02 2.578053503157687487e+02
2.748994541533129450e+02 2.747909049852381713e+02 2.736256411603123411e+02 2.746916974505660960e+02
2.620150338349278059e+02 2.622852855644393344e+02 2.618384555745747093e+02 2.619773979168004416e+02
2.680712526899069417e+02 2.685887670541812895e+02 2.670156275982886882e+02 2.682048839860880207e+02
2.613045341995398303e+02 2.607705446940083789e+02 2.593771228452697528e+02 2.612461371094834703e+02
2.677052449073374305e+02 2.677766135342712346e+02 2.661417548751124968e+02 2.677543280392087581e+02
2.588349383851401058e+02 2.588518256086265410e+02 2.590307237550506443e+02 2.590495604620302856e+02
2.610409393571638930e+02 2.609002005528954555e+02 2.594937354895741919e+02 2.606450690812262110e+02
2.673138530327774447e+02 2.681032111746900455e+02 2.661702804603478398e+02 2.673738725097872475e+02
2.598262742664250027e+02 2.601336683127502738e+02 2.598818520917585602e+02 2.596062845695803389e+02
2.782281980115276383e+02 2.791607968153667230e+02 2.760165944438272732e+02 2.795851487363024148e+02
2.653450697447592006e+02 2.658792218432272421e+02 2.644150917560270386e+02 2.659159445724276338e+02
2.640543654493496888e+02 2.648437292416056152e+02 2.630789604166217828e+02 2.649335978132485820e+02
2.912578348940750743e+02 2.918106155816677187e+02 2.889313019347343925e+02 2.900201284601795351e+02
2.614824003856647892e+02 2.609525161856160480e+02 2.617326260220989411e+02 2.622526325567677077e+02
2.760862940895740962e+02 2.766110542634051512e+02 2.748915172754821015e+02 2.757909679116874031e+02
2.581458775013612694e+02 2.581537391001471633e+02 2.579221554038127238e+02 2.583032844503364345e+02
2.638498188452101090e+02 2.647288405180799487e+02 2.637814002943245555e+02 2.645113009528794237e+02
2.749726341480874794e+02 2.760219993170578050e+02 2.734422735531506987e+02 2.757880000053704066e+02
2.604731833504684460e+02 2.607006280329913466e+02 2.598617896842245045e+02 2.613889983489793849e+02
2.681180676861642951e+02 2.682504177211222327e+02 2.671497067637278064e+02 2.683205029982829615e+02
2.606219252031747828e+02 2.607332719703717885e+02 2.599077084425685484e+02 2.610782253256809895e+02
2.602959419403176184e+02 2.601812464316824389e+02 2.590951556709562738e+02 2.601630346845027475e+02
2.713974200742715652e+02 2.716896693949292967e+02 2.699770343678143831e+02 2.725852475672469382e+02
2.689357906525613657e+02 2.692358490953648698e+02 2.675799189256835575e+02 2.696040736650679719e+02
2.669172982217900767e+02 2.666864356875577755e+02 2.664144745082566601e+02 2.669505534432270792e+02
2.717872306185859657e+02 2.717624784060138268e+02 2.710647615009949618e+02 2.727914649128385918e+02
2.564988339869346987e+02 2.568106049055656968e+02 2.561990158761014982e+02 2.563885644312681507e+02
2.594487670489818356e+02 2.593498193715140587e+02 2.598198694990737181e+02 2.598038645427104711e+02
2.637718135324931836e+02 2.640476702734524110e+02 2.635046125405377211e+02 2.639542459519042268e+02
2.604153243343915278e+02 2.599850008422715177e+02 2.605069096744930448e+02 2.600497898892939475e+02
2.650880972402420070e+02 2.655719496251521718e+02 2.646841287533778768e+02 2.657166869597162986e+02
2.914384058280327281e+02 2.917196007247785019e+02 2.901554010919759321e+02 2.924193992536399378e+02
2.597885557356565300e+02 2.605023323926537842e+02 2.601778663221515444e+02 2.598241554389512089e+02
2.588441910384811422e+02 2.590430630818459576e+02 2.586794455549409122e+02 2.587018225318364557e+02
2.610547978377190361e+02 2.616391907903002334e+02 2.601928180688441898e+02 2.616900934763986015e+02
2.599000341193390113e+02 2.599256558530590269e+02 2.592487789875489739e+02 2.597177637200054505e+02
2.603596687057514032e+02 2.602447031800308537e+02 2.598125812418675196e+02 2.605849810300391596e+02
2.695058599206782333e+02 2.696103766069046515e+02 2.681791774111839004e+02 2.700862174304494374e+02
2.613268152431203362e+02 2.612866837071126156e+02 2.609529372605739468e+02 2.613815921081099418e+02
2.619882141857696070e+02 2.622124907848748876e+02 2.619590197947471779e+02 2.624463192970915770e+02
2.550449843504585203e+02 2.553142691955872579e+02 2.544102579774752826e+02 2.553435981245080200e+02
3.020255559437039778e+02 3.011631614797736347e+02 3.006103831767505881e+02 3.001307258926611325e+02
2.604581743685542961e+02 2.605546751961915675e+02 2.603829468927262951e+02 2.607680492341312970e+02
2.810091152765947413e+02 2.812985093400803294e+02 2.789809153331559060e+02 2.813018803583275940e+02
2.956743878233901341e+02 2.955780134108445054e+02 2.933717688073931527e+02 2.948203513976778254e+02
2.640057315343920550e+02 2.648222412785979714e+02 2.636554888427721153e+02 2.646883871365276946e+02
2.680352256028839406e+02 2.686255094500742189e+02 2.660603091396575905e+02 2.682016533991331357e+02
2.688216765969407902e+02 2.693235205144295037e+02 2.673456367915683245e+02 2.690563784885712835e+02
2.771076246330549679e+02 2.774907252482250328e+02 2.745437955859944736e+02 2.779069220879848672e+02
2.602955960727016418e+02 2.598433570125304755e+02 2.601327231266690774e+02 2.606302020302509277e+02
2.619726430746711117e+02 2.607224092527715698e+02 2.617292720121047296e+02 2.616369919082052888e+02
2.724597841714710853e+02 2.725629578181213901e+02 2.702806334795202474e+02 2.727949903734506734e+02
2.592594410050771785e+02 2.596503681970068556e+02 2.592282451790958362e+02 2.604848798951318258e+02
2.789444238259181930e+02 2.790249614802177689e+02 2.764827658187314796e+02 2.798934607406948771e+02
2.556104643306432251e+02 2.561011896877914182e+02 2.551550180129720502e+02 2.557053560057467507e+02
2.621910794106806861e+02 2.625734680679100848e+02 2.623426550442046619e+02 2.630822236802846419e+02
2.623209992057140880e+02 2.620695909743426455e+02 2.616881153555673905e+02 2.627982710914189965e+02
2.596448553368132934e+02 2.598607248826249929e+02 2.593197658411449993e+02 2.600280220962209228e+02
2.600835330630353610e+02 2.606267647706250727e+02 2.594111846471101330e+02 2.607015918633616138e+02
3.015766482037990954e+02 3.005601042869199659e+02 3.001831335916308490e+02 2.997680434028580407e+02
2.584575842062615152e+02 2.586473354096299886e+02 2.588876461638949422e+02 2.593096742718917085e+02
2.737195222071746912e+02 2.740269599581224043e+02 2.715977737554136979e+02 2.740538731859319910e+02
2.606470593702728706e+02 2.613379468287525924e+02 2.612174569511898312e+02 2.612359189924958969e+02
2.654474132581498225e+02 2.663913139728094279e+02 2.647558976753876436e+02 2.666636897891463605e+02
2.618506992001443905e+02 2.619301032096738027e+02 2.611620849723771585e+02 2.612745942252684017e+02
2.562948315787975275e+02 2.568159838475097558e+02 2.563421926413674328e+02 2.566529384089958512e+02
2.618701023063127877e+02 2.627292890884556869e+02 2.621415347290099476e+02 2.625550493939905436e+02
2.997192495809237585e+02 3.004483429283744726e+02 2.992582721442792604e+02 2.996536563538720088e+02
2.625184411437406311e+02 2.623138317591983082e+02 2.623940854048057076e+02 2.625820314943446760e+02
2.618114696967549548e+02 2.618907014264914324e+02 2.608351789077049148e+02 2.620147396517552920e+02
2.651015428401215672e+02 2.653228229283756718e+02 2.638102298588295298e+02 2.645987665573931054e+02
2.588177448468680382e+02 2.591031462738280311e+02 2.585138517589268190e+02 2.586028204653854345e+02
2.872282060688812635e+02 2.876467674415902707e+02 2.857714785468260743e+02 2.869522070097444271e+02
2.606779662328188465e+02 2.609561165694133251e+02 2.605734932790876428e+02 2.609940865901796769e+02
2.635691979925586566e+02 2.631496707952696283e+02 2.624594696537421328e+02 2.637377692061639323e+02
2.587346283701252219e+02 2.588550143825173677e+02 2.583577160704727476e+02 2.592281306703852124e+02
2.731631310127059464e+02 2.735628669562536288e+02 2.711028001262060911e+02 2.728528356916572761e+02
2.638102421742913748e+02 2.637099376508752471e+02 2.637216901378216676e+02 2.642528424366539070e+02
2.737334098306762940e+02 2.741911288753329359e+02 2.727607411898522400e+02 2.741483958485402468e+02
2.593075720073702541e+02 2.593706346335126227e+02 2.591478868967996050e+02 2.588340369670335690e+02
2.641203567154389020e+02 2.641749729202741719e+02 2.637690677825627290e+02 2.644459064823060430e+02
2.578057157238146146e+02 2.578315965497980642e+02 2.582049903203527492e+02 2.577147180002255027e+02
2.729489476632516016e+02 2.725423942172667466e+02 2.713010190902588761e+02 2.735662758152050742e+02
2.765008786100031557e+02 2.764164266329224233e+02 2.745408880403114154e+02 2.764879621389300723e+02
2.605376214826474666e+02 2.596709279292124961e+02 2.599978195702924495e+02 2.601552968261863725e+02
2.571734525034571561e+02 2.574386134115001141e+02 2.573547955720049458e+02 2.575130763516285697e+02
2.685016258937426983e+02 2.686113703146311309e+02 2.663988675779653477e+02 2.686941070948715264e+02
2.686105069501780918e+02 2.690084162998277861e+02 2.681485993306310434e+02 2.697651596996542480e+02
2.686226854022662565e+02 2.701673804080435843e+02 2.678950231024422806e+02 2.696500942988926681e+02
2.610212452543553923e+02 2.610505898293957898e+02 2.611080085437225762e+02 2.614070091103651521e+02
2.620111207524820429e+02 2.626709239059863421e+02 2.613554371302284380e+02 2.622178660786149749e+02
2.960766339898023602e+02 2.965512601871969878e+02 2.946877463052507551e+02 2.961041731514414437e+02
2.731075582517533462e+02 2.735017042248373400e+02 2.729865404227244312e+02 2.733860759333538795e+02
2.587964597440999910e+02 2.591733647934437954e+02 2.578166332849207834e+02 2.589180141497846535e+02
2.855562767558487280e+02 2.860314705224295722e+02 2.834843631430409232e+02 2.853643974040575131e+02
2.585406351130304188e+02 2.583045517529939730e+02 2.584783905301985101e+02 2.584839664203553298e+02
2.612870568454610520e+02 2.605313230051091296e+02 2.605030474908532483e+02 2.611810240807402579e+02
2.716128766205966940e+02 2.721149571244288268e+02 2.697092570833473815e+02 2.712741617991772500e+02
2.702954171747740020e+02 2.704862902855941797e+02 2.692376016523799080e+02 2.714913889664454700e+02
2.682989075362698372e+02 2.688569576374976009e+02 2.683937061916724360e+02 2.688310422445825907e+02
2.685069418978775957e+02 2.687474358649435544e+02 2.669368629861458544e+02 2.690772051280507071e+02
2.624083096978107505e+02 2.618520457052365487e+02 2.617477620914383465e+02 2.623637765657114755e+02
2.628474021939333625e+02 2.632494940588479153e+02 2.630635546209769018e+02 2.638868439632541936e+02
2.558908402190523930e+02 2.561801403483254376e+02 2.559730928261351721e+02 2.559474056356769154e+02
2.660071492324609039e+02 2.658869345856452355e+02 2.649242649139227979e+02 2.661461027620512709e+02
2.587912433522620290e+02 2.591233001651727932e+02 2.588430626424919865e+02 2.587969327709906793e+02
2.633349113847098693e+02 2.631810319196382579e+02 2.637529304659211675e+02 2.637361270996772191e+02
2.677188757647124362e+02 2.679206562750374019e+02 2.671228218050171677e+02 2.683830914287706264e+02
2.609539030507582993e+02 2.619365272230975847e+02 2.607580153847010820e+02 2.610224749309808772e+02
2.650598167578036737e+02 2.652743080349910088e+02 2.644844553586252118e+02 2.654407613838180282e+02
2.902849293121961978e+02 2.901888196476984945e+02 2.891397677958902932e+02 2.901526433063707486e+02
2.577293272331388607e+02 2.589895018386922629e+02 2.582933498447411580e+02 2.587362825665179571e+02
2.611298336262042312e+02 2.608171485306662589e+02 2.608933716512191836e+02 2.610999611916059848e+02
2.655744204222719986e+02 2.659202572389095280e+02 2.645311399792589668e+02 2.658278640602558767e+02
2.770749958216779305e+02 2.770989465519544979e+02 2.756509788284571982e+02 2.773995415547687458e+02
