2.825597669794045146e+02 2.831840574950220457e+02 2.810352480423134125e+02 2.829590022259499733e+02
2.643223948477166800e+02 2.649035828144864695e+02 2.636824375992006821e+02 2.644916101573392098e+02
2.731975268893869497e+02 2.732726430809397016e+02 2.718359580892454233e+02 2.728516874164288879e+02
2.614965949714285784e+02 2.620359448739095001e+02 2.604471517951427586e+02 2.620690791509680935e+02
2.651412419416078592e+02 2.653773146553168658e+02 2.642977194938732168e+02 2.658607498634281683e+02
2.576115142950685026e+02 2.585234666088871904e+02 2.571687101795799322e+02 2.583349941723593020e+02
2.893683555944296586e+02 2.905384579151167372e+02 2.887714544152128724e+02 2.897876338700417591e+02
2.844411191699190908e+02 2.847213949794596033e+02 2.826879087721101200e+02 2.850509923357498678e+02
2.931247582854356324e+02 2.939945150862801597e+02 2.904519319800814969e+02 2.935825131024053576e+02
2.993491107689589512e+02 2.996278082620705732e+02 2.977552313534632162e+02 2.981708988080852691e+02
2.653578105396717888e+02 2.646219009587824189e+02 2.638574681471410486e+02 2.649680831310097915e+02
2.616382794173273965e+02 2.615239759164200564e+02 2.611865732270651392e+02 2.618026838362392255e+02
2.672079018086599262e+02 2.678449016885716674e+02 2.650188955084952909e+02 2.676815047237688532e+02
2.784393551322199301e+02 2.791716752888480642e+02 2.774897643793264024e+02 2.799570228669380185e+02
2.621511032311517511e+02 2.620487036774883904e+02 2.609012565865851911e+02 2.623594377619758120e+02
2.616517880402931837e+02 2.617384804406827357e+02 2.609539679889304011e+02 2.619216999522197398e+02
2.591704877232626814e+02 2.589775954315638273e+02 2.586193931317814645e+02 2.591082414822195119e+02
2.633667940184258782e+02 2.642764922827951750e+02 2.621353170576713865e+02 2.641204844822810287e+02
2.661819553712776383e+02 2.662886700148810633e+02 2.650720891157016013e+02 2.665738378987420560e+02
2.595335914541320221e+02 2.592852865525839547e+02 2.584757384218101492e+02 2.600305159502918855e+02
2.770379805073426951e+02 2.781495556795013044e+02 2.747290711988194971e+02 2.774205450468231220e+02
2.601939060548548923e+02 2.600197960181808980e+02 2.599664065465540261e+02 2.597048563391377911e+02
2.604532220412151560e+02 2.602363018901576197e+02 2.596065875603496238e+02 2.599743966970455062e+02
2.824794220207917874e+02 2.833058928252788178e+02 2.801519876112398038e+02 2.821855955146819497e+02
2.679398805706222220e+02 2.678238322669783429e+02 2.665194487633405060e+02 2.689413518386215856e+02
2.736032815660335018e+02 2.746824536461169259e+02 2.723105436561635315e+02 2.746222250251618675e+02
2.780990582766066836e+02 2.779504472038595964e+02 2.768112778897852309e+02 2.779859733017698886e+02
2.584830744247637426e+02 2.589149225605229958e+02 2.580963946985253870e+02 2.587510015922788966e+02
2.586305186900754052e+02 2.588297564471245664e+02 2.583470040335089948e+02 2.592504291498995030e+02
3.046697249867274877e+02 3.041217663635462145e+02 3.035812876688943334e+02 3.035587582258535235e+02
2.619225242474698234e+02 2.616488173609741352e+02 2.605491949452018616e+02 2.612617696524383177e+02
2.633621354683327809e+02 2.632539280074773274e+02 2.630164209209304431e+02 2.634494193171632332e+02
2.637731923191429360e+02 2.637212845258128482e+02 2.629550622221237290e+02 2.644550459317321156e+02
2.652895501810949668e+02 2.655462958418918902e+02 2.639991700434127893e+02 2.658170237303025374e+02
2.674516066342653176e+02 2.681413202567420626e+02 2.665280098080269795e+02 2.675629949472210001e+02
2.811362939047597251e+02 2.813569722018918355e+02 2.795052414914769656e+02 2.807920099299488470e+02
2.671338634934565448e+02 2.671607557775027431e+02 2.658974981183887962e+02 2.677600650711567027e+02
2.626739139125698443e+02 2.625819761743809977e+02 2.628728158079575792e+02 2.630245062879066609e+02
2.603680908408938421e+02 2.603623885221105638e+02 2.605495473368296757e+02 2.603735673120432352e+02
2.566999772499372625e+02 2.568494519310215196e+02 2.558236743380061569e+02 2.570972625865721852e+02
2.638344270128924904e+02 2.630623356860440936e+02 2.630490837054625786e+02 2.636633686772178748e+02
2.592545327065824381e+02 2.596641866185296408e+02 2.590621552397406617e+02 2.596575037081225332e+02
2.794972501963107447e+02 2.804239578298996776e+02 2.785991170117652587e+02 2.802086333168720103e+02
2.720523855017374331e+02 2.723922080078944532e+02 2.702819123568920077e+02 2.720037950530636977e+02
2.639918695491807625e+02 2.638839246927897761e+02 2.618907403830683052e+02 2.648408932005182237e+02
2.605759443993865716e+02 2.602648053619490156e+02 2.598804911792424264e+02 2.604918879239208422e+02
2.940977428263125262e+02 2.936062279581220764e+02 2.913160004256492357e+02 2.937169568812262241e+02
2.615186215008031354e+02 2.614349273959063567e+02 2.617607808756638406e+02 2.615705647934825038e+02
2.622450382278142911e+02 2.623378879987405981e+02 2.610181497075888615e+02 2.627523887571694559e+02
2.619087922961044796e+02 2.621353884446655798e+02 2.609131570292702236e+02 2.619150573453968036e+02
2.620006241238961593e+02 2.620959716858735078e+02 2.615680350391796765e+02 2.619568718919782668e+02
2.732160524156768702e+02 2.738669584432896613e+02 2.714619204171075921e+02 2.741192633985483553e+02
2.997883165991384544e+02 3.006664923883287202e+02 2.999827887696977200e+02 3.007572498113408415e+02
2.591958754229203237e+02 2.588712093914222123e+02 2.587906372854148458e+02 2.589896842328122375e+02
2.626860188015139101e+02 2.635010896437032670e+02 2.619275602252016597e+02 2.633717488355624710e+02
2.656142687805470359e+02 2.660160715061493306e+02 2.651958910075699691e+02 2.658014382626176371e+02
2.649824047674368899e+02 2.655481703303954646e+02 2.653690711236509969e+02 2.659020819186233666e+02
2.551277668062399187e+02 2.551712123538013373e+02 2.544186999739271187e+02 2.551828993688688172e+02
2.681400439677254894e+02 2.675141841075332536e+02 2.669508052776164391e+02 2.683401068683954236e+02
2.947247413461697079e+02 2.958778163035484567e+02 2.931862157209217798e+02 2.959409736430911835e+02
2.637296693750953978e+02 2.642438606791661186e+02 2.636107378914688866e+02 2.644266536966876515e+02
2.610324111526764455e+02 2.606096449446172869e+02 2.609303454805987599e+02 2.610247922130016036e+02
2.715529166793181730e+02 2.710685409677819848e+02 2.702063844947042526e+02 2.713340566486480157e+02
2.584437001898491530e+02 2.583560934607409081e+02 2.577290567285474481e+02 2.594882980716239445e+02
2.952649191273073939e+02 2.942532840961284251e+02 2.922817207883227866e+02 2.938368623962393258e+02
2.581376802146937735e+02 2.585672221094746988e+02 2.574097960462400465e+02 2.584817569347607105e+02
2.871425978395010361e+02 2.873086071749300459e+02 2.843679987273869187e+02 2.883547373418128359e+02
2.590495867307724325e+02 2.588104081859280541e+02 2.582071585644075071e+02 2.589852972441359498e+02
2.659403049789798956e+02 2.659635669119359136e+02 2.654738973141945166e+02 2.660189474543162191e+02
2.658270492972970374e+02 2.663900839203339501e+02 2.650021426608955721e+02 2.664922713963276806e+02
2.695645968786126332e+02 2.705529508934423575e+02 2.685709703764844107e+02 2.705459171497196280e+02
2.808039226040319818e+02 2.807108202451541956e+02 2.793643220822958710e+02 2.800793930306052175e+02
2.584310520305126602e+02 2.581617978239112858e+02 2.582237959984403801e+02 2.590568373899097310e+02
2.590783258750662412e+02 2.588709973015739934e+02 2.587860055437108713e+02 2.587828876175781829e+02
2.577416390554640770e+02 2.582828969931704819e+02 2.566533744710885117e+02 2.579152058710805022e+02
2.726990991704574299e+02 2.733908914189049710e+02 2.710500913670876457e+02 2.739147794091917376e+02
2.621434239696048394e+02 2.617573678163795421e+02 2.612345378934287510e+02 2.616669814156934422e+02
2.983640285722862018e+02 2.981975991857430586e+02 2.972375484137924104e+02 2.982985660220959971e+02
2.586387967351843145e+02 2.592183754204312436e+02 2.580953143606496383e+02 2.593069861064708448e+02
2.752939651840882789e+02 2.747483461852234541e+02 2.716991964105357624e+02 2.748931080802822748e+02
2.781298325967178471e+02 2.791655764045895580e+02 2.776277541078151785e+02 2.788900927192933068e+02
2.583882040302097494e+02 2.583463107311505382e+02 2.577214477145518003e+02 2.587069957136264975e+02
2.641289666407252525e+02 2.645982914293975341e+02 2.629299858230173186e+02 2.651442893169423201e+02
2.663050223706512725e+02 2.673340111771181569e+02 2.644895240841183863e+02 2.669663151728760226e+02
2.900774581980924722e+02 2.899126261673465592e+02 2.883747937018410994e+02 2.900018480099573139e+02
2.592418563772210973e+02 2.594445599728292109e+02 2.592637870868273353e+02 2.595990192200383717e+02
2.890270310787230414e+02 2.894042178682891517e+02 2.872944950680035845e+02 2.887304752174885039e+02
2.599423524577216540e+02 2.598953713424555190e+02 2.598213833036192000e+02 2.602930629081054690e+02
2.631258264127407642e+02 2.638897781547867112e+02 2.619728815109281186e+02 2.637710481079464557e+02
2.669448812451102526e+02 2.667753608724176502e+02 2.662875768688028302e+02 2.673802872062229881e+02
2.574278046949359577e+02 2.579534382403422796e+02 2.566447394611147956e+02 2.578263105750457385e+02
2.585789457026097011e+02 2.584864706125585485e+02 2.583107932612695663e+02 2.585466286951487973e+02
2.694905813815115039e+02 2.693499013857292539e+02 2.682290421021241400e+02 2.702427642296332237e+02
2.692199107304778067e+02 2.695080232404137632e+02 2.681652574071597996e+02 2.695600870145369186e+02
2.603741073464104261e+02 2.601907335389332161e+02 2.591469331936277172e+02 2.603228820375759369e+02
2.627159119078313552e+02 2.629687338156406327e+02 2.621533480271261283e+02 2.630397035672048105e+02
2.560796756897599948e+02 2.567157751103817418e+02 2.567272595338386054e+02 2.570697895271757147e+02
2.573120845030775286e+02 2.577711870263666469e+02 2.573232085618590759e+02 2.571726017073162893e+02
2.639313666633793787e+02 2.653381091061554002e+02 2.633408749840795622e+02 2.649556383051008197e+02
2.584268804145796707e+02 2.585720193236720661e+02 2.580073001059130888e+02 2.586477662560389490e+02
2.700900120413742229e+02 2.708617845342181454e+02 2.688391987902647884e+02 2.705323383285484624e+02
2.611849264897314811e+02 2.613288351179925257e+02 2.605342604800173945e+02 2.617682153555220452e+02
2.598271271412310170e+02 2.595113028602899590e+02 2.590561830734652062e+02 2.595639425270957190e+02
2.844648489363359545e+02 2.838142356130707071e+02 2.828525833338046596e+02 2.843760708119611422e+02
2.921806604463525900e+02 2.911091255708985841e+02 2.901127576687897545e+02 2.910981398120436552e+02
2.574722331308580010e+02 2.572893811381118212e+02 2.572322684753946191e+02 2.574295343253047577e+02
2.872968676754917965e+02 2.875734105929516886e+02 2.850231465526184138e+02 2.870428957693452503e+02
2.894121979419427930e+02 2.897821530508037995e+02 2.885392576785181973e+02 2.899467579140413136e+02
3.039586178666162937e+02 3.041505490520915487e+02 3.030525128521484248e+02 3.018951809775448396e+02
2.612456047530755541e+02 2.613497283540591525e+02 2.611695071932090286e+02 2.613816784174400709e+02
2.649232354061234673e+02 2.653004773076121410e+02 2.639215541820678368e+02 2.656031974081859630e+02
2.574640194087496639e+02 2.575618183377530954e+02 2.567973877639843749e+02 2.575509225011347780e+02
2.635845822883727010e+02 2.643301464599961150e+02 2.632186868720748407e+02 2.638832579831076259e+02
2.982700583440415585e+02 2.992646657753168711e+02 2.968355298773007007e+02 2.985855675628152994e+02
2.696936371339428433e+02 2.696791525471400632e+02 2.688458197571750361e+02 2.701168201960293800e+02
2.691887059814203553e+02 2.700480197578024217e+02 2.683541659867521503e+02 2.699915337678449987e+02
3.055773503239815341e+02 3.059893596786122316e+02 3.047895927088403027e+02 3.045146302735444692e+02
2.593827638299420641e+02 2.593655295119479547e+02 2.590052328578036622e+02 2.599828023415252574e+02
2.838043894452973177e+02 2.842086905970098769e+02 2.816210832748465691e+02 2.844501886616127990e+02
2.737185660013242909e+02 2.731579024620728546e+02 2.722137144703958143e+02 2.740155545513098900e+02
2.599387920747590783e+02 2.599304340271656315e+02 2.597038874334930370e+02 2.603145259813946382e+02
2.576179188945626493e+02 2.576881564951459609e+02 2.571669065402671208e+02 2.572350343868889126e+02
2.583639723039857472e+02 2.586019139589186580e+02 2.585150541442454823e+02 2.585111106814979394e+02
2.555678587296727358e+02 2.556378668878940630e+02 2.553281212936874454e+02 2.558220379628021703e+02
2.647802671012518090e+02 2.649557540922309613e+02 2.637521413521798763e+02 2.651518651652671679e+02
2.863252566310378029e+02 2.872483978555941349e+02 2.849863735990733744e+02 2.868517048879339200e+02
2.602434395247798875e+02 2.600143304814455973e+02 2.594840217042834638e+02 2.603871062421997067e+02
2.598581866194687677e+02 2.597515460921172235e+02 2.593602183929684770e+02 2.596244161795839887e+02
2.652459786611701134e+02 2.659493663297754438e+02 2.640859815516046183e+02 2.667570611763620150e+02
2.584470689902157119e+02 2.589616473236849856e+02 2.584492595448144243e+02 2.586148583029623751e+02
2.629854112518223701e+02 2.637099268359016264e+02 2.631590932198337782e+02 2.630498984680127705e+02
2.576029170359849445e+02 2.584374715742109743e+02 2.574769762843693002e+02 2.580430864111964411e+02
2.621215147026581462e+02 2.626412846012256068e+02 2.617102448207718908e+02 2.627655003322228708e+02
2.570629543991585138e+02 2.569318601496397605e+02 2.563700176390123602e+02 2.575766797871349922e+02
2.595051961158377480e+02 2.593328667735432873e+02 2.593877302795880837e+02 2.597857514306149369e+02
2.607878192379341726e+02 2.609814055096339871e+02 2.603125770842336237e+02 2.605580321307409690e+02
2.938516697121418133e+02 2.940870543699695077e+02 2.925967833544688119e+02 2.935471145324409576e+02
2.628228343917471079e+02 2.631843642837245625e+02 2.614322589860602761e+02 2.632705814374193665e+02
2.857951753401131327e+02 2.866672114417171429e+02 2.843771778118975249e+02 2.856317819544814256e+02
2.653617890509336235e+02 2.655053073976336009e+02 2.640430373939537958e+02 2.655486275839554082e+02
2.836194037309508644e+02 2.828553109532982148e+02 2.815017968406073123e+02 2.829561239024214387e+02
2.871601251110674298e+02 2.869888509982057485e+02 2.856266136058855523e+02 2.870493899588230420e+02
2.576410878180611803e+02 2.575238888190406783e+02 2.572653441223753248e+02 2.576774750051569072e+02
2.698152372681300903e+02 2.700489458058987680e+02 2.685055038888411900e+02 2.699921259425418043e+02
2.625074277328669154e+02 2.622570718626245707e+02 2.611312439302482744e+02 2.626490305402112995e+02
2.597326312740422054e+02 2.597105561396839448e+02 2.593172388085163789e+02 2.600948735071065698e+02
2.582757126121721853e+02 2.584054620301138243e+02 2.580532973463587041e+02 2.590004533772407740e+02
2.642706361121169039e+02 2.647505368107975414e+02 2.628581210971878477e+02 2.648214337786959618e+02
2.612217997901940976e+02 2.612458009609326268e+02 2.604185198035849567e+02 2.613932523865257735e+02
2.618550614426683865e+02 2.616472204103205854e+02 2.612239852015571842e+02 2.621214739804640885e+02
2.593898570631684493e+02 2.597127559331876796e+02 2.595000725601847194e+02 2.600102636255156767e+02
2.924715772580014459e+02 2.928028227306141389e+02 2.902945113154491992e+02 2.913531345345335239e+02
2.625202766294394223e+02 2.626435897476034143e+02 2.622778463048782669e+02 2.623455532610348087e+02
2.603461053004651262e+02 2.606283234051078352e+02 2.598864913417032199e+02 2.602067241684788428e+02
2.584438707979126661e+02 2.588015429851745353e+02 2.581849876582393222e+02 2.588684667219330890e+02
2.576058601089687841e+02 2.581858834188668084e+02 2.572888036233989624e+02 2.579211806604103003e+02
2.644523568383389716e+02 2.646144325338099748e+02 2.635988419663194691e+02 2.650210332019079260e+02
2.592948905847812853e+02 2.598254178527927252e+02 2.592899074214308826e+02 2.593086727108516243e+02
2.734593526913542405e+02 2.735482504970395325e+02 2.718282266606895519e+02 2.738494985278268246e+02
2.719778987321088835e+02 2.729334038903992905e+02 2.703765091014770974e+02 2.720246751461271515e+02
2.665642674147197795e+02 2.672931846637771400e+02 2.657874998374304596e+02 2.670081241083406667e+02
2.605494570024878840e+02 2.604572356561459969e+02 2.597199444302133884e+02 2.614826871644405060e+02
2.704243494049121068e+02 2.712971455304190158e+02 2.695331783181148921e+02 2.715666950179617629e+02
2.664328473137482547e+02 2.665677641450938040e+02 2.652882004225660353e+02 2.668953938241592141e+02
2.685929838047832732e+02 2.688986598180129590e+02 2.678226763665142585e+02 2.693645632647529737e+02
2.610394400628036351e+02 2.614560357591765865e+02 2.603943691202661057e+02 2.609870192497556332e+02
2.640882317339807628e+02 2.643061259916065637e+02 2.637316564124519118e+02 2.640873928094142116e+02
2.789402415205031502e+02 2.793789411217967427e+02 2.774603315607739091e+02 2.803017903087431364e+02
2.598310772103961881e+02 2.603067353279148506e+02 2.606954828934693182e+02 2.608881767850569418e+02
3.018264797344740487e+02 3.029487877132438598e+02 3.008046900863828341e+02 3.020510174465798627e+02
2.808367834706729695e+02 2.819474440355821230e+02 2.794819029511189115e+02 2.810689732260536857e+02
2.689478192098259228e+02 2.688347054303219466e+02 2.682442046551536237e+02 2.685044264053216807e+02
2.686442449642644306e+02 2.687754435164106326e+02 2.669486693067914871e+02 2.687474978550724813e+02
2.578476134238909481e+02 2.583225878695041615e+02 2.580307223223514939e+02 2.580584320981881206e+02
2.642149417495133434e+02 2.644214587747751466e+02 2.631367942688183916e+02 2.646503541858242556e+02
2.688219468934445331e+02 2.696632731834469041e+02 2.671701202093696565e+02 2.696151810838798610e+02
2.673607999131919541e+02 2.685240258593541967e+02 2.659951070635459018e+02 2.678000240217927512e+02
2.604477163376977273e+02 2.606412539427557249e+02 2.602262377476162669e+02 2.606163250323467082e+02
2.572908686673360990e+02 2.574931985317049339e+02 2.576657426700340920e+02 2.572470660349409854e+02
2.600160712238740643e+02 2.606646735086980584e+02 2.598650508427058980e+02 2.611196198876329504e+02
2.632447445046173016e+02 2.628231053477149999e+02 2.630017195547345636e+02 2.631336842294864482e+02
2.605707997138858900e+02 2.602083820781382997e+02 2.605977869587076157e+02 2.608634468235474060e+02
2.741214524552823377e+02 2.743797721500828288e+02 2.713674444711207911e+02 2.743193611836952641e+02
2.587791334397534229e+02 2.589027078491940301e+02 2.587377475788813399e+02 2.590025948731549192e+02
2.683904752246991734e+02 2.681748877793258430e+02 2.669369644850635837e+02 2.686999248022843858e+02
2.656327346638515792e+02 2.654900301184599698e+02 2.642967701026886402e+02 2.666013700125902801e+02
2.930692948875384900e+02 2.929678942987558798e+02 2.921707537646587980e+02 2.936426389186469237e+02
2.891153073052364562e+02 2.893241428132819237e+02 2.861093129238361712e+02 2.890944564822843859e+02
2.731493377336462345e+02 2.728420369389046982e+02 2.692067889756478394e+02 2.720558632555212739e+02
2.713800192743397588e+02 2.722467447036333965e+02 2.690788824115198850e+02 2.717723554789649256e+02
2.783097626053821614e+02 2.777176037405774309e+02 2.759981016773365354e+02 2.783011067431434640e+02
2.621184893686637452e+02 2.623467049906350894e+02 2.606468340894943481e+02 2.624800113395943981e+02
2.599861974786306860e+02 2.601276866326051049e+02 2.596548298424854124e+02 2.607126740354583490e+02
2.813150910008121173e+02 2.812813673942036417e+02 2.794827561961513993e+02 2.820717961584530258e+02
2.590440558659616954e+02 2.588999858021538216e+02 2.588194586949470022e+02 2.590716071794439586e+02
2.706071365795227166e+02 2.709316595572924484e+02 2.692383858199406177e+02 2.707490913907133745e+02
2.596741075522818392e+02 2.600993535824821947e+02 2.593547919063143468e+02 2.600199813405691316e+02
2.631072679136962620e+02 2.629561344836415628e+02 2.620571855461761288e+02 2.628238983809518459e+02
2.625544638814528753e+02 2.628406197084204337e+02 2.616889211403943136e+02 2.628680123504923927e+02
2.774484760251782518e+02 2.776452035573690296e+02 2.751904665507848335e+02 2.775642981311421522e+02
2.673694512045602210e+02 2.681624086232565105e+02 2.659505760140976918e+02 2.682359443630163014e+02
2.583334483910716699e+02 2.587752158686130315e+02 2.581784445626346383e+02 2.581446632320097478e+02
2.803648756933720279e+02 2.810700896392759205e+02 2.792786334273912416e+02 2.809436180623839050e+02
2.613555195485840841e+02 2.606436721366369511e+02 2.602968644357772519e+02 2.613389513733527565e+02
2.644231023872353603e+02 2.650281776564699499e+02 2.635575142357332084e+02 2.647973622830031104e+02
2.666917740284245610e+02 2.672041441378020750e+02 2.654261997235670947e+02 2.668287273674746416e+02
2.595457050995908617e+02 2.588007842297790830e+02 2.592959227326425093e+02 2.594200685603797751e+02
2.587693473693133228e+02 2.594149764375654286e+02 2.584477796019591551e+02 2.600296585876444624e+02
2.608806468379338526e+02 2.606649481330267690e+02 2.598601832769292059e+02 2.604143820572808750e+02
2.619093351975723749e+02 2.623437920395405740e+02 2.614855306318142425e+02 2.625539092921644055e+02
2.989771695621050753e+02 2.988721165222755758e+02 2.968306983868683346e+02 2.973549480884720992e+02
2.590691502371206525e+02 2.592029058117935278e+02 2.579210558066280328e+02 2.594342492299575724e+02
2.666734549733885729e+02 2.669998170839019167e+02 2.658161355115790343e+02 2.667940093993867094e+02
2.622350569180581488e+02 2.622801302368000052e+02 2.612964054739333051e+02 2.626743030113240138e+02
2.601327870425955098e+02 2.599887001902989141e+02 2.594752077211326764e+02 2.598113920036136619e+02
2.630220981190817042e+02 2.630905876876944944e+02 2.627735533509289212e+02 2.623528136922651584e+02
2.575416642219647088e+02 2.579498307032806679e+02 2.573367306714251868e+02 2.580024598577667803e+02
2.584857856057216736e+02 2.585358493351282050e+02 2.579771113886138210e+02 2.592718629787246982e+02
2.616600276647212127e+02 2.628141102003460787e+02 2.616024236330795816e+02 2.619159671109903798e+02
2.584666155728065178e+02 2.582461884871700590e+02 2.579763717761384783e+02 2.585540051941148931e+02
2.619996829235665814e+02 2.624376422876819106e+02 2.608391272117440849e+02 2.624175717681672495e+02
2.613444541609629823e+02 2.616359030209986827e+02 2.609247851940996838e+02 2.616097387930422542e+02
2.648418463193586945e+02 2.651164426813500654e+02 2.633198562393358202e+02 2.648279815126909966e+02
2.889333581768362933e+02 2.900802414475343767e+02 2.868675503581108615e+02 2.898062825112918972e+02
2.614311657157116429e+02 2.616760003583316916e+02 2.611829575154964687e+02 2.617756926443999532e+02
2.635362737477083783e+02 2.641098366471756549e+02 2.628956675375214331e+02 2.635320967455036794e+02
2.667927040565209609e+02 2.675976763606184932e+02 2.663300317041985181e+02 2.676374214945894892e+02
2.599011634150940608e+02 2.593330685611264812e+02 2.590910354367679247e+02 2.597752778911035989e+02
2.610946585978456369e+02 2.614920021221438446e+02 2.607848959029396951e+02 2.614559247091333418e+02
2.591646496838137637e+02 2.590827474785581899e+02 2.589314493512187028e+02 2.592889996552975731e+02
2.614209601886061591e+02 2.606466459761775241e+02 2.614487992383021151e+02 2.610268336818716080e+02
2.607198943636358308e+02 2.609844202883676871e+02 2.606411200676207613e+02 2.612328266474984844e+02
2.673274439867290653e+02 2.668905741052568601e+02 2.655362112928006582e+02 2.674989298599682002e+02
2.731767904710067683e+02 2.738867492955110947e+02 2.713889458515869251e+02 2.734089966261021800e+02
2.623718207016942756e+02 2.627904654957221169e+02 2.614855605347876804e+02 2.628982579447159651e+02
2.573322019384353325e+02 2.576415050438536696e+02 2.568315943576400286e+02 2.575388861260871067e+02
2.665666668617045616e+02 2.670450211660767650e+02 2.658647678126625351e+02 2.674257826045279103e+02
2.699057051871764656e+02 2.697955947931404239e+02 2.688145975024377776e+02 2.702141978036123078e+02
2.630721527989023230e+02 2.631172794715616874e+02 2.621934438313683131e+02 2.630050375942232108e+02
2.596145698700705111e+02 2.596744695245964181e+02 2.593380002276488767e+02 2.598549849464546924e+02
2.598542464158015832e+02 2.595067768315966532e+02 2.592128165336578718e+02 2.594302699387521898e+02
2.624301683021364511e+02 2.621943473065271633e+02 2.619339856749258502e+02 2.623486267514189763e+02
2.924918733494627645e+02 2.927988588400820049e+02 2.909644735402309834e+02 2.916175705610335740e+02
2.594452605425196907e+02 2.599203558585790006e+02 2.585752329619093643e+02 2.600908185876545531e+02
2.595454216149425974e+02 2.597803299757017612e+02 2.590762540082679948e+02 2.595494569140328736e+02
2.688321888399447630e+02 2.691399596506815897e+02 2.665639730370357938e+02 2.687489391502876970e+02
2.591335912696866899e+02 2.592817797507728415e+02 2.588643249931737387e+02 2.595361639434977974e+02
2.688721602281569290e+02 2.688073848655524216e+02 2.672327630801028135e+02 2.687123873586927516e+02
3.037705870324597299e+02 3.040406067062322677e+02 3.041352909597478629e+02 3.029130756723838545e+02
2.584389924493445392e+02 2.589909807936949164e+02 2.584244555149884377e+02 2.586581203576901089e+02
2.638585838391067000e+02 2.637463994509419081e+02 2.629598540772389015e+02 2.641414331642762932e+02
2.677824990253379838e+02 2.685297362814231974e+02 2.658608914538889962e+02 2.680976914439127086e+02
2.577121453309744084e+02 2.579482785895050938e+02 2.563973774426428918e+02 2.582344991204866460e+02
2.614013390369956369e+02 2.616455625867334902e+02 2.609688919664376385e+02 2.618751672757080087e+02
2.836326988528226707e+02 2.851244035612972425e+02 2.827090964171859468e+02 2.849893966313938449e+02
2.645864914436103845e+02 2.648906002800023884e+02 2.642627940611678810e+02 2.649329002646313711e+02
2.705867876524795292e+02 2.710840272564190059e+02 2.691884969436377446e+02 2.707604546131797179e+02
2.629062740072861857e+02 2.630494802362705400e+02 2.617909472452550972e+02 2.630975267008267906e+02
2.667627340162234191e+02 2.669239332155278817e+02 2.654948710329908295e+02 2.669884740976673925e+02
2.647214028276753197e+02 2.653364223069698937e+02 2.650439614950259966e+02 2.657768240763596737e+02
2.639736296335872225e+02 2.635851430057356879e+02 2.629890795077713506e+02 2.640298533343028566e+02
2.593033904970048980e+02 2.594810192469061576e+02 2.589369078588062507e+02 2.600680092399675232e+02
2.951080188089410399e+02 2.957775357914954384e+02 2.938310534362950648e+02 2.942522161476219935e+02
2.610544357731174614e+02 2.610087631747158525e+02 2.607629346904387830e+02 2.606683111357739335e+02
2.611150293853862649e+02 2.616730779338297452e+02 2.607064954327067881e+02 2.613861886341595095e+02
2.603344058167693902e+02 2.601763237147246741e+02 2.599084289094257656e+02 2.607811110865251862e+02
2.743584042546891624e+02 2.750148921716112227e+02 2.724109635964379663e+02 2.743078349242649097e+02
2.708022453859493339e+02 2.704828464847322493e+02 2.687055347612339915e+02 2.713113017187555442e+02
2.632656682209895962e+02 2.632223131473797935e+02 2.623856036770390574e+02 2.624124627737156743e+02
2.694041485302769843e+02 2.704001691414306379e+02 2.684034941658119351e+02 2.710945249449794119e+02
2.884118492640176328e+02 2.881453237405691539e+02 2.864380951940357818e+02 2.885750047457758569e+02
2.758855835203805782e+02 2.766775996045759598e+02 2.745703681691460929e+02 2.769159277570913673e+02
2.679559850713744140e+02 2.679524035175019208e+02 2.669632259079787673e+02 2.686592144578055468e+02
2.985961978491345690e+02 2.980759231196234964e+02 2.963789816183092398e+02 2.983117882747935141e+02
2.657147392701844524e+02 2.662669436868362141e+02 2.643012278721228085e+02 2.659653797696375364e+02
2.614144238770765014e+02 2.615474515479224351e+02 2.607850847421470348e+02 2.620250553178674409e+02
2.645537110211435561e+02 2.646091815705810291e+02 2.628998154544733552e+02 2.648031168289602419e+02
2.653356802048868417e+02 2.662457780659396462e+02 2.648016603078061166e+02 2.657401977508574760e+02
2.705517178471011448e+02 2.710763322485551043e+02 2.687291570443319415e+02 2.708006825393978261e+02
2.775961256956502439e+02 2.778011645158429701e+02 2.758964972902726913e+02 2.778269604254573437e+02
2.921575860402122657e+02 2.921297814637381407e+02 2.898556771959865159e+02 2.917974169114223173e+02
2.773905405803041617e+02 2.770227906893078966e+02 2.748930248867501973e+02 2.773552975984201225e+02
2.568013207436128482e+02 2.569063224101284959e+02 2.561951498315042386e+02 2.567301052518195092e+02
2.619662025571292361e+02 2.618136898208526304e+02 2.610527789860398684e+02 2.621432319096278434e+02
2.723644363964710919e+02 2.720501838268524466e+02 2.707511341137433760e+02 2.733655121110318191e+02
2.826201361513658412e+02 2.831297450963222673e+02 2.806014536689792749e+02 2.830871075039552807e+02
3.060044785132473635e+02 3.062460856527065971e+02 3.056697542395812093e+02 3.066312616036198051e+02
2.587216577993328315e+02 2.592549915369607447e+02 2.586048790554216907e+02 2.593041236305958250e+02
2.657344419036960517e+02 2.657753291795833093e+02 2.648483555196639827e+02 2.662645607153967831e+02
2.659191146813714681e+02 2.666024611447359121e+02 2.646889284876083366e+02 2.671345880003663638e+02
2.803644407055236911e+02 2.805766943928925912e+02 2.784275879456735652e+02 2.809355332474595457e+02
2.647185186749668446e+02 2.652242512397431256e+02 2.638655371531940546e+02 2.654569759645454496e+02
2.785449257195181758e+02 2.789101506576747056e+02 2.765041787686299131e+02 2.787268321017353401e+02
2.642289704777990664e+02 2.641233748634640506e+02 2.634185375605449053e+02 2.643073207317937658e+02
2.802595209089039372e+02 2.795935422580412819e+02 2.772806806044266636e+02 2.803107242136822492e+02
2.702389050687198164e+02 2.707154249482916271e+02 2.694494648944753408e+02 2.712195443917094053e+02
2.588007625248927752e+02 2.589775963688542788e+02 2.584081538387159185e+02 2.590631557681277286e+02
2.622099404277478243e+02 2.618128577950235467e+02 2.621119613945948572e+02 2.622387012395043371e+02
2.562944646614467388e+02 2.570472994705179985e+02 2.560316591976886684e+02 2.568441912490831669e+02
2.669962350802998685e+02 2.678443588191305480e+02 2.661386075428132472e+02 2.674313987157574388e+02
2.658924056785386369e+02 2.656745110957525071e+02 2.650342761543050756e+02 2.653187547813718652e+02
2.653673375210054246e+02 2.654358632299762348e+02 2.638052502062947156e+02 2.657395774044558721e+02
2.613216843437787702e+02 2.611952352172089604e+02 2.608165231637315742e+02 2.604383058519289307e+02
2.640851791052008366e+02 2.641972788212443106e+02 2.636600429542534130e+02 2.644179418933542820e+02
2.624122234882413522e+02 2.625421163458474325e+02 2.621830845555393807e+02 2.628098689362531104e+02
2.633302475533748179e+02 2.641567952658276113e+02 2.619720862238407904e+02 2.636919459275829354e+02
2.809847509852452276e+02 2.812806535130671932e+02 2.796506516862990566e+02 2.809780718450260792e+02
2.608175754455699007e+02 2.611189497874260610e+02 2.612930964165320802e+02 2.617651300784480668e+02
2.597761221027074043e+02 2.602287111781562885e+02 2.595014013135201481e+02 2.601001626933967827e+02
2.687897087317969635e+02 2.697824105069756229e+02 2.679205758409724467e+02 2.698118789101714583e+02
2.610477581706592218e+02 2.605482145134735106e+02 2.606947724986467279e+02 2.602994493613535951e+02
2.704364269604356537e+02 2.708950655470264337e+02 2.685924534684723994e+02 2.710123338421390145e+02
2.697541585944040889e+02 2.699262670332326479e+02 2.684088781816190590e+02 2.696979797423192053e+02
2.558295265852558202e+02 2.562460311226331555e+02 2.557265450322231857e+02 2.562347475058691657e+02
2.742504668660625384e+02 2.740305696679229754e+02 2.723629508900348242e+02 2.739348713589818090e+02
2.667544995800590186e+02 2.664329510585975527e+02 2.660517785120153462e+02 2.668694079616229828e+02
2.673898149944176907e+02 2.675227139984947371e+02 2.667016702764250908e+02 2.683288507104245468e+02
2.588255346910710273e+02 2.590803710486648583e+02 2.585570262077527559e+02 2.586460586536560413e+02
2.737422743608743758e+02 2.746769978599108981e+02 2.728006484480431482e+02 2.747520595658902494e+02
2.603410954024507760e+02 2.603657410066055036e+02 2.609140171055173028e+02 2.607053744878365364e+02
2.740179830516539141e+02 2.745868868437041215e+02 2.728188065626507637e+02 2.745610056517181192e+02
2.908021569077405957e+02 2.906673964332585456e+02 2.886166369610397169e+02 2.900550973350027562e+02
2.599118819122967921e+02 2.599574282180677756e+02 2.596132671358497532e+02 2.600762442686680629e+02
2.582640050125397124e+02 2.584224170954367423e+02 2.577647336438038792e+02 2.581291616482803306e+02
2.604204068554706737e+02 2.602199967146240738e+02 2.595269713011508088e+02 2.603183788527384763e+02
2.603700478448461126e+02 2.611345867480735023e+02 2.598533858395816765e+02 2.613826114563646001e+02
2.795594764837961179e+02 2.805396081793781491e+02 2.777252444401037224e+02 2.797817756872920540e+02
3.061991196429598858e+02 3.069723240969181575e+02 3.069258365298960598e+02 3.063711345612256878e+02
2.629791246345621971e+02 2.626514835053105799e+02 2.622089550480715729e+02 2.633962990314432204e+02
2.701865048032763639e+02 2.699842770546800921e+02 2.695734085400361550e+02 2.709968830379007159e+02
2.645762672756516167e+02 2.641857581588633934e+02 2.635174079697750926e+02 2.642121264462965655e+02
2.637740471846107653e+02 2.636599931961983430e+02 2.629206457752686106e+02 2.632455553855641028e+02
3.044648560319570834e+02 3.040722313230177178e+02 3.048426044507216943e+02 3.042940473526385290e+02
2.634587123785906329e+02 2.633785764591784755e+02 2.627147315020260976e+02 2.640520121110139371e+02
2.633009940983905608e+02 2.632066742091214451e+02 2.628859042685117515e+02 2.636251618268644279e+02
2.727629651745549495e+02 2.728609910753901886e+02 2.705938777422254589e+02 2.721453835099310936e+02
2.601609603053344131e+02 2.607257971451626872e+02 2.594254039137763357e+02 2.606133051321597236e+02
2.562255162714175185e+02 2.572256113245232427e+02 2.564024008875550749e+02 2.567139854588365324e+02
2.957848954009909335e+02 2.953674393988239899e+02 2.930460143974174798e+02 2.952071098919334986e+02
2.650274338357053807e+02 2.653701080410436930e+02 2.645573663932153181e+02 2.657095355722244108e+02
2.596628875201328697e+02 2.602295315777583369e+02 2.595060154990525803e+02 2.596899766749202172e+02
2.890938363885550757e+02 2.907682268923438755e+02 2.882554039452106167e+02 2.890532335009052645e+02
2.626198413812734884e+02 2.628029780193350007e+02 2.616378114451279657e+02 2.629220052665432945e+02
2.607026552252333431e+02 2.608276458502416517e+02 2.598542716563854356e+02 2.610677402013476467e+02
2.612938279313368639e+02 2.610863317135031139e+02 2.598368374344863128e+02 2.617414303549167585e+02
2.651038076067094380e+02 2.652755685075871952e+02 2.632079579738718849e+02 2.652060976836733062e+02
2.604646389896500409e+02 2.600665195630314770e+02 2.603155399934747720e+02 2.604763256749379252e+02
2.929680725675817143e+02 2.937205296987399947e+02 2.918696101157461271e+02 2.929860382338118256e+02
2.692836238636609210e+02 2.695894963117606835e+02 2.683092713839298540e+02 2.696483016013244196e+02
3.062180418867312710e+02 3.055698895321164059e+02 3.056425088573155335e+02 3.044118114042574916e+02
2.783879651716695207e+02 2.773743161653325728e+02 2.753742636026789228e+02 2.791678291597144721e+02
2.825110140185309433e+02 2.823628816933511416e+02 2.796908239221544363e+02 2.816063829087185582e+02
2.706570490849993007e+02 2.718268483837779854e+02 2.698198715534695680e+02 2.713828334125463471e+02
2.833462227261104545e+02 2.831137909902075194e+02 2.815183565412785356e+02 2.833256402017500477e+02
2.841527709097558159e+02 2.850686748863011530e+02 2.829497432560930861e+02 2.842599296181784325e+02
2.580737189160596472e+02 2.582420856269398541e+02 2.579506542507116365e+02 2.579793569270698299e+02
2.591642395690472540e+02 2.592057840231947807e+02 2.590324483779414777e+02 2.591687730599015254e+02
2.622072970623485162e+02 2.616908121239042657e+02 2.612778252343330792e+02 2.624276720705605612e+02
2.600037688696853024e+02 2.597796443792434502e+02 2.598797524893599871e+02 2.600117658234915439e+02
2.709326240738549245e+02 2.708672284739252518e+02 2.703332638796737797e+02 2.711405873516048928e+02
2.644642492513184493e+02 2.638950701747311314e+02 2.637601376719468362e+02 2.643664350705529387e+02
2.687358606384767654e+02 2.689734417293597062e+02 2.676903540083236521e+02 2.686099303746951250e+02
2.713029054268715754e+02 2.713772439225598987e+02 2.692317794422728525e+02 2.714444868351935725e+02
2.671681759291726053e+02 2.675149824018139384e+02 2.658015311594481318e+02 2.673087123789795783e+02
2.552119480310489337e+02 2.554345329239845910e+02 2.541580643900485654e+02 2.558219204559173079e+02
2.919334077053970873e+02 2.930520751555618517e+02 2.912464439995480916e+02 2.918365212019066348e+02
2.581220823256145991e+02 2.579434186504770423e+02 2.575966036023837660e+02 2.576322090524164423e+02
2.594965771584252821e+02 2.593655971771436839e+02 2.586785211663403174e+02 2.593570851950991596e+02
2.626013703597666904e+02 2.621057912004274613e+02 2.622018357113955744e+02 2.627889928067831988e+02
2.858775972778104233e+02 2.866364713715861967e+02 2.854410821401639282e+02 2.864684697944709910e+02
2.623215209114251252e+02 2.625881348587740831e+02 2.617192623702368337e+02 2.625961559312887630e+02
2.595276081154860890e+02 2.600375565037722936e+02 2.597977389800159358e+02 2.597687026296649719e+02
2.605746133375994305e+02 2.601223566735778263e+02 2.594155944035895800e+02 2.599398944711801960e+02
2.658465034628197259e+02 2.657910720327710692e+02 2.652484185125181853e+02 2.659452747749634227e+02
2.632664242255694376e+02 2.640883490942778167e+02 2.628387965198837719e+02 2.637755827751870470e+02
2.598983657115686583e+02 2.597029713153447688e+02 2.592811277209167429e+02 2.598774407059401597e+02
3.003859424346763944e+02 3.004368099559005145e+02 2.986596183972030190e+02 2.997673508766277450e+02
2.584453138824653706e+02 2.588038004295244150e+02 2.585386062328571484e+02 2.584707745940079349e+02
2.673241260117939646e+02 2.675044121570332436e+02 2.666226261715202099e+02 2.678264912286941239e+02
2.606667374727812785e+02 2.613067357591365862e+02 2.599502176196491519e+02 2.612601567275286243e+02
2.816895639630507162e+02 2.809842712848680435e+02 2.793110195304028593e+02 2.816999889637839374e+02
2.646826331941688295e+02 2.644286136571744237e+02 2.639976039514039599e+02 2.641780283246314980e+02
2.638704016229534659e+02 2.634557611484361246e+02 2.630176275683901963e+02 2.638041135202241776e+02
3.072372579034155251e+02 3.070529933306860926e+02 3.069070801308872660e+02 3.057222962276932776e+02
2.633554724708570802e+02 2.628958598911591480e+02 2.621560344028719101e+02 2.643850663275053421e+02
2.713931340509731740e+02 2.708467586358262338e+02 2.698393741406763979e+02 2.720844463919993927e+02
3.078547347164752068e+02 3.076319685666534269e+02 3.067069830020396921e+02 3.058794926562222258e+02
2.591026510704396628e+02 2.593302320961582836e+02 2.592074648877596132e+02 2.593193789367419981e+02
2.649118281117791298e+02 2.651447665385887831e+02 2.639371325388542004e+02 2.649451182991024893e+02
2.747792712375332371e+02 2.755985892352579754e+02 2.741864999288585523e+02 2.754079902548831456e+02
3.062987018175695084e+02 3.049124532787786279e+02 3.052422190327690714e+02 3.048995136950863412e+02
2.869569751532602027e+02 2.873892002972261821e+02 2.851478508258615534e+02 2.878493877923517061e+02
2.631048770090532116e+02 2.624405119528507271e+02 2.616727818100154082e+02 2.629456486713003756e+02
2.610031724610987567e+02 2.609909979227531949e+02 2.596639241132218103e+02 2.605851362699598894e+02
2.593451833848614001e+02 2.592265123535536873e+02 2.590061570598314802e+02 2.592523469714673183e+02
2.597377837302285570e+02 2.599220491629053527e+02 2.601369695923632435e+02 2.600645801590956125e+02
2.972425703920782780e+02 2.976291224473961279e+02 2.955268372407819015e+02 2.964991349953662620e+02
3.009237908231364713e+02 3.003217571271694624e+02 2.999289175607180482e+02 2.989547458287007089e+02
2.593398237250890475e+02 2.594614074201616631e+02 2.585620838662547385e+02 2.596035379404237347e+02
2.595197632960324654e+02 2.595104641344475453e+02 2.587704507091316373e+02 2.595718514643498338e+02
2.608411828544515743e+02 2.607283746604475141e+02 2.608484915204263075e+02 2.607762714461922542e+02
2.898966750913184569e+02 2.900106553385422785e+02 2.878996869698177647e+02 2.897489867357695630e+02
2.587535224775830898e+02 2.593457491453899024e+02 2.579871704582157577e+02 2.590202008227559531e+02
2.605658002558282078e+02 2.598997126183730302e+02 2.594896583282279039e+02 2.602916784264313037e+02
2.644781217669341231e+02 2.638274977840632687e+02 2.634547419352552424e+02 2.647810165739129502e+02
2.640553071529937483e+02 2.640820304496606923e+02 2.625155275967720740e+02 2.644922320020892244e+02
2.782136296838561975e+02 2.782926816761301438e+02 2.768035374320073743e+02 2.783832711093626244e+02
2.952362776059418366e+02 2.956297307076123388e+02 2.945664262605888553e+02 2.946214107695774942e+02
2.652802541960143117e+02 2.658374540208473604e+02 2.646067114108094529e+02 2.664482868809291745e+02
2.612407806185420327e+02 2.614219690325308534e+02 2.612858516691642876e+02 2.612139356462134288e+02
2.552673537047701871e+02 2.551386380468923392e+02 2.545153845038015845e+02 2.552379932364673607e+02
2.605844819539693162e+02 2.604530190242777508e+02 2.602742495704874273e+02 2.607466530617053877e+02
2.774727837831061379e+02 2.781498460991772390e+02 2.756197558972348816e+02 2.780141239571833012e+02
2.935823006437786375e+02 2.936458649136061467e+02 2.914642742035279070e+02 2.920218788245059613e+02
2.565166100640392983e+02 2.565538059549396053e+02 2.560293704039007707e+02 2.567493648806071747e+02
2.624912239081580765e+02 2.636303097219202414e+02 2.623013154034699710e+02 2.630691947846627272e+02
2.691093201165014079e+02 2.697502357053575679e+02 2.679126763024584648e+02 2.700091579707428195e+02
2.607116915285213850e+02 2.607537932651477490e+02 2.592773187623865851e+02 2.604854690209766659e+02
2.663944878632940458e+02 2.659189698097511609e+02 2.658629315125659787e+02 2.669973195355768780e+02
2.771782584397247433e+02 2.782294533684033127e+02 2.750685160658714494e+02 2.777700694544142834e+02
2.551174340872114499e+02 2.550918447965407836e+02 2.543839458073123296e+02 2.551442972621823913e+02
2.903896347226558987e+02 2.910278951711855484e+02 2.889820409482271657e+02 2.910152359911928102e+02
2.664691836874166597e+02 2.667478914674965154e+02 2.652598048460396853e+02 2.670557099619123278e+02
2.590878369451727963e+02 2.587848370726212011e+02 2.587514092879554255e+02 2.596862742274113316e+02
2.717672404558434778e+02 2.723452875688007566e+02 2.709345420049462518e+02 2.728682385934354215e+02
2.625047326741262737e+02 2.622316629775144179e+02 2.629482115693598985e+02 2.627389343671360393e+02
2.632664546872872506e+02 2.633280748130674738e+02 2.621333270701244373e+02 2.635065192584666534e+02
2.919128720667292214e+02 2.921228822474187723e+02 2.895240156980449342e+02 2.906925329121908703e+02
2.592603030884490636e+02 2.599298647979336465e+02 2.585323715791469681e+02 2.595904037078706210e+02
2.584854161295667154e+02 2.584946981445859251e+02 2.582253333923877676e+02 2.584418451796130967e+02
2.613048451382288704e+02 2.610136695554606945e+02 2.605199345448247072e+02 2.611230584156456302e+02
2.698389599703936597e+02 2.695018906549763642e+02 2.672144937026706657e+02 2.697847552897054015e+02
2.712451002789286463e+02 2.713859866657605266e+02 2.696947689307073688e+02 2.715103260761799788e+02
2.730064563529633119e+02 2.724807011451999870e+02 2.701906411950400297e+02 2.719514993448227074e+02
2.726172637341715017e+02 2.725942932024532865e+02 2.714355400728427412e+02 2.727920438133555763e+02
2.662260152019499060e+02 2.668029570973825457e+02 2.659460325707332800e+02 2.660892262359838014e+02
2.604680824699464097e+02 2.603121216477841244e+02 2.600472715850879695e+02 2.605035070142030236e+02
2.607536759085521112e+02 2.610142680062846807e+02 2.595019122600235733e+02 2.608844384413150124e+02
2.621211715490875349e+02 2.624741601819098946e+02 2.609786756233938263e+02 2.626689401872646386e+02
2.634392561102566788e+02 2.638331922611274649e+02 2.647081330951618270e+02 2.641689494098932300e+02
2.758901232141232640e+02 2.764747866427980512e+02 2.742575973501378712e+02 2.765196074408561913e+02
2.779565980317125877e+02 2.786089858442385321e+02 2.752132358939535948e+02 2.790610524847845113e+02
2.688837236590877637e+02 2.694486097134108604e+02 2.682889845817010723e+02 2.695083336940948584e+02
2.655751266106195771e+02 2.663099316669690779e+02 2.642592843627139700e+02 2.660941399153956013e+02
2.625174625982197085e+02 2.622599869174750324e+02 2.615430441078137278e+02 2.625656431932703185e+02
2.638487082116981242e+02 2.641730472395017841e+02 2.633102633052517376e+02 2.642511516487589347e+02
2.733962662627147893e+02 2.745084719219358931e+02 2.721022771719314619e+02 2.736425088408340685e+02
2.616582450697067657e+02 2.621958592729971542e+02 2.606909662887691752e+02 2.622193722579451673e+02
2.593531193581933962e+02 2.590450883670541202e+02 2.580299690850679326e+02 2.591176191461327676e+02
2.635912751108389784e+02 2.636678447018203997e+02 2.627933808927305677e+02 2.639062746600291689e+02
2.559252034625739043e+02 2.563916025385031503e+02 2.556007257638821386e+02 2.558430730545335905e+02
2.720950045639853556e+02 2.727589826963778705e+02 2.707834469299461375e+02 2.728669313533994796e+02
2.866300033905158671e+02 2.872171463363088151e+02 2.836434863787482072e+02 2.864098545763624770e+02
2.560065970532494930e+02 2.562431855242676875e+02 2.559988959071285421e+02 2.561122209577835065e+02
2.560918763576834181e+02 2.560629769840875838e+02 2.554139990313971964e+02 2.562993691254310988e+02
2.585761958376013467e+02 2.585826102270366960e+02 2.588729685247738530e+02 2.593041702248589786e+02
2.706289071069281817e+02 2.709666148182746497e+02 2.698301297273279147e+02 2.716212372718162555e+02
2.572672077136969051e+02 2.573121579515049007e+02 2.563598273453387151e+02 2.572836441859900560e+02
2.884944629913684935e+02 2.882033654947628634e+02 2.866157743894473811e+02 2.890355166224235859e+02
2.805983192529025132e+02 2.806592719110984717e+02 2.788133461967926792e+02 2.812674078890195233e+02
2.718975904676425444e+02 2.723882806340577645e+02 2.696283915686631190e+02 2.728637382509569420e+02
2.860674131713939801e+02 2.866829404759214981e+02 2.842654057376476544e+02 2.864629492585194157e+02
2.844180242383434347e+02 2.838844414698393734e+02 2.822319364146906082e+02 2.839203509100921679e+02
2.948329372211782129e+02 2.943580729406282330e+02 2.925187005659112174e+02 2.934444789169878618e+02
2.713104845210393137e+02 2.717184658441125862e+02 2.699995413239830100e+02 2.717720055965762072e+02
2.557598840816685311e+02 2.560103207849946330e+02 2.555047932897857663e+02 2.557699822793412636e+02
2.844337532094726271e+02 2.849278001642903178e+02 2.821261897539229153e+02 2.837311111695166232e+02
2.747039611056135300e+02 2.754052762566853971e+02 2.724981673401799185e+02 2.749169287384406744e+02
2.743806460958061280e+02 2.748039672093232184e+02 2.731709167710138217e+02 2.755791867118987852e+02
2.600365638584177645e+02 2.595548999229050651e+02 2.592009723639540084e+02 2.602227626654698156e+02
2.729283073778584594e+02 2.732668434478278527e+02 2.709661808962188161e+02 2.733793921624086352e+02
2.658716749368039700e+02 2.659974486976692560e+02 2.644168528687753223e+02 2.667534462124363586e+02
2.690582140689887183e+02 2.690906820142851075e+02 2.684351528667422713e+02 2.691058190383803321e+02
2.633623749290985074e+02 2.634434699208936763e+02 2.629042147596066457e+02 2.635966333169869245e+02
2.643583914610368879e+02 2.645073602086919777e+02 2.634368055370919137e+02 2.648168924557852506e+02
2.625835944248170222e+02 2.634339783882915640e+02 2.614633254333143100e+02 2.637712917001331334e+02
2.556347210208019476e+02 2.558554663655045260e+02 2.550097270927896886e+02 2.563939124725010288e+02
2.634598669309918364e+02 2.632880822894223343e+02 2.625096883306474069e+02 2.630103998966727090e+02
2.648562046900183873e+02 2.648207074862324930e+02 2.642130029900795307e+02 2.646310706912308319e+02
2.767091358514751391e+02 2.775032150174084222e+02 2.742672363287273356e+02 2.772591581946118140e+02
2.779567050840606726e+02 2.785926195666466469e+02 2.765451976495319286e+02 2.780694230718428912e+02
2.612833600205258335e+02 2.609327757244617487e+02 2.606608853371909618e+02 2.612309506909456900e+02
2.666732594746107452e+02 2.667528860377441333e+02 2.647089666931636316e+02 2.665767783982146852e+02
2.602008430286379621e+02 2.596328454277455080e+02 2.592049427825298267e+02 2.604541207260979263e+02
2.596257873056864014e+02 2.595756964301272092e+02 2.582282768492884770e+02 2.589923593730480320e+02
2.605163364029090758e+02 2.612208456882412406e+02 2.603594418944335303e+02 2.611277690020600630e+02
2.616178647244281592e+02 2.619447078061150478e+02 2.612692881522546031e+02 2.619528830338862235e+02
2.615553928831540134e+02 2.613252231501845699e+02 2.609292999853900028e+02 2.616029897410064109e+02
2.655424941105116545e+02 2.653144636542357944e+02 2.635855957048950131e+02 2.658276102663731422e+02
2.768451947425273829e+02 2.762957732985241819e+02 2.749660156340733010e+02 2.765679345588055185e+02
2.653987588895161025e+02 2.656381557163991829e+02 2.644087864622277380e+02 2.661079408207230017e+02
2.745640571343467968e+02 2.743890849388723723e+02 2.726068489220658080e+02 2.752702769814023895e+02
2.726915633742706291e+02 2.728746239375483356e+02 2.709485265064809596e+02 2.740346978051429119e+02
2.622341209705505776e+02 2.625877426196317401e+02 2.620314686967257671e+02 2.628490268045978269e+02
2.622824500550882476e+02 2.624808577854375358e+02 2.621959788528178024e+02 2.618082587146809601e+02
2.689190939456561864e+02 2.691871701186478845e+02 2.679672523216017339e+02 2.693919670014080339e+02
2.671162042833310011e+02 2.671487659794682372e+02 2.665363752275638944e+02 2.667750526146581933e+02
2.693447167573079923e+02 2.699818060024172723e+02 2.683876741586715298e+02 2.699179576222409196e+02
2.627327975697698434e+02 2.630822172036715756e+02 2.622002664109038506e+02 2.628774140596128746e+02
2.706815955692721900e+02 2.702038247344576689e+02 2.682722512072663221e+02 2.705662145872958604e+02
