2.498540045646066403e+02 2.498067841884247002e+02 2.489527057132276582e+02 2.499681580766712159e+02
2.470578305689063825e+02 2.469123878158161460e+02 2.461339736154064894e+02 2.472815607885842155e+02
2.677132928159065273e+02 2.696927510991900476e+02 2.664235323815382230e+02 2.707817654675318408e+02
2.469833859563149758e+02 2.470750204853538321e+02 2.459579298305066288e+02 2.474604173601086359e+02
2.619469541904671246e+02 2.619964727336224541e+02 2.588651945384173132e+02 2.625679057655947304e+02
2.640731649013809488e+02 2.634878683532793957e+02 2.603882231973536818e+02 2.649384736458893599e+02
2.522552054073176748e+02 2.522980251660674469e+02 2.508060397540666884e+02 2.528145039294340961e+02
2.744538636122621256e+02 2.747476494776788059e+02 2.717408277181099265e+02 2.745484671359741924e+02
2.568242157652265405e+02 2.578384706577407428e+02 2.554920685998398824e+02 2.582226869465915229e+02
2.454191911384801870e+02 2.462596006799428210e+02 2.456686410565061180e+02 2.465900780879369734e+02
2.472019841452009246e+02 2.471259804013173493e+02 2.466357326191663617e+02 2.472983265387640017e+02
2.467338961449652004e+02 2.462979067669832318e+02 2.453762644650351206e+02 2.474151373906315996e+02
2.459940101191615156e+02 2.460516363156187367e+02 2.453126783546950946e+02 2.464481015979172582e+02
2.731628944561293793e+02 2.720069344965622236e+02 2.702956642468947734e+02 2.735184396545182608e+02
2.410094146515201601e+02 2.414345589173952646e+02 2.398661461443117844e+02 2.417426730207127434e+02
2.914397230482676946e+02 2.895009317509869220e+02 2.887799635538605116e+02 2.898640737109435577e+02
2.511196785639121174e+02 2.512517202957182576e+02 2.505836887055570799e+02 2.514867568480857472e+02
2.744616047941357238e+02 2.744567547913492831e+02 2.709248189321233440e+02 2.749805580568684036e+02
2.452350468621544906e+02 2.456367824532368047e+02 2.447288165481634792e+02 2.458511654692385093e+02
2.444902643257971988e+02 2.448049498579553358e+02 2.437801370486751011e+02 2.453273570823519378e+02
2.476270463105850013e+02 2.476110148695178168e+02 2.465639586842371784e+02 2.480043965491837525e+02
2.500681288647407712e+02 2.512488733375456036e+02 2.487412980057395373e+02 2.511540156992928701e+02
2.688640848887755510e+02 2.697093896170358107e+02 2.664297917199079393e+02 2.690433099356056346e+02
2.475121814335164174e+02 2.480066422249265941e+02 2.475549791165008742e+02 2.479638137195781553e+02
2.482429469333171141e+02 2.484988204314453810e+02 2.479874677913110190e+02 2.491849323389617439e+02
2.647218727070808200e+02 2.652668445375361443e+02 2.622054875583521607e+02 2.658273139833033838e+02
2.603132966683381255e+02 2.618376632133470707e+02 2.583288452390276007e+02 2.621453747996083621e+02
2.437041114833590996e+02 2.442359693400587730e+02 2.427562176708962625e+02 2.438811346525806414e+02
2.454125438382778555e+02 2.459587798910407628e+02 2.448377540164363779e+02 2.464549241573216989e+02
2.677002785401743381e+02 2.682610201871057711e+02 2.666524005804448620e+02 2.692249666535416850e+02
2.445585435019248450e+02 2.447880690919708684e+02 2.442732306292181477e+02 2.451354201434946560e+02
2.671482898002994943e+02 2.672418172141716468e+02 2.643124573475529928e+02 2.684982424925502187e+02
2.534364104753046831e+02 2.537424013353302996e+02 2.521680456575907385e+02 2.543253482478767751e+02
2.671859360727090120e+02 2.668162764408625662e+02 2.643105050533815756e+02 2.659535846574556786e+02
2.505031977702651034e+02 2.504422141402775708e+02 2.489151939836619079e+02 2.505673352762193815e+02
2.547310518457407511e+02 2.555541112387895168e+02 2.528072624710751768e+02 2.562310697977159180e+02
2.479737006923504623e+02 2.478941689634521595e+02 2.472163925288075461e+02 2.487448015003035948e+02
2.452422387074060453e+02 2.457891019265764783e+02 2.441040831628245940e+02 2.457764354959726631e+02
2.457204713519116979e+02 2.460250298232714954e+02 2.450272844596920265e+02 2.461363029517023051e+02
2.806885322890503289e+02 2.811361106415060362e+02 2.778775306742414273e+02 2.807733647282771017e+02
2.853058381467561730e+02 2.855967853398088323e+02 2.838967986453282037e+02 2.844306034483195731e+02
2.539990550452428408e+02 2.541704351458722044e+02 2.522669122922293354e+02 2.543561022232504456e+02
2.437645263570231577e+02 2.443312238366172551e+02 2.429072866593548099e+02 2.445311361667386905e+02
2.561779566377714445e+02 2.561602605944691504e+02 2.540586150414052327e+02 2.566335217970084273e+02
2.441308707512406500e+02 2.445280762062888869e+02 2.433013990808273377e+02 2.451216668678159465e+02
2.425392138936709614e+02 2.422631296132387320e+02 2.418261290198379925e+02 2.428184507805406440e+02
2.697373143731619507e+02 2.715481244047022642e+02 2.675591606519453194e+02 2.713296206525431558e+02
2.448310981081716591e+02 2.455765947530026949e+02 2.438275433520955175e+02 2.455398958070051094e+02
2.890922119575166107e+02 2.891885311852583982e+02 2.853926786520285077e+02 2.876245428075114887e+02
2.454008009173642506e+02 2.455007066979505339e+02 2.442498430758476218e+02 2.456623834719758293e+02
2.539444950747972598e+02 2.535693306932611222e+02 2.521148976163547673e+02 2.543046647588197686e+02
2.481797711474994514e+02 2.485071229689590666e+02 2.476382119802653961e+02 2.491079924066008005e+02
2.458162639607875519e+02 2.462259761335995165e+02 2.450652478588561110e+02 2.466389247217763057e+02
2.541994379759488538e+02 2.540527545763269188e+02 2.528983994931515724e+02 2.546836165679730470e+02
2.500743353603807577e+02 2.500292025226716532e+02 2.489954464729571839e+02 2.507615018955800963e+02
2.447603778778868673e+02 2.450129449672389228e+02 2.439307731163221433e+02 2.455314207462849652e+02
2.565981977444615154e+02 2.577320003784884079e+02 2.547341285967534930e+02 2.576156352614390812e+02
2.419299666134367612e+02 2.424204470429139349e+02 2.407658986463426629e+02 2.426394194473994332e+02
2.584360553268737135e+02 2.598423597837665397e+02 2.565319454852721606e+02 2.598315133658224454e+02
2.505866873229022644e+02 2.509492731999023363e+02 2.496905630551548825e+02 2.514682012958191990e+02
2.508276793820874957e+02 2.512804654252965690e+02 2.493351533429520259e+02 2.513387961451035721e+02
2.482505185625666968e+02 2.480803560696496106e+02 2.476065125817779631e+02 2.487840192198995908e+02
2.505106956326575869e+02 2.505618789558625963e+02 2.497097201538193758e+02 2.508695822161756155e+02
2.440734477705530878e+02 2.443184060795035180e+02 2.436032855079720036e+02 2.447192670243200041e+02
2.479608578295345467e+02 2.488620412060919591e+02 2.470681280101746893e+02 2.488955587460527283e+02
2.517120757215611206e+02 2.520438515514299525e+02 2.501456034419426544e+02 2.524764830482610876e+02
2.625689269255149725e+02 2.632448661328355684e+02 2.599043444577733339e+02 2.630798224314968365e+02
2.492479660332575122e+02 2.493348105489404247e+02 2.483447889020464459e+02 2.495224477809135522e+02
2.559813914473619718e+02 2.559488917426665466e+02 2.534628360898018968e+02 2.571783521574076303e+02
2.621834014352954227e+02 2.628431409975112842e+02 2.603728742299933288e+02 2.638674487456739257e+02
2.513069739147527741e+02 2.513260014520341770e+02 2.487020719077094384e+02 2.508638062873996830e+02
2.739015574266888393e+02 2.736829019178886711e+02 2.717207009907158408e+02 2.740078083221174552e+02
2.593441812427141713e+02 2.591581092819158698e+02 2.570904738437618562e+02 2.602736786366758679e+02
2.471083565003608840e+02 2.473364228949852759e+02 2.463961228870344655e+02 2.479372709080077470e+02
2.435692070255288399e+02 2.442563027469082044e+02 2.433317572258772259e+02 2.444036895675923518e+02
2.472623782866628517e+02 2.474029795481610563e+02 2.467352927013660633e+02 2.477460216350373230e+02
2.464209658657082400e+02 2.469335626938789687e+02 2.458048097857229379e+02 2.466509630804240771e+02
2.485466355506405307e+02 2.486215314472060243e+02 2.475176542090189855e+02 2.491233133594502647e+02
2.893670416829361329e+02 2.879267352003320752e+02 2.858887904122797750e+02 2.880973065356505458e+02
2.500633491312388514e+02 2.503215979120422503e+02 2.486729705339744498e+02 2.509444186700661135e+02
2.726647529106584784e+02 2.727759370861556363e+02 2.695175685983097651e+02 2.726960026715662480e+02
2.584908062475283828e+02 2.594736806105090636e+02 2.567343656487555563e+02 2.598625820262417960e+02
2.434166529705874780e+02 2.438141719573232820e+02 2.427316254082220723e+02 2.435333703855499721e+02
2.742951310920877859e+02 2.727625933955235382e+02 2.711009633571229642e+02 2.746114857839870638e+02
2.437120952619315233e+02 2.436613694675280897e+02 2.426460647840708873e+02 2.440712969078521439e+02
2.792323648276156405e+02 2.799533901938800113e+02 2.774719782829119481e+02 2.791501592952479882e+02
2.781841101334269979e+02 2.778380577796506827e+02 2.741611840516638381e+02 2.778630569571457727e+02
2.554123788063890288e+02 2.554951761703289037e+02 2.537679442298696415e+02 2.558919210169457017e+02
2.682207198380939985e+02 2.698297089462113263e+02 2.654681068356821925e+02 2.687017971639180587e+02
2.543789935947880565e+02 2.547550732665766304e+02 2.525727719175196171e+02 2.557094535305033958e+02
2.453581212537959857e+02 2.459618965790384379e+02 2.446028986519410182e+02 2.463121870595601308e+02
2.476400689258956618e+02 2.478814876739147053e+02 2.469863068311880454e+02 2.481212544068689567e+02
2.491325537947939210e+02 2.491325173009015543e+02 2.486881445858419966e+02 2.492267886161409649e+02
2.565413693935767014e+02 2.581157439735528101e+02 2.541368569246311324e+02 2.580718803913152897e+02
2.806575354024924991e+02 2.806505808374144522e+02 2.768852742143684509e+02 2.810074353138547849e+02
2.464976792546858348e+02 2.465921370653616123e+02 2.451857407600041654e+02 2.472359653571934643e+02
2.485610873872675768e+02 2.487483711613342336e+02 2.479103573947200800e+02 2.491243514611272190e+02
2.716961228778276336e+02 2.728423635762803201e+02 2.693478428678694172e+02 2.721850490077619042e+02
2.476102383146051125e+02 2.481082817851438733e+02 2.466618056704782589e+02 2.492114127481702042e+02
2.651211091630117380e+02 2.657341649149846603e+02 2.636196650740205314e+02 2.654403797388785620e+02
2.533981808392859705e+02 2.537947808229861550e+02 2.522810416269093423e+02 2.548096366919530738e+02
2.457692554355093080e+02 2.458588407229362929e+02 2.448940042472668495e+02 2.462286911528861140e+02
2.438532581171458560e+02 2.442823668793708407e+02 2.432249962668548449e+02 2.447006271789973653e+02
2.519872744152331734e+02 2.516619682966712901e+02 2.508737912014438223e+02 2.520848802316218382e+02
2.532046693174515610e+02 2.545356083807503467e+02 2.518218545600184086e+02 2.547012542385554070e+02
2.461645824188545930e+02 2.467590491537724802e+02 2.451583693275894689e+02 2.468465347592052410e+02
2.495566543830272508e+02 2.490287070716266271e+02 2.476268417521599758e+02 2.500629836155227110e+02
2.766672978814070802e+02 2.766675460649159959e+02 2.739198182486015298e+02 2.757816158538138893e+02
2.464872320958474177e+02 2.468392729657737164e+02 2.456586268277540910e+02 2.473023640031463799e+02
2.516487024054461017e+02 2.530617974168534943e+02 2.504111733694464306e+02 2.527962988455593347e+02
2.874552320879312788e+02 2.873972500808006885e+02 2.841895702763436020e+02 2.882386689981482846e+02
2.506482930399833435e+02 2.511517801847855367e+02 2.488736177279161552e+02 2.512408019612882697e+02
2.481859530867551200e+02 2.482249159777524312e+02 2.469337091133098170e+02 2.485154014192353600e+02
2.467933515947665910e+02 2.472185021021581690e+02 2.454227114423646299e+02 2.485015358804168102e+02
2.516506793903776895e+02 2.525938538710231001e+02 2.507367192050875531e+02 2.529568919838114596e+02
2.528104347438294894e+02 2.534495870982465249e+02 2.511456859011767335e+02 2.539151794275721841e+02
2.490540804414658282e+02 2.493594458626780863e+02 2.478454263653239025e+02 2.495360813828715152e+02
2.458867209409995951e+02 2.455802447117077350e+02 2.445305948495396819e+02 2.461707194460227868e+02
2.455078235184261928e+02 2.457920469785345858e+02 2.451109499092735575e+02 2.459204770705397607e+02
2.466056665857412895e+02 2.471202369179784455e+02 2.461735019628289365e+02 2.470810836289657857e+02
2.503936095449170125e+02 2.505319486008492333e+02 2.493750735580988476e+02 2.513391818211069904e+02
2.461221543329646693e+02 2.461630427638677645e+02 2.449986301053259297e+02 2.462339666257364570e+02
2.703075293138129496e+02 2.707921701163182320e+02 2.681792747764972660e+02 2.719577387738581251e+02
2.597097048116032170e+02 2.602586469097065560e+02 2.565772022726783348e+02 2.597597566048957560e+02
2.534070466231401610e+02 2.538072975804506086e+02 2.521226433617643750e+02 2.533375599342213320e+02
2.480154544886583778e+02 2.486418035241668747e+02 2.470551893419912517e+02 2.485242899284211262e+02
2.741756160277007552e+02 2.751244315628384811e+02 2.722980956303324547e+02 2.753356536550214173e+02
2.754458992805198250e+02 2.760877130083470661e+02 2.727399309339637057e+02 2.754519460786408445e+02
2.508744412255597922e+02 2.510063813519531379e+02 2.501586041072510511e+02 2.519662105175762292e+02
2.559239607699840064e+02 2.564376288485807436e+02 2.545718315017614941e+02 2.570363830622330852e+02
2.528541143732548733e+02 2.543654348091778274e+02 2.514740971591317305e+02 2.539532240552360349e+02
2.466566097184160355e+02 2.473659989995852300e+02 2.460891093810331540e+02 2.472750117529192835e+02
2.545431650795232486e+02 2.548630844855532587e+02 2.530535555488183377e+02 2.562116038563465281e+02
2.557331933180924750e+02 2.569709027172668243e+02 2.543480949648752016e+02 2.570875174253949353e+02
2.505331605351270809e+02 2.504095988236732921e+02 2.487338196098866945e+02 2.511668481648583509e+02
2.491152709224920443e+02 2.499169801887962308e+02 2.484063549954375674e+02 2.503199162755592226e+02
2.485586177715665315e+02 2.490553943672958326e+02 2.482164477818317891e+02 2.486978187250669237e+02
2.492298800529671041e+02 2.494015346128973363e+02 2.480732299228254476e+02 2.499408004782061710e+02
2.457384903005666956e+02 2.461107058934521490e+02 2.450715730049548142e+02 2.464276298931333713e+02
2.493410798921896969e+02 2.494748801523417967e+02 2.487110410365191058e+02 2.494462810794799452e+02
2.463156019307543261e+02 2.470101880601277742e+02 2.450244761941380602e+02 2.472919275626749993e+02
2.493480607361547357e+02 2.505542823644009616e+02 2.474351241081521380e+02 2.501263945052536997e+02
2.571420142683066388e+02 2.586325585674358649e+02 2.548763539538350358e+02 2.579768173796932160e+02
2.899958488750422703e+02 2.894531895150863647e+02 2.867228933988566837e+02 2.890419258869868031e+02
2.778882638039083304e+02 2.780284885466901983e+02 2.758188812325381036e+02 2.784021803008882330e+02
2.641202860517573185e+02 2.663092809753914594e+02 2.622606386036696904e+02 2.659913737542501053e+02
2.457512632070585994e+02 2.459932234535573059e+02 2.449331808463151390e+02 2.463064852216590168e+02
2.480038340450983299e+02 2.482648890601333278e+02 2.471710745905552926e+02 2.489983553305318082e+02
2.775301828735597383e+02 2.777424245199557049e+02 2.741550282127905120e+02 2.772010084022844580e+02
2.446003996852731177e+02 2.450545904513433015e+02 2.440154683896423933e+02 2.454442391889448629e+02
2.489228311537227398e+02 2.496278855146800879e+02 2.477226729469006727e+02 2.503743419710368983e+02
2.423167327949043397e+02 2.426065624629975161e+02 2.412915827183305169e+02 2.429011670777711629e+02
2.626943791078589925e+02 2.630673684536964174e+02 2.608621289007670043e+02 2.628778818202380876e+02
2.654929403388912306e+02 2.660485727979955186e+02 2.619958355384395077e+02 2.656936765747932441e+02
2.427762344760512576e+02 2.433695569800469798e+02 2.426268144650191516e+02 2.440628064493008651e+02
2.500121116344070060e+02 2.518165756261494721e+02 2.479612430066065940e+02 2.511671542604499052e+02
2.587189794651853276e+02 2.600093165205959735e+02 2.555356373489276791e+02 2.602346108857513514e+02
2.426774063370547481e+02 2.427266788548581360e+02 2.418212465759868905e+02 2.436817795168134069e+02
2.478190734771385451e+02 2.480710372805609722e+02 2.473447482425651742e+02 2.484363735647440024e+02
2.520544258324913471e+02 2.528761790948877319e+02 2.515200489632225356e+02 2.538289686774830898e+02
2.445760473330401794e+02 2.443032830011515557e+02 2.439919786233188859e+02 2.448006165559553438e+02
2.460618037336003283e+02 2.464330099794241562e+02 2.450509396339764976e+02 2.466825398894426939e+02
2.474205110985380429e+02 2.479913489826528235e+02 2.465074475472588915e+02 2.480022605528785391e+02
2.501845501695358394e+02 2.503942878410806827e+02 2.486752225692513889e+02 2.513005526536769878e+02
2.509460925403453757e+02 2.512404964512077470e+02 2.497421805060060649e+02 2.519028727830264529e+02
2.491226300533870130e+02 2.492671149686004526e+02 2.478558101463349885e+02 2.501032410332875884e+02
2.501287529409889316e+02 2.501765789492527574e+02 2.486718181582595832e+02 2.506655404117160231e+02
2.624579174685478051e+02 2.633663951631555165e+02 2.597971164380753066e+02 2.624656276624369866e+02
2.446030934570238742e+02 2.451054052705025299e+02 2.435973525495877539e+02 2.453124977151844348e+02
2.718259224540414607e+02 2.729347820689082482e+02 2.699009497671971758e+02 2.723583691970819700e+02
2.448739039805855668e+02 2.447837273304382109e+02 2.441080141953054863e+02 2.450700824316658384e+02
2.440431581909703596e+02 2.439527062673886064e+02 2.433078214027848674e+02 2.442807670601262373e+02
2.527674262051637299e+02 2.529400508027217711e+02 2.509214322090693372e+02 2.534693805673594227e+02
2.475111198790478682e+02 2.475039431116202024e+02 2.466882577119157816e+02 2.479964416280605519e+02
2.439853013953045604e+02 2.447407732381630865e+02 2.431864950027271277e+02 2.447149259620862267e+02
2.539489420930234758e+02 2.540663741897224099e+02 2.517586616681174974e+02 2.542141719223005794e+02
2.580908864968868102e+02 2.578457935504285956e+02 2.558949381468611648e+02 2.583685731706524393e+02
2.596408812304118783e+02 2.595650580790726281e+02 2.565952862382101785e+02 2.607271972484098796e+02
2.518319324864160365e+02 2.518613933541942629e+02 2.494086150825699235e+02 2.523820876759648399e+02
2.539461058230469348e+02 2.549452938615696382e+02 2.526637060293308252e+02 2.549716239847656993e+02
2.523696972095654587e+02 2.529038065361638701e+02 2.503176466823671831e+02 2.518915083775520714e+02
2.538580848650386486e+02 2.544432220775090059e+02 2.525226409392554103e+02 2.545113018553411735e+02
2.664905253927751119e+02 2.667426312416168344e+02 2.640656497720745506e+02 2.673145100087914443e+02
2.562241970107696716e+02 2.564229057334034110e+02 2.533749304569602145e+02 2.559804614450181077e+02
2.438003808636717338e+02 2.439092409364165519e+02 2.430067825835781719e+02 2.442802021648002153e+02
2.482631844361309845e+02 2.487679638315840407e+02 2.468332029860219166e+02 2.492735549249657367e+02
2.484709316683243117e+02 2.487587714773283381e+02 2.478157090028434766e+02 2.492499910434373191e+02
2.455576684598296708e+02 2.456813839297333288e+02 2.447849400628308558e+02 2.459084253877535673e+02
2.450872630679870383e+02 2.450469750187060640e+02 2.446243454165209812e+02 2.453646871261214244e+02
2.460662095198229053e+02 2.463509798638854988e+02 2.454816962733683852e+02 2.461883446566199325e+02
2.490456418714561266e+02 2.500191843505871532e+02 2.474872275825377415e+02 2.499857759798161112e+02
2.483097950533253027e+02 2.488839419901766803e+02 2.471810524806018918e+02 2.487431016411188978e+02
2.484398015781618483e+02 2.488215051246172607e+02 2.470186028097363078e+02 2.491185853982593699e+02
2.542541483429999403e+02 2.541016283859111695e+02 2.520199113507629818e+02 2.546226861883777701e+02
2.504149374118766502e+02 2.500056022621929515e+02 2.482606217722458553e+02 2.521810710250969976e+02
2.490043747383281527e+02 2.494848673250913578e+02 2.480386144387175875e+02 2.494677326451217425e+02
2.471350677989607050e+02 2.475063539209753571e+02 2.470144000904303141e+02 2.479014930054690069e+02
2.594624543268990351e+02 2.596300390431293863e+02 2.560372373210279306e+02 2.600387508525513454e+02
2.436516897421353178e+02 2.438181524488032892e+02 2.428945332937721844e+02 2.442611967755204319e+02
2.479810497131014699e+02 2.489352033806837881e+02 2.465608600627502653e+02 2.486392573237093586e+02
2.526529823241498036e+02 2.527388350063167479e+02 2.508166918519135322e+02 2.533454399345546904e+02
2.447325303311332902e+02 2.449435443259641261e+02 2.437950567519683602e+02 2.454552991423352921e+02
2.462448525233386363e+02 2.458228024001710992e+02 2.447262094319940786e+02 2.457054952907415668e+02
2.432541144652021217e+02 2.437190336790607432e+02 2.421001913866352027e+02 2.441740276555896116e+02
2.547719051893454321e+02 2.543048732483564436e+02 2.526224199750308514e+02 2.554307797378294538e+02
2.670585220078258999e+02 2.674771924619824972e+02 2.631081002613082092e+02 2.666087206636762517e+02
2.607611526983229169e+02 2.613693220518009639e+02 2.592880489667569464e+02 2.618240879733232873e+02
2.852117958669504674e+02 2.876430234986671053e+02 2.849394712240713829e+02 2.866853851548949024e+02
2.730891473320485829e+02 2.747162079965210069e+02 2.711107844738438075e+02 2.744259085546606229e+02
2.687462925062595787e+02 2.686362213983381935e+02 2.659660901755299847e+02 2.698475527328409953e+02
2.460286947991778277e+02 2.462057880894134030e+02 2.450417408845407863e+02 2.464254257168811932e+02
2.476843404565269680e+02 2.480007864004613225e+02 2.476131618832275763e+02 2.481446554851822270e+02
2.612994844541366319e+02 2.613391415265284081e+02 2.600192336216404101e+02 2.624620105198486044e+02
2.710780974365384850e+02 2.716287687617371489e+02 2.686983324437598526e+02 2.711432942650988025e+02
2.500888411088829741e+02 2.508156743062328644e+02 2.482262269289171286e+02 2.503503361270333869e+02
2.475761500497244469e+02 2.476456176571122114e+02 2.462544976256776010e+02 2.487335797989925936e+02
2.853734657423834165e+02 2.851499227180639195e+02 2.825008126050377086e+02 2.852370040197422441e+02
2.546195860802532422e+02 2.537228882908276830e+02 2.521672918603507298e+02 2.547553298043964389e+02
2.560168155957829867e+02 2.564772038252509674e+02 2.537059350933859889e+02 2.564092192090503204e+02
2.466216669830159844e+02 2.468642217527003595e+02 2.452213447555574533e+02 2.475580226334275835e+02
2.569690148314679163e+02 2.569993081226621712e+02 2.544536219393388308e+02 2.578260387054297098e+02
2.567581553169448512e+02 2.566642576939909191e+02 2.541666479389738527e+02 2.577900198028231671e+02
2.522868959448918247e+02 2.519838666590256366e+02 2.510503144170726557e+02 2.531443813586113833e+02
2.622491278832981152e+02 2.623296743364495569e+02 2.591342390270363580e+02 2.627518307835126166e+02
2.466459236481170763e+02 2.469157716715673132e+02 2.457457767173143850e+02 2.477775454182315684e+02
2.563101566132110065e+02 2.567086100708564800e+02 2.544861718850186207e+02 2.568046007393587615e+02
2.564352687787057903e+02 2.571945976957597964e+02 2.545716654945131268e+02 2.572786665938391479e+02
2.735700120721322151e+02 2.749054946726330400e+02 2.715165696780634903e+02 2.735650152884159638e+02
2.468376679100128683e+02 2.468152725921499950e+02 2.457014824583730501e+02 2.471589343927648201e+02
2.604864050219008504e+02 2.608644135028301321e+02 2.587443274110565881e+02 2.618806589156635596e+02
2.446711127753347057e+02 2.449569352885779097e+02 2.435075597191166139e+02 2.455961838664502466e+02
2.707287937415193255e+02 2.724515686831127823e+02 2.692365394176088103e+02 2.715419677469331532e+02
2.519360163491352864e+02 2.528421334534651237e+02 2.510790844958133903e+02 2.538698467171984134e+02
2.759635335752362266e+02 2.769341560629096080e+02 2.736903378412011989e+02 2.758685814312997309e+02
2.549700245966308501e+02 2.555804624167600991e+02 2.537811295060380132e+02 2.559181591906365156e+02
2.730870204755723307e+02 2.729874524598631638e+02 2.707705446886678828e+02 2.741299112460390575e+02
2.559965494701304749e+02 2.561856565231130958e+02 2.547223689923646930e+02 2.566772860328056822e+02
2.478291463561065484e+02 2.479272377685694266e+02 2.474229817643530680e+02 2.487583749423167205e+02
2.601420843350825862e+02 2.611325001083315556e+02 2.581745262566115002e+02 2.613681528868901864e+02
2.459558486570659568e+02 2.464253612035155072e+02 2.454781394396588894e+02 2.466336437630947671e+02
2.465119967669763241e+02 2.465700628939338799e+02 2.459363775983715357e+02 2.470323456134030664e+02
2.571760228155982304e+02 2.573757638206194542e+02 2.547600063082742849e+02 2.573628417023613792e+02
2.544694736342267163e+02 2.550838376677895099e+02 2.526443392143700351e+02 2.550363992274673421e+02
2.522468826778766982e+02 2.524658815657171544e+02 2.504911169578776367e+02 2.524992252102321117e+02
2.499704865773333609e+02 2.501513665877233166e+02 2.494367246715042654e+02 2.509037168653902654e+02
2.569866044915499970e+02 2.567752455954310449e+02 2.550996572894859469e+02 2.572306385156072679e+02
2.762001309365245447e+02 2.770520047081996609e+02 2.739326228252025999e+02 2.769108805725591651e+02
2.512242272242395131e+02 2.517582203569637898e+02 2.499770906650418283e+02 2.524627487011784979e+02
2.488025371879375029e+02 2.497345216599795208e+02 2.483040018034753018e+02 2.489631594879490706e+02
2.448176934284453523e+02 2.448691777847847675e+02 2.439565781318459869e+02 2.455225177543026689e+02
2.484248931058017149e+02 2.489410986488634592e+02 2.479307482767098065e+02 2.492414872690617926e+02
2.490999535882681357e+02 2.489366864524086793e+02 2.487527089976110517e+02 2.495322315800753472e+02
2.564444307178657141e+02 2.570083305342213862e+02 2.541387559567190522e+02 2.564379493803773471e+02
2.540410500126417332e+02 2.547225985118574556e+02 2.522315989774135403e+02 2.560387235659359817e+02
2.511251136336408649e+02 2.510411023806919957e+02 2.495503695850901806e+02 2.522984307522236236e+02
2.884139838443762187e+02 2.874876289045923272e+02 2.855429633038528436e+02 2.871963521577039273e+02
2.440412313842370793e+02 2.438027748434752482e+02 2.427625865348335310e+02 2.442656155947654213e+02
2.462227936695763049e+02 2.459135496420589106e+02 2.441288707521005108e+02 2.464502534320615155e+02
2.495827186337794217e+02 2.500244991871199431e+02 2.491662404937090116e+02 2.503724484149716716e+02
2.459965213402764732e+02 2.461579183990959905e+02 2.453733248648954941e+02 2.466673662429359979e+02
2.695539612027877183e+02 2.708331110634762240e+02 2.670174142291925818e+02 2.695556856351353758e+02
2.454307448203223601e+02 2.455585061876003294e+02 2.447636530073761492e+02 2.461278171475414354e+02
2.601223492204164245e+02 2.605651194528319934e+02 2.577636592660520023e+02 2.612059986465177985e+02
2.557971908796837965e+02 2.562005910875185464e+02 2.542204724122379105e+02 2.560956934584762621e+02
2.691145318157987845e+02 2.691362809671263108e+02 2.670921172794448353e+02 2.690804135628354743e+02
2.500995716449783117e+02 2.503265103309717006e+02 2.479099801193419239e+02 2.509304461219747111e+02
2.433577007491551569e+02 2.435453188200732200e+02 2.427220650778913011e+02 2.438120451394079566e+02
2.734788213334105649e+02 2.733218693285884910e+02 2.716637554462439539e+02 2.739193982146534836e+02
2.438400829950377044e+02 2.434594086855520914e+02 2.433132205424630286e+02 2.440836779980382971e+02
2.501592626984431149e+02 2.502319178027208011e+02 2.484589518147574552e+02 2.517314823964289019e+02
2.463193610737254460e+02 2.467703219479270729e+02 2.457977976573623380e+02 2.471592029674150695e+02
2.548924778091086978e+02 2.555300546769595087e+02 2.533704999463123784e+02 2.557756722361863524e+02
2.488814128778339239e+02 2.498385954626302237e+02 2.481612422041226296e+02 2.504222768752842398e+02
2.529565396939420907e+02 2.542456325213784396e+02 2.522368609891524613e+02 2.548518835516334491e+02
2.462596825544289914e+02 2.462969718080918256e+02 2.456410145155732891e+02 2.467143122311676393e+02
2.519394114513701197e+02 2.527792000895414049e+02 2.514054903823257803e+02 2.523321552352639685e+02
2.551823718102475027e+02 2.562299194533923128e+02 2.537133262275929440e+02 2.560120281611914379e+02
2.519024290402890074e+02 2.519701552152462511e+02 2.506879012655332417e+02 2.523188244393747368e+02
2.452024600996385004e+02 2.454430943690936431e+02 2.442549732070993684e+02 2.454830982584494166e+02
2.506839923666219647e+02 2.506567278033607522e+02 2.500599398313440247e+02 2.517343215243637644e+02
2.474492505433305496e+02 2.484132148999439949e+02 2.456407741261434978e+02 2.477218286138895849e+02
2.442460120531695793e+02 2.440588247191017217e+02 2.435936584495724730e+02 2.443926389009526474e+02
2.458561392702814601e+02 2.465524276515643862e+02 2.449522941597127783e+02 2.469704902117933329e+02
2.498993572499598201e+02 2.498342814102103375e+02 2.493267608219924796e+02 2.498097916358805719e+02
2.454071326067682151e+02 2.455148837730824027e+02 2.448765361837087369e+02 2.459484854282736705e+02
2.495133162882903264e+02 2.498592939790134437e+02 2.488131785323104452e+02 2.502980632574752633e+02
2.578559240645809041e+02 2.589181189599052573e+02 2.541983963689485790e+02 2.591260314240517459e+02
2.621068585168519007e+02 2.627776303143168093e+02 2.588281879835070640e+02 2.617512575119349094e+02
2.462005810062510136e+02 2.465799258296304401e+02 2.453548658973764987e+02 2.470000085011690487e+02
2.528131507691190620e+02 2.532809331771644850e+02 2.515526439188139136e+02 2.546655049304723377e+02
2.823270694417137747e+02 2.836580808440899091e+02 2.815325801882665360e+02 2.832749299983102560e+02
2.816550225296061285e+02 2.820678753390349698e+02 2.784081198747998656e+02 2.811354314777123591e+02
2.455242951481736497e+02 2.455440634940930238e+02 2.447054668157302046e+02 2.465577737601018669e+02
2.606700210164536884e+02 2.612572840305986119e+02 2.583137333310052668e+02 2.611280130657822838e+02
2.441145372344811051e+02 2.447957951339422493e+02 2.437550573747735143e+02 2.452109572923662029e+02
2.521383744346898368e+02 2.525211468311858027e+02 2.507225604315815133e+02 2.528929583671795456e+02
2.472371225377052042e+02 2.472390034601301352e+02 2.462973956121641095e+02 2.475460048600418759e+02
2.567557838066109070e+02 2.574471753502826346e+02 2.544753373677347952e+02 2.565262842145119180e+02
2.492170692391935347e+02 2.497372689625385078e+02 2.487328515100934112e+02 2.500330821430416393e+02
2.458733659390276500e+02 2.464030476968534913e+02 2.447603295692976531e+02 2.471149884268060646e+02
2.454113805780405926e+02 2.457304009638736204e+02 2.448477977394231004e+02 2.456047369154438513e+02
2.472305718023686438e+02 2.475141195158396954e+02 2.468642775069870936e+02 2.474113177259198721e+02
2.700894585526064589e+02 2.713573689594456368e+02 2.683926546050797697e+02 2.713806190890428525e+02
2.657340832391147387e+02 2.665043413363568447e+02 2.632687741391325744e+02 2.660547302510037753e+02
2.445051092145207008e+02 2.449338202397241560e+02 2.437809756991447045e+02 2.454690680639018012e+02
2.438317209184334047e+02 2.439717065965579366e+02 2.430481967596512902e+02 2.440836397316127204e+02
2.441442494388852538e+02 2.442826341766786413e+02 2.435423131800829708e+02 2.447618505612854278e+02
2.529893607576617001e+02 2.527463545860371710e+02 2.513177599997097786e+02 2.530527410632127783e+02
2.484768012149324932e+02 2.491997306751883343e+02 2.475827995537130448e+02 2.493686995841311500e+02
2.449314785238406103e+02 2.454035981572010314e+02 2.444607439042399335e+02 2.452053391930076316e+02
2.614894430348824699e+02 2.625088547791772271e+02 2.587319578422219024e+02 2.625314456474898179e+02
2.425196232933545843e+02 2.427335433311531574e+02 2.413374799583816070e+02 2.432015967350216386e+02
2.767259873536236228e+02 2.772748387247778510e+02 2.739239896665740162e+02 2.762556293637017006e+02
2.640655468760205054e+02 2.635122800407247041e+02 2.620504119911247471e+02 2.638664158552746244e+02
2.458962697765254006e+02 2.462682394369591918e+02 2.450818107458743782e+02 2.468723200605105035e+02
2.499840443907638701e+02 2.497895803487361377e+02 2.486402198476590399e+02 2.501266510174314703e+02
2.715673332963709754e+02 2.713883486447097084e+02 2.682432991534930693e+02 2.718752595319264742e+02
2.830573731926574510e+02 2.831287200073272174e+02 2.814179978228020218e+02 2.834975187198584763e+02
2.490840289936504064e+02 2.494653007089699202e+02 2.476455943118908465e+02 2.499685204547063506e+02
2.421513551854175148e+02 2.420319180889987081e+02 2.412699902954191771e+02 2.427013263719765632e+02
2.507765528614363859e+02 2.514032725252994851e+02 2.495133223048698881e+02 2.515141954197011955e+02
2.553185122029065610e+02 2.557206389820731829e+02 2.532488872215167248e+02 2.555412260065838552e+02
2.449790634558454201e+02 2.457181686671780767e+02 2.439478826808467886e+02 2.461179731452460828e+02
2.804581822518671856e+02 2.813654129553677876e+02 2.796191954344726014e+02 2.807478550972060134e+02
2.428991461297093224e+02 2.431956637886185320e+02 2.418422149863731079e+02 2.434188333082805400e+02
2.463832716556945286e+02 2.467843818227421480e+02 2.454507403941066741e+02 2.471924395232948939e+02
2.490657570261939497e+02 2.494234866137668689e+02 2.479770661221087096e+02 2.498657946446435858e+02
2.854812494233540860e+02 2.851358650802547459e+02 2.842091071043145689e+02 2.859932506903797957e+02
2.501742028798279023e+02 2.504453731959156642e+02 2.492782226062325037e+02 2.509737586997236747e+02
2.556497211374461926e+02 2.556628923741676260e+02 2.530419737185519011e+02 2.567971785087445937e+02
2.517018690966293661e+02 2.511720830117868957e+02 2.496181017229857844e+02 2.515553112771475526e+02
2.509721742240900824e+02 2.502156035304377326e+02 2.492035842745538616e+02 2.511631061052478628e+02
2.468248706911571162e+02 2.470489206993364064e+02 2.463470569843359783e+02 2.474699310123029647e+02
2.585803485010118266e+02 2.595966941432539556e+02 2.568921644563293398e+02 2.600310558609502891e+02
2.504854115652435667e+02 2.506785514562290302e+02 2.492432602120727552e+02 2.504501474951681814e+02
2.495166807114315759e+02 2.498506114979315100e+02 2.483814943993263569e+02 2.502018490134830699e+02
2.539100684771194949e+02 2.538344499670604080e+02 2.517175160313306037e+02 2.538197651405546651e+02
2.491526985473634852e+02 2.493201837011143880e+02 2.476074620456884077e+02 2.496511538287440715e+02
2.483092260801735165e+02 2.487027010319342821e+02 2.473431080920881300e+02 2.486154889071493415e+02
2.495209403737887044e+02 2.500900300767414990e+02 2.481538386909316785e+02 2.506049885254147966e+02
2.447029262869877755e+02 2.449074745631558869e+02 2.440907061829271072e+02 2.452421468783917931e+02
2.456527907814218281e+02 2.457745723369197037e+02 2.447123047030851524e+02 2.460874687861520158e+02
2.907137083891230986e+02 2.899141908161827814e+02 2.887712185921606078e+02 2.903398135917153695e+02
2.806052439878220071e+02 2.810565970976916788e+02 2.770403332829911278e+02 2.799551999118662593e+02
2.475463286933534164e+02 2.479207613182328487e+02 2.473624688118521249e+02 2.479089454568857604e+02
2.480751953968174917e+02 2.480755185979024873e+02 2.469874342756219221e+02 2.484318791111094527e+02
2.817248137636674414e+02 2.818499465066728362e+02 2.799803331675059894e+02 2.816787570008571038e+02
2.643846942113952991e+02 2.642404347908021691e+02 2.616822621693316364e+02 2.645915807159766473e+02
2.456264710763999233e+02 2.455851860327735494e+02 2.448766100093610874e+02 2.459996617035266979e+02
2.567314827636834593e+02 2.570263027154354063e+02 2.541184555639246128e+02 2.571475017947456081e+02
2.513447541763772222e+02 2.517785158171364799e+02 2.492994834151542989e+02 2.523682638544891859e+02
2.516403748718842621e+02 2.510943646628488466e+02 2.498761489554475475e+02 2.516425576842168539e+02
2.645273936295010344e+02 2.652674129037945931e+02 2.624191267238792875e+02 2.650463225239880103e+02
2.619122775909577285e+02 2.626727482586190376e+02 2.599464142879508586e+02 2.629547454900845764e+02
2.650578321237476871e+02 2.658282701997042636e+02 2.630347808185480858e+02 2.656191888667432295e+02
2.814442006053060368e+02 2.831077558845626641e+02 2.790748744513371093e+02 2.818968550334211045e+02
2.611476352230355928e+02 2.604970595156633522e+02 2.581344479335010078e+02 2.603666199679803981e+02
2.439860282934191957e+02 2.438016608856130176e+02 2.432821304182572248e+02 2.444946057503549071e+02
2.496465024224924605e+02 2.500975312096679204e+02 2.487551643130943546e+02 2.497262277914461208e+02
2.446588661611011446e+02 2.452823391976892253e+02 2.442967293620525027e+02 2.455923174126493507e+02
2.518028981983976848e+02 2.520585159365440973e+02 2.499216842043095994e+02 2.525043390292525771e+02
2.693877627604388749e+02 2.703298571257723779e+02 2.672465003604374374e+02 2.708339887101197405e+02
2.469981833625990930e+02 2.470494101889290164e+02 2.460202538713255080e+02 2.472813431237624116e+02
2.571663099850130720e+02 2.574883214022160018e+02 2.550503340417359368e+02 2.576491742001161924e+02
2.492602550821299587e+02 2.489641729693031493e+02 2.476967919994442866e+02 2.501737319672245974e+02
2.443144789368586771e+02 2.446327530195339079e+02 2.437609349743849521e+02 2.449971812371470037e+02
2.552391658954510945e+02 2.562278955723186868e+02 2.536464751153914960e+02 2.562124802346951356e+02
2.872360380610416541e+02 2.876778853257405331e+02 2.863131109190639449e+02 2.880801699679805665e+02
2.554809184995579585e+02 2.556266344108149724e+02 2.523941544631079807e+02 2.552854088540561861e+02
2.592092680037594619e+02 2.604529353972562262e+02 2.569191531026886537e+02 2.605630528854779300e+02
2.467019354525727124e+02 2.470034854001035853e+02 2.457961548970339436e+02 2.467587788595335496e+02
2.520317421437813437e+02 2.522197882692646829e+02 2.512115342647398109e+02 2.521271915984272596e+02
2.626526209502690676e+02 2.627230076761057376e+02 2.605190191974548384e+02 2.636021515747566468e+02
2.606338292031705350e+02 2.600621999058710685e+02 2.565739234765881633e+02 2.607851701594357792e+02
2.502185762377410754e+02 2.501755401627033564e+02 2.494686721738417532e+02 2.508517277167219959e+02
2.441452093165713961e+02 2.444943321554758597e+02 2.434848014941201200e+02 2.451158072857751051e+02
2.622726862858330605e+02 2.619549611453720672e+02 2.594601992004429007e+02 2.625570746462569218e+02
2.458986057865733130e+02 2.460145320823141617e+02 2.450994874838914086e+02 2.461302594071477472e+02
2.522405451353516241e+02 2.522421250391296326e+02 2.508708953953737080e+02 2.520781752911277636e+02
2.483109037098623730e+02 2.481554849114322110e+02 2.475963131681380389e+02 2.485089617197993164e+02
2.454289457149985196e+02 2.453976953479471774e+02 2.444894544353642800e+02 2.456949893503046098e+02
2.443239613818709586e+02 2.444809908439694084e+02 2.439069381869489064e+02 2.452514653906418403e+02
2.435123528630284966e+02 2.439076817775462303e+02 2.426486553188944981e+02 2.438635722152802146e+02
2.455017424840030742e+02 2.455644273775546651e+02 2.437615084245749699e+02 2.461992135740611616e+02
2.475985173102644126e+02 2.477606118665342763e+02 2.467267102950096103e+02 2.486706308928356464e+02
2.462255007289920172e+02 2.464335993129800784e+02 2.460826921965266934e+02 2.469030580235308321e+02
2.497085290394661286e+02 2.501382772951778293e+02 2.491695231953496545e+02 2.502938947517793054e+02
2.464886789206179856e+02 2.467434763715146744e+02 2.455090341288278353e+02 2.473158701256984955e+02
2.572681209000785429e+02 2.581692243384927110e+02 2.557117969471180174e+02 2.580965094344040267e+02
2.571589230972384144e+02 2.574808057951032652e+02 2.546959398487767601e+02 2.579442727555638157e+02
2.580797138883289108e+02 2.577354521800469342e+02 2.563891584123181815e+02 2.584102500580135029e+02
2.456985812693585558e+02 2.461564203131424051e+02 2.448877861697484946e+02 2.461433035263305555e+02
2.518561108383502187e+02 2.519612868163895598e+02 2.509591162503296573e+02 2.522177220430792204e+02
2.592918258325320835e+02 2.589956014406907912e+02 2.557144898513399767e+02 2.600332950583812703e+02
2.582036738444178923e+02 2.581134396495624515e+02 2.541398683367776812e+02 2.582057474348996493e+02
2.564781907924618167e+02 2.570352347821159356e+02 2.549210292886083096e+02 2.576126201296395379e+02
2.458777517725042685e+02 2.463463905431744081e+02 2.454041004303880982e+02 2.464835804279138358e+02
2.693898681210316681e+02 2.701026833600370765e+02 2.674128476092897131e+02 2.694849653684187274e+02
2.438800633918339145e+02 2.439230649719435178e+02 2.431340539649606569e+02 2.440320045505720827e+02
2.698121394854919686e+02 2.695077654490205532e+02 2.670684515476428942e+02 2.708023596553532570e+02
2.545943123800354329e+02 2.548750288094054781e+02 2.531630057344326872e+02 2.546896731112407224e+02
2.587242695593321287e+02 2.600828920323106672e+02 2.571413406204988519e+02 2.593459054430520041e+02
2.518014081937152753e+02 2.520177085966221568e+02 2.506349404236441103e+02 2.529394394916686792e+02
2.438117624166125665e+02 2.438610344995701098e+02 2.430315707643689507e+02 2.445974358429012341e+02
2.716932011718297417e+02 2.725279598620499542e+02 2.689769969520698396e+02 2.713590866373298809e+02
2.446386261443675210e+02 2.441867488385184686e+02 2.435530532312053253e+02 2.448430048144412297e+02
2.458263071011681973e+02 2.460554257270633514e+02 2.445235625965809447e+02 2.459424244939048094e+02
2.457947923515897344e+02 2.459845981181585728e+02 2.446394522434770522e+02 2.459678430789263928e+02
2.887729420127532194e+02 2.886976518450338745e+02 2.887994300235344554e+02 2.895965868011807061e+02
2.806978888016913629e+02 2.821347241741167409e+02 2.791944813957166502e+02 2.815017363495149425e+02
2.451927257161901821e+02 2.452061670511139653e+02 2.440001579910817782e+02 2.455989251085145497e+02
2.516780105957581100e+02 2.522110545101253933e+02 2.507348443319195042e+02 2.526360504946509593e+02
2.458523123394072343e+02 2.464021330130314880e+02 2.447783851002250515e+02 2.467287005685062127e+02
2.572864506551396744e+02 2.575011939673835855e+02 2.555864256621916297e+02 2.586814136072488850e+02
2.600090217509325612e+02 2.607126960338779327e+02 2.579124311087376213e+02 2.603108013281291164e+02
2.533539654397304446e+02 2.538404542727100477e+02 2.522524508875912943e+02 2.542322637186075269e+02
2.445881040222839431e+02 2.445183076510328704e+02 2.438828612151456525e+02 2.454099627509051231e+02
2.665121271543878834e+02 2.675732538203993727e+02 2.632442719369195174e+02 2.665120697893048600e+02
2.484404091452151420e+02 2.500381170387578891e+02 2.467616034338938107e+02 2.501093075713566520e+02
2.465821045522426118e+02 2.471192965328228581e+02 2.453967361796600812e+02 2.472955230517087557e+02
2.520102616493452388e+02 2.522110665922875228e+02 2.502559281533453941e+02 2.531098222700393023e+02
2.502911325034012577e+02 2.508275987743317899e+02 2.493069440053789663e+02 2.515075187169896651e+02
2.545188083253785294e+02 2.546497838234289475e+02 2.531674487245184082e+02 2.548608070473700309e+02
2.430203340635856648e+02 2.431183213172338924e+02 2.422358514559726927e+02 2.436874877881528221e+02
2.535735228004851365e+02 2.543266935985262762e+02 2.523880293439520131e+02 2.546814099805168041e+02
2.556153285805747259e+02 2.559442955303410940e+02 2.538293532443926779e+02 2.559428423762782927e+02
2.468908781612871337e+02 2.464513380538195122e+02 2.466063688746004345e+02 2.473046282732470047e+02
2.428942464535682859e+02 2.430157108710794205e+02 2.414893342640970957e+02 2.431853063839379274e+02
2.692071160746714895e+02 2.685010993311921084e+02 2.661218905513100026e+02 2.686335464047686514e+02
2.464238342316131423e+02 2.468549503242846299e+02 2.455614848004272233e+02 2.471803231901377842e+02
2.799145764773363680e+02 2.812039208481925243e+02 2.793897226778930758e+02 2.821278995496161883e+02
2.714302106077785766e+02 2.717739466401409345e+02 2.682820325374133859e+02 2.722060044591318047e+02
2.503655139264322429e+02 2.505403281445352093e+02 2.498397367350252125e+02 2.509537141819867259e+02
2.594514094691056698e+02 2.604618802454496063e+02 2.576911145673068404e+02 2.598232560951091727e+02
2.668441207684432470e+02 2.674975455174055696e+02 2.639928440987965814e+02 2.670114041913465712e+02
2.818779527180472542e+02 2.832692477259068369e+02 2.795856782839705943e+02 2.836037285927840799e+02
2.457711441587471484e+02 2.455871406841025930e+02 2.445766015714250159e+02 2.461129729235861419e+02
2.555037782343561616e+02 2.557981782156870167e+02 2.544113503051728458e+02 2.566672953284949585e+02
2.461581053297591097e+02 2.461549267976366195e+02 2.453081018453213460e+02 2.464768068206489318e+02
2.455870088311974655e+02 2.467486826118577028e+02 2.448248982568916290e+02 2.474634797653049532e+02
2.561728209847325957e+02 2.568027486320194726e+02 2.544603523237420006e+02 2.568683791348506702e+02
2.466395590302811627e+02 2.468872951878375943e+02 2.458591735846314634e+02 2.474482398965681398e+02
2.800075194412704036e+02 2.802260214292658702e+02 2.767142396956249399e+02 2.791795162633482050e+02
2.514631569402855860e+02 2.517263694618500267e+02 2.498748150743751637e+02 2.524678718950942766e+02
2.434383876487596297e+02 2.431846932833082349e+02 2.422348243809854296e+02 2.440482743270240178e+02
2.671185890726778212e+02 2.668886506881275409e+02 2.636495166400360404e+02 2.670870427460268957e+02
2.458192371542828880e+02 2.458451060138843616e+02 2.445276795000725372e+02 2.458472162728923252e+02
2.601844563238622072e+02 2.610152651239076818e+02 2.580340568806141732e+02 2.605691310419628621e+02
2.479139994642321199e+02 2.479801139194083817e+02 2.468996543603787188e+02 2.482610263626046390e+02
2.452342960092696558e+02 2.458222756895862062e+02 2.438916163417677012e+02 2.458509644598046862e+02
2.475998949856467846e+02 2.478470329530637457e+02 2.464614098129718514e+02 2.484836631597090957e+02
2.538671576910189742e+02 2.543322405141186948e+02 2.523900462231261486e+02 2.552674327763965891e+02
2.505895315386002551e+02 2.507916337754232643e+02 2.497452581162884542e+02 2.511403889323316037e+02
2.573252077326080780e+02 2.572323844080281106e+02 2.548094155004060894e+02 2.581344561414908299e+02
2.544119974318200548e+02 2.549234251055029006e+02 2.531696611850922238e+02 2.547684730904443597e+02
2.499100403489759969e+02 2.502023493057897099e+02 2.487405217639282853e+02 2.508527808635427903e+02
2.477166565196015711e+02 2.476156510803660069e+02 2.472908405641720151e+02 2.481764079986412810e+02
2.487068636274141227e+02 2.494128523299842755e+02 2.474739696870178989e+02 2.500770601305525531e+02
2.463912246782072941e+02 2.464265119852283590e+02 2.451177650944627828e+02 2.468011405586535147e+02
2.505306514551448629e+02 2.497998174182815774e+02 2.483917879981040642e+02 2.509035193047677978e+02
2.483897662011570731e+02 2.481345214940045025e+02 2.473535050034620895e+02 2.487146535699058347e+02
2.482423282510209503e+02 2.487345407624419238e+02 2.473663165564536541e+02 2.488284145888515297e+02
2.431521982618697564e+02 2.433924265718560775e+02 2.422913658407221078e+02 2.439210195532414787e+02
2.479188558140045586e+02 2.486794522246368047e+02 2.474307407953345148e+02 2.493143231690489756e+02
2.703654880463044492e+02 2.696459482508722658e+02 2.668090428988451208e+02 2.703702035950483378e+02
2.570908248212120384e+02 2.580884309059238149e+02 2.556330807419772384e+02 2.581019071885039011e+02
2.613452724910415554e+02 2.610672948756810001e+02 2.572640765916623309e+02 2.620485144160161326e+02
2.439951597242603896e+02 2.442679928579886166e+02 2.435986991423836230e+02 2.445274183738120541e+02
2.452846099231663004e+02 2.457267445668513233e+02 2.443538292843692261e+02 2.458649732080436081e+02
2.432484775548529967e+02 2.433274300199773279e+02 2.420914053889113688e+02 2.437345887056491449e+02
2.526807530094949357e+02 2.523833438374523155e+02 2.502912325857673466e+02 2.531764912118051996e+02
2.510515818581833116e+02 2.510079021704831064e+02 2.495923238553470185e+02 2.514529737941121823e+02
2.578183849368678580e+02 2.574286069985918175e+02 2.559424886224594786e+02 2.584122936933534334e+02
2.754913522686036345e+02 2.765536568024655821e+02 2.735012427288294816e+02 2.757878689333700777e+02
2.480261446019500795e+02 2.485357035082788286e+02 2.464378933215596987e+02 2.495796070511400444e+02
2.513869316136305656e+02 2.519324798883309313e+02 2.491375185645708541e+02 2.529359747908539759e+02
2.474587824642778742e+02 2.476584584323025808e+02 2.459282332235097783e+02 2.480185146188135548e+02
2.464853872117994626e+02 2.465645508719344434e+02 2.458219753552330928e+02 2.468413886868091538e+02
2.468413472568856264e+02 2.467901268158475716e+02 2.462520915498894567e+02 2.475056923892155396e+02
2.447411763120554156e+02 2.441387613323065011e+02 2.426259862983930304e+02 2.450598169307863259e+02
2.483425577187760211e+02 2.488360832308518411e+02 2.470919235066977535e+02 2.494305272449227573e+02
2.582058676045741663e+02 2.578471114217849163e+02 2.562852141143465587e+02 2.590521755683828928e+02
2.532346334639158272e+02 2.532456795852019980e+02 2.520314507743917716e+02 2.531964401213108715e+02
2.453736002964599265e+02 2.464623768996632975e+02 2.442970128406220169e+02 2.462211778988246351e+02
2.580214531761380385e+02 2.580067417871291582e+02 2.559006245602023455e+02 2.583488865912955816e+02
2.448043624999075121e+02 2.444067959660917495e+02 2.438977965850289138e+02 2.451854587880753797e+02
2.520318960477925145e+02 2.519754122302228438e+02 2.507653931451887956e+02 2.523551204428254380e+02
2.420960581414485375e+02 2.422619811298976913e+02 2.416940676501369580e+02 2.430979704287368293e+02
2.605767792467166259e+02 2.604184756257056961e+02 2.588010159263075138e+02 2.608205279587263590e+02
2.488619038989277783e+02 2.490500904254745080e+02 2.480342117675125166e+02 2.490595760959533038e+02
2.462125423274138143e+02 2.462954769730608291e+02 2.460796777762033685e+02 2.465034908486836969e+02
2.462694366402490118e+02 2.460527417262426013e+02 2.453721482421599660e+02 2.468891148486623592e+02
2.484562044958483682e+02 2.484697065168085999e+02 2.478074960419968420e+02 2.491984059558701858e+02
2.437132093921452167e+02 2.435628107905477577e+02 2.427804801276743376e+02 2.437403366555491573e+02
2.536431205609578114e+02 2.541785198742764180e+02 2.515725072407829543e+02 2.546066111257997875e+02
2.503374227295292940e+02 2.509590241544719902e+02 2.479270353575369654e+02 2.507493617281515981e+02
2.468270049047111172e+02 2.479863113027152792e+02 2.458760501921719026e+02 2.480995963106676072e+02
2.738198903328524239e+02 2.743622942734356229e+02 2.712250179984179113e+02 2.745619146929402064e+02
2.647994204848371282e+02 2.643695841438749881e+02 2.606317205675193804e+02 2.648152022690015315e+02
2.482173604771540170e+02 2.478957297960449466e+02 2.470703319082801954e+02 2.484749339020607124e+02
