2.775089078774612403e+02 2.777649646024687513e+02 2.757840262689741735e+02 2.785155877620823048e+02
2.683517906461593157e+02 2.693544713424750512e+02 2.665086159813074573e+02 2.694765556404979634e+02
2.602095714311539041e+02 2.612217843730451250e+02 2.597399823614387060e+02 2.607732271014321555e+02
2.606334706878457155e+02 2.603541099026696770e+02 2.601160461804840907e+02 2.604013748522885976e+02
2.562316913536145080e+02 2.562248620689544509e+02 2.549246412053183803e+02 2.567739223025862429e+02
2.607694835020916457e+02 2.608751802499892847e+02 2.606852771656303389e+02 2.604663627306225635e+02
2.611380670268135873e+02 2.614542846797695006e+02 2.606529290541346313e+02 2.617749288581072733e+02
2.540207927427399852e+02 2.546318174937404706e+02 2.534289872638512975e+02 2.543264874547653278e+02
2.626203774053192319e+02 2.634130940758516886e+02 2.606465889928196020e+02 2.629284192949709222e+02
2.831127463788014893e+02 2.831615295514736204e+02 2.804931840177782192e+02 2.826446432310963814e+02
2.577532059882741464e+02 2.578879641453938802e+02 2.569797418425042679e+02 2.583833754982256892e+02
2.688691544976725822e+02 2.700767651663194897e+02 2.675594239785116883e+02 2.697011618810016103e+02
2.569944350080296545e+02 2.572527938656529614e+02 2.561391502821663266e+02 2.577125063268784402e+02
2.615189128327619414e+02 2.622445490907159069e+02 2.604480465364412112e+02 2.618987054256433566e+02
2.587674565260465442e+02 2.586793857171808213e+02 2.581999661634881136e+02 2.584568641008415284e+02
2.559014583555073159e+02 2.565696346591482211e+02 2.558099064000363683e+02 2.567237066210302601e+02
2.916265091438222044e+02 2.921220715145383906e+02 2.895784011672066640e+02 2.911866300832842853e+02
2.614250360954692951e+02 2.617576227693127180e+02 2.597332165252771574e+02 2.616013887766903281e+02
2.616762332161172253e+02 2.623825062145888296e+02 2.609203347069659458e+02 2.626836700175991268e+02
2.623559078935676325e+02 2.628531740013104923e+02 2.616984555411282827e+02 2.632039434042686707e+02
2.588019146073243633e+02 2.589757631024113493e+02 2.587990469934284761e+02 2.592757334861829577e+02
2.702350799785463096e+02 2.714066264001183981e+02 2.687743660139317399e+02 2.708099996751739695e+02
2.609811254442903987e+02 2.620132652039854406e+02 2.606667626406400018e+02 2.614029242882435256e+02
2.671452601925646491e+02 2.673678199579999273e+02 2.662705982388191615e+02 2.679804818261578134e+02
2.646370790305662695e+02 2.657522867223780736e+02 2.628057365778658436e+02 2.654658299323353390e+02
2.740484971665662215e+02 2.739666154043584925e+02 2.706608347864900566e+02 2.742595029108118183e+02
2.745559160560410987e+02 2.751145190377139329e+02 2.728840261506664433e+02 2.759325207430125602e+02
2.560450271167241567e+02 2.558983057583475897e+02 2.554871603231820529e+02 2.561918053758719225e+02
2.608236808438435901e+02 2.617167810212645804e+02 2.597641097196777764e+02 2.613259518607952145e+02
2.588337937441690997e+02 2.585796528251976270e+02 2.576097625600404513e+02 2.595014546878031183e+02
2.939783290918887815e+02 2.936186734293993368e+02 2.921985578336954177e+02 2.938511571354490570e+02
2.705294136013666844e+02 2.718167035676532919e+02 2.695440047257654896e+02 2.710839394259239157e+02
2.584510624714636720e+02 2.584620313100977569e+02 2.581832606024288452e+02 2.587761121422315114e+02
2.575856282219669424e+02 2.578653172447682778e+02 2.573116261160980116e+02 2.580327733689477441e+02
2.601871909681057105e+02 2.608347062738282034e+02 2.595441075671238877e+02 2.605714846929069495e+02
2.660984680725719045e+02 2.664563055871441861e+02 2.648204682695487691e+02 2.668794541536693146e+02
2.879190283729789144e+02 2.890445848395585813e+02 2.876299008751362862e+02 2.905085424511457859e+02
2.874866790320119208e+02 2.867525154956849178e+02 2.844318157183919311e+02 2.863953500485666837e+02
2.727740315824338495e+02 2.724757425923738197e+02 2.706618948885379154e+02 2.736862172642445330e+02
2.616559620850516126e+02 2.621361053909339489e+02 2.601979065216660274e+02 2.623313839121684055e+02
2.760155993570085116e+02 2.766813183729130969e+02 2.738000304194042656e+02 2.767727312141961420e+02
2.598665641585854473e+02 2.605281929752040924e+02 2.591815535002454567e+02 2.601182078319666857e+02
2.587444435595002119e+02 2.591289322469106651e+02 2.577363670661121660e+02 2.594553306579661580e+02
2.833854479748986819e+02 2.821723792761651453e+02 2.797915656138400777e+02 2.826518781132419349e+02
2.617151628674594690e+02 2.619658518313085551e+02 2.610453127214356073e+02 2.615823284610126507e+02
2.640083342844058052e+02 2.644468354344398335e+02 2.626715580638010010e+02 2.642873213675421198e+02
2.551858059796924465e+02 2.552814019739539617e+02 2.546560909133537223e+02 2.559176854456528929e+02
2.571205369581276159e+02 2.580358868449558258e+02 2.566975430080087790e+02 2.578715688031363129e+02
2.877242278274686669e+02 2.872598387415305297e+02 2.852764238371927945e+02 2.881849253313509962e+02
2.562634952835653053e+02 2.565715660099720026e+02 2.553461424103734601e+02 2.566273135212122725e+02
2.642461599632326852e+02 2.647891011305954407e+02 2.639998415092715049e+02 2.654721968398796434e+02
2.620366323046626462e+02 2.622662033602352949e+02 2.621884339729514863e+02 2.619670942875358719e+02
2.565313307676684644e+02 2.563664568760780753e+02 2.559066902380116346e+02 2.570377262846238864e+02
2.532784266513395153e+02 2.535161206963302334e+02 2.524929570698881491e+02 2.540242567219004286e+02
2.706269753245061338e+02 2.707263193841726547e+02 2.691212999079488668e+02 2.716829298159304358e+02
2.615873176711386350e+02 2.620064052971720230e+02 2.613296808245242460e+02 2.620615346557939915e+02
2.575337306659363321e+02 2.577216349466190195e+02 2.576063012572223556e+02 2.580338774649193851e+02
2.681153534311274598e+02 2.688755349818267746e+02 2.672844509204358587e+02 2.693128164534235793e+02
2.564086385794812486e+02 2.561106397111615252e+02 2.558557514775424409e+02 2.566830770829600965e+02
2.600958111053674884e+02 2.606419018059061727e+02 2.596308802059048730e+02 2.605564211607062930e+02
2.593065305816996329e+02 2.591277975838361272e+02 2.583096306515037099e+02 2.598359564438277971e+02
2.723993853774869649e+02 2.724308947585206511e+02 2.704863343105710101e+02 2.723868703026864182e+02
2.702020542775306353e+02 2.709506963080793298e+02 2.685225661126950740e+02 2.708666549031627824e+02
2.587631367285254669e+02 2.589412694602386296e+02 2.586123065132601369e+02 2.593418337202429029e+02
2.653914022273422688e+02 2.658827117916691805e+02 2.639665466076460234e+02 2.660069951724607904e+02
2.642753824127382813e+02 2.638245408083052439e+02 2.618239429280164927e+02 2.647943179835043566e+02
2.624268756103423925e+02 2.626801164445531640e+02 2.616860831068848370e+02 2.623474594639218935e+02
2.808571658849133996e+02 2.824619197208466517e+02 2.783730624064128847e+02 2.810990259395119324e+02
2.608283349239808331e+02 2.609902320550007744e+02 2.595782308424086295e+02 2.612069600547324058e+02
2.582022096215019928e+02 2.582062770560661988e+02 2.580557065456706027e+02 2.583625909227512807e+02
2.627198250880575188e+02 2.624242620782349036e+02 2.608242304942199894e+02 2.632283452750889978e+02
2.919310520979728381e+02 2.924924748250641073e+02 2.901409051393894174e+02 2.918253381263493793e+02
2.541995850700652397e+02 2.544916471105458982e+02 2.536616097551738278e+02 2.549011069956213760e+02
2.599052901820135730e+02 2.599838057886454976e+02 2.586926794123865534e+02 2.607280071533999717e+02
2.601317227546157937e+02 2.596142047399852117e+02 2.591566036936517321e+02 2.592072821458808676e+02
2.633451365172151100e+02 2.634851167994064554e+02 2.620134073665963683e+02 2.638274559550791878e+02
2.572081485633335660e+02 2.574265527156302937e+02 2.563256685711339173e+02 2.577047383260644438e+02
2.601076201369598380e+02 2.602569157162395754e+02 2.598660989259620919e+02 2.605831534105847709e+02
2.681868304952900530e+02 2.698851440420108361e+02 2.672302520581909562e+02 2.690231860901712366e+02
2.939554747444621512e+02 2.924255747997482899e+02 2.908032125631090707e+02 2.937305180190125498e+02
2.545894274153556864e+02 2.547997798977354194e+02 2.547504731602835477e+02 2.553381201091884520e+02
2.754893383193850127e+02 2.766255631276256963e+02 2.748439694753776052e+02 2.784485989334251599e+02
2.569622289700777742e+02 2.569616368984251267e+02 2.562812155225919923e+02 2.571960227696062020e+02
2.638710463881283204e+02 2.643711339021885465e+02 2.620903682037265412e+02 2.640093079147449089e+02
2.577459265797597254e+02 2.578525709821067835e+02 2.568342781726843782e+02 2.581624681671005419e+02
2.809733449174942166e+02 2.813543714513078839e+02 2.775437774008381666e+02 2.815755622162218970e+02
2.615556973181222133e+02 2.620923442782386132e+02 2.609772905959082436e+02 2.621520300626687003e+02
2.924170979170502847e+02 2.931547512412571450e+02 2.902530848915303636e+02 2.917002451126288634e+02
2.577140896817700195e+02 2.582722773852189562e+02 2.567933321018414290e+02 2.577473709423586001e+02
2.612920051208527070e+02 2.618310324327565581e+02 2.612317229823078151e+02 2.621318997763960965e+02
2.670509403071102952e+02 2.676150432784170903e+02 2.655005457490599952e+02 2.683210395419816905e+02
2.582761387236651558e+02 2.589759227812391487e+02 2.580062872143786308e+02 2.584306041535664349e+02
2.831297276868814379e+02 2.845122655955921118e+02 2.822887482564215134e+02 2.844650954692247069e+02
2.853773297072268633e+02 2.861620012398417430e+02 2.829652043135127428e+02 2.856653641723184478e+02
2.713953454748233867e+02 2.723629616991700573e+02 2.696431681996589305e+02 2.720126790167471427e+02
2.658705223305412346e+02 2.651454576281993241e+02 2.643702161122252505e+02 2.658970500838356656e+02
2.559729613030905000e+02 2.559574340921742532e+02 2.543565005304160991e+02 2.563648895921371604e+02
2.838668752913106346e+02 2.844675217287455666e+02 2.814933682136659172e+02 2.840230177074353719e+02
2.556271303512386908e+02 2.557948298186989575e+02 2.543894591035507631e+02 2.556471698279030136e+02
2.699976765502088938e+02 2.697945817334186813e+02 2.681835069874965143e+02 2.702964815468195638e+02
2.623500417859049776e+02 2.624877648435895026e+02 2.623157099528839922e+02 2.621392788525913602e+02
2.636193898619398510e+02 2.638699539493482575e+02 2.626840249944208381e+02 2.641496824327909962e+02
2.573550840775176312e+02 2.576212353891418729e+02 2.569323785733922705e+02 2.577182240394234327e+02
2.928281593599680832e+02 2.937168798284078548e+02 2.911902141743952370e+02 2.922389244888564690e+02
2.541535816520788842e+02 2.542795021445589327e+02 2.538878854182062810e+02 2.544257864927691628e+02
2.592463113872344138e+02 2.594812695499227289e+02 2.588813331265740203e+02 2.598667628870648514e+02
2.711430096476644849e+02 2.711835973227815089e+02 2.702213048134445899e+02 2.717102755143790773e+02
2.770498977464687300e+02 2.785872661228855804e+02 2.746333762710266910e+02 2.788331792592381362e+02
2.578541100847834286e+02 2.583859357042890110e+02 2.577479787294928997e+02 2.583184822720434113e+02
2.635066320789697443e+02 2.643272240758595331e+02 2.622537011370047253e+02 2.650947179230146844e+02
2.564835922459392350e+02 2.561067688894535763e+02 2.556709471085746657e+02 2.565071130648993858e+02
2.605185553229839570e+02 2.607757791543062353e+02 2.598976366687237487e+02 2.605496903315159898e+02
2.546132715381474156e+02 2.551549559663324942e+02 2.542074566910962403e+02 2.549654378052339894e+02
2.536968813632808235e+02 2.538675747943468082e+02 2.533898731196182723e+02 2.540960997625903133e+02
2.549250147662304755e+02 2.555345820623854252e+02 2.544520554761842277e+02 2.556260780192999391e+02
2.550131237149570325e+02 2.555481714503145838e+02 2.550275294584210712e+02 2.557534198635426321e+02
2.612994298565607210e+02 2.616211618059768398e+02 2.611866229555055270e+02 2.622641246455105488e+02
2.581678240828783828e+02 2.590274066375677080e+02 2.583039751431249442e+02 2.585667231968878355e+02
2.571515617924689536e+02 2.571338472042663170e+02 2.568530883885893559e+02 2.572852478336861282e+02
2.572396875073132492e+02 2.569958333752410340e+02 2.565391460675028839e+02 2.570766618623696331e+02
2.560988752069862358e+02 2.565871053510074944e+02 2.552686262566569724e+02 2.563476508577861637e+02
2.632119923349123383e+02 2.634175391979181882e+02 2.617322990813164552e+02 2.637178433284527159e+02
2.601740738925444703e+02 2.603003446705847068e+02 2.588581461544081890e+02 2.606990829002410806e+02
2.573855789772578646e+02 2.577809237275034207e+02 2.563852763304681730e+02 2.578741279114784106e+02
2.651033303296954955e+02 2.658155969352251304e+02 2.644523055154712097e+02 2.661585977038890292e+02
2.665595660151772108e+02 2.670221199915837929e+02 2.655444921252737913e+02 2.674615364137287088e+02
2.608466415872820221e+02 2.610391885989884599e+02 2.603917975031228593e+02 2.611533448706431955e+02
2.553276884094014747e+02 2.553467115054343708e+02 2.548109481524307967e+02 2.554170229175276461e+02
2.787880112810639162e+02 2.799048180251044755e+02 2.762138310739513258e+02 2.792092261950476768e+02
2.586876912576266250e+02 2.593570983410556892e+02 2.582553172764028204e+02 2.588328965406545308e+02
2.592168863725086112e+02 2.598255141779837345e+02 2.588403255760013622e+02 2.600037336368739034e+02
2.603082490953268007e+02 2.604927593060397157e+02 2.591436486800639045e+02 2.605599435063593319e+02
2.689494201967365825e+02 2.690395774591630129e+02 2.660398086643608622e+02 2.690397635291658958e+02
2.624637978056289285e+02 2.627293762457586013e+02 2.623216067843736141e+02 2.622534718563658203e+02
2.832442689306131456e+02 2.848539549505915147e+02 2.796491466061606843e+02 2.837059171642710567e+02
2.704933123521758489e+02 2.713975156189715108e+02 2.680661467502818027e+02 2.719643103723487343e+02
2.615525055715093004e+02 2.618654333867712012e+02 2.615333993488434885e+02 2.613201395259620199e+02
2.797450721925255266e+02 2.796762666826218720e+02 2.768083653350266218e+02 2.794078447735190025e+02
2.968631568058815446e+02 2.968678258565944361e+02 2.942384765416479127e+02 2.967061398635927389e+02
2.587058037054636657e+02 2.586059590930673266e+02 2.572977774464374079e+02 2.586800596179609215e+02
2.614297914107426095e+02 2.614680024718787763e+02 2.602910216645649939e+02 2.620449695939010439e+02
3.026124492596564437e+02 3.026071150733776562e+02 3.020862261820145704e+02 3.018054632811167153e+02
2.751210086100698504e+02 2.746266714483206783e+02 2.719442631510260640e+02 2.749592406032530789e+02
3.043306332856041081e+02 3.050416098554644577e+02 3.050859316694686640e+02 3.038732720686168705e+02
2.846448154843469638e+02 2.853435192112411869e+02 2.818532163831511639e+02 2.862343864432561418e+02
2.555143625032746399e+02 2.556236849265303306e+02 2.549328921250164797e+02 2.555368926699922554e+02
2.543347086440581961e+02 2.545093599544406970e+02 2.537671147596432206e+02 2.547956836569110806e+02
2.571468699232304971e+02 2.573441139148445700e+02 2.566943450823462740e+02 2.570725148611977033e+02
2.942489420523000376e+02 2.944633090675441167e+02 2.939549410133862466e+02 2.946639760984773488e+02
2.976568909475325313e+02 2.979005341006284198e+02 2.958272865829022180e+02 2.961673718103419333e+02
2.580605575268729126e+02 2.587014451208843298e+02 2.577745799321440359e+02 2.581947806521192206e+02
2.637646206761330632e+02 2.636516210823576216e+02 2.624437954874436514e+02 2.635455411239962018e+02
3.012951448792583165e+02 3.008176948992738176e+02 2.999228364578220294e+02 2.994931021256085728e+02
2.636583248262974735e+02 2.637849942526950144e+02 2.635362909763828156e+02 2.634646767591258367e+02
2.578256542516972445e+02 2.576144966197261965e+02 2.567383086963281471e+02 2.580202571107308245e+02
2.575989353188041946e+02 2.572610264122440071e+02 2.574401802315862824e+02 2.578204594052427865e+02
2.569833868821045257e+02 2.577548688299561945e+02 2.561610636239713017e+02 2.575104968685458289e+02
2.692277607271786337e+02 2.690121294769213591e+02 2.662858748786539991e+02 2.694305920638219618e+02
2.598216181617043503e+02 2.595320811961903473e+02 2.586652587026896981e+02 2.592453735913763921e+02
2.607082676014718459e+02 2.608436922678672545e+02 2.600550046170411633e+02 2.609233687948316742e+02
2.631391443821662506e+02 2.624516938080502086e+02 2.626124367039211620e+02 2.630162878577876882e+02
2.779219097471398072e+02 2.790925982083969643e+02 2.769052120853650081e+02 2.790220939452032098e+02
2.774306190601128037e+02 2.791427796640623455e+02 2.751068852659273603e+02 2.780425048977057827e+02
2.517556787454862217e+02 2.519011534128076732e+02 2.506347418289231257e+02 2.520584606535468026e+02
2.775717771739819000e+02 2.781626723760421100e+02 2.761430301215912095e+02 2.786118829650131374e+02
2.915863985053608189e+02 2.918051924912412574e+02 2.898156494532438501e+02 2.921149791479201667e+02
2.602330287906851254e+02 2.601033389044485489e+02 2.590065182232413576e+02 2.602889629019679205e+02
2.593291092731155345e+02 2.594319947793621282e+02 2.589032284234662598e+02 2.597484482917393507e+02
2.636508238643534696e+02 2.641749680286104081e+02 2.618907331062234221e+02 2.639353677155908713e+02
2.583960040474879065e+02 2.586178717786050925e+02 2.566134848510168354e+02 2.587457945398452921e+02
2.917569177566799112e+02 2.921216919493849105e+02 2.904837940717098945e+02 2.907880631700435288e+02
3.052986056431614657e+02 3.066464824206755111e+02 3.050172119959761403e+02 3.053786823975451057e+02
2.563666223318579682e+02 2.567772110993224715e+02 2.556530211314304495e+02 2.571489691851630823e+02
2.626678595743495066e+02 2.626602192046935329e+02 2.615142938278907536e+02 2.631074240599380119e+02
2.611928233154097256e+02 2.616245521073543614e+02 2.595582740542359375e+02 2.615190830003515998e+02
2.711325262536755076e+02 2.719467543514364252e+02 2.701685640550055609e+02 2.726221484626432243e+02
2.596211810990939739e+02 2.597482808885478107e+02 2.585206621509724982e+02 2.601735253835045683e+02
2.588296842609233295e+02 2.587312143341549131e+02 2.578689257549223726e+02 2.590325834284171833e+02
2.966076441054041197e+02 2.969993912850629272e+02 2.949517776682974954e+02 2.957149978445951888e+02
2.570727916919007612e+02 2.570939393627602385e+02 2.564541274938224547e+02 2.568727337966067807e+02
2.608443240095130591e+02 2.607056660865893036e+02 2.587282627704843208e+02 2.614141216359357713e+02
2.703716857271362528e+02 2.716036013316289655e+02 2.677363291489403991e+02 2.718142192211456631e+02
2.662409452306378057e+02 2.671411588382539435e+02 2.646657173208725453e+02 2.668036988451713682e+02
2.650869334246049789e+02 2.662979092301859509e+02 2.646642835948819652e+02 2.660541388273986740e+02
3.010705135357621884e+02 3.017638145416933639e+02 3.007222426627326968e+02 2.995264088323603460e+02
2.708888945158057595e+02 2.712003691536642123e+02 2.689977353999246361e+02 2.708158041216427137e+02
2.705535555689770035e+02 2.707974916319198542e+02 2.685618456844050002e+02 2.703423782754273930e+02
3.023138534851883605e+02 3.026834656359270070e+02 3.008984272423701327e+02 3.019474525497814739e+02
2.590471377872029848e+02 2.596414651459334095e+02 2.577143484245355580e+02 2.602583654879495612e+02
2.623289521930187789e+02 2.619345042524586802e+02 2.608833366584422606e+02 2.620318175498425148e+02
2.568242247136348055e+02 2.574420540249823830e+02 2.561364460294513492e+02 2.580049397648998024e+02
2.612932305730524263e+02 2.611666124189454194e+02 2.599898823711790214e+02 2.617235734465447763e+02
2.636382936905441738e+02 2.634536519067893892e+02 2.617042886618156103e+02 2.638984455173422816e+02
2.673343031680004174e+02 2.669044278770894607e+02 2.656109473801906802e+02 2.686667185647039560e+02
2.635355908734019863e+02 2.632588805272183663e+02 2.615221637870132554e+02 2.635740905307467301e+02
2.624826531833787726e+02 2.622261017440281989e+02 2.616569751859064468e+02 2.622134259377446028e+02
2.608568299286893080e+02 2.610983259636832372e+02 2.600531216131690826e+02 2.616449398047307113e+02
2.608381592590755531e+02 2.606452273940404893e+02 2.599068030375557896e+02 2.609858882035214265e+02
2.682426937783231438e+02 2.697633276173262971e+02 2.662634548971043387e+02 2.692366887612993764e+02
2.581077625119974073e+02 2.589966827418795674e+02 2.572508476641838229e+02 2.582720120971495703e+02
2.714116329927007882e+02 2.715148426209871104e+02 2.699886168130262831e+02 2.723173698255068871e+02
2.528199589294937653e+02 2.526143112177125261e+02 2.517851937142109477e+02 2.535173020029088775e+02
2.781087050787401154e+02 2.789980041456298068e+02 2.761045635280256079e+02 2.783876411162363524e+02
3.011065335274705603e+02 3.010682546389963932e+02 2.991902553122374115e+02 3.001790521427402609e+02
2.615240106982200246e+02 2.614021158909925475e+02 2.610923426239573359e+02 2.617177079331053164e+02
2.576545184198175207e+02 2.583926352973997496e+02 2.562399353959237942e+02 2.585719931977398005e+02
2.676405539449900743e+02 2.678934854628247422e+02 2.659334020405689785e+02 2.676987258967569687e+02
2.677528596919456731e+02 2.681286438785299993e+02 2.656510192999540436e+02 2.676317824846668714e+02
2.567910452776399097e+02 2.571935702860504307e+02 2.563297278526412128e+02 2.568492033230420475e+02
2.584662356691097784e+02 2.582322605146989645e+02 2.579538319358593412e+02 2.584624565657925928e+02
2.939871268238551352e+02 2.944101694206894990e+02 2.928764248455885308e+02 2.944606198041487346e+02
2.572684491445403978e+02 2.571859847205569167e+02 2.565854416775553091e+02 2.573710829356118097e+02
2.579703834421641773e+02 2.586283098905331030e+02 2.564265598499345629e+02 2.583545605867623749e+02
2.636657526677513488e+02 2.627165206425328279e+02 2.630856496360689221e+02 2.628689794322708622e+02
2.535374899144217125e+02 2.539960959623426788e+02 2.527131954634367048e+02 2.538543767194872487e+02
2.556058610299653822e+02 2.565338301460002981e+02 2.552912933937598154e+02 2.564431274403351608e+02
2.621373454914380545e+02 2.631013382540066914e+02 2.606305458776816977e+02 2.624086362935291277e+02
2.874152445709730728e+02 2.880129390281147721e+02 2.853061048223911484e+02 2.874039301631024728e+02
2.563157560666179506e+02 2.563674102070327763e+02 2.560357712771599381e+02 2.562807187024637869e+02
2.671288672767349794e+02 2.668634204754880557e+02 2.644505003692483456e+02 2.672507807362109702e+02
2.600478054340785548e+02 2.600708639771425510e+02 2.594382948104953925e+02 2.606200928732971533e+02
2.556771112395288696e+02 2.562969741055377995e+02 2.548289093856057832e+02 2.567755509823451803e+02
2.592974735120525906e+02 2.592445148766120724e+02 2.579244320618918778e+02 2.593717389795774579e+02
2.615921287377761359e+02 2.615321546240019757e+02 2.607189959124685856e+02 2.616908542915406315e+02
2.608480891140122822e+02 2.608236576746817832e+02 2.589557156936261890e+02 2.606735449446563280e+02
2.572269481860554379e+02 2.579248960361495620e+02 2.569330845657200939e+02 2.578489982973655970e+02
2.640852039716849617e+02 2.633786732930043968e+02 2.626223864106879660e+02 2.635671304523683602e+02
2.565908874390202072e+02 2.563748686962092052e+02 2.552158408083685117e+02 2.567153614307534326e+02
2.890141956619115717e+02 2.887641669645355478e+02 2.873116801570847656e+02 2.896415060436364683e+02
2.601039043377858206e+02 2.603576379005746730e+02 2.592425076615929811e+02 2.606014108654147208e+02
2.749468998016499768e+02 2.743360651264422927e+02 2.728364950418589956e+02 2.750555225531055044e+02
2.622817958525111521e+02 2.631702914571574183e+02 2.613259080618526582e+02 2.630246927317547261e+02
2.582702870554767287e+02 2.583139072394084224e+02 2.572978712713835421e+02 2.585463226300325346e+02
2.565356473655976970e+02 2.570195308844450324e+02 2.562637007346259566e+02 2.571461432361246580e+02
2.564011662021705433e+02 2.564641444021844450e+02 2.553071862110487587e+02 2.566908163633469826e+02
2.613487155305464853e+02 2.611553291541331419e+02 2.609177647144362027e+02 2.614324992016208284e+02
2.879403079297548516e+02 2.886847268578944181e+02 2.850665774111215569e+02 2.883678160877021810e+02
2.886781565913430541e+02 2.895628207112859513e+02 2.868428372820893628e+02 2.892858749940917846e+02
2.570560360826622173e+02 2.568052898593345503e+02 2.557403545949946704e+02 2.571965231370144807e+02
2.657448951233119487e+02 2.660719859254009521e+02 2.644178899813830981e+02 2.666541348884729246e+02
2.548346021926620892e+02 2.551215170222783684e+02 2.544924861194377286e+02 2.553288999663165555e+02
2.588287415355514440e+02 2.587780095725453862e+02 2.585258385450189849e+02 2.594919373123858577e+02
2.540325139947555044e+02 2.539942658533749977e+02 2.533357917574309113e+02 2.540048664979618138e+02
2.750770011943290569e+02 2.765338572632910541e+02 2.743944924894132669e+02 2.767119942482256647e+02
2.583569285860995137e+02 2.584545031735426051e+02 2.580597196803535667e+02 2.589390166121457355e+02
2.585189515067625052e+02 2.586124921581952094e+02 2.580779411144985716e+02 2.594164900989920852e+02
2.584279146407009193e+02 2.594930431321359379e+02 2.578855376957912995e+02 2.595534564947363947e+02
2.609039351250871732e+02 2.606424350805280028e+02 2.597660535147221594e+02 2.611737171400683337e+02
2.572824415069341626e+02 2.571766162828386086e+02 2.566625469160686066e+02 2.570182132296582722e+02
2.893554558040682991e+02 2.894839380982184025e+02 2.883224490316647461e+02 2.896282735865190148e+02
2.587641565532568961e+02 2.591404441496082995e+02 2.585654857945738172e+02 2.600015480999392707e+02
2.583066045487071847e+02 2.584547726677875517e+02 2.577621975777805687e+02 2.586161280306691310e+02
2.588166387770007759e+02 2.593489319031841092e+02 2.576270375225501539e+02 2.590667027836539660e+02
2.579282298362805932e+02 2.582514717035539888e+02 2.566142348726231148e+02 2.586467537596905686e+02
2.659871409420304644e+02 2.663725434639180207e+02 2.645285760370077242e+02 2.676200942404266243e+02
2.678752542517164557e+02 2.687260566084645461e+02 2.673566695474967787e+02 2.688956318628793269e+02
3.040941041921308283e+02 3.044979811769003391e+02 3.032233452888041256e+02 3.040765036749127717e+02
2.663023182158717077e+02 2.667162847143852673e+02 2.652100280247431670e+02 2.666332409155000391e+02
2.672539459421329866e+02 2.677608299762056276e+02 2.657475974841173638e+02 2.677065067616981651e+02
2.590894162484426602e+02 2.591460942262705771e+02 2.580208604324847670e+02 2.594206441572874269e+02
2.561740215438662176e+02 2.569785550398971168e+02 2.549774157786682167e+02 2.568533353286380816e+02
2.578513761981946573e+02 2.585275875739350795e+02 2.572151975194570923e+02 2.583716974215367941e+02
2.658955863067358223e+02 2.664746149363545555e+02 2.643372579688746669e+02 2.671834601883090272e+02
2.557483447752365180e+02 2.557588701965898963e+02 2.548730569484999933e+02 2.562389760221867050e+02
2.582290356867166565e+02 2.580323536985789019e+02 2.574955491987798268e+02 2.582098707491208529e+02
2.598552760830024795e+02 2.599157912033170987e+02 2.580931321021689087e+02 2.600115044713588190e+02
2.575909738313903290e+02 2.576250581876236652e+02 2.563445244404588266e+02 2.574367159786220896e+02
2.927418425068270267e+02 2.928826275347894921e+02 2.920981779281214017e+02 2.927865476483666498e+02
2.913404488586452885e+02 2.912798429449137529e+02 2.880860888345666240e+02 2.913974265684674378e+02
2.625848500145830258e+02 2.623505969345318931e+02 2.613751822919892902e+02 2.630355598850073306e+02
2.712427658239801076e+02 2.713827449579086419e+02 2.691698653344733430e+02 2.730248797962477170e+02
2.661906350721306467e+02 2.663646823292208410e+02 2.637026563707420905e+02 2.665118834305178552e+02
2.835286866515696715e+02 2.839648870725105212e+02 2.802538294246115811e+02 2.844270946851482904e+02
2.590426433025274378e+02 2.589803938862008295e+02 2.591075744952826199e+02 2.587951621309896382e+02
2.572947938779972787e+02 2.575805912066286396e+02 2.558187971379682608e+02 2.575522025443035545e+02
2.860710561229522000e+02 2.854877952428849426e+02 2.832650084372573929e+02 2.866037349822216243e+02
2.821859575356805863e+02 2.830878284391350235e+02 2.804200442034847924e+02 2.827119595507617191e+02
2.677980608612568290e+02 2.678788927930144155e+02 2.654255772990564992e+02 2.681291177756959883e+02
2.684625298482075664e+02 2.691456765081385356e+02 2.678329465311664421e+02 2.695105549056274867e+02
2.871222943198622488e+02 2.876791907451343491e+02 2.845083812407814889e+02 2.868910928641193436e+02
2.557839559581582876e+02 2.556437287634911115e+02 2.550800301457127830e+02 2.557675974901152358e+02
2.698807035395639105e+02 2.707145056617642922e+02 2.684835588701963047e+02 2.705502048934840218e+02
2.578850355784684325e+02 2.581647604352494341e+02 2.576173875610668347e+02 2.580733083798034500e+02
2.539354061379824827e+02 2.536978883230705719e+02 2.530634683862541010e+02 2.544153948998505257e+02
2.878291427910265270e+02 2.886300424689453621e+02 2.851707588648492901e+02 2.878757004043687857e+02
2.634460196956351865e+02 2.625916085514392080e+02 2.625649904556176466e+02 2.633590558905796115e+02
2.607235808018849070e+02 2.606492360710271328e+02 2.601525746983385829e+02 2.610836966407352406e+02
2.520639681743250833e+02 2.529921179267378477e+02 2.515847076018732764e+02 2.530491932480288142e+02
2.619108706603660153e+02 2.617923189234620054e+02 2.595160436222114981e+02 2.634546023523599274e+02
2.562144211209288756e+02 2.566078421486094499e+02 2.546185587940201742e+02 2.565040388825993887e+02
2.758918667921054180e+02 2.762750994897741066e+02 2.743448745123428125e+02 2.767809990212476237e+02
2.739921075423030743e+02 2.744206206606834257e+02 2.707736536795467259e+02 2.743754917699523617e+02
2.611552526918137005e+02 2.611519671453224305e+02 2.606206439319197443e+02 2.613063168494328465e+02
3.097685152884083095e+02 3.083744553215924498e+02 3.085511416661769886e+02 3.077950191129874611e+02
2.578511520239282504e+02 2.579452003284559396e+02 2.569812385187248651e+02 2.584496792474877793e+02
2.616183194745566993e+02 2.618609428218800304e+02 2.602144197235012371e+02 2.622727093676074333e+02
2.545403366942387038e+02 2.545775896191420316e+02 2.540031774270128722e+02 2.554154168937903648e+02
2.553168804520577453e+02 2.555929290289872426e+02 2.544977035670150372e+02 2.556382138953300682e+02
2.559358829833202833e+02 2.560080346133407829e+02 2.557270979961100466e+02 2.567678702490354681e+02
2.617679373929096300e+02 2.620607390413672988e+02 2.607114196951190479e+02 2.617799322289202451e+02
2.819826852723272737e+02 2.822267530228682517e+02 2.795948087177223442e+02 2.821737896123864289e+02
2.565747524750211142e+02 2.564265094189383944e+02 2.557457861705940445e+02 2.568576422547276934e+02
2.627036346337312693e+02 2.634207029794976620e+02 2.614441615749103107e+02 2.637216914949101465e+02
2.850910711303201310e+02 2.860478324967867820e+02 2.839015683478370988e+02 2.851199147573464643e+02
2.600764657386553722e+02 2.606910755161630959e+02 2.595540872585746683e+02 2.613895139230357358e+02
2.728563637203743042e+02 2.757695066583185053e+02 2.732174044629571199e+02 2.739414592693544250e+02
2.589738579851870668e+02 2.593453589945155500e+02 2.577353809022649784e+02 2.587284729359748212e+02
2.796448792882850398e+02 2.794432331620711238e+02 2.760188205614905428e+02 2.796847258729157488e+02
2.586753857144884705e+02 2.585098007969791638e+02 2.578248204398116172e+02 2.591579567776809654e+02
2.563536306415720105e+02 2.563932488805397725e+02 2.555172765695745056e+02 2.566792975565907682e+02
2.934076790780652004e+02 2.926993825510381839e+02 2.919909026983819444e+02 2.928791156603437003e+02
2.564121500967389125e+02 2.566233516920491979e+02 2.560838771055359189e+02 2.569282071633604687e+02
2.609531710353780909e+02 2.611593632100534705e+02 2.599404267849835151e+02 2.613026564143941641e+02
2.575126356243592909e+02 2.578716974362720862e+02 2.564709890785650259e+02 2.577569217283634657e+02
2.652861100434911918e+02 2.648435129852465479e+02 2.632257279714443143e+02 2.649632498605536739e+02
2.783201760955153645e+02 2.780476752804106013e+02 2.757345446225261867e+02 2.786375729184138095e+02
2.892097060543998168e+02 2.892496354781404762e+02 2.880771957256630458e+02 2.892185897616133161e+02
2.655834857768908819e+02 2.663193653692394491e+02 2.643598909758493392e+02 2.662412499643343722e+02
2.635279784649619046e+02 2.641924339368839014e+02 2.629642878238484514e+02 2.653486143618400206e+02
2.771358652292607303e+02 2.775021672615512784e+02 2.755426080266873328e+02 2.774607230510645195e+02
2.714822881375631027e+02 2.720495628703911848e+02 2.695106847235952046e+02 2.729812343130121235e+02
2.606619315304011479e+02 2.607431264187246143e+02 2.599473621511501733e+02 2.611227489110937086e+02
3.004284723456739812e+02 3.000224807410899075e+02 2.979676183304642336e+02 3.005113365087197508e+02
2.735152449337997496e+02 2.726917979439921851e+02 2.708598871015249188e+02 2.728941879324357274e+02
2.823752820971664050e+02 2.833997633562009355e+02 2.803781867068761926e+02 2.829251777047296628e+02
2.654096382079588921e+02 2.650690362807637825e+02 2.640923938292688149e+02 2.654087536481947609e+02
2.772586987954825304e+02 2.784210152955433841e+02 2.754666021495800123e+02 2.783982414044653524e+02
2.701156433557960668e+02 2.715893368530236103e+02 2.689740002857158743e+02 2.720077389614801291e+02
2.590517334765370379e+02 2.592715806098304938e+02 2.578970363050506762e+02 2.596033469859796696e+02
2.584294442240120020e+02 2.587641185970580295e+02 2.574914250821441897e+02 2.586520317439101859e+02
2.558417468938157526e+02 2.564510923662836035e+02 2.557277836145255492e+02 2.567364869780205368e+02
2.567189378573078216e+02 2.568280787580005722e+02 2.560601498616788376e+02 2.570755827699597376e+02
2.577730754613218096e+02 2.578812286457603591e+02 2.568022924445996296e+02 2.584878833569292169e+02
2.640819403016123488e+02 2.646615143332023194e+02 2.628213585852598158e+02 2.650100180596047608e+02
2.602359413453752950e+02 2.603499757828860197e+02 2.594205046713299225e+02 2.603440695922610644e+02
2.561294082734326594e+02 2.558155007287460023e+02 2.553300775046165256e+02 2.564409425459633098e+02
2.795687440080614010e+02 2.811722129852803960e+02 2.780618658354636068e+02 2.802566748365343869e+02
2.585664156515023251e+02 2.586378288985534937e+02 2.575721235540988232e+02 2.590086438630149246e+02
3.028540172806954160e+02 3.027781371704170965e+02 3.021841543619273125e+02 3.031714403776796871e+02
2.516264798182385789e+02 2.513566542822455290e+02 2.500980338288816824e+02 2.520103530160237142e+02
2.645902099840549795e+02 2.646373025327588948e+02 2.638236082285864086e+02 2.644757530075542604e+02
2.731681846921001124e+02 2.738302042181074398e+02 2.713327568729170594e+02 2.739948599699825422e+02
2.558177207321360527e+02 2.565541501427624667e+02 2.555127568631309032e+02 2.564005654632651954e+02
2.890510070613295284e+02 2.896690448112054810e+02 2.879360529462282443e+02 2.892811030365517695e+02
2.606876474178228023e+02 2.611360481408423198e+02 2.595685009159889773e+02 2.607403014298035941e+02
2.641849395737766031e+02 2.646721440714215987e+02 2.635016577831216864e+02 2.648313433024107439e+02
2.646415906336286525e+02 2.652131609706179916e+02 2.640998339186939461e+02 2.652157160423849973e+02
2.578059451841874647e+02 2.582775754600277764e+02 2.576837867707254759e+02 2.580048944059853397e+02
2.721294662094642831e+02 2.723840509127757628e+02 2.696763260540302554e+02 2.728089249508492458e+02
2.641194155314519776e+02 2.643980761654914318e+02 2.632040142524080579e+02 2.652793493658586499e+02
2.907718658796470663e+02 2.901461039634246504e+02 2.883622831748165822e+02 2.904727208846759368e+02
3.011156679912268146e+02 3.006601645134789464e+02 2.987113110880806062e+02 3.006696777174329895e+02
2.578772049166811371e+02 2.579965754770823310e+02 2.569019108236850002e+02 2.577505791178289201e+02
2.689989631822648448e+02 2.701788436658512182e+02 2.676857261190582449e+02 2.693748142415806228e+02
2.609627553282354597e+02 2.616870140439776264e+02 2.597246138686138579e+02 2.619161349323020431e+02
2.587909014256458704e+02 2.589030128851736094e+02 2.580876005093585945e+02 2.589994140543510071e+02
2.682122532753127757e+02 2.694690996226354969e+02 2.671062678921067004e+02 2.691946231022546385e+02
2.643199363702965456e+02 2.645023084540428044e+02 2.631267929608117129e+02 2.644562123340560333e+02
2.597058082893333903e+02 2.595584087033827814e+02 2.596933777594099979e+02 2.602394306782920239e+02
2.593172775726922055e+02 2.592784563740192425e+02 2.584333441817786934e+02 2.591441011633300491e+02
2.571739002310263231e+02 2.569383778861563314e+02 2.557383103579382464e+02 2.577236485271984066e+02
2.667148126954584200e+02 2.679179760346431749e+02 2.643619971622730418e+02 2.674303238845282635e+02
2.999814505801080031e+02 3.001868679678247531e+02 2.986142250260350011e+02 3.006728006753149884e+02
2.571925662183042505e+02 2.576944106226614508e+02 2.566961235347521324e+02 2.570710995971107309e+02
2.637504528438147418e+02 2.638771991660975118e+02 2.629464855415612305e+02 2.638896791692591250e+02
2.591046477333200073e+02 2.592979762774430128e+02 2.582720013560665961e+02 2.592328898290313646e+02
2.601123829928625355e+02 2.601466524840249690e+02 2.596078239925643061e+02 2.605513272206643478e+02
2.796500045283729605e+02 2.804597062515424568e+02 2.761385447103947399e+02 2.798204673430487901e+02
2.923146041476812798e+02 2.916437208933282363e+02 2.895280543346485729e+02 2.911150831317497136e+02
2.675022655384017298e+02 2.673542470243520484e+02 2.662150975672042819e+02 2.677184912075377383e+02
2.591541740564634324e+02 2.600000598638860083e+02 2.581819839019180449e+02 2.600360253350959283e+02
2.774886927417171023e+02 2.774721291423779803e+02 2.754618480583858968e+02 2.777793116411763776e+02
2.607877795469431703e+02 2.606229726634078361e+02 2.600473097122252852e+02 2.607109900098104731e+02
2.622742889640286990e+02 2.629460771272925967e+02 2.614766132991617837e+02 2.628926119774578183e+02
2.617011378740718328e+02 2.615855182425929115e+02 2.599368997702208048e+02 2.618315725845995985e+02
2.662806785919046320e+02 2.670622065684420932e+02 2.654982993856677922e+02 2.676777787677276024e+02
2.651776446844079373e+02 2.655385662543101262e+02 2.642476333275849925e+02 2.658479590986420362e+02
2.730847049684544459e+02 2.728312182592546264e+02 2.709417096800422655e+02 2.734137165331084134e+02
2.605695436146050383e+02 2.602401252606394451e+02 2.596765777895946030e+02 2.603239820736798720e+02
2.577105084347799107e+02 2.581423883846935610e+02 2.569778643084878809e+02 2.581059344315263502e+02
2.631080028991710833e+02 2.642735404760400115e+02 2.615612233680361101e+02 2.637250439419885311e+02
2.965375114921293971e+02 2.954724726015919600e+02 2.945570660758285157e+02 2.958272679704803636e+02
3.020110541938177562e+02 3.026827388930129814e+02 2.999943878326031950e+02 3.014485401305894356e+02
2.607863632713609263e+02 2.603347817680498792e+02 2.599797954660674577e+02 2.608713501898899949e+02
2.615849307293574384e+02 2.611398265915025831e+02 2.606516062288994817e+02 2.622831089054589029e+02
2.576360616541948048e+02 2.576270548588277620e+02 2.559536937016297315e+02 2.578672816807958270e+02
2.588537753795213234e+02 2.591430226265066494e+02 2.586639595209965137e+02 2.593295792753721685e+02
2.920859633330355791e+02 2.907992496718989628e+02 2.883642652789891940e+02 2.908227378120142248e+02
2.568684679377985276e+02 2.575543691760781257e+02 2.565999417562452436e+02 2.573217277786383761e+02
2.785259310782888065e+02 2.790830263966696521e+02 2.774869854716125133e+02 2.795101094066602059e+02
2.994759833219030156e+02 2.989647638009757884e+02 2.979602911626091100e+02 2.973093047010360124e+02
2.685532332922952037e+02 2.683713815119772335e+02 2.667976369637357266e+02 2.684025813506843292e+02
2.605895078361481865e+02 2.610967804177021776e+02 2.598881795332105185e+02 2.609264931483709802e+02
2.594240060742687888e+02 2.602576492507654393e+02 2.590248750110073388e+02 2.601138143080756890e+02
2.708951178440569265e+02 2.705480437945845438e+02 2.676545510576663105e+02 2.709705072343466554e+02
2.602074366652074104e+02 2.604635357098435406e+02 2.594634345868615810e+02 2.605227861878813655e+02
2.593197429884277199e+02 2.595287780904035344e+02 2.589092219045450634e+02 2.596637309856718616e+02
2.576484249373331181e+02 2.579977024853808416e+02 2.571302176425581933e+02 2.580094971269523398e+02
2.625263018099478813e+02 2.637330887557969277e+02 2.610460730836718426e+02 2.632905926779711763e+02
2.622763839080100183e+02 2.625521876049988350e+02 2.611329210780631911e+02 2.627710356200893784e+02
2.578931845621917205e+02 2.586823145313079522e+02 2.570896238505295059e+02 2.589928025545004289e+02
2.543340448021758107e+02 2.545334288899934734e+02 2.529416500561549412e+02 2.544212509174842580e+02
2.928202210044361777e+02 2.927332251716835572e+02 2.908356028508193276e+02 2.925583704533231071e+02
2.632046381465949025e+02 2.633895670744129802e+02 2.623824791034413693e+02 2.638605145576395898e+02
2.613691440461059301e+02 2.615675550765832895e+02 2.605534483631975604e+02 2.614281512231934244e+02
2.617982712270871275e+02 2.620897190046855485e+02 2.602788024651555361e+02 2.625558288436436669e+02
2.665764209267513252e+02 2.666804196682538191e+02 2.645815072290573653e+02 2.673413861259050464e+02
2.605131235587407446e+02 2.610291465573403684e+02 2.597298253591513912e+02 2.610809354989335702e+02
2.682815916922386350e+02 2.672325057465992586e+02 2.656795237260650993e+02 2.685109437451965277e+02
2.666385546602338081e+02 2.667561587703328314e+02 2.648804585168920198e+02 2.668634797225211059e+02
2.668103226207225021e+02 2.672077380544675407e+02 2.650792051409562191e+02 2.678454786443256808e+02
2.586726824780660081e+02 2.588767510698241949e+02 2.577411021946188043e+02 2.588210500400534215e+02
3.057404959525786126e+02 3.066083934119319565e+02 3.054322673611578125e+02 3.046918008943823679e+02
2.610165036612952463e+02 2.609055909451642492e+02 2.597543269620980482e+02 2.615308285720530534e+02
2.642001642751769168e+02 2.641764014731868428e+02 2.626320648252555543e+02 2.648067121353813604e+02
2.579301847738391302e+02 2.581815505212381936e+02 2.576359262757360966e+02 2.585012385414492542e+02
2.660811294925136963e+02 2.666588061430470589e+02 2.654921562476226882e+02 2.670279220558492170e+02
2.593709088767199660e+02 2.595707428330554194e+02 2.584982607379450883e+02 2.593572669765150067e+02
2.597509866162134813e+02 2.599151073345561826e+02 2.594705546534871132e+02 2.596924405584529723e+02
2.835998472443303626e+02 2.828064109034917806e+02 2.798968708783836519e+02 2.825334432499938657e+02
2.948190238448927971e+02 2.952516778969952611e+02 2.934734434610893459e+02 2.943854465197879904e+02
2.565685740935176113e+02 2.576038763802757785e+02 2.564611250592259921e+02 2.572977635499929647e+02
2.784583224944375957e+02 2.801449931211295734e+02 2.779990456772944754e+02 2.803874381765871249e+02
2.809592352983140700e+02 2.816641155520060806e+02 2.784700382167047792e+02 2.811369179245070313e+02
2.584803522978631918e+02 2.593587638528096591e+02 2.577807852253157535e+02 2.593720566713832341e+02
2.905403668624526858e+02 2.905830978160977907e+02 2.884532218442254816e+02 2.899421354450054196e+02
2.564540192345007767e+02 2.566760032093223458e+02 2.559037440022038936e+02 2.567741491463020225e+02
3.058194542608925417e+02 3.056987611789062953e+02 3.044410622914188593e+02 3.043149967649015366e+02
2.573534374169361172e+02 2.577033922375790098e+02 2.569658705795028482e+02 2.574845836022960839e+02
2.526680066446216699e+02 2.529948445667613157e+02 2.518273982977711114e+02 2.530739970839816806e+02
2.676131858904048499e+02 2.681541325761031658e+02 2.662181166447577993e+02 2.689207987274849074e+02
2.541302463418601008e+02 2.548800840239860008e+02 2.543240997100547531e+02 2.547039388819865451e+02
2.628192873421583613e+02 2.636517964299817436e+02 2.619243965614091962e+02 2.636670292866440377e+02
3.040321122966503253e+02 3.046477165628646162e+02 3.032165904021211986e+02 3.047277636519663133e+02
2.637524164364216972e+02 2.642986118908360709e+02 2.626493487268456875e+02 2.648877392004892499e+02
2.606969855682715433e+02 2.609633638476631177e+02 2.594114800113761703e+02 2.613994495787245569e+02
2.578781562569270704e+02 2.584022851246143091e+02 2.575389627965325872e+02 2.580389930733397250e+02
2.539839177990523922e+02 2.541183585360478219e+02 2.527089391990026570e+02 2.544903258223434364e+02
2.535314512490867287e+02 2.544291808108091857e+02 2.528703048577581853e+02 2.541483742112003767e+02
2.620689126023099220e+02 2.622336986834006893e+02 2.618675011845081713e+02 2.627372738987630214e+02
2.590372748187004959e+02 2.596285066465021032e+02 2.596259156242375070e+02 2.599615593963335414e+02
2.592654185809186060e+02 2.597226428625041308e+02 2.588342185547997474e+02 2.600415372259184323e+02
2.670000898609033015e+02 2.678680501733553001e+02 2.646494585501213805e+02 2.669325236359530891e+02
2.715691703692154420e+02 2.720023768395496404e+02 2.688782126766295733e+02 2.732188785338225898e+02
2.541572705757654660e+02 2.545765357164836757e+02 2.532603556294330645e+02 2.547870917731231657e+02
2.516485604994695393e+02 2.513303340640720194e+02 2.502259441999690353e+02 2.519192462140117357e+02
3.023353551455479646e+02 3.011005893861583331e+02 2.999946762797047199e+02 3.008331024707691199e+02
2.653345887453482419e+02 2.649755058061425075e+02 2.630497180334253926e+02 2.653453313146794130e+02
2.565306808156050806e+02 2.564290801916139912e+02 2.562685214207791091e+02 2.569762457660386303e+02
2.623060687318536566e+02 2.620297672175242383e+02 2.611076266126734708e+02 2.624691558634859234e+02
2.568610271774268199e+02 2.571336112137216219e+02 2.561589708278158355e+02 2.574892463727253471e+02
2.604934427931868299e+02 2.600484563637177757e+02 2.594419277660849161e+02 2.602297763743022756e+02
2.790404386190622859e+02 2.789085575924514728e+02 2.772383946054865191e+02 2.786050153084769931e+02
2.607612372515512220e+02 2.608155169771317787e+02 2.606346179607274394e+02 2.612958656481498565e+02
2.712858457822911191e+02 2.721180205588628951e+02 2.705178030242790896e+02 2.714878012345889147e+02
2.723448486656269552e+02 2.725470254576485445e+02 2.707724458012096989e+02 2.733555981279089906e+02
2.638054586667009289e+02 2.638103061680336054e+02 2.626630793427970048e+02 2.639787133827665571e+02
2.638722364300948016e+02 2.643760902934691330e+02 2.630888304808645444e+02 2.646876414444152488e+02
2.568639748570719235e+02 2.569914547416704522e+02 2.560338901030839907e+02 2.568734373986843025e+02
2.545233024509350344e+02 2.547699690882231209e+02 2.536471589046302597e+02 2.547427207145412638e+02
2.831009480864938723e+02 2.835802598787682882e+02 2.796034803807779667e+02 2.832434159631761190e+02
2.774781447374873551e+02 2.777068276029644380e+02 2.759975582659233737e+02 2.786445513013723030e+02
2.694766530954480004e+02 2.706655824633061229e+02 2.680904131318318377e+02 2.700115074039746332e+02
2.617379833872925019e+02 2.614382899379218657e+02 2.606022164031936654e+02 2.621289126097021267e+02
2.719737000544670309e+02 2.728414411069133507e+02 2.697948830418041553e+02 2.724522337095057196e+02
2.522574903726088280e+02 2.521995076451357818e+02 2.513049097099973324e+02 2.524911663891355147e+02
2.752323806557271837e+02 2.758609234452658825e+02 2.730716317260032042e+02 2.759119823627259507e+02
2.562270131335166639e+02 2.561599897411834945e+02 2.551348367871783012e+02 2.564267091768491582e+02
2.695726781626375441e+02 2.708203129165660812e+02 2.680928650324486853e+02 2.704450507970387889e+02
2.591117695634831080e+02 2.589809042549939022e+02 2.590492164384131684e+02 2.594015675034902983e+02
2.774219430173605474e+02 2.776494843440020759e+02 2.757928964298879464e+02 2.778282457079687902e+02
2.609340696118334222e+02 2.617822767566001403e+02 2.597375905999822407e+02 2.621275882739267331e+02
2.685049077310662256e+02 2.690086429986428698e+02 2.668970012274685928e+02 2.688474872997958300e+02
2.560476577996686274e+02 2.561216490777784998e+02 2.550350659386501491e+02 2.560309082153315217e+02
2.618392430269809097e+02 2.618013200873139112e+02 2.614088129726087004e+02 2.625400688373379126e+02
2.885896125327018922e+02 2.882948165739178421e+02 2.864047735963937953e+02 2.883024085722614132e+02
2.600778959460000124e+02 2.599758427695860519e+02 2.594583544907867463e+02 2.602502310599360840e+02
2.598642301113549706e+02 2.596864209614404331e+02 2.591017095989828931e+02 2.598996223897639197e+02
2.567802133456239631e+02 2.567272536375994605e+02 2.567332275821652274e+02 2.564357706761970803e+02
2.545948615952791272e+02 2.550938810495798634e+02 2.538471850919208919e+02 2.550492255844511362e+02
2.564796576237621366e+02 2.570792808244248135e+02 2.549960596955774008e+02 2.578456300742063263e+02
2.649776704331111432e+02 2.647195471265371793e+02 2.635488536951335732e+02 2.648105054090692079e+02
2.601996420133361312e+02 2.605754244235877195e+02 2.600092316436524698e+02 2.601534392619040545e+02
2.828573733935318160e+02 2.825534225623740099e+02 2.806566232031966592e+02 2.819682525680465801e+02
2.701949234499635963e+02 2.706732768485821339e+02 2.681750769412925024e+02 2.710267691469924785e+02
2.660859404647542306e+02 2.658162734099655609e+02 2.646601901818162332e+02 2.658312704400207735e+02
2.533416994564099127e+02 2.530020731976385093e+02 2.519391496607417196e+02 2.533644248954218483e+02
2.635517616156593022e+02 2.634700187115664676e+02 2.622120249760380943e+02 2.637199894267528748e+02
2.681249890674457674e+02 2.682664759812678312e+02 2.662877486874562010e+02 2.684304369918457382e+02
2.721741813840171176e+02 2.723528673784551870e+02 2.700378119422987311e+02 2.717248561891950089e+02
2.590713874046346632e+02 2.588224121994805955e+02 2.580710224343662276e+02 2.589306872012032272e+02
2.770710304225352729e+02 2.782811181322714447e+02 2.746437222040455595e+02 2.776195384044463026e+02
2.813073470655434107e+02 2.809193091738989665e+02 2.788589682018238705e+02 2.811454615021873451e+02
2.601360121709331565e+02 2.601499174144688595e+02 2.598046079456523785e+02 2.609586408633345513e+02
2.761732811121401596e+02 2.774436762619299088e+02 2.749936318600080654e+02 2.772319481692630347e+02
2.628132990821226826e+02 2.627234938052068287e+02 2.617694498636694789e+02 2.628882534307020933e+02
2.617464275354612369e+02 2.613869260695395269e+02 2.606818453690286219e+02 2.613632929010664157e+02
2.621881080475507133e+02 2.622474929691341003e+02 2.606937552831469702e+02 2.627264197827418570e+02
2.736981096790619858e+02 2.747789975143397783e+02 2.727375757457764394e+02 2.746166479832501182e+02
2.601777867119911889e+02 2.607157811822311828e+02 2.581968305000179384e+02 2.607708402207954919e+02
