2.592825874295162407e+02 2.596460242595409227e+02 2.585791872339512452e+02 2.594549416859413782e+02
2.664390812046384553e+02 2.677476788008288509e+02 2.643531043906887135e+02 2.684508575118801446e+02
2.596245980585683242e+02 2.587877999414404258e+02 2.582579366573164634e+02 2.603466746939864720e+02
2.608265924477017847e+02 2.609910213311800362e+02 2.606674967416733466e+02 2.610683119547846331e+02
2.597993556722317408e+02 2.601729357555181537e+02 2.597234160604901376e+02 2.604226322976268193e+02
2.586457178289636545e+02 2.583023929675571821e+02 2.583810469779724031e+02 2.585447996454200279e+02
2.614991015669202170e+02 2.613711048744875711e+02 2.597179746692507365e+02 2.617405558367361778e+02
2.633116724451165851e+02 2.638648791420377506e+02 2.633117307596917840e+02 2.639602341259811737e+02
2.689775755790847711e+02 2.687677400103565333e+02 2.675933976157713232e+02 2.690409908055598862e+02
2.904548441073927734e+02 2.892402508156918657e+02 2.878655975799686644e+02 2.900898395653865691e+02
2.648698771732538262e+02 2.651772971547832185e+02 2.624074619081721949e+02 2.650901501496271067e+02
2.678271309141910024e+02 2.671405945955063999e+02 2.671068176261655367e+02 2.678357661697916114e+02
2.653967022439693437e+02 2.663101226318538011e+02 2.644565301981107837e+02 2.660600683014205856e+02
2.848517939906068364e+02 2.847198602720013696e+02 2.824941371301842992e+02 2.848064949134879953e+02
2.584130866532693176e+02 2.579604506647497715e+02 2.576653780776412646e+02 2.582698657745850710e+02
2.835867626890082533e+02 2.827007435349601678e+02 2.812387064860242276e+02 2.831139463313274405e+02
2.618458748416022104e+02 2.615057248299140156e+02 2.616383727331426599e+02 2.616329955246648638e+02
2.619619051697647478e+02 2.620283490181335537e+02 2.610223078399812948e+02 2.619420711204852523e+02
2.655044570997745268e+02 2.658682366928455849e+02 2.653665816121866783e+02 2.657686690768234712e+02
2.965704705331324362e+02 2.976233426618919111e+02 2.953581742574154987e+02 2.968083390033468731e+02
2.804497127305825757e+02 2.811628863878864877e+02 2.788521705339247205e+02 2.810884041841580938e+02
2.563589851928429653e+02 2.562176374225508084e+02 2.559570941370050718e+02 2.561625348615893358e+02
2.655370431369183848e+02 2.661599602901120534e+02 2.649327323053051373e+02 2.659624315869850193e+02
2.661375717295300660e+02 2.651169103451801448e+02 2.640588434120466559e+02 2.661756241862908041e+02
2.577599084484063496e+02 2.574257026999019331e+02 2.563875276971827475e+02 2.570998304296319930e+02
2.583718470691819107e+02 2.575754936997141158e+02 2.569446144221342934e+02 2.584142752095875721e+02
2.617560293361445929e+02 2.615239408316308527e+02 2.612504295067000726e+02 2.620455311362700286e+02
2.616064747189898299e+02 2.620901859742258466e+02 2.612986422818797223e+02 2.618654676778288604e+02
2.633401582972616666e+02 2.633608946262442032e+02 2.630996065532121406e+02 2.634595793080406452e+02
2.602906431302791361e+02 2.604251333729508247e+02 2.595764096881963496e+02 2.601574746048378870e+02
2.583457313968818880e+02 2.583930335359963237e+02 2.579849317474262875e+02 2.586341614804669007e+02
2.618345473616156482e+02 2.617248652721139024e+02 2.607306365901881122e+02 2.623944688055816528e+02
2.585173480908831039e+02 2.588317210655745839e+02 2.576658487529522290e+02 2.586998943641921755e+02
2.627501698810016251e+02 2.622830216252241939e+02 2.619616121501559860e+02 2.621695533568184260e+02
2.592248091672511237e+02 2.594382030957823417e+02 2.590466041745445409e+02 2.594396373179525881e+02
2.702996813290616274e+02 2.705027825672862036e+02 2.685737115114928883e+02 2.713976780681974219e+02
2.783021794230731416e+02 2.780339296102131357e+02 2.767060424172913145e+02 2.783833430259060719e+02
2.578629638406802655e+02 2.582344177669820056e+02 2.578058908975112899e+02 2.580452680893740194e+02
2.767029055597569140e+02 2.763155991301312611e+02 2.740864239153156063e+02 2.768053547347449239e+02
2.586307250469432688e+02 2.591454114347588416e+02 2.579759250395424033e+02 2.587734264405320914e+02
2.627404469178019895e+02 2.629091140301943597e+02 2.625428085854638312e+02 2.632226983309128059e+02
2.714786885803220571e+02 2.711976104785095458e+02 2.700046181438690382e+02 2.720811918273013248e+02
2.611561328889000038e+02 2.609098633754985599e+02 2.607979366677864732e+02 2.612708741847553711e+02
2.584254935842277519e+02 2.585185144948193852e+02 2.585792455115202415e+02 2.586776158661713794e+02
2.608360635591414507e+02 2.614568200908104245e+02 2.595258503399844017e+02 2.615988029976562075e+02
2.827464358630977586e+02 2.826306772895107429e+02 2.797292345970628844e+02 2.826426811046439411e+02
2.691108522663967051e+02 2.699071290468098141e+02 2.684400739017478372e+02 2.699637338420193942e+02
2.668262610028108952e+02 2.667680301863662748e+02 2.660253175693958383e+02 2.673192309049848063e+02
2.680666250954316183e+02 2.677844829768155819e+02 2.675673702287775768e+02 2.681314278201279535e+02
2.643478162961210955e+02 2.642176309116902075e+02 2.632336412477685599e+02 2.649768653315112488e+02
2.728110099329599620e+02 2.737234397906933054e+02 2.710458409829245738e+02 2.731292470657593867e+02
2.623102379383462903e+02 2.623494588155004408e+02 2.612126701689617789e+02 2.624369731437844280e+02
2.879787314550436008e+02 2.886828487647838983e+02 2.860415271278621958e+02 2.870801360080591280e+02
2.603120300235051445e+02 2.610219346511826757e+02 2.599437660342948675e+02 2.611463370857325685e+02
2.603035234253716794e+02 2.603046366191591687e+02 2.597001505708005311e+02 2.604272962711428931e+02
2.896871978265141934e+02 2.903211357979774903e+02 2.879925643153395072e+02 2.890775641564379725e+02
2.625454447418723589e+02 2.625340646560019309e+02 2.610504991307046225e+02 2.633693040634927343e+02
2.997456613800549690e+02 2.997653163445196469e+02 2.994352693429778469e+02 2.987972420132481375e+02
2.813446067032953692e+02 2.826369136485179752e+02 2.795987125002706648e+02 2.819595306121296403e+02
2.659301156051466819e+02 2.662154169800418799e+02 2.648527921591795575e+02 2.664312043689557186e+02
2.529823604588530088e+02 2.531588631477853255e+02 2.523724981163524603e+02 2.528202262830295126e+02
2.574263224185098693e+02 2.577516825275654355e+02 2.571762224611460397e+02 2.577861844264469937e+02
2.623531960951528390e+02 2.623751522735745993e+02 2.630770017214896370e+02 2.626021080104521275e+02
2.603932609489731362e+02 2.603087331521339820e+02 2.596227729118654111e+02 2.611769811280594240e+02
2.735891366721725149e+02 2.738075696428803667e+02 2.718082093187255168e+02 2.737094531403140536e+02
2.699993634693390163e+02 2.707945503767031710e+02 2.679141884326304535e+02 2.706404669299471379e+02
2.659850121589802825e+02 2.669891567920726629e+02 2.647402885070493426e+02 2.664194121405408282e+02
2.645592828624279491e+02 2.639052537020662612e+02 2.642242523997917374e+02 2.637578164061212647e+02
2.650814081043187116e+02 2.653001689911016001e+02 2.631532507725742107e+02 2.653806120842197629e+02
2.566083336489907651e+02 2.569819302952454905e+02 2.558920666598731941e+02 2.569787745936951069e+02
2.593552847701890300e+02 2.590077125415458568e+02 2.586900756185687555e+02 2.597584697357496566e+02
2.743649863974383152e+02 2.759124988395100218e+02 2.724095706628693279e+02 2.750131733863047430e+02
2.609316004837727405e+02 2.610479771475990560e+02 2.593159441437628630e+02 2.616509448038994492e+02
2.685793297284661776e+02 2.688136914158157538e+02 2.665815004944049065e+02 2.691236567707508129e+02
2.586931945405691522e+02 2.590920189102156996e+02 2.576290270589606735e+02 2.593921731053696931e+02
2.948305660887690465e+02 2.947635183721609451e+02 2.923648610880239858e+02 2.936485932891685025e+02
2.921809799322818435e+02 2.914361081211048372e+02 2.903322077977563822e+02 2.917613740901514348e+02
2.749349364949445658e+02 2.737241895993115577e+02 2.723071744036122936e+02 2.750358775501803166e+02
2.630273072053345231e+02 2.630569904572193423e+02 2.616525912305708630e+02 2.632867039495714607e+02
2.614937536019254480e+02 2.618711150467274820e+02 2.608710792478133840e+02 2.612304508324087919e+02
2.639056570698983251e+02 2.653686463488381264e+02 2.647438897961296789e+02 2.640958053453739467e+02
2.641611950834208642e+02 2.647723375453550148e+02 2.638254959856051869e+02 2.645800599562323896e+02
2.607574435311950651e+02 2.605160180143208208e+02 2.598265719593865697e+02 2.604368575323729260e+02
2.866873333690155619e+02 2.880296091775116452e+02 2.846832346204759006e+02 2.860956643031822750e+02
2.636996909970262095e+02 2.644968749687995455e+02 2.633885906124588132e+02 2.645659997489269131e+02
2.648758273487480892e+02 2.646538434772775190e+02 2.643576390906584379e+02 2.649707549680231295e+02
2.595198511007292268e+02 2.592292194558419851e+02 2.589800554484331201e+02 2.596798528837207982e+02
2.674972537812071209e+02 2.666515929069524304e+02 2.660001975982578983e+02 2.675372949036442947e+02
2.959872007763906936e+02 2.967914335176118357e+02 2.946122768590624901e+02 2.950663963698605698e+02
2.575452599065575328e+02 2.577378689982263040e+02 2.566206460716388165e+02 2.575112862679596901e+02
2.731333646994241917e+02 2.727137920116448981e+02 2.711501111408037445e+02 2.724370605460118782e+02
2.602862103095202997e+02 2.598365028459352857e+02 2.597491823498344274e+02 2.604790857456499680e+02
2.681419249909993709e+02 2.688409610460665249e+02 2.667515120595136295e+02 2.688451798115235647e+02
2.627198083964053126e+02 2.628645097674482258e+02 2.605011846287562776e+02 2.632113652490621121e+02
2.603970980835920841e+02 2.608179278488311184e+02 2.597546097564992920e+02 2.614063058442748115e+02
2.585118742018229341e+02 2.581855687709716562e+02 2.578714570116354707e+02 2.583988366266302137e+02
2.609889324306403751e+02 2.617408724435085787e+02 2.608438771449715432e+02 2.621175432615243608e+02
2.616637549617273635e+02 2.616622451226769499e+02 2.611207049744296000e+02 2.619815909965105902e+02
2.674770794441123485e+02 2.682985330990267698e+02 2.661020197757202936e+02 2.683092712519531915e+02
2.816640333563770469e+02 2.819415661309984102e+02 2.803085022257449737e+02 2.819374585738908650e+02
2.641788455213621774e+02 2.639533532221312271e+02 2.635507497399554495e+02 2.644726580236044242e+02
2.597161375915719077e+02 2.599539520756474644e+02 2.590614360120895867e+02 2.598431549693034412e+02
2.675920411898451334e+02 2.672921840309315371e+02 2.661794449627095105e+02 2.670174427778082986e+02
2.626449622707252729e+02 2.626290363448228504e+02 2.615680089741662186e+02 2.627053796983488496e+02
2.606016860384489746e+02 2.603444765455066090e+02 2.589692991046464954e+02 2.604630707972658001e+02
2.778357015058231809e+02 2.777730986744605275e+02 2.753643582691903475e+02 2.782629015273225832e+02
2.576093030128075156e+02 2.572470580026334801e+02 2.570060572156939429e+02 2.576000636578772287e+02
2.671072319702225855e+02 2.676090514631324027e+02 2.659058235390768345e+02 2.671093692362211982e+02
2.853788606546123674e+02 2.849852233907769232e+02 2.834350311886194618e+02 2.854201499860645299e+02
2.859200521008150986e+02 2.862827688849100696e+02 2.841835551070717543e+02 2.855865198108285767e+02
2.578292866839829003e+02 2.577103584507119649e+02 2.579024364480123950e+02 2.578634674546470933e+02
2.591826940316939840e+02 2.594185475105109617e+02 2.589138971389975836e+02 2.593484005701267279e+02
2.605367005441066226e+02 2.610129191381258238e+02 2.606445594331351003e+02 2.608886464135375718e+02
2.601568106023397036e+02 2.609510650228691588e+02 2.598977361089618512e+02 2.601072521978314285e+02
2.794301091602940801e+02 2.799548057253974775e+02 2.772777091635117586e+02 2.792214229037510904e+02
2.670908808389476121e+02 2.675399951606615900e+02 2.660138460162757497e+02 2.674441630463321644e+02
2.782745321128768978e+02 2.779614430700725052e+02 2.754741386470321913e+02 2.775678600150952207e+02
2.676496532987225692e+02 2.684906674032400247e+02 2.661667051425888531e+02 2.684532157211959884e+02
2.592463692002323796e+02 2.598375639317786181e+02 2.592116932830668929e+02 2.593829553671261010e+02
2.930927120941362318e+02 2.937094488842592455e+02 2.914960159707570710e+02 2.917333315624437660e+02
2.619180321921556924e+02 2.628441052679454515e+02 2.606700167258517808e+02 2.627138498588141147e+02
2.636592745368465103e+02 2.638049680712267673e+02 2.634072690121216738e+02 2.643577607212852172e+02
2.997508511536902915e+02 2.993819681948776861e+02 2.995656195491505969e+02 2.989059270699389117e+02
2.656173460369764712e+02 2.667684833391122652e+02 2.649306711615595873e+02 2.670278210342056013e+02
2.633704355850110801e+02 2.638409100020291476e+02 2.620814978246631313e+02 2.632399701483959689e+02
2.661735685120655148e+02 2.667119775965372241e+02 2.646754748578613885e+02 2.663734133524244498e+02
2.594406215850897297e+02 2.594398709595238870e+02 2.588921306974852428e+02 2.590861606598811022e+02
2.672334202085546622e+02 2.679671996373491538e+02 2.663381843875903883e+02 2.671539922309013946e+02
3.050842333927231493e+02 3.041247354295856553e+02 3.042103309670668523e+02 3.039800871635978297e+02
2.579432117289330790e+02 2.584206547003922765e+02 2.573819765714900996e+02 2.582209629102018766e+02
2.654537430087616485e+02 2.653920266594079749e+02 2.643593870399744787e+02 2.653753383547935414e+02
2.618233052895564015e+02 2.624154485749944570e+02 2.605806385582769167e+02 2.627486959475664889e+02
2.613036486863296659e+02 2.622900347895940740e+02 2.607619138396856897e+02 2.625147131219683843e+02
2.620823375177205321e+02 2.624144304549169533e+02 2.626885935288629526e+02 2.624551201698483851e+02
2.678377676774575207e+02 2.683870524825195503e+02 2.672199129033583063e+02 2.692730104856366324e+02
2.630291971105687026e+02 2.636651163330163854e+02 2.626971219127094628e+02 2.633091783609085610e+02
2.595034589542389085e+02 2.598634555898108260e+02 2.591150692751319866e+02 2.596644735458615401e+02
2.578942616336276501e+02 2.575532996117181597e+02 2.569086923656025760e+02 2.580999476573152265e+02
2.591451489159478569e+02 2.602446161229033237e+02 2.587560085044376592e+02 2.602390656983988038e+02
2.620980543507212701e+02 2.623741312193683939e+02 2.609061364560869265e+02 2.623848589343884896e+02
2.737937240630592441e+02 2.747630056576508082e+02 2.711313388045462034e+02 2.736562001955769574e+02
2.671596016826146638e+02 2.671608748416912817e+02 2.660077181713501773e+02 2.671432794315842898e+02
2.578589877835228208e+02 2.575205139996799062e+02 2.572368179445136320e+02 2.577073304894959733e+02
2.545697108169730427e+02 2.543560712846696106e+02 2.537009615349680018e+02 2.547562307960129999e+02
2.633308676601873231e+02 2.626431619902729722e+02 2.628473858528820983e+02 2.635958379620150822e+02
2.625299851018023105e+02 2.628483772557294174e+02 2.623651723533203608e+02 2.623600546842405947e+02
2.597134450122164822e+02 2.599124198459710442e+02 2.592814553196579936e+02 2.601115363977360175e+02
2.610387830712625714e+02 2.611357956968365670e+02 2.601033118947198659e+02 2.614502203716589293e+02
2.827623722876361398e+02 2.821036330766969513e+02 2.801263782366007717e+02 2.818439856833268777e+02
2.675565442669038134e+02 2.682406303122648978e+02 2.664329207893948137e+02 2.681140668730765242e+02
2.750641439689765093e+02 2.764910589784900026e+02 2.738511796989680533e+02 2.752654844086526396e+02
2.608246751141407458e+02 2.618383992508708502e+02 2.606602178898106672e+02 2.618757013508695763e+02
3.010840761159118983e+02 3.017327743741073505e+02 3.001077554580432434e+02 3.002301927817308069e+02
2.628718319581931837e+02 2.631178141951937732e+02 2.630139016044071809e+02 2.627146748155075784e+02
2.915837739742992767e+02 2.913355081863837768e+02 2.894206838591283031e+02 2.907048951902495446e+02
2.813898476453252897e+02 2.807618763243258968e+02 2.787668180332998986e+02 2.803764787302118293e+02
2.709476709910390468e+02 2.711062910645079000e+02 2.693437443516406802e+02 2.715004674264332039e+02
2.860496434192382367e+02 2.863872523844554507e+02 2.833306533832857212e+02 2.851667080620547949e+02
2.566620796032381122e+02 2.566458861460703815e+02 2.556993475972662111e+02 2.569598018412626175e+02
2.600324411333591570e+02 2.599336855007710483e+02 2.597608397514340481e+02 2.598393241849009883e+02
2.644516919211527579e+02 2.642265559747363568e+02 2.642237265222240126e+02 2.647473672350089373e+02
2.570080501138152727e+02 2.577443316681469696e+02 2.561935890012285881e+02 2.577318243719480506e+02
2.593489637848637130e+02 2.590893208762134918e+02 2.581356458776829754e+02 2.589364746875775722e+02
2.716730762270175319e+02 2.717833692391667455e+02 2.703211861259854913e+02 2.722802627880311661e+02
2.610366404562818161e+02 2.609946975607406330e+02 2.612591970244928916e+02 2.612062489337818079e+02
2.770653659402267976e+02 2.769792128250494443e+02 2.747178893261694270e+02 2.767379967171912654e+02
3.069025657765732831e+02 3.063760588030515919e+02 3.055346280541165243e+02 3.056084092901301688e+02
2.586880858344765102e+02 2.591073742247342011e+02 2.586681087299207888e+02 2.593230684945501707e+02
2.719983601564486548e+02 2.714782836772511132e+02 2.700243507476743616e+02 2.716521621917210609e+02
2.706224415627653457e+02 2.716781847866132580e+02 2.694908918720549309e+02 2.714175864405327161e+02
2.600205880178173743e+02 2.601013291510290060e+02 2.589358481502381437e+02 2.596795250787414489e+02
2.624347816613387749e+02 2.623971839559931709e+02 2.613543503623925517e+02 2.629920546228540275e+02
2.644924904979514508e+02 2.652453015723182261e+02 2.626202328714479108e+02 2.646026751356866953e+02
2.696187994442767035e+02 2.703894016996788991e+02 2.691319117749445695e+02 2.702265735923788270e+02
2.577824904939384965e+02 2.577398394061230533e+02 2.576687380425202605e+02 2.581501110159068730e+02
2.600773849959907693e+02 2.600264961981346801e+02 2.597253367295169255e+02 2.608238180802992474e+02
2.603358477988533082e+02 2.609405007552393840e+02 2.604629612531281850e+02 2.607759822431405610e+02
2.563256225283466847e+02 2.564466180932517432e+02 2.560476962234020561e+02 2.569653423523762967e+02
2.586692004332357442e+02 2.585852090572123529e+02 2.575075036194774611e+02 2.585080832674236717e+02
2.560770649735416669e+02 2.560380718095803445e+02 2.556338173097513220e+02 2.558655300233495780e+02
2.665995379013948536e+02 2.666379587478469944e+02 2.655747821827070538e+02 2.666273173592549028e+02
2.704138729884475083e+02 2.709774457795043645e+02 2.685874304432301187e+02 2.703844485342600024e+02
2.755688597124587318e+02 2.763880515700438991e+02 2.743379422911764323e+02 2.759014194689753481e+02
2.608331637312745102e+02 2.609597017279825195e+02 2.606505884888314881e+02 2.607447318972166954e+02
2.623779917465355425e+02 2.632817156097519842e+02 2.614161884027450355e+02 2.627073614838611206e+02
2.704164175672299280e+02 2.709815532661332327e+02 2.691810792380401267e+02 2.713709692399904156e+02
2.568229860717772794e+02 2.568423176451624386e+02 2.562915410224379116e+02 2.571233517179661021e+02
2.581983576159728955e+02 2.579481795139016072e+02 2.572653126503507792e+02 2.583058301451022203e+02
2.630266401023141043e+02 2.634388238914784779e+02 2.619438281667565320e+02 2.635990851670554775e+02
2.639299181805930061e+02 2.643325142289428413e+02 2.628132024662157846e+02 2.642985871845610859e+02
2.763383640855726071e+02 2.762881959196107005e+02 2.746608864611724812e+02 2.765878592667671683e+02
2.736124504297679323e+02 2.739346311435667758e+02 2.720594886746532666e+02 2.738357223801976374e+02
2.600529317674319145e+02 2.608113962692538621e+02 2.598883681385901241e+02 2.603592145033480278e+02
2.690626034761986034e+02 2.690049314957203705e+02 2.662360899367129718e+02 2.690170215392233217e+02
2.560108443987471674e+02 2.562986692859520872e+02 2.557497221005781682e+02 2.562539698261351191e+02
2.712373064873972908e+02 2.718926963722123560e+02 2.698352276712374760e+02 2.712636290136993011e+02
2.576892437695130411e+02 2.577563506036113381e+02 2.570112182286549114e+02 2.577354480936439245e+02
2.821554536054916866e+02 2.817222247758888329e+02 2.805092757965311989e+02 2.815308372870724725e+02
2.688547940160367489e+02 2.687925062021552094e+02 2.673336938127720259e+02 2.697507916555266547e+02
2.619751569222943317e+02 2.618929802445118185e+02 2.619837466984734533e+02 2.621585995360013612e+02
2.627589434268344348e+02 2.628565696304849553e+02 2.622586396665540178e+02 2.630242025391006564e+02
2.664262185531321165e+02 2.673235702132757865e+02 2.657790300412261217e+02 2.671552617819176021e+02
2.922655753484518186e+02 2.919220560892613889e+02 2.899630083284747002e+02 2.920876450429474289e+02
2.610219608550781913e+02 2.610084916885682560e+02 2.596472166306691065e+02 2.609899925249740704e+02
2.598184716645404251e+02 2.597829416932825666e+02 2.594530367803340596e+02 2.601265185475990620e+02
2.706980467330384386e+02 2.699533401787394382e+02 2.684890172176902752e+02 2.706539373213732915e+02
2.577107769844190557e+02 2.580723443504507486e+02 2.573815140323740138e+02 2.582283667687359525e+02
2.636678998733523827e+02 2.638159713543541898e+02 2.634352976734222693e+02 2.637381903135907919e+02
2.744460224478539772e+02 2.751166230728984488e+02 2.731500411952999912e+02 2.753415831936363816e+02
2.559918329064489910e+02 2.558512624738235957e+02 2.552480223515793512e+02 2.562056163379905342e+02
2.796958082093092912e+02 2.790589972104907019e+02 2.768049484418519910e+02 2.797436255756890660e+02
2.810030306378467344e+02 2.801748328653749809e+02 2.783874270056799674e+02 2.809059822353974596e+02
2.727769545013218249e+02 2.734374719072233120e+02 2.715298824520500602e+02 2.735806471037904544e+02
2.580307246286701002e+02 2.582688808729194534e+02 2.565526690568387949e+02 2.585126727896715124e+02
2.553166456205460975e+02 2.550250973671720942e+02 2.542200583349262217e+02 2.552090946537669254e+02
2.727148342614934222e+02 2.726306048136001436e+02 2.710095257853635644e+02 2.728848053338127215e+02
2.599084723080867434e+02 2.605987205477522366e+02 2.591227959246243131e+02 2.607978451145943950e+02
2.588261614273233704e+02 2.589376261214710553e+02 2.593542066704276863e+02 2.591499335116282055e+02
2.830965690631044254e+02 2.823083511221517483e+02 2.804480324581571153e+02 2.822797465702082036e+02
2.680614675093271444e+02 2.697255157122560263e+02 2.662645340845305668e+02 2.693832182595091354e+02
2.728370928037993508e+02 2.738505782638468986e+02 2.714680991301262338e+02 2.740672616257869549e+02
2.648018614978954588e+02 2.646036878478796552e+02 2.634486355323007842e+02 2.649303322606202755e+02
3.051258951490979143e+02 3.053835356211827730e+02 3.043416991042756763e+02 3.050718328834899467e+02
2.892501234257237570e+02 2.888221341877281816e+02 2.865982734876145059e+02 2.890347630865027782e+02
2.577659747296345358e+02 2.573737716376078879e+02 2.575325891828034628e+02 2.575885315895749272e+02
2.832923349773176369e+02 2.839110568855585939e+02 2.806838575193437464e+02 2.830975948780835552e+02
2.550039388888167196e+02 2.547423246412436413e+02 2.541085980783049934e+02 2.551906753022226724e+02
2.602252702734641048e+02 2.608412757437912433e+02 2.597692787169631288e+02 2.605550256296337466e+02
2.589038912041510798e+02 2.591924220020148368e+02 2.585024776267282505e+02 2.588959239283886973e+02
2.681479719598976885e+02 2.688917887223475987e+02 2.665864324198459485e+02 2.687945568334349673e+02
2.599121736128925590e+02 2.591103721742485959e+02 2.592718281910169367e+02 2.597188448600222159e+02
2.628675103871253214e+02 2.627704211003681962e+02 2.618586695868233392e+02 2.631261545778365303e+02
2.564529356316638200e+02 2.563189796085177363e+02 2.562492008858143890e+02 2.569946242151281126e+02
2.573391444905390699e+02 2.577448263023137542e+02 2.567145690559796094e+02 2.577949875350514617e+02
2.584833315395532622e+02 2.583246378150019495e+02 2.578673221104602931e+02 2.589230841253610720e+02
2.740945829414055765e+02 2.748228094729846589e+02 2.725257615489962859e+02 2.738217526171608256e+02
2.588789633791298002e+02 2.584864419925993957e+02 2.575771349517115141e+02 2.592495413991396163e+02
2.634714245517542963e+02 2.641232060881236521e+02 2.633561850013527987e+02 2.635042969757363380e+02
2.811710798691051423e+02 2.814212235715581869e+02 2.794350654504989393e+02 2.816216219750683649e+02
2.682185211307949544e+02 2.686353549224471067e+02 2.677193530652829168e+02 2.686227276413750360e+02
2.577138654457205007e+02 2.579156193559484791e+02 2.575611553163161602e+02 2.581507661827770335e+02
2.698163945590654862e+02 2.703234636613331077e+02 2.686710574927099628e+02 2.696973385997716264e+02
2.636194296211001529e+02 2.637126922403570575e+02 2.627342279999448920e+02 2.639467632313492800e+02
2.911226322818566814e+02 2.917536761965876622e+02 2.901052774306850779e+02 2.910465839192209501e+02
2.592072502822109072e+02 2.592436497255927748e+02 2.591168640952115538e+02 2.590933185219989809e+02
2.710482497140069427e+02 2.710813009922912897e+02 2.695283039724155287e+02 2.716564761450467813e+02
2.695767327283898567e+02 2.700714252794086860e+02 2.679515041820100691e+02 2.697903439632348181e+02
2.876444897939850875e+02 2.887945822388984425e+02 2.873696692944981805e+02 2.881883264066885317e+02
2.608918090464797501e+02 2.607272542747244870e+02 2.595836447313254212e+02 2.609831956967793190e+02
2.622117874945791414e+02 2.620733178063243827e+02 2.606282162265967486e+02 2.630604378749023908e+02
2.703381066610722883e+02 2.713682852122814211e+02 2.688780518166295224e+02 2.707940602383330884e+02
2.739959700229589430e+02 2.741375006602920053e+02 2.722767562314952556e+02 2.745350059683412951e+02
3.048773002932942404e+02 3.038792719643998339e+02 3.043135472693478505e+02 3.040043445856391600e+02
2.969500503754371152e+02 2.964530191913224257e+02 2.947099043122005924e+02 2.962951620088831532e+02
2.605006397031089591e+02 2.605554329412106540e+02 2.596101569078152806e+02 2.602156195555358522e+02
2.620975090425138205e+02 2.624562502583065680e+02 2.617859127419294509e+02 2.623851310485935073e+02
3.032006541304406824e+02 3.035222837852845714e+02 3.030643931002867362e+02 3.030775474697107370e+02
2.794771958386062920e+02 2.798244038299107501e+02 2.767910051850416266e+02 2.794968253158908169e+02
2.559635053455926652e+02 2.566090897960359598e+02 2.555404837715166479e+02 2.566235263927461574e+02
2.559286547249959085e+02 2.556751586268523226e+02 2.554263527887308101e+02 2.561956013427154630e+02
2.637098589478126200e+02 2.635414768297457044e+02 2.636481834168880596e+02 2.628505116378445337e+02
2.862186177782460845e+02 2.867243479001012929e+02 2.833857844778235062e+02 2.861686049740665680e+02
2.831231552903760758e+02 2.833216195787716742e+02 2.817446538654627943e+02 2.842696815262528389e+02
2.604897605141819668e+02 2.605176362377758892e+02 2.604600418196437772e+02 2.610179090795708703e+02
2.609483051788119496e+02 2.612068665075114495e+02 2.612756689494797797e+02 2.607545194198261242e+02
2.703155688787217628e+02 2.702101322007245017e+02 2.689476376980683199e+02 2.707940088434306745e+02
2.642021195672121507e+02 2.651133482846863672e+02 2.633208375722359733e+02 2.655204891700286680e+02
2.579693570249102095e+02 2.580400950541467182e+02 2.572253791716265141e+02 2.584052012451277278e+02
2.907527730182808341e+02 2.911489672213430708e+02 2.887265302381876495e+02 2.906961732403672158e+02
2.710056645322666213e+02 2.717403489684591023e+02 2.696023444645307450e+02 2.712924948533291740e+02
2.620287995844323632e+02 2.623509397422006373e+02 2.609026925497681759e+02 2.623508369369579327e+02
2.678766812864057556e+02 2.677064220831712191e+02 2.660928702844632880e+02 2.680737314294434555e+02
3.006536186943869779e+02 3.011385203166722135e+02 2.993107261860686208e+02 3.009597787286874677e+02
2.630598935209926026e+02 2.633757388900605747e+02 2.621907465902460217e+02 2.633349841583452076e+02
2.833752463204023115e+02 2.846836094911325858e+02 2.823120928171678656e+02 2.832475490365074506e+02
2.828952483535526881e+02 2.832345853126826682e+02 2.797172075263206352e+02 2.827863740512342474e+02
2.703881748082716285e+02 2.714680413932304646e+02 2.698293396024980098e+02 2.714447886895163151e+02
2.791595195138978056e+02 2.793813706399510579e+02 2.773875686974243990e+02 2.798487317978362512e+02
2.865100640075540355e+02 2.862729098931185945e+02 2.845172564117530101e+02 2.853831267625051282e+02
2.643992298821945042e+02 2.641547948044513987e+02 2.634694753055221099e+02 2.645988745483655293e+02
2.843085739874885007e+02 2.846008776559434637e+02 2.819605947044595951e+02 2.846153951267937714e+02
2.628830371814664204e+02 2.630393959258978498e+02 2.619588708211491053e+02 2.631849118848994067e+02
2.655705304813149610e+02 2.656779782714728526e+02 2.642588351885700604e+02 2.660395431538156572e+02
2.762274419873210149e+02 2.762847928425485975e+02 2.741830029857320028e+02 2.763709590806417395e+02
2.561992361552237298e+02 2.571150373955909458e+02 2.556968757143388586e+02 2.568839311017486011e+02
2.564817554789038923e+02 2.569421642753324022e+02 2.556784949743054369e+02 2.569894677280735777e+02
3.046488619645969607e+02 3.037665283695428684e+02 3.028630731060086987e+02 3.031326206907377241e+02
2.564539917667906934e+02 2.564570002829195232e+02 2.558599023294228516e+02 2.565253146588641471e+02
2.571427186681103763e+02 2.569860473934987226e+02 2.563398839053778033e+02 2.571507047528733665e+02
3.009544796622723197e+02 3.011668571210198024e+02 2.999546197426295748e+02 3.005219386815790017e+02
2.924489858761471623e+02 2.931838297900701491e+02 2.904608779633455242e+02 2.923284259724636627e+02
2.657190370763347005e+02 2.655167819378951890e+02 2.641284640678205733e+02 2.654421392615742548e+02
2.577835066408875946e+02 2.581226416329835160e+02 2.574654127720716588e+02 2.577206597467393863e+02
2.608986029582020478e+02 2.613962378815187435e+02 2.605588146831746599e+02 2.612610407253174571e+02
2.973792819484263532e+02 2.987925695608190608e+02 2.974288792049470658e+02 2.978947107920744202e+02
2.571679326187386323e+02 2.574524496063833112e+02 2.568237447234056390e+02 2.575825556570994763e+02
2.649298259889915812e+02 2.649579007325741031e+02 2.643747575551040541e+02 2.655802930845337073e+02
2.617860237782184072e+02 2.626084365590650691e+02 2.609352002915570665e+02 2.620168850786050143e+02
2.630355263658045715e+02 2.629220435622341370e+02 2.620852405322499976e+02 2.625589418815741283e+02
2.709480277714773706e+02 2.719131617463939392e+02 2.688256124908835432e+02 2.704476956734108626e+02
2.920689388318668307e+02 2.908799950861204593e+02 2.888869159246914933e+02 2.908281299208204587e+02
2.596397937907048572e+02 2.589099664349584486e+02 2.592818948987167573e+02 2.593173030275885367e+02
2.715263279390814546e+02 2.719907196398061160e+02 2.693977768101192396e+02 2.719249378601643343e+02
2.609224713288536464e+02 2.613752326495033458e+02 2.597688941064488404e+02 2.614042882716652230e+02
2.572950675730127728e+02 2.576401905305708055e+02 2.570295963073472763e+02 2.578197382818100323e+02
2.571029488869132820e+02 2.571966130218758053e+02 2.568295885459976944e+02 2.571134050743278863e+02
2.644489976882617839e+02 2.648078234466863705e+02 2.643088440476280994e+02 2.648147031887202161e+02
2.555702591848162513e+02 2.558569588336480933e+02 2.552736307737099821e+02 2.553958061521447576e+02
2.556441698955021025e+02 2.560551330977989437e+02 2.550043097897997484e+02 2.556684140295865575e+02
3.040201040135864901e+02 3.026894668779912649e+02 3.024555604255932622e+02 3.029468686212333637e+02
2.612677115598964406e+02 2.610281601694991878e+02 2.602593541329208051e+02 2.613324660391506313e+02
2.748760073524932750e+02 2.741429253417264817e+02 2.731093827853324001e+02 2.747740146381676709e+02
2.566104483693384850e+02 2.567577104158863790e+02 2.560127241839566068e+02 2.566327793274517717e+02
2.657939580718109482e+02 2.663217472040554412e+02 2.646650727107660828e+02 2.661603547369842317e+02
2.628629120947222759e+02 2.628415830069200751e+02 2.624480712612735260e+02 2.626866206656077338e+02
2.951090504751625758e+02 2.958781037069144872e+02 2.944518733789892622e+02 2.956964877007776522e+02
2.614458136865135884e+02 2.622744433250630891e+02 2.610292027166671005e+02 2.617839739189601005e+02
2.644950255842531988e+02 2.647595182096884514e+02 2.635016490858658358e+02 2.649936561321769659e+02
2.755815198737149672e+02 2.777571434674890725e+02 2.751024494038106241e+02 2.775003782608069400e+02
2.595299985657428579e+02 2.595525808949352609e+02 2.585842398201488663e+02 2.595151233698979922e+02
2.573689435364082669e+02 2.573965335817976552e+02 2.566486684700864203e+02 2.573091624683033842e+02
2.814107602635841090e+02 2.822411727526431946e+02 2.799727371940544458e+02 2.812244042167685052e+02
2.651318077151950661e+02 2.648448168644879956e+02 2.636989845404193034e+02 2.645650848989915289e+02
2.601563005168123937e+02 2.598927713581642251e+02 2.598029539890184765e+02 2.598703907904975949e+02
2.588101730367567939e+02 2.581893360024820367e+02 2.585660398272486304e+02 2.586908785986877319e+02
2.595668381179561948e+02 2.590713357133892032e+02 2.591242346143369559e+02 2.599913676608468904e+02
2.600086686480923959e+02 2.602017476009949064e+02 2.592934580332249652e+02 2.604448263710536935e+02
2.592892915524963087e+02 2.596899584353298565e+02 2.592978348555349157e+02 2.588484611581105810e+02
2.772931327489435489e+02 2.775159421905672161e+02 2.746944821781320343e+02 2.768259688729630170e+02
2.664538874596782421e+02 2.665387805379259021e+02 2.652557529404118668e+02 2.668370630067288403e+02
2.600758367589186832e+02 2.606020205206719424e+02 2.592082367509670462e+02 2.603588121821175605e+02
2.580281882783272636e+02 2.585357980935134492e+02 2.583171427081143747e+02 2.592118982185787672e+02
2.639843214524709651e+02 2.642362582903163002e+02 2.638554040369784275e+02 2.641139527903233102e+02
2.568236104978602157e+02 2.566859369032662244e+02 2.560301837291810330e+02 2.570274873519728089e+02
2.700310845399458231e+02 2.706564730746895862e+02 2.691439599158613305e+02 2.706109161357618405e+02
2.605166830654327441e+02 2.609423846986867943e+02 2.604858420696713779e+02 2.614291263418526796e+02
2.808701611144351773e+02 2.807602776281910906e+02 2.783733709412118742e+02 2.799955319120053900e+02
2.594882029876781644e+02 2.593915911556698006e+02 2.587181879031166432e+02 2.598122898882268146e+02
2.802658469905407514e+02 2.803913233716868376e+02 2.785369928106097177e+02 2.812283235128621754e+02
2.574830761499858340e+02 2.573119454077051387e+02 2.573004137696676707e+02 2.575248959607812935e+02
2.594755621516227961e+02 2.603706734538374690e+02 2.585806564320438952e+02 2.604865819449727269e+02
2.591151732703827975e+02 2.589698923834110360e+02 2.584339477456595091e+02 2.587636587313640462e+02
2.779635844292974980e+02 2.781841975387319508e+02 2.762247922974948438e+02 2.782725039084880336e+02
2.741436643213751836e+02 2.748483437179866655e+02 2.726314840620729569e+02 2.739674743766215670e+02
2.641185532535947118e+02 2.647713349268264551e+02 2.641083343733959055e+02 2.642537447835774742e+02
2.587670214992995739e+02 2.588247646438634888e+02 2.574953672336010300e+02 2.588589695781384989e+02
2.601317560519535732e+02 2.604568927689647353e+02 2.596883719843434619e+02 2.610207377167103573e+02
2.631406474137046416e+02 2.633903462796039321e+02 2.618506717143113747e+02 2.630358127535242261e+02
3.028198875671011479e+02 3.040969415459434231e+02 3.026532619977178342e+02 3.031052107304561787e+02
2.956522844949977866e+02 2.966329965027946969e+02 2.948154722373436698e+02 2.954193674892086960e+02
2.605602156716936406e+02 2.611549147976436984e+02 2.602714070890273774e+02 2.610630131879020723e+02
2.668367616993584761e+02 2.660756658396072112e+02 2.654679320408815784e+02 2.670958409338647357e+02
2.916052839548894440e+02 2.918546172327267527e+02 2.892921982068989450e+02 2.918889274048119091e+02
2.723011838628722217e+02 2.713481518909254078e+02 2.692311292773834452e+02 2.720760542842078280e+02
2.531370755135711192e+02 2.532462582113322753e+02 2.521487618130589681e+02 2.532486519469201482e+02
2.631324453572818811e+02 2.637972200570672499e+02 2.626654377537451523e+02 2.637415617259852070e+02
2.663566021399744272e+02 2.672802790137453144e+02 2.649301213156740573e+02 2.663102483528080029e+02
2.597543206202458350e+02 2.603522260962507175e+02 2.598051501855973697e+02 2.603522450374197206e+02
2.645490300746428716e+02 2.650150938486943346e+02 2.634200603209301903e+02 2.647347232056869188e+02
2.571776287979352560e+02 2.570059793376710786e+02 2.560902648477928665e+02 2.575978717396916977e+02
2.609769279871870253e+02 2.608881927473243536e+02 2.601360241745778126e+02 2.607813889622071315e+02
2.586941778097015572e+02 2.588303433986413324e+02 2.577637078732802252e+02 2.585258129609919706e+02
2.744087905087221770e+02 2.757393700637450706e+02 2.722256650817241734e+02 2.755353414657567441e+02
2.935875893790676514e+02 2.948239960806097315e+02 2.923458898330127340e+02 2.929174998688093865e+02
2.611111717474815350e+02 2.611739132152175102e+02 2.606736257119940205e+02 2.620633080497968876e+02
2.575400007116193706e+02 2.574853169373402011e+02 2.577625433014712826e+02 2.572019905133908537e+02
2.600055534276228286e+02 2.601192067279870912e+02 2.596200823478004054e+02 2.602215671516664202e+02
2.605283241618076318e+02 2.612292644166366244e+02 2.599748461148429897e+02 2.605249689573414003e+02
2.674607234909329918e+02 2.677427264253527710e+02 2.656889948528325363e+02 2.686964098683422435e+02
2.564472818138361276e+02 2.568782913648150839e+02 2.558295138905254476e+02 2.570333486756847492e+02
2.648108766896482962e+02 2.646015140394911782e+02 2.630338644394890935e+02 2.648218963054718529e+02
2.553228640588950213e+02 2.554479122603969472e+02 2.545946099459158347e+02 2.555697448049697584e+02
2.602271331327703479e+02 2.603159470674925160e+02 2.596926458815980823e+02 2.606078958243118109e+02
2.619130515167333897e+02 2.617976790877181088e+02 2.611641810533461125e+02 2.617144958980156844e+02
2.833562110093058664e+02 2.835339842394716356e+02 2.810050892617598493e+02 2.824514105395412003e+02
2.668947949905449377e+02 2.675895320154679098e+02 2.659109634587800883e+02 2.685148725302449861e+02
2.634947125765066858e+02 2.642106628180686130e+02 2.633826985709301312e+02 2.636842408912893916e+02
2.612156079920225693e+02 2.613677220535249148e+02 2.602138362946138841e+02 2.608441058027581789e+02
2.642876865600905489e+02 2.644868796824652577e+02 2.626226785887212714e+02 2.639639783637020400e+02
2.654151145713170763e+02 2.658610271403874776e+02 2.641507341057562712e+02 2.664261475849948511e+02
2.783862375978423529e+02 2.798746329255603769e+02 2.764826885973084245e+02 2.782015196547531559e+02
2.653454362550004362e+02 2.647228357724544594e+02 2.642719116671245274e+02 2.654074309211949867e+02
2.682714263555573666e+02 2.681437843912579524e+02 2.671074652567258454e+02 2.681893428350281852e+02
2.868896105772810756e+02 2.881053452210235832e+02 2.848445841874360553e+02 2.871018144683544051e+02
2.657360149811910333e+02 2.655117360175569274e+02 2.642071447096274142e+02 2.661025202948827655e+02
2.601541182653170949e+02 2.607948676283481859e+02 2.597550163497591029e+02 2.607919726710484838e+02
2.840431822408876883e+02 2.840482354139432459e+02 2.815519677741040709e+02 2.847628468033236118e+02
2.701246057561999692e+02 2.703738553164661766e+02 2.696611146531049599e+02 2.705761469679109723e+02
2.602458114820355490e+02 2.603565780951995521e+02 2.584677341185204114e+02 2.599237969649731781e+02
2.604979131764011981e+02 2.608669440002518058e+02 2.602353553522588641e+02 2.606693401239580226e+02
2.697365866429796597e+02 2.702445056145777471e+02 2.690478656941812687e+02 2.706116322224096962e+02
2.753786027017806646e+02 2.769783939145385148e+02 2.739352755414925582e+02 2.759547512056329310e+02
2.890965786243515936e+02 2.896938774632314448e+02 2.866220871768169900e+02 2.889519132718291985e+02
2.716734955072291200e+02 2.714177570247041444e+02 2.696762622890576040e+02 2.714459348284980820e+02
2.946067461554871443e+02 2.947780944019027629e+02 2.929181926610301048e+02 2.937912459078267489e+02
2.655648677418401462e+02 2.661134414763295695e+02 2.639409727635600689e+02 2.661145921472312352e+02
2.573777922064759309e+02 2.581957875988916840e+02 2.576004815451781838e+02 2.581731662357406094e+02
2.903397414372178105e+02 2.905431417894708943e+02 2.881938824727125734e+02 2.907015485716109993e+02
2.615120750045344948e+02 2.620029199017432688e+02 2.599367265061325725e+02 2.622882715312853179e+02
2.572400732203739153e+02 2.580461265513588387e+02 2.575156250322767733e+02 2.580208145790265348e+02
3.012747594224936734e+02 3.019908325864267340e+02 2.993692407882447242e+02 3.004868472709674734e+02
2.615372949611689819e+02 2.620126213849180772e+02 2.603999208056163184e+02 2.621322990905517827e+02
2.662407315987294965e+02 2.665927154907576551e+02 2.654553110013898163e+02 2.677486336457563425e+02
2.816546016379354000e+02 2.819461644770307771e+02 2.793153771341274592e+02 2.815096445751480019e+02
2.564176686634098132e+02 2.568645076339045659e+02 2.551397077356742216e+02 2.575920769369844265e+02
2.750716996402915129e+02 2.761152871854761202e+02 2.737026501100785367e+02 2.757450335041575045e+02
2.574855273052311873e+02 2.578827222378589568e+02 2.569752885478832809e+02 2.575394323471859934e+02
2.638875483898253265e+02 2.644685095746809225e+02 2.640052254797279829e+02 2.646783590370064303e+02
2.604902936241037992e+02 2.608242879707735824e+02 2.608877179007279778e+02 2.612425127171679264e+02
2.581600636688455097e+02 2.579602211049559628e+02 2.578566895661926424e+02 2.579866366180121418e+02
2.806013417310449540e+02 2.811736266684306997e+02 2.784383960005870335e+02 2.810409806098197123e+02
2.710947856269806380e+02 2.715854391183781331e+02 2.698096322706993533e+02 2.716667057714145130e+02
2.766150045631507055e+02 2.768696405948618917e+02 2.742766549401765701e+02 2.765202028681775914e+02
2.597861035284834657e+02 2.597944375166878785e+02 2.592002004337463177e+02 2.602689527018184776e+02
2.620747188445372444e+02 2.619024803818967939e+02 2.612977197211050111e+02 2.612439849332490667e+02
2.862881952022233918e+02 2.871007437367336479e+02 2.843653366405488327e+02 2.856963883424948563e+02
2.762121519246421144e+02 2.762918176820829217e+02 2.747902966056280434e+02 2.767062202273274920e+02
2.706897689992285905e+02 2.705870558181312617e+02 2.685958116149578814e+02 2.714390888276498686e+02
2.634761879218468152e+02 2.636024790987956408e+02 2.623611473223195958e+02 2.632779246774987314e+02
2.647047059217011906e+02 2.642525768838213480e+02 2.631302356403278964e+02 2.645323225157745810e+02
2.685456871856249563e+02 2.698367239511825346e+02 2.678841321537116755e+02 2.695695868243185487e+02
2.705502969395010950e+02 2.708205915144972664e+02 2.683579715233615843e+02 2.705650296698019588e+02
2.595227271748955218e+02 2.601835370201019373e+02 2.594505189795633555e+02 2.600842612387953068e+02
2.802321489322019943e+02 2.804741959313552115e+02 2.782885765885031901e+02 2.809427673679788313e+02
2.770435220179163593e+02 2.787389546389882184e+02 2.759214328684165594e+02 2.782904427572319719e+02
2.589270029519907439e+02 2.586390023852821400e+02 2.581397483859135491e+02 2.592873978681226390e+02
2.658936489028141636e+02 2.659412403333779480e+02 2.641314849139073999e+02 2.658812380148736452e+02
2.608458827334029024e+02 2.605190914846194232e+02 2.592016919823344097e+02 2.608567269141672682e+02
2.634425327647564359e+02 2.636520164478786796e+02 2.621541817213800982e+02 2.641262957421371311e+02
2.837669788004379825e+02 2.835832664561644378e+02 2.803174507387423660e+02 2.830266480591075151e+02
2.574565799172085008e+02 2.568706832030284772e+02 2.570767828718473424e+02 2.570530411695849580e+02
2.732143513832822919e+02 2.732695102332756960e+02 2.710022625563552765e+02 2.740426098479932193e+02
2.575879939122409610e+02 2.579500815186796103e+02 2.566152567124871666e+02 2.579602141546844791e+02
2.849379587404598624e+02 2.848327986057569206e+02 2.827886263126302993e+02 2.850362059860050294e+02
2.589866162803588736e+02 2.594917092042123272e+02 2.589249088151938736e+02 2.591209535284887124e+02
2.588966142212549357e+02 2.597175728876252947e+02 2.584600843540482629e+02 2.591246590763820450e+02
2.610302604686625614e+02 2.616715259113971683e+02 2.603074378641565545e+02 2.615619742890219186e+02
2.557499911026733912e+02 2.558286400872528930e+02 2.544872829363989695e+02 2.563119957873376507e+02
2.597202246241308785e+02 2.596426149763127569e+02 2.578284185867744327e+02 2.601220662493728923e+02
2.622806622046919074e+02 2.624881100324517433e+02 2.615528900711204869e+02 2.626214014122900835e+02
2.594704660327662396e+02 2.594321071196976618e+02 2.577994477780971465e+02 2.595590980161643415e+02
2.634951425331286714e+02 2.638556071636826346e+02 2.621406361679326551e+02 2.639088240672283519e+02
2.806604461028471178e+02 2.811639831307144846e+02 2.788688351824551432e+02 2.807370787828033940e+02
2.674653384177133830e+02 2.675449230505593050e+02 2.668916506628331149e+02 2.675199919432126876e+02
2.612287023316408749e+02 2.614265096484950277e+02 2.608947231139268297e+02 2.618547683829739867e+02
2.630090738554666814e+02 2.628621575171105746e+02 2.628380976631833050e+02 2.641615060274266398e+02
2.577455129114797501e+02 2.576381550701315177e+02 2.568966934880674557e+02 2.582433465559197430e+02
2.700732996910614929e+02 2.710151208203116084e+02 2.677528770592217029e+02 2.710581884878550341e+02
2.591505181647523273e+02 2.596507199142009767e+02 2.591889824600967813e+02 2.604602864947781882e+02
2.731786258925018842e+02 2.738452957674180652e+02 2.710885596906658748e+02 2.726294110535772006e+02
2.592939331614835510e+02 2.592065884259587847e+02 2.584139404431670073e+02 2.595966903588343939e+02
2.583520353473846853e+02 2.582174559050270091e+02 2.574466955998515232e+02 2.584644320667293869e+02
2.549241676814609718e+02 2.552709409036224315e+02 2.540201231028083271e+02 2.554918939514830072e+02
2.585231642592266326e+02 2.588125629406693520e+02 2.580327118621571003e+02 2.589841937156325571e+02
2.613010838591732750e+02 2.619233593566216314e+02 2.606091460062458509e+02 2.618874061618780615e+02
2.606473536029200773e+02 2.609645490807945976e+02 2.603797362139570737e+02 2.608647629568167758e+02
2.598911384958124131e+02 2.594453263994443546e+02 2.591587783830487979e+02 2.595188940068509282e+02
2.572494557327751181e+02 2.571868613064893907e+02 2.564200290890123028e+02 2.576433066628287634e+02
2.636459812801496128e+02 2.635370080412292282e+02 2.630742630966864226e+02 2.630966314954487189e+02
2.572181976280981530e+02 2.572258911920492892e+02 2.568560543949639623e+02 2.571057072987155152e+02
2.639676583375656946e+02 2.641724112825843349e+02 2.639228749668710634e+02 2.643022281720480464e+02
2.617497654462283094e+02 2.625928138840181418e+02 2.610798762479108177e+02 2.628518984289153764e+02
2.640378042381173032e+02 2.637421955513933085e+02 2.632373617393751601e+02 2.642998677942430277e+02
3.041611253795787206e+02 3.043885021879618193e+02 3.035592367064705854e+02 3.036953841253079531e+02
2.617636351918296782e+02 2.616772192231800318e+02 2.610075407019198792e+02 2.629811966769827904e+02
2.592239482563894626e+02 2.594495267188923435e+02 2.586201845903436833e+02 2.592887431837685313e+02
2.708065586754428864e+02 2.712328739689199324e+02 2.693620561815321253e+02 2.708449731864761247e+02
2.595671326225024131e+02 2.597753222169092169e+02 2.581058670888997426e+02 2.600064208286937628e+02
2.961534186656882071e+02 2.958185812009256210e+02 2.948798194221654398e+02 2.960520357552289283e+02
2.807224099006438109e+02 2.808907866400210196e+02 2.786908915397199848e+02 2.820775044440142665e+02
2.585824930281783622e+02 2.583544210658047291e+02 2.580212230442402870e+02 2.582015840163609255e+02
2.608370198903122059e+02 2.606051577087184796e+02 2.603875766406301295e+02 2.610610187149416674e+02
2.615969548224185246e+02 2.613607646327341172e+02 2.599358158306574751e+02 2.620841465534768986e+02
2.685982532676548544e+02 2.686105353117844743e+02 2.671676140812278959e+02 2.685853379506715441e+02
2.598457367247725074e+02 2.600268709932477122e+02 2.596810950251144163e+02 2.600425261684714542e+02
2.642054376389390313e+02 2.643936409422498741e+02 2.625656753876219227e+02 2.650025060358273663e+02
2.611191684737917740e+02 2.616117124526072644e+02 2.602632335214557884e+02 2.616746291178703814e+02
2.677440846214677208e+02 2.681007572672753554e+02 2.663427549302168700e+02 2.687116203274372879e+02
2.600134331666973253e+02 2.598775915253728499e+02 2.594431162330433835e+02 2.604060526058825076e+02
2.589221114172559055e+02 2.592171403318695297e+02 2.588782341834597673e+02 2.591027989619333880e+02
2.551676116514054229e+02 2.555575143148924724e+02 2.547806430825694690e+02 2.558877049500858050e+02
2.843926404188226229e+02 2.844189245786686229e+02 2.824061419546384855e+02 2.851395590139806018e+02
2.597102275573520842e+02 2.597722958310272361e+02 2.591008223799624375e+02 2.599549441489868400e+02
2.632723022775775803e+02 2.635085698352956456e+02 2.630528538591923962e+02 2.638138437231680200e+02
2.591196722749692753e+02 2.599102882555537235e+02 2.593443706589055751e+02 2.595710152510796433e+02
2.661008867169060750e+02 2.666371128072215129e+02 2.644291425148725239e+02 2.670765121054918154e+02
2.669923104876503430e+02 2.666754197736086667e+02 2.652829484785135037e+02 2.668506180565504451e+02
2.604162900958933164e+02 2.606442788674714848e+02 2.597754313223917393e+02 2.606219076766137164e+02
2.550158334174884089e+02 2.551460958432315920e+02 2.547345614903429976e+02 2.555670860116938741e+02
2.898177011344375842e+02 2.906092471981788208e+02 2.881437288991980381e+02 2.901526882414539159e+02
2.579472679885333264e+02 2.580152851919902446e+02 2.568901470488682435e+02 2.580302897911714126e+02
2.697136965157294526e+02 2.701999810762155221e+02 2.682825381554893625e+02 2.696627706784974521e+02
2.580843107698331096e+02 2.578580586018747454e+02 2.578975335678244392e+02 2.584142195972294189e+02
2.601222182582101254e+02 2.599936480247071700e+02 2.592765682040258071e+02 2.598104892982345859e+02
3.014972630598105638e+02 3.016034326302458908e+02 3.010867488148747952e+02 3.017790491914532822e+02
2.637802899957379168e+02 2.640699990359274807e+02 2.620258643357551023e+02 2.647687088031922826e+02
2.646490239543408052e+02 2.654794221462032056e+02 2.649630474073243818e+02 2.646555257049163856e+02
2.591986800379821148e+02 2.596800674728485774e+02 2.587889251164903612e+02 2.594611857463499973e+02
2.964491218965541748e+02 2.983350693990391278e+02 2.948653224965339632e+02 2.962318104842223647e+02
2.604153801172648741e+02 2.607781677825293514e+02 2.606486968597735654e+02 2.609744826162005324e+02
