2.724131111043455462e+02 2.729863840122655461e+02 2.700841643183440510e+02 2.726267734848987061e+02
2.515383440262179988e+02 2.515940985238619305e+02 2.512147098668993692e+02 2.515995962136707078e+02
2.546396837082556033e+02 2.546388436717086847e+02 2.533447026905056987e+02 2.550707991143947595e+02
2.609309015341753479e+02 2.610704400930534916e+02 2.595350650783687456e+02 2.614478779557858275e+02
2.564698694584664622e+02 2.565652206916920477e+02 2.552938112845397711e+02 2.571020633048830746e+02
2.817295198384514379e+02 2.815747349652006051e+02 2.801843687264898222e+02 2.818031730527588934e+02
2.517516579737417146e+02 2.515180851770154788e+02 2.511299738578162817e+02 2.518014915116219470e+02
2.820997933048367372e+02 2.809559147070872314e+02 2.792105298907756037e+02 2.831686619129972655e+02
2.632559246517902807e+02 2.633636148663775884e+02 2.617966277312830243e+02 2.641292935842605516e+02
2.525355876098629153e+02 2.523359848948324498e+02 2.517540811387132749e+02 2.527799969852244715e+02
2.525374796319018458e+02 2.529851735528779955e+02 2.531794215216402506e+02 2.531364587712653531e+02
2.539819662334983263e+02 2.539957293904921016e+02 2.530653195176193719e+02 2.544292321971008164e+02
2.541588010072463248e+02 2.537707319331930194e+02 2.530223460101169337e+02 2.544256611949110152e+02
2.506177679237624716e+02 2.502456285844991442e+02 2.496457752623060173e+02 2.506401736992440306e+02
2.505922384366521953e+02 2.512072276615880924e+02 2.504921972894311466e+02 2.508811192369184653e+02
2.492841215645878208e+02 2.491837084001287792e+02 2.485745351074440919e+02 2.493346948630285169e+02
2.507334111328987944e+02 2.508892006927290481e+02 2.500420899389849581e+02 2.511036791031334587e+02
2.564641294692901852e+02 2.568210987625615758e+02 2.555025140584946257e+02 2.572398124248372824e+02
2.506862061465667750e+02 2.509865067149939364e+02 2.503317994864819980e+02 2.510368930034784114e+02
2.618608785514720125e+02 2.620105903901406919e+02 2.595301748597732399e+02 2.627075796471668809e+02
2.603723563739205247e+02 2.606155608337778631e+02 2.590231442468593741e+02 2.603914576178232210e+02
2.805101753673453686e+02 2.819589481329662704e+02 2.788157996121722135e+02 2.805225420947712109e+02
2.558419407779403230e+02 2.552959422033188162e+02 2.548219715535754801e+02 2.557198645616751946e+02
2.517247932054358444e+02 2.515477909301896773e+02 2.507883868236642684e+02 2.517460668088746445e+02
2.509609702081219496e+02 2.510915686656359753e+02 2.504384762911829512e+02 2.516813564855584673e+02
2.593771158943471846e+02 2.596149342768281372e+02 2.575098440999872196e+02 2.594724001029371152e+02
2.645687243072995898e+02 2.653085074975792281e+02 2.628551294277415309e+02 2.656451203333778608e+02
2.502646129904880752e+02 2.506180624695875849e+02 2.497268870346133269e+02 2.508671316796322515e+02
2.724902105330930908e+02 2.733796384825835162e+02 2.700195094401639722e+02 2.733651982495615584e+02
2.557008945456157392e+02 2.567920151562628348e+02 2.546972938143586589e+02 2.576759319291803649e+02
2.592033031068186233e+02 2.596595289732657648e+02 2.577891131440543404e+02 2.598381940458260715e+02
2.528263244502289524e+02 2.526658728984670574e+02 2.526695472762541215e+02 2.528608882987270761e+02
2.512074158586277690e+02 2.514353795612618683e+02 2.507613007898044657e+02 2.519984672803857961e+02
2.601471507918037673e+02 2.605572007630713074e+02 2.585301250328042784e+02 2.610276718171786570e+02
2.508799879062283935e+02 2.512435707064763335e+02 2.498735930145903410e+02 2.514693520048781750e+02
2.512445377879556361e+02 2.508648203925210112e+02 2.508953768467723364e+02 2.514678350567425582e+02
2.708841256464148159e+02 2.715898364430876768e+02 2.693566663159338646e+02 2.714158832569667084e+02
2.504001507442296770e+02 2.504959185782755640e+02 2.499357375466715041e+02 2.507246565377127752e+02
2.514001843115619295e+02 2.514685734057164836e+02 2.511245359718115537e+02 2.516556361523846874e+02
2.804091723720893015e+02 2.796426271646272994e+02 2.778149331789383041e+02 2.799324064477747243e+02
2.739611256682404132e+02 2.746167447411144735e+02 2.712422826859652787e+02 2.745509227250926187e+02
2.799801302341289784e+02 2.803391879860200788e+02 2.789523181372674117e+02 2.809871735029726665e+02
2.548428409919247883e+02 2.553652277828021795e+02 2.544115334211351751e+02 2.555786352849509342e+02
2.524847029826652545e+02 2.531198774745878666e+02 2.517833727336139304e+02 2.529559085825732723e+02
2.539309888298691646e+02 2.538252177967029581e+02 2.535744845007685626e+02 2.541688049044013553e+02
2.510389202874967793e+02 2.515092547133206153e+02 2.507523320835635445e+02 2.516394866347199866e+02
2.529677595953873208e+02 2.532584150492635331e+02 2.522250936117019933e+02 2.535234191247854199e+02
2.510848028380134451e+02 2.514005883576092799e+02 2.507710354257125402e+02 2.511918468010900938e+02
2.495514340512306148e+02 2.494415089777771755e+02 2.484697130537500129e+02 2.498837469800394331e+02
2.591587371490851979e+02 2.598960728664014823e+02 2.571641894067741987e+02 2.592758808701142357e+02
2.507320716485673984e+02 2.506156068986188359e+02 2.502532357805996526e+02 2.510019845730114696e+02
2.516070022536843851e+02 2.519858339455698797e+02 2.509217402910580006e+02 2.519262569541629944e+02
2.505218071859805775e+02 2.510753667496564674e+02 2.504596466328018209e+02 2.513365144624110883e+02
2.487850960589660474e+02 2.491698870666426728e+02 2.482926569203177678e+02 2.493641537180987768e+02
2.506193410549603300e+02 2.503914033712393632e+02 2.499574013028403385e+02 2.502933350262938177e+02
2.745533573053326677e+02 2.743731421092710434e+02 2.722724318329997004e+02 2.741454092700317346e+02
2.501813621326099906e+02 2.498857856159714288e+02 2.493997728582326090e+02 2.504641462524370752e+02
2.498592570420301513e+02 2.497826067292598111e+02 2.492791563812125730e+02 2.499340026519339517e+02
2.530042326084704882e+02 2.533054212610807667e+02 2.527133326789940497e+02 2.534225035442799197e+02
2.607866775619741020e+02 2.611921115148900867e+02 2.588517091457050014e+02 2.606241716939855451e+02
2.554609895889281290e+02 2.556078130642212898e+02 2.548942200051619977e+02 2.561239740486200276e+02
2.525038153608511493e+02 2.524890415520601437e+02 2.523880206199275733e+02 2.526196863446125178e+02
2.519080654236954331e+02 2.519184504469114074e+02 2.510555227947062633e+02 2.523248435229928930e+02
2.512159323408500597e+02 2.510330230350737111e+02 2.503300879085746828e+02 2.516677081795908464e+02
2.772180546355900219e+02 2.777610623291033107e+02 2.755136941622733389e+02 2.784674359270941295e+02
2.623942226713880927e+02 2.615831807288912501e+02 2.592234919869953274e+02 2.629347087533323020e+02
2.497396607374144537e+02 2.496976738317502509e+02 2.491457596487154262e+02 2.501183970841821633e+02
2.574415385408534576e+02 2.580315091257664335e+02 2.558303723792116386e+02 2.587284566059790336e+02
2.679362283860744469e+02 2.683107761093719432e+02 2.650488791496215413e+02 2.691825241250508611e+02
2.471090060510022681e+02 2.474676952277453097e+02 2.467811515717121722e+02 2.477927686466585158e+02
2.566990407993490066e+02 2.577490527320754836e+02 2.561765117882776508e+02 2.573422598232794485e+02
2.778269575575624799e+02 2.775005440950641855e+02 2.745749538753429988e+02 2.775459167364708151e+02
2.674206980494595882e+02 2.688324444348835982e+02 2.654709453475678629e+02 2.688348490403602113e+02
2.528786822259885980e+02 2.527186480244743336e+02 2.517625391228516776e+02 2.538251328052357110e+02
2.496655662558450786e+02 2.499046136851634401e+02 2.488559555041885574e+02 2.501024803001502903e+02
2.708225707213448459e+02 2.706078655596036810e+02 2.684774410037967414e+02 2.718549181644406190e+02
2.550080643082074232e+02 2.547870161901644224e+02 2.543587746356716934e+02 2.556429512739684924e+02
2.841877143212669807e+02 2.835205238166728350e+02 2.809758452351865685e+02 2.832926697370902502e+02
2.692395866016919967e+02 2.705877956253032153e+02 2.678169541920129859e+02 2.702020702580817328e+02
2.551555675099776579e+02 2.549230421810500502e+02 2.538511517457588980e+02 2.559626931860954926e+02
2.512842398418073060e+02 2.515113701999711679e+02 2.508223928599064436e+02 2.516476978564984108e+02
2.506561202452388670e+02 2.507944971648127535e+02 2.503829963011098414e+02 2.509539339126747564e+02
2.631336681523553125e+02 2.633170476764345835e+02 2.618684766248013602e+02 2.639687378998197573e+02
2.521074775066401799e+02 2.524157160167753204e+02 2.510236123116792157e+02 2.530229070657239845e+02
2.515134659935453953e+02 2.516934248912716043e+02 2.507841511632556433e+02 2.519578000944367489e+02
2.731029581185080133e+02 2.731494465617461174e+02 2.705073215018269366e+02 2.728139137831227572e+02
2.481044504933650501e+02 2.482960786827670177e+02 2.477993959849550833e+02 2.482102383023066352e+02
2.586561588922108967e+02 2.595482913045640885e+02 2.577547698035548933e+02 2.595700199186671853e+02
2.481167912503303228e+02 2.485119680821582051e+02 2.475018320380459613e+02 2.484353727967860266e+02
2.566126844990440077e+02 2.571198879307432321e+02 2.554818375645406832e+02 2.576755068906711585e+02
2.870958361501360514e+02 2.876493866043661001e+02 2.839209405539451154e+02 2.860435038538611252e+02
2.551015890029245838e+02 2.552688099446934871e+02 2.546478853977678511e+02 2.556358036852083444e+02
2.563220566291102500e+02 2.556372198895856513e+02 2.551286070618339181e+02 2.565480654479461009e+02
2.902183470716803981e+02 2.905537739688638226e+02 2.883295814463169791e+02 2.896651402424936350e+02
2.480584650061411764e+02 2.483545620560347800e+02 2.475710491320475626e+02 2.488048498306244483e+02
2.995959124954272852e+02 2.984160638876927010e+02 2.970006246164012396e+02 2.985620970262090168e+02
2.722187158597261032e+02 2.732164839188547489e+02 2.709188170125499937e+02 2.741963761907464345e+02
2.658122395033651628e+02 2.660456352425192676e+02 2.632928492945159178e+02 2.669354743817660847e+02
2.538939921457327387e+02 2.539581114253879832e+02 2.524893469211666002e+02 2.537943786596684674e+02
2.585650223219136592e+02 2.590517156205303309e+02 2.573452050609174080e+02 2.595612144597918700e+02
2.801011285163764910e+02 2.801680533349032771e+02 2.776862693999947851e+02 2.803695726475345396e+02
2.745836118919777391e+02 2.745011766153854182e+02 2.724407651092537890e+02 2.745355508332172576e+02
2.506767952859068771e+02 2.505837110650906823e+02 2.501280018752191836e+02 2.508959923753778867e+02
2.511043323294206289e+02 2.509724134953989392e+02 2.507618423394814897e+02 2.514751817397360014e+02
2.510617489399101885e+02 2.513694065421271944e+02 2.504491936805855232e+02 2.518030987377550503e+02
2.798098230036844143e+02 2.808071962142861935e+02 2.783282086814001559e+02 2.794194608427817457e+02
2.478712042457850373e+02 2.479787430062744420e+02 2.467472451937253481e+02 2.484701894165506246e+02
2.707710060105465573e+02 2.699818197732503222e+02 2.663833547884573250e+02 2.702584840035876823e+02
2.638027675411830728e+02 2.641767659078517454e+02 2.621198428071373883e+02 2.643549390697931472e+02
2.489885334194186441e+02 2.491122190825463178e+02 2.487453394317140578e+02 2.494618431345682836e+02
2.857406115863427090e+02 2.860217286476905088e+02 2.831285412657816778e+02 2.863949156122788509e+02
2.581179311243447501e+02 2.585130493350909546e+02 2.563641322436012047e+02 2.585169803314398678e+02
2.501735096929469364e+02 2.501703551292024201e+02 2.499704529708806149e+02 2.508517135606672355e+02
2.617571320619737207e+02 2.613872443576120190e+02 2.599125661500489173e+02 2.622178087838041733e+02
2.578010179312227592e+02 2.575078464388747079e+02 2.561150852485384348e+02 2.580431131692770350e+02
2.951968668615200500e+02 2.954091868938972425e+02 2.941283558699969376e+02 2.949868582254990770e+02
2.535534656823430169e+02 2.533221854419057877e+02 2.524286564250814706e+02 2.538162527838495919e+02
2.631424189061489756e+02 2.636627941218836213e+02 2.612598316837224957e+02 2.639006785909379573e+02
2.681509725005425366e+02 2.682544771237407417e+02 2.644983616370258233e+02 2.686807668661783168e+02
2.552728464418224519e+02 2.560498406280495374e+02 2.549187008191581185e+02 2.569350865183837982e+02
2.622237177295933179e+02 2.634378789656470872e+02 2.609937486556353861e+02 2.639811950965824963e+02
2.712365852327361608e+02 2.720678461060511495e+02 2.690988469153385836e+02 2.730025621011613453e+02
2.946265970536435361e+02 2.942882898193259962e+02 2.939287306389757077e+02 2.942662701843859168e+02
2.555605298685317166e+02 2.558037267372245651e+02 2.547324400294180009e+02 2.564796430374088345e+02
2.558548109256338421e+02 2.557705223729201691e+02 2.543506812414618139e+02 2.562025698983416646e+02
2.541461948958708490e+02 2.542109220402723224e+02 2.529407667377089695e+02 2.549640512085086357e+02
2.587669817077106700e+02 2.590239700106014880e+02 2.576605773088693923e+02 2.590487101137323975e+02
2.624050527489753790e+02 2.622881534354797282e+02 2.601347978362223898e+02 2.620156583978927642e+02
2.631235324890741367e+02 2.634571627951692108e+02 2.611369355324196704e+02 2.631159217235298229e+02
2.794274907839283628e+02 2.799928000170866653e+02 2.775813492363492401e+02 2.807832622945484786e+02
2.527591363023757935e+02 2.526703887307939169e+02 2.517477494142414400e+02 2.532066804425493274e+02
2.492874567267447503e+02 2.495878481194639278e+02 2.490890015645258302e+02 2.497643897099574133e+02
2.725404847187764403e+02 2.737020027253208241e+02 2.712103741113033948e+02 2.725169219354282859e+02
2.547957732367953838e+02 2.549119096637040514e+02 2.532993335397886767e+02 2.556987151036098282e+02
2.502793684414541531e+02 2.501687500381117388e+02 2.496711297708224322e+02 2.501170416729025874e+02
2.885810735240460758e+02 2.899027688040443991e+02 2.875004951183568664e+02 2.904816835914889452e+02
2.752351017027921785e+02 2.770627489994613484e+02 2.742154686057072581e+02 2.767777158552746073e+02
2.576769179412150379e+02 2.575070968439136436e+02 2.565838788446740182e+02 2.578013396987071246e+02
2.638887162107341169e+02 2.633952038165758722e+02 2.616909679783616980e+02 2.644646670590965414e+02
2.794396556024361757e+02 2.792125396451369284e+02 2.757606304438542111e+02 2.798427277719897006e+02
2.604741783395495531e+02 2.601821250122891342e+02 2.582757827456562154e+02 2.605557447923239920e+02
2.595792733323619927e+02 2.602888342391501624e+02 2.588157450179328976e+02 2.602783574761989485e+02
2.515996363578165074e+02 2.512630052687075874e+02 2.509881569298749469e+02 2.518008576007676993e+02
2.531149021513405444e+02 2.529151338015781789e+02 2.530457657349988949e+02 2.530450135394455629e+02
2.556370739600989737e+02 2.562286552817856204e+02 2.542224417536050396e+02 2.570871479403932653e+02
2.588950812456160975e+02 2.590016854505990977e+02 2.571180291410397558e+02 2.600072162192434462e+02
2.820622226037237965e+02 2.820277604077945171e+02 2.787579120832023136e+02 2.806791315610168454e+02
2.542853081906512500e+02 2.538765700313055618e+02 2.534520074563523906e+02 2.544514208847961925e+02
2.522398411817589761e+02 2.523955577855299168e+02 2.520455477080504636e+02 2.528106683728547353e+02
2.494692703938665659e+02 2.496277658326992253e+02 2.493063668245272879e+02 2.499244904895159891e+02
2.884943157893420107e+02 2.896676158463540105e+02 2.877221151213244070e+02 2.879136197474301184e+02
2.692139910915063297e+02 2.688716487012783318e+02 2.663342031612809819e+02 2.696333072872906769e+02
2.628383923997100737e+02 2.631259721594323651e+02 2.602763367439722515e+02 2.632277501331430472e+02
2.538581108364384988e+02 2.540275651748904977e+02 2.533954758262713369e+02 2.540269692081128881e+02
2.766150060875075951e+02 2.776992878749295528e+02 2.743213155348719283e+02 2.776358216500223079e+02
2.540481746809215053e+02 2.546860613538447069e+02 2.540053407558920924e+02 2.547082973724845658e+02
2.526345030545855650e+02 2.528335984738854165e+02 2.516479222968743557e+02 2.536558996918575701e+02
2.510192981630099496e+02 2.513240138519518041e+02 2.509002776386623736e+02 2.517240286531328479e+02
2.514487773111027593e+02 2.513600017450621067e+02 2.513059668989691886e+02 2.516096955370968828e+02
2.612365629051717519e+02 2.610154078768168802e+02 2.593720320500609091e+02 2.618101643418585809e+02
2.507693864723127319e+02 2.506441527405868044e+02 2.503664626397108464e+02 2.509658653768457839e+02
2.732375600188925091e+02 2.730463537349635317e+02 2.697040417630918796e+02 2.731604990243471889e+02
2.536843049075989427e+02 2.536011583811533114e+02 2.533226445874956880e+02 2.539247267487463375e+02
2.488029689271150176e+02 2.486457360907292298e+02 2.485432626452086993e+02 2.493550643081068472e+02
2.535451501268038328e+02 2.538741783293684193e+02 2.529573816374637545e+02 2.539879223196886642e+02
2.626367327937329605e+02 2.622424972492458437e+02 2.612867246880040852e+02 2.628824552709841669e+02
2.658605058391305533e+02 2.662471882868049988e+02 2.636499907522307922e+02 2.664435553744096410e+02
2.819642760374173349e+02 2.816880768067708232e+02 2.800034480999553921e+02 2.821310295667765331e+02
2.525835214015086194e+02 2.523826138275629489e+02 2.515405955274850953e+02 2.529658516657944745e+02
2.492664641332444262e+02 2.494855743348928740e+02 2.486371112821197187e+02 2.498957967929045481e+02
2.512324294523484411e+02 2.511103396748987393e+02 2.509053086996463833e+02 2.510943832567834022e+02
2.572461716324908139e+02 2.574130271565802559e+02 2.558809037820983860e+02 2.576358824972197112e+02
2.685848133624709817e+02 2.692232354174268494e+02 2.673423884496538676e+02 2.698331300923227900e+02
2.518038113542353074e+02 2.523241257619357611e+02 2.511377784365941750e+02 2.524871926287527799e+02
2.530589668139364790e+02 2.531753882290884974e+02 2.520131138075736033e+02 2.534866700047114705e+02
2.544445038954122822e+02 2.553742038866878659e+02 2.539886292038999045e+02 2.552700436197912097e+02
2.971778303260580287e+02 2.984447071267297247e+02 2.965706865918464814e+02 2.963201172975585109e+02
2.597785733959220806e+02 2.598740418041656426e+02 2.584205785122720727e+02 2.602961899214014920e+02
2.900084796127727031e+02 2.900363965885699713e+02 2.874488112380569760e+02 2.897943515903574507e+02
2.693261784002249897e+02 2.687442302437641501e+02 2.658346624564008494e+02 2.691727930003553979e+02
2.534910775164439372e+02 2.543275475276024622e+02 2.525124359958719822e+02 2.542440126504914701e+02
2.535589797775570275e+02 2.536851898951889837e+02 2.532331596746400635e+02 2.537370067973697871e+02
2.548222331692703904e+02 2.549725801390249842e+02 2.532848125127751189e+02 2.551021012633271710e+02
2.673335092685948098e+02 2.676073606313390769e+02 2.651123102803659890e+02 2.678572054644972695e+02
2.598068484379278971e+02 2.606192486655427842e+02 2.581426267101407461e+02 2.605798163668685561e+02
2.705736061706459736e+02 2.701958560845380362e+02 2.669114699001938220e+02 2.704143674030459579e+02
2.507332168364825122e+02 2.510497842935929782e+02 2.508334780802578621e+02 2.511831311885583773e+02
2.692283138800895586e+02 2.696945548705736542e+02 2.675366979057213257e+02 2.701550235502290320e+02
2.552451119612226478e+02 2.553934402009421945e+02 2.549058316347743016e+02 2.553852711161626985e+02
2.826699116666902114e+02 2.833843306345239057e+02 2.809087799707284034e+02 2.822004148968220534e+02
2.854831281009989539e+02 2.858139994992833977e+02 2.817834135942126750e+02 2.855614917650412394e+02
2.623228384516536948e+02 2.627868360316689973e+02 2.604623345934597864e+02 2.630290330935401926e+02
2.570918142076893673e+02 2.580982034700998611e+02 2.565374859187606376e+02 2.577918195104032293e+02
2.499419018418362555e+02 2.500281676496066439e+02 2.494642769027840359e+02 2.500224661740431316e+02
2.543589428452603158e+02 2.545298390827536537e+02 2.534418739678372106e+02 2.542725252893256425e+02
2.552817315975827341e+02 2.552791568401059124e+02 2.545369663682785415e+02 2.554672672924867243e+02
2.509171377328642336e+02 2.509874603362516439e+02 2.499718856634065389e+02 2.511569111773967222e+02
2.558327672983859031e+02 2.565262552367829016e+02 2.544573806712284068e+02 2.567384565634577598e+02
2.634401186320226884e+02 2.642294317033234847e+02 2.619219636372200739e+02 2.643220653052293869e+02
2.516198162260892843e+02 2.514211200923446654e+02 2.514135978074777142e+02 2.516017019936849692e+02
2.507956175415191069e+02 2.510650966610297701e+02 2.501677162300385362e+02 2.512725091435517584e+02
2.705500637568336515e+02 2.704258633522424020e+02 2.682857228284298117e+02 2.711896271229795730e+02
2.514399099937143092e+02 2.513571251109399043e+02 2.502421551555932808e+02 2.525410922308479371e+02
2.504604480825065593e+02 2.512109265212597506e+02 2.500886009198644615e+02 2.515124421969422599e+02
2.542728903618210836e+02 2.548336220594790973e+02 2.530931975860148953e+02 2.558096205041523206e+02
2.659097484216024441e+02 2.665847783968065983e+02 2.645579046019108773e+02 2.669036483334714944e+02
2.561131321080391103e+02 2.558718522935372732e+02 2.547249541057205988e+02 2.569834625291189241e+02
2.491559075396414755e+02 2.491644097970378766e+02 2.487220875345894910e+02 2.494811633303759777e+02
2.553273725775908076e+02 2.559342643000882447e+02 2.540299352760685849e+02 2.565879020356443334e+02
2.563729166798098049e+02 2.566885722437643835e+02 2.553414835083266610e+02 2.571151248448495608e+02
2.537312937768982408e+02 2.540425852364666923e+02 2.529681683181245830e+02 2.540726743421205356e+02
2.526498022534902645e+02 2.527369506570054511e+02 2.519115652712110602e+02 2.528432986194465286e+02
2.503325492032875843e+02 2.509575078070203631e+02 2.502289040001599574e+02 2.511687033202611303e+02
2.553048580422451721e+02 2.554583809471276084e+02 2.551978183451673772e+02 2.559653759842834120e+02
2.563369242634074681e+02 2.571693486534044268e+02 2.553599532463467199e+02 2.572938692151661257e+02
2.746327970547528139e+02 2.752147313438373430e+02 2.728496731795422079e+02 2.747590139103353408e+02
2.563799361016913281e+02 2.569563700590869644e+02 2.555299243991587446e+02 2.570340261708331013e+02
2.627478968138909750e+02 2.628431287789111366e+02 2.607403899633479796e+02 2.641916987395701995e+02
2.505556709231870798e+02 2.507522094162075916e+02 2.503482642787109000e+02 2.511092470930836953e+02
2.514999751412273667e+02 2.513811503458351808e+02 2.509619330083877458e+02 2.515251788232962156e+02
2.527047896878216875e+02 2.527199073308446771e+02 2.524160255265442743e+02 2.531490206480354175e+02
2.508848808468970901e+02 2.506845307571981039e+02 2.505997252525594661e+02 2.512654934809705196e+02
2.486497552058777956e+02 2.488648123791649027e+02 2.484700997258038626e+02 2.492886642670204367e+02
2.485016885811970724e+02 2.483917979584886666e+02 2.481383360129790674e+02 2.494042648442439827e+02
2.514827641777341398e+02 2.516267582127448748e+02 2.510167321448963378e+02 2.520060066394797502e+02
2.543787697787895183e+02 2.549717670777504566e+02 2.540248894239589674e+02 2.553577987679763055e+02
2.515154070686932926e+02 2.518302442295216679e+02 2.512163190939096467e+02 2.520534509545590254e+02
2.516624631461466493e+02 2.521411671920891422e+02 2.508466554887323241e+02 2.520267725903955807e+02
2.673427114345966515e+02 2.681943262125301430e+02 2.656446922347303712e+02 2.672172298948028129e+02
2.666703020177018857e+02 2.674669507391013781e+02 2.651657787684505365e+02 2.673038218869397724e+02
2.539157170880050671e+02 2.543597809531623568e+02 2.529942556933857531e+02 2.547096322252231175e+02
2.766882473541517697e+02 2.769129499494370634e+02 2.735277479592044756e+02 2.769375540541462897e+02
2.526489437913250811e+02 2.528755321459132404e+02 2.520944080021564275e+02 2.533403209338657973e+02
2.550499468828947442e+02 2.554710892016236983e+02 2.533695660683503661e+02 2.560341939787236925e+02
2.692668249173572121e+02 2.694724942730101134e+02 2.665045122972492777e+02 2.694542625015927229e+02
2.637493792318323358e+02 2.650645612136272575e+02 2.624470042981945426e+02 2.656205633328334557e+02
2.502357669702730618e+02 2.505192284797147977e+02 2.502103371357573565e+02 2.505588059317191778e+02
2.566764343737573881e+02 2.568250113766075629e+02 2.560399350644905212e+02 2.568398941937018662e+02
2.562872593061017596e+02 2.563025138834981362e+02 2.551938762849465263e+02 2.569841697935765410e+02
2.525979998479505753e+02 2.532395154106349651e+02 2.522764571082358032e+02 2.536449172174232842e+02
2.552370297865873567e+02 2.554308614127624821e+02 2.539676282793835753e+02 2.557757057030582359e+02
2.526336582665497588e+02 2.528540742318674290e+02 2.518762975285930850e+02 2.532857036034758380e+02
2.796334946486871900e+02 2.802467113794780289e+02 2.783995362782671350e+02 2.811672838637478549e+02
2.505852544934109574e+02 2.506980841303375769e+02 2.493842259121031759e+02 2.508587379059951559e+02
2.518576887538426945e+02 2.518817201966993480e+02 2.517686117819968388e+02 2.518436522867164342e+02
2.579517985062125263e+02 2.576941980408188897e+02 2.560523624619852967e+02 2.587992544042247118e+02
2.675273125219098915e+02 2.674286204819802037e+02 2.654908684459351207e+02 2.687361302441359499e+02
2.544667572436021317e+02 2.546970244363293148e+02 2.533657354822339016e+02 2.551864750950854273e+02
2.616493114009907117e+02 2.619479173578116047e+02 2.599920822645204339e+02 2.625524965590741431e+02
2.537671631434001540e+02 2.538744882953761532e+02 2.531773880530550116e+02 2.537359697777935992e+02
2.495598086290595461e+02 2.494044171465957049e+02 2.491615159827080390e+02 2.497347108100690605e+02
2.549659726685821113e+02 2.544472951346359082e+02 2.536135895552875468e+02 2.548627597240785576e+02
2.527188840936503880e+02 2.533969028023279293e+02 2.525468463331269504e+02 2.538793975542105841e+02
2.919974623248741636e+02 2.920660008511102319e+02 2.899779190354112188e+02 2.913065019008782883e+02
2.501173025552772913e+02 2.508615518634086357e+02 2.496197696883833146e+02 2.511065719410325698e+02
2.553966568081827972e+02 2.557546241393109767e+02 2.544886160439134528e+02 2.555138219251532803e+02
2.583355667330403662e+02 2.584774733245363905e+02 2.573464981377706522e+02 2.586420756648633983e+02
2.817478556737243593e+02 2.816466835694556607e+02 2.796995954511708646e+02 2.829290886907321578e+02
2.520033134243255120e+02 2.520477573871052073e+02 2.509911401986933299e+02 2.520405049335111300e+02
2.548728177579408509e+02 2.558323925669885739e+02 2.538504533468178863e+02 2.559833179654602020e+02
2.627917529794349889e+02 2.636687336873495724e+02 2.610141327782761209e+02 2.635616236860372510e+02
2.525703121573488374e+02 2.526517823207014999e+02 2.519626060947320525e+02 2.526980037849573648e+02
2.947507307043727565e+02 2.961034252347307074e+02 2.939308344940949382e+02 2.968794130600522294e+02
2.512213007812180194e+02 2.513090940952982351e+02 2.508966186351268277e+02 2.518485635844866124e+02
2.561212941958461897e+02 2.562580006665002088e+02 2.551787715451778809e+02 2.564348577964649962e+02
2.583568587893493032e+02 2.588688573687575740e+02 2.569365195187040740e+02 2.594583563782288707e+02
2.545043110611400436e+02 2.545300458107816439e+02 2.535979510242385402e+02 2.551429244245240682e+02
2.495385268068456242e+02 2.499221775257705360e+02 2.489728377591815445e+02 2.498950439257610014e+02
2.483165101934339418e+02 2.480129143133529226e+02 2.475820175471179709e+02 2.487128982691952785e+02
2.548923847076599714e+02 2.551964136736349076e+02 2.540379012564639822e+02 2.553599765560644528e+02
2.902916080642378347e+02 2.898765889710873580e+02 2.875079228544504417e+02 2.875686347409790642e+02
2.518703323439120823e+02 2.518393003451205914e+02 2.515554463397545533e+02 2.523130640400137565e+02
2.820490114904780512e+02 2.825509464243710340e+02 2.788390293842430196e+02 2.835047062392414432e+02
2.534161798446345699e+02 2.530417990127992027e+02 2.521557202134594036e+02 2.536298010841184691e+02
2.654860336370721257e+02 2.659421241157984923e+02 2.641449586716430531e+02 2.665144540047177202e+02
2.898813371373836958e+02 2.896467423516883741e+02 2.878022496780056940e+02 2.900051530059726019e+02
2.641327865417634371e+02 2.645732543992959336e+02 2.615908731981082269e+02 2.640112458375586471e+02
2.500240243325633287e+02 2.497952281223384432e+02 2.494151791073025777e+02 2.504714803985481240e+02
2.555443921315269620e+02 2.558207366001730065e+02 2.548029488518482424e+02 2.560567109608464307e+02
2.634983817786813347e+02 2.641945611218501995e+02 2.623773810232568735e+02 2.649067131821540784e+02
2.500109043863083116e+02 2.496648601502234328e+02 2.495428938266032617e+02 2.499538895420582492e+02
2.604919739279382611e+02 2.610819875918960520e+02 2.591865777777780977e+02 2.622086318715594189e+02
2.855802358847149094e+02 2.861475320994786102e+02 2.836330195444413675e+02 2.863524666380637882e+02
2.525080191009978421e+02 2.526392162203517842e+02 2.525503336552352494e+02 2.526130944848030992e+02
2.539867410340248739e+02 2.541947535247420547e+02 2.531824127220993432e+02 2.540664767473284940e+02
2.574070082041919250e+02 2.573657857745262163e+02 2.564418705961725209e+02 2.579812129623578016e+02
2.507793675678456111e+02 2.508572813969850586e+02 2.506399763319270448e+02 2.512668500632218240e+02
2.498296339021497658e+02 2.499024255415769744e+02 2.493980231689828315e+02 2.500159117638970372e+02
2.516240888253937271e+02 2.515525757786256236e+02 2.503836300549182283e+02 2.517990999478360550e+02
2.543479364913627023e+02 2.540757027168163518e+02 2.533373205838656190e+02 2.550767978411438435e+02
2.557201489756142223e+02 2.561855132331883169e+02 2.545868047454723069e+02 2.570509939839874392e+02
2.543095917549407829e+02 2.545944579192183710e+02 2.537424811132453897e+02 2.548159525057023984e+02
2.671454079536743507e+02 2.675892827047645710e+02 2.647703354451335258e+02 2.679616312049211047e+02
2.812543658479021929e+02 2.817112078064491243e+02 2.781531094588101496e+02 2.814133497063633627e+02
2.680510454706951009e+02 2.686369217623851569e+02 2.662034198038174395e+02 2.684945996448818164e+02
2.957748982671449767e+02 2.966185092754669768e+02 2.942137349731572158e+02 2.960445743899447280e+02
2.482208552924436162e+02 2.483609469200705746e+02 2.478395722624371160e+02 2.484415318567005784e+02
2.575573497060130421e+02 2.579617661910693300e+02 2.563448753354260248e+02 2.582341915592186865e+02
2.497332336360013301e+02 2.499104525956426812e+02 2.490289284500035478e+02 2.502157504884425521e+02
2.574220430616439330e+02 2.578970407904470221e+02 2.573571279053731473e+02 2.581374437241188389e+02
2.871612877953667748e+02 2.877983900771887988e+02 2.848966939912568250e+02 2.879113258956509753e+02
2.505166623196319904e+02 2.507246256826592514e+02 2.496258990179469492e+02 2.510097343500911791e+02
2.634311586882355414e+02 2.647640652378065624e+02 2.623025226047238334e+02 2.648249944246620657e+02
2.795845530991131795e+02 2.808617463602071780e+02 2.772816014524601655e+02 2.809932790932803073e+02
2.503477963573836576e+02 2.507187972105091660e+02 2.502752683246895629e+02 2.504717680686859183e+02
2.733911785592223964e+02 2.737907614189838910e+02 2.710310082642806151e+02 2.747832078285438797e+02
2.552174964455248869e+02 2.550161672927038694e+02 2.536966673937648977e+02 2.555840257709629668e+02
2.549140109891129100e+02 2.548741706136615335e+02 2.539519413050123262e+02 2.553262764368710123e+02
2.487407722413957742e+02 2.490195039905215992e+02 2.482270037532993285e+02 2.490614601582772138e+02
2.508650435209873990e+02 2.511044148820437272e+02 2.500327335589181530e+02 2.513624195995451487e+02
2.519440690428740481e+02 2.522552046478207046e+02 2.519945768730215434e+02 2.525224994992767620e+02
2.559560800172502582e+02 2.560804235794198007e+02 2.545746792710214663e+02 2.563266039862636489e+02
2.694126838018750618e+02 2.695734209788678299e+02 2.671706119038335601e+02 2.703523691500172390e+02
2.976285503950417137e+02 2.973303057334024970e+02 2.955332438218002835e+02 2.956435993773591804e+02
2.588079387038943651e+02 2.590567214651674703e+02 2.578522795509462640e+02 2.594963851923489528e+02
2.499914218461217672e+02 2.498856990222546131e+02 2.492425147872304763e+02 2.499102345771059674e+02
2.515266619147804192e+02 2.515058228607499586e+02 2.510908593230059012e+02 2.519133079184608732e+02
2.516631727431417005e+02 2.519812164540623201e+02 2.512679361743855679e+02 2.520992447062913584e+02
2.898478320629368454e+02 2.890552044635842890e+02 2.875335271963361947e+02 2.902887207256433157e+02
2.498290617178133175e+02 2.498288095423913262e+02 2.491796802515759168e+02 2.501335585183085470e+02
2.715332270443934135e+02 2.713238147698982061e+02 2.692944541661696576e+02 2.719481208776199423e+02
2.498252564376218174e+02 2.494856362501099909e+02 2.493486441128053173e+02 2.502744925829987039e+02
2.585653470730084678e+02 2.587930826653161489e+02 2.571702784682802871e+02 2.591510336445561506e+02
2.596960913589043685e+02 2.596769868337482876e+02 2.579468670648410011e+02 2.600864044816077012e+02
2.549971030099217160e+02 2.551740723971013551e+02 2.541392263668568603e+02 2.555670113530330525e+02
2.488691087906803716e+02 2.489903123172390167e+02 2.488040995625135281e+02 2.494232216201715460e+02
2.513970166408548437e+02 2.514697641268763562e+02 2.513918129611332120e+02 2.514126246840376666e+02
2.495480310614142638e+02 2.498593384875653385e+02 2.493109767536788581e+02 2.503176915646741350e+02
2.519772304919637804e+02 2.521111175875197148e+02 2.510094282033421962e+02 2.524698743618751564e+02
2.493228855230011902e+02 2.494247216950894313e+02 2.489015697313615192e+02 2.501507612452907381e+02
2.616784758279952143e+02 2.618264433074234603e+02 2.597572773780257762e+02 2.621433350129082669e+02
2.711124760769478144e+02 2.736600821932943859e+02 2.693356447679411190e+02 2.736672871991238480e+02
2.531071240463997185e+02 2.537605414522381864e+02 2.520704751571958866e+02 2.535634593082606045e+02
2.557721427458875496e+02 2.559758062972946391e+02 2.547019870757656577e+02 2.565270152527078267e+02
2.648051159154324523e+02 2.652156156290906210e+02 2.636327887855601375e+02 2.661227934620897031e+02
2.582520512735854936e+02 2.596208775114915284e+02 2.576344483160089567e+02 2.603496051745576096e+02
2.504958603692082306e+02 2.500705369876453972e+02 2.496473003660461529e+02 2.506196482540980810e+02
2.606544902191023425e+02 2.620673049538382315e+02 2.595474296210564376e+02 2.621958351930028925e+02
2.501635371091233822e+02 2.505186371643397649e+02 2.499264078058805296e+02 2.506758558809401904e+02
2.518139828941614837e+02 2.517198811181341398e+02 2.507166575410563212e+02 2.518239160163390409e+02
2.491389928108867196e+02 2.492177791861722937e+02 2.486734416593688763e+02 2.494991696651433131e+02
2.650362208830972577e+02 2.651124477585037766e+02 2.631137661163306234e+02 2.657465064962190127e+02
2.932754072674919712e+02 2.925342504893958449e+02 2.918639939129149070e+02 2.922420551300882039e+02
2.600666402703288327e+02 2.605553898506109363e+02 2.587552624981311737e+02 2.604549640509892470e+02
2.575747793287154650e+02 2.574257279336471811e+02 2.562974443846405279e+02 2.583056594646417921e+02
2.514065159437289481e+02 2.511361755807868690e+02 2.504475656546732409e+02 2.516911326692929833e+02
2.510666425535861777e+02 2.508399648724147823e+02 2.506218353870720819e+02 2.509344132312728277e+02
2.545316793802094537e+02 2.542760859791962105e+02 2.532511255789045208e+02 2.544731857009668374e+02
2.527383220935077190e+02 2.530963359810787665e+02 2.519857090796911052e+02 2.543095526930582650e+02
2.503729748794426087e+02 2.510001776626180856e+02 2.495183295796148286e+02 2.512459092374728584e+02
2.675801022482690996e+02 2.679928961654714499e+02 2.652499767340399899e+02 2.679405644461560314e+02
2.723076136651966976e+02 2.716037835806941416e+02 2.698321644505170980e+02 2.719994086977714005e+02
2.484044626805846008e+02 2.485805621847658529e+02 2.478498618808831679e+02 2.483937345858506376e+02
2.530036301270542651e+02 2.528670091540998897e+02 2.522583034977510579e+02 2.534450031133783057e+02
2.631007131983518548e+02 2.633312844545236544e+02 2.612031536891420274e+02 2.639393535538908964e+02
2.708787928167299697e+02 2.727514806567750725e+02 2.704499803111674510e+02 2.724907218400090301e+02
2.522734296709330977e+02 2.524843962560695161e+02 2.516141950006432069e+02 2.527039455498683083e+02
2.536947738368500893e+02 2.539381092445190973e+02 2.531863061375114796e+02 2.538016224070109388e+02
2.507587536348605965e+02 2.510419996375855760e+02 2.506957315956148591e+02 2.511226297279960420e+02
2.600273424220580978e+02 2.603167232457230966e+02 2.581499215127473690e+02 2.606621683577999988e+02
2.493367240404409699e+02 2.499669584846483303e+02 2.487533590632161804e+02 2.495730700286422632e+02
2.483553269278570212e+02 2.489936055046516401e+02 2.482963245937201293e+02 2.492597617570213231e+02
2.704464289558594032e+02 2.698880308926899261e+02 2.667127009221356388e+02 2.716180000809089847e+02
2.600831802627210436e+02 2.594305011560785488e+02 2.576110626664649885e+02 2.593085139757104116e+02
2.539960248592945788e+02 2.542074868363355336e+02 2.525651760284601153e+02 2.549826326307758677e+02
2.555228800983614121e+02 2.559061130772762169e+02 2.546803364653898996e+02 2.557093353352387624e+02
2.852755751374226634e+02 2.864669798952899100e+02 2.829658831369539485e+02 2.861978980515579565e+02
2.613261406053521227e+02 2.612419657294365152e+02 2.593490079659144385e+02 2.613132251908379544e+02
2.524621139242652816e+02 2.528726151101459720e+02 2.518241652602387148e+02 2.530831914817270558e+02
2.505093748051620537e+02 2.510051475902994582e+02 2.505501272414116727e+02 2.510711642200733138e+02
2.507015905083317193e+02 2.507301104949644355e+02 2.504287827680332157e+02 2.510711047420351463e+02
2.515247917998825073e+02 2.515671701826845776e+02 2.509899697023941201e+02 2.516767829722696490e+02
2.784610479365121023e+02 2.790734008196920399e+02 2.755623552962828171e+02 2.781999941013987723e+02
2.560221255117630221e+02 2.560962591592917192e+02 2.554733314176986028e+02 2.566449547791472128e+02
2.537034889150970400e+02 2.537669821188784738e+02 2.532178146238926502e+02 2.541673237951134183e+02
2.734753992917961227e+02 2.739411906145135163e+02 2.704378654658252117e+02 2.737693606088149068e+02
2.507562778777819403e+02 2.509696081238791976e+02 2.504871461760644138e+02 2.510007619733958961e+02
2.494944893507409915e+02 2.494853732110078681e+02 2.487987758311660116e+02 2.497868746211067901e+02
2.626252925506972247e+02 2.635776359938677729e+02 2.612612005521475567e+02 2.639596135714419916e+02
2.510674263189364126e+02 2.514119261146009876e+02 2.513002878165126788e+02 2.521879057373296575e+02
2.503956641639197471e+02 2.503431806626210516e+02 2.501214403799458523e+02 2.503608690156385705e+02
2.540063173409761532e+02 2.540482652240896471e+02 2.527904351108942649e+02 2.540792924212136086e+02
2.596352326728842854e+02 2.595807908013912879e+02 2.579969951897311375e+02 2.592428982413736662e+02
2.695869829033697442e+02 2.709343278082807842e+02 2.675204151714992236e+02 2.706367263252420230e+02
2.747632376657380746e+02 2.745408039281596757e+02 2.716612823331128652e+02 2.752715160804094694e+02
2.557946716672011007e+02 2.553930191652632686e+02 2.548641730987729943e+02 2.562313150370493986e+02
2.807427233798458133e+02 2.814094215928893163e+02 2.794726857411408218e+02 2.801083208342743660e+02
2.552975482559478735e+02 2.555007382441321795e+02 2.543094473712693571e+02 2.561982215997518892e+02
2.580766989385772376e+02 2.591330524201010235e+02 2.570202103461354000e+02 2.593989327365946451e+02
2.914225101733183578e+02 2.938571347624726968e+02 2.901175497931254199e+02 2.914605131108568230e+02
2.567973719474829295e+02 2.569734065101080773e+02 2.557930347011076151e+02 2.575466858161645973e+02
2.482648928656563783e+02 2.484622086190487664e+02 2.479923444357980600e+02 2.488741808038282954e+02
2.638922361603444529e+02 2.654622643325457716e+02 2.623769809743913584e+02 2.649139907451253748e+02
2.506716102802388662e+02 2.508916236890765106e+02 2.506246081335119982e+02 2.514876263001302164e+02
2.587478885699779312e+02 2.586874313989791290e+02 2.573808779885464446e+02 2.594799492642426344e+02
2.586484105269105385e+02 2.587847492617736975e+02 2.575549063955846805e+02 2.588008710293991044e+02
2.568731125933691715e+02 2.573294235269975729e+02 2.561566379995102807e+02 2.580575175296797283e+02
2.549552890227324724e+02 2.552013737322233169e+02 2.535303021602277340e+02 2.557638890988902745e+02
2.590393596824230258e+02 2.597016519232386713e+02 2.573634084284842061e+02 2.602899189203673131e+02
2.611447349545728684e+02 2.608242624204171420e+02 2.594413281463181420e+02 2.614900334787850511e+02
2.471018172473747541e+02 2.475185374488592629e+02 2.468046059566893291e+02 2.480076263780348711e+02
2.834249640273089881e+02 2.817100592031857786e+02 2.805020095863709457e+02 2.822165870761925248e+02
2.585448776779336981e+02 2.592059605141650991e+02 2.572440005048587182e+02 2.594373739000564001e+02
2.553808785709287577e+02 2.560238009509303652e+02 2.542860676564281164e+02 2.560971360334540918e+02
2.971073870334109301e+02 2.964746831256365454e+02 2.956213799010122329e+02 2.970379383828758932e+02
2.597027604953218543e+02 2.602573522058937101e+02 2.584515291219101414e+02 2.619042177123934607e+02
2.513072398085346322e+02 2.514493093548923071e+02 2.512277031053692440e+02 2.519172259071590076e+02
2.510590606082107854e+02 2.511163126127528074e+02 2.505790221550053047e+02 2.509963199161359171e+02
2.634564221652761375e+02 2.634614664012584626e+02 2.619482745123166865e+02 2.639860458917850110e+02
2.726383222609002814e+02 2.733906453551697382e+02 2.707907778772989218e+02 2.739206033098796524e+02
2.515820409264195519e+02 2.518925471164920111e+02 2.509120399494475748e+02 2.519533849942397410e+02
2.493903405031743716e+02 2.496091444126254544e+02 2.491401481030239893e+02 2.502267887840219771e+02
2.552174263486157599e+02 2.551587473171692011e+02 2.543327322785755484e+02 2.561481063438645265e+02
2.705346258097860641e+02 2.705787790332658460e+02 2.680716505129290681e+02 2.715700557078108091e+02
2.545243634043040970e+02 2.548732314121457421e+02 2.542171146767793175e+02 2.553546562241182016e+02
2.840319368716698705e+02 2.856859313149906825e+02 2.819528565286267963e+02 2.855889069979138526e+02
2.519802633591000074e+02 2.518902983888098390e+02 2.516960983175834201e+02 2.523504858367475663e+02
2.521798913372632853e+02 2.522881870104187669e+02 2.512030120029737645e+02 2.524769832773885128e+02
2.547202201347355128e+02 2.548772334924167353e+02 2.538245605446270758e+02 2.551582701859049678e+02
2.658016830766521821e+02 2.657292110535483971e+02 2.635867557025489418e+02 2.655736184040291050e+02
2.628875037822724039e+02 2.637371693204250960e+02 2.617076931065798817e+02 2.632946900008278135e+02
2.521976098555387011e+02 2.519172408825026821e+02 2.517711833659719503e+02 2.520688386097542946e+02
2.506926557932906405e+02 2.507950613109441633e+02 2.494562536020249865e+02 2.510563125238373914e+02
2.504105493265041389e+02 2.502066476395415009e+02 2.495944830128741216e+02 2.508465712465870752e+02
2.633932850576401279e+02 2.639885895511071112e+02 2.621740737122424889e+02 2.635857989064137996e+02
2.476596137306853223e+02 2.475302542819392499e+02 2.469140143725657595e+02 2.479065347526662890e+02
2.603948780814551469e+02 2.607308779882705494e+02 2.589063493403438088e+02 2.615802005736530305e+02
2.489873396836048869e+02 2.494069034752138805e+02 2.487872392833593267e+02 2.494439325671575602e+02
2.498197282559116843e+02 2.501131840018146022e+02 2.486485928754139820e+02 2.499785787687555398e+02
2.536259200468399513e+02 2.534514301709854180e+02 2.529897052297633593e+02 2.539218117707662827e+02
2.516488253376721502e+02 2.520651189845951876e+02 2.510743512325491054e+02 2.526695587340900886e+02
2.532707127214728473e+02 2.536639970449243151e+02 2.515417015445893583e+02 2.539028688074120055e+02
2.524919249046776315e+02 2.529245865054988087e+02 2.515917746968503366e+02 2.529797022500374624e+02
2.507535994557771346e+02 2.507932825495248039e+02 2.498054194674440112e+02 2.509455111934527451e+02
2.548180757526385207e+02 2.553900124542292076e+02 2.532989439333423718e+02 2.553362841867285624e+02
2.598534215553895592e+02 2.596800266710203573e+02 2.580234832314598066e+02 2.601874471249694807e+02
2.541306974898174360e+02 2.546338916161591897e+02 2.535089351070555779e+02 2.549496949010527942e+02
2.514914099018336913e+02 2.516723441510951034e+02 2.508170139990959626e+02 2.521800458713156559e+02
2.545282550745404251e+02 2.541382163764724567e+02 2.538591982210901961e+02 2.548499283127767399e+02
2.496653563400775226e+02 2.498658042739508005e+02 2.494581979919244077e+02 2.501540288342073097e+02
2.503067441924627019e+02 2.502782430307317156e+02 2.497656053502976192e+02 2.506907674067350911e+02
2.598131088049370305e+02 2.600660661220818497e+02 2.583450730959569910e+02 2.607888750113830270e+02
2.494462767713576454e+02 2.495988591375492547e+02 2.489832311652190810e+02 2.496419865224800958e+02
2.706955333020345620e+02 2.707545845404758893e+02 2.680555326141856654e+02 2.716066341545118803e+02
2.497977267647378312e+02 2.499274858104831480e+02 2.493876010948233386e+02 2.500289779634810827e+02
2.501751373835229799e+02 2.501182633646708666e+02 2.497259514643561715e+02 2.502622845587266340e+02
2.596276421564167549e+02 2.604848174715498317e+02 2.583622226726310487e+02 2.599260110884339383e+02
2.571919077117765369e+02 2.573008034466146796e+02 2.569159728230218320e+02 2.581077657880642278e+02
2.475454690956221100e+02 2.478426357732464282e+02 2.471046106395843083e+02 2.479339371131831058e+02
2.581145828001677955e+02 2.581973789260313765e+02 2.569206267055230910e+02 2.584501526536715232e+02
2.614699317016743407e+02 2.620371937591667120e+02 2.598577984058211996e+02 2.611000142224427805e+02
2.598928220540006464e+02 2.595871907939375092e+02 2.585434285905654406e+02 2.600336908316285189e+02
2.583845228417472413e+02 2.589878238081254835e+02 2.570487696475515804e+02 2.598467413444999465e+02
2.882761145293669074e+02 2.890738950517345529e+02 2.867935196786357892e+02 2.887010623140202483e+02
2.542503174286039496e+02 2.543990553861812032e+02 2.530512299280579782e+02 2.551237305536624831e+02
2.520127502815143714e+02 2.518885635233979201e+02 2.514281846585458027e+02 2.521758910528836282e+02
2.560033473131098276e+02 2.557098583859292660e+02 2.554325996082858410e+02 2.562837391498136412e+02
2.565677878056113173e+02 2.568772663261744356e+02 2.558563206269245995e+02 2.571588991639121105e+02
2.535169261168132664e+02 2.537456879320415055e+02 2.532816925557530396e+02 2.541441552721163646e+02
2.568994907323177586e+02 2.577208623080597363e+02 2.560056834148779217e+02 2.572861513752243923e+02
2.528910912965964997e+02 2.528820024020844812e+02 2.526484939594261334e+02 2.529449626418049490e+02
2.546028994403739603e+02 2.549537970513150924e+02 2.540499874676646925e+02 2.552901292011145529e+02
2.745173200827466644e+02 2.749903924937431157e+02 2.734001313386316383e+02 2.752321636220168557e+02
2.503380762273785649e+02 2.510010140248500932e+02 2.503626949269878708e+02 2.507487765695868518e+02
2.582395181309209420e+02 2.584682142136994685e+02 2.565645501693392134e+02 2.587910088832528004e+02
2.840283576898282831e+02 2.860721058339632918e+02 2.822310486125537068e+02 2.854204940776486410e+02
2.491661172789653733e+02 2.491828299794228769e+02 2.486878297702368457e+02 2.491534594714634352e+02
2.549682609113670253e+02 2.545943482605993324e+02 2.537779445754626124e+02 2.556367259025768419e+02
2.541667501797898581e+02 2.543585830813926805e+02 2.542040284289999477e+02 2.545347283870200101e+02
2.626109345104144950e+02 2.630884395640671869e+02 2.607726029918990776e+02 2.639844578406979281e+02
2.615837619512336687e+02 2.614470016144135229e+02 2.594082451059381356e+02 2.618434366499408270e+02
2.496944776712193175e+02 2.497219287380162598e+02 2.493030311508142347e+02 2.495677428605675061e+02
2.509567991763009900e+02 2.509713895289070535e+02 2.501965384446305904e+02 2.510411424277146750e+02
2.617246063482581349e+02 2.611834848667739379e+02 2.603230446081757918e+02 2.620078661915767952e+02
2.490369974233458947e+02 2.492779791637041740e+02 2.481777866546372593e+02 2.493633881586977736e+02
2.662981922323103845e+02 2.670682308292646781e+02 2.646038383889447800e+02 2.673717928059598989e+02
2.783403046820123450e+02 2.784871532180218310e+02 2.773121434556373401e+02 2.790010745708530635e+02
2.530387333741334999e+02 2.533976735173402233e+02 2.521872499502018741e+02 2.534521516576379838e+02
2.513146267016340403e+02 2.513013993380279203e+02 2.503138747628014471e+02 2.512433128066734582e+02
2.555167169119496009e+02 2.565911565377273860e+02 2.550490565741651210e+02 2.561423253574233740e+02
2.630815992598274988e+02 2.636640626220021204e+02 2.608893699465538702e+02 2.633927937805625561e+02
2.686164366511174535e+02 2.693916306038265702e+02 2.663937864914603324e+02 2.687847026676029714e+02
2.547947143821866121e+02 2.548788785129873418e+02 2.546333555931959438e+02 2.549868606120393792e+02
2.752796843841293253e+02 2.770879159073613209e+02 2.737930174464974584e+02 2.756098033084852545e+02
2.548429702985669394e+02 2.548576252171666283e+02 2.536141750843923433e+02 2.554045487433457993e+02
2.729483420164144718e+02 2.743568378966735963e+02 2.716357883272052618e+02 2.743059658977517188e+02
2.499764060418503959e+02 2.501070058598655521e+02 2.494744045004471218e+02 2.505698018385704131e+02
2.513962984090775876e+02 2.514430943745432501e+02 2.508660098747354255e+02 2.521166064917059089e+02
2.499089051859412223e+02 2.501714023663458022e+02 2.490803545829606946e+02 2.502939295178897225e+02
2.506242558233432476e+02 2.509046422416952851e+02 2.500627185093603941e+02 2.508626041024439530e+02
2.526661373980707879e+02 2.529451680297504765e+02 2.517634481768935188e+02 2.529833798591773473e+02
2.550651467081297312e+02 2.555716275491761564e+02 2.547718323622212608e+02 2.551836131890527497e+02
2.578758758319825120e+02 2.578639754086110543e+02 2.560802785472312735e+02 2.586032464345963149e+02
2.543792704840654437e+02 2.548729897085652851e+02 2.541680117819724103e+02 2.547316485209787231e+02
2.546196957335972968e+02 2.552898075245546465e+02 2.536307294851457357e+02 2.562119320970082299e+02
2.673013290052475099e+02 2.692481836739447658e+02 2.664792790116821948e+02 2.691440343191650868e+02
2.528696771059227331e+02 2.534285575488246423e+02 2.521978443517412813e+02 2.538602388051938021e+02
2.512451278859632566e+02 2.513925401229881800e+02 2.501982635152463672e+02 2.516837229470320096e+02
2.609151480748346330e+02 2.612889338413825726e+02 2.589325853110501043e+02 2.619781680533006920e+02
2.690997170540392744e+02 2.680188730374330248e+02 2.665238317600166624e+02 2.702138074478074827e+02
