2.912632921568093138e+02 2.919949989827794639e+02 2.909622031540303055e+02 2.913676162488284263e+02
2.710591974596708269e+02 2.721172480555050583e+02 2.696095944002661327e+02 2.723234226689936577e+02
2.733824423074252650e+02 2.738531734385490495e+02 2.725914432370080362e+02 2.740436364761233676e+02
2.790535460871169562e+02 2.790503492288822258e+02 2.766269065663254310e+02 2.802840740585053823e+02
2.530253440585469775e+02 2.529149840574722248e+02 2.518750340592549435e+02 2.533959109967848349e+02
2.540228088687928221e+02 2.541238958273434321e+02 2.525406231913992485e+02 2.546227954132079390e+02
2.561903305956744248e+02 2.562629718430111438e+02 2.547928292143651277e+02 2.560457008274293571e+02
2.526548122787064585e+02 2.528281364203338342e+02 2.523551174747061339e+02 2.531263721964841409e+02
2.733844273731107251e+02 2.733777964072376108e+02 2.723062149732218700e+02 2.750555931279184847e+02
2.618738125955750888e+02 2.620195353000203227e+02 2.603335958576693656e+02 2.624027054306171749e+02
2.458410594323591738e+02 2.465793425985818317e+02 2.460317096295844408e+02 2.466847619279380410e+02
2.553365593123086512e+02 2.557380073381592069e+02 2.544482492521194672e+02 2.560902335433274288e+02
2.504197394922178717e+02 2.503674011581341574e+02 2.501703243998502444e+02 2.501361133809033106e+02
2.899277344288784661e+02 2.887367585376119905e+02 2.866376389945553456e+02 2.875870128710137124e+02
2.542365425944150275e+02 2.543891884789268829e+02 2.540646110312312089e+02 2.543367421543062505e+02
2.618422965214955980e+02 2.623104765362581361e+02 2.611705162629986035e+02 2.627928030011335636e+02
2.607400714308158740e+02 2.622085478877324363e+02 2.593594040380339152e+02 2.615417831662433628e+02
2.482870836695215360e+02 2.486292540376037437e+02 2.479298166611227430e+02 2.488156124209336326e+02
2.494068554172350503e+02 2.494685388292845971e+02 2.495416648038650749e+02 2.499674053918419645e+02
2.584942176324648813e+02 2.593020347245775383e+02 2.572235101462164835e+02 2.599343844088590458e+02
2.519225041646143666e+02 2.521459582879447794e+02 2.516965650298078003e+02 2.527101503411325893e+02
2.520988163661261865e+02 2.519773695314720214e+02 2.506904135743334052e+02 2.523017375070220112e+02
2.766738267999373875e+02 2.779487666631277420e+02 2.763812551218811677e+02 2.784899508991434232e+02
2.568711950882974406e+02 2.571766221846181111e+02 2.556782023292551571e+02 2.573265390812892406e+02
2.520230939867090001e+02 2.524159779488668960e+02 2.513134165512732352e+02 2.528966447140201410e+02
2.604101917611689032e+02 2.603037274219615824e+02 2.588401942581187427e+02 2.608132039019978379e+02
2.548896463482159618e+02 2.563249314899966862e+02 2.544186335853515288e+02 2.561960401766006044e+02
2.508902747903682098e+02 2.518732230463144788e+02 2.508865908257371302e+02 2.516549035534102075e+02
2.591071018427838339e+02 2.587874625695878308e+02 2.569235386628857896e+02 2.598436255956122523e+02
2.506206319701782377e+02 2.504139761467346830e+02 2.504504532447233203e+02 2.507840168902221762e+02
2.500242417857776616e+02 2.500093872101264196e+02 2.495227225319600564e+02 2.505670828540802404e+02
2.505491210419804418e+02 2.502034659550136553e+02 2.492985783993288464e+02 2.513198160862618238e+02
2.642899740096338519e+02 2.639028322632675554e+02 2.629966838318249529e+02 2.651667473281372054e+02
2.643100424457667827e+02 2.646475384655861944e+02 2.619935495282660440e+02 2.645542938695993485e+02
2.537346974358390810e+02 2.537049556217461657e+02 2.526936372591108579e+02 2.536311024925716424e+02
2.503782797665477347e+02 2.504752419249760180e+02 2.499255357716340313e+02 2.508318843379608438e+02
2.508681949390064290e+02 2.507563039765511803e+02 2.503169489493578794e+02 2.506633387912320927e+02
2.515551226308108994e+02 2.509980211687303324e+02 2.507744910620423582e+02 2.516658342234564429e+02
2.606163453349580550e+02 2.612370651563110187e+02 2.580754013848343220e+02 2.610467808597174439e+02
2.548567015445478319e+02 2.551479967194226504e+02 2.544070828066415402e+02 2.556252061170949901e+02
2.735901256793213179e+02 2.740398627574822399e+02 2.714292268725712347e+02 2.735786837134314737e+02
2.501219651219126092e+02 2.501707734011229434e+02 2.492889461435368617e+02 2.507050968240597513e+02
2.628926663375004864e+02 2.635811370681241783e+02 2.605730228967641438e+02 2.642794262126233775e+02
2.469474748201912462e+02 2.474755594875916245e+02 2.471112182270116762e+02 2.477690372259522178e+02
2.505661761896560904e+02 2.506527145698188690e+02 2.500304738705561078e+02 2.512388407308488922e+02
2.500023214619716612e+02 2.501376394443839501e+02 2.495443655270442775e+02 2.501458719090201157e+02
2.537629460854822980e+02 2.545347779165621205e+02 2.524805970842446925e+02 2.545446126118933705e+02
2.853162390923939142e+02 2.858701637058388201e+02 2.831858828728317121e+02 2.851230908304720515e+02
2.576359433792791833e+02 2.579514763119753979e+02 2.567186829303763602e+02 2.586435286038500863e+02
2.516899839179353080e+02 2.514713605780342220e+02 2.514067835361594518e+02 2.520709377639652189e+02
2.487646570336536627e+02 2.487190331852316092e+02 2.476139350670609076e+02 2.489773649433510343e+02
2.544676174010518537e+02 2.542237282250622457e+02 2.538986331827538265e+02 2.549045190785784882e+02
2.533011464738393101e+02 2.534784468007104863e+02 2.528486739740106088e+02 2.535479755535306765e+02
2.501656035603448345e+02 2.504340687452645113e+02 2.504023932641088095e+02 2.508244645500008687e+02
2.526503616370949885e+02 2.525914480729211675e+02 2.517138932179415178e+02 2.534107546228654542e+02
2.527484106606570151e+02 2.528348535074529764e+02 2.524279222146778068e+02 2.532610127099058559e+02
2.508559178600044675e+02 2.510442169234940479e+02 2.504909410903910327e+02 2.509137346787539400e+02
2.517589305404220568e+02 2.517511067970704062e+02 2.500509350077192039e+02 2.516994612680719285e+02
2.677945075166151696e+02 2.682093494367537119e+02 2.661211141217792147e+02 2.678147165938725038e+02
2.672299806285909654e+02 2.668698593331005213e+02 2.650754600151263389e+02 2.672226043185761455e+02
2.515648815719927143e+02 2.513292717232278903e+02 2.512001334653320157e+02 2.519246390938383229e+02
2.529368136710104977e+02 2.533223293228975876e+02 2.520095425421906725e+02 2.529795619449637343e+02
2.504145232887166230e+02 2.504235598469085744e+02 2.497285237758220262e+02 2.506726465995432136e+02
2.469498904660943595e+02 2.475449443800260099e+02 2.468341255313663396e+02 2.480008159472297109e+02
2.473904393045565371e+02 2.470534843359633044e+02 2.466885026052187868e+02 2.475451523355486358e+02
2.543915474061430757e+02 2.550182587373018350e+02 2.529389953790197012e+02 2.548164090160118747e+02
2.577167950912017886e+02 2.583387132512388007e+02 2.559052158072816496e+02 2.584766744380086720e+02
2.727864126810104608e+02 2.736524561723890088e+02 2.703610498716540746e+02 2.730451952963611006e+02
2.506994677793819335e+02 2.509648348164943741e+02 2.498129619502739729e+02 2.514632184383879121e+02
2.522240058498596227e+02 2.521490180620713204e+02 2.510898260877608834e+02 2.525673166063645851e+02
2.563655076082465030e+02 2.567817289201407789e+02 2.551796545474516904e+02 2.568248796888012748e+02
2.766225657263692028e+02 2.762060452834703597e+02 2.732574530086981781e+02 2.771338215203697928e+02
2.646657699494866165e+02 2.646036426435898647e+02 2.628719532766140219e+02 2.653836816360886814e+02
2.607601133000093796e+02 2.609472034239545337e+02 2.588103624390201958e+02 2.601344016012528755e+02
2.572256180156445566e+02 2.575486106989842483e+02 2.549839451799037704e+02 2.578183539584700270e+02
2.583496602825650257e+02 2.587555708603760536e+02 2.566740016737897463e+02 2.599019010654446333e+02
2.553963857304710530e+02 2.555137695819964563e+02 2.534923967525619162e+02 2.557394903016037517e+02
2.548176962737824454e+02 2.552700735242811163e+02 2.539496567549573172e+02 2.549800618825032075e+02
2.707841080896567405e+02 2.720099472174957782e+02 2.698308313504872444e+02 2.726481886806905663e+02
2.546657135949194810e+02 2.548015919204173656e+02 2.538961651392590682e+02 2.548564181896107925e+02
2.642772177725139500e+02 2.643100026748711002e+02 2.624511585498229351e+02 2.648354424470317099e+02
2.489147736615494750e+02 2.488478087731223525e+02 2.487197501836753872e+02 2.492932341257404119e+02
2.534818899070421310e+02 2.539093763873359251e+02 2.533233428333579127e+02 2.540815352727150866e+02
2.564451366615528514e+02 2.567653299390894972e+02 2.553982250059576415e+02 2.578771967370231550e+02
2.622143627954939689e+02 2.619743563492259000e+02 2.607537295736713077e+02 2.629009982796380882e+02
2.645781309155514123e+02 2.656720428587208858e+02 2.631986274734782114e+02 2.657582270490310066e+02
2.470209932123457577e+02 2.467396757333303583e+02 2.465213641315457949e+02 2.472603815644154679e+02
2.507936127320367632e+02 2.507737929714591587e+02 2.505216280459263487e+02 2.510490754089337031e+02
2.537597085898177909e+02 2.542684124541932533e+02 2.528646404772872245e+02 2.545794181982663531e+02
2.554554235142270215e+02 2.560577301489775550e+02 2.548098446389077480e+02 2.566708432581139050e+02
2.602145481793247086e+02 2.611493411005361622e+02 2.586897919700942339e+02 2.609927968442790984e+02
2.499799648983670863e+02 2.503929614805274468e+02 2.504955546093607666e+02 2.511685110561186320e+02
2.550943620718373097e+02 2.553517358009948737e+02 2.539959660428201289e+02 2.558600775537667005e+02
2.499860110744388066e+02 2.503397397613973396e+02 2.493653838209058051e+02 2.505063228527720582e+02
2.506923277628764026e+02 2.512839577874531471e+02 2.499756425269621047e+02 2.514366851973229018e+02
2.482203514964184023e+02 2.480763277318462769e+02 2.477788734731558691e+02 2.485347964941901466e+02
2.496130915702312620e+02 2.495973115378448313e+02 2.485641435190015045e+02 2.499782363764214779e+02
2.539987954677935704e+02 2.541486167207625613e+02 2.531547785115597833e+02 2.545929896105439809e+02
2.494662133212045205e+02 2.493322734333701760e+02 2.489295160052745928e+02 2.492401710016901859e+02
2.530106280867167925e+02 2.534312925011560083e+02 2.524124958085138246e+02 2.534529635631169242e+02
2.677973632427267034e+02 2.678650684679537335e+02 2.660547884343863529e+02 2.681886027287755496e+02
2.585644121489136182e+02 2.601563229134902144e+02 2.574361113003419064e+02 2.603353094740797928e+02
2.548866207639470076e+02 2.548599819252833925e+02 2.537176966425555804e+02 2.551127646936111830e+02
2.486500605839666207e+02 2.485867386091341871e+02 2.482393198414324900e+02 2.485328329240000471e+02
2.524834311510260818e+02 2.528574189602794036e+02 2.518205216670655773e+02 2.526905086498850324e+02
2.501160751801780009e+02 2.500820871188950605e+02 2.493691341173325497e+02 2.500345268092565334e+02
2.526279821439819386e+02 2.522473823696107900e+02 2.520682022556397612e+02 2.527887642399240065e+02
2.475439019104174747e+02 2.477867505412404796e+02 2.467834397278598715e+02 2.484235619914110771e+02
2.488777366280750698e+02 2.492853671282995265e+02 2.489461157506545135e+02 2.495623411043080182e+02
2.783178508237744495e+02 2.794498273334223200e+02 2.773882833460593247e+02 2.804704487976639484e+02
2.510028017605249033e+02 2.512092688363091497e+02 2.499446179177060969e+02 2.514346366015703609e+02
2.700811511434267231e+02 2.701687462361665553e+02 2.675901023011907682e+02 2.708174845616723019e+02
2.538912697759668617e+02 2.549427288870254529e+02 2.537167770715083748e+02 2.550036160045899010e+02
2.705818968250665648e+02 2.703585220851688291e+02 2.684177730006732077e+02 2.697845396878317956e+02
2.529858202697488991e+02 2.533610597233845851e+02 2.528696009206732356e+02 2.534866962041504905e+02
2.532231166617360429e+02 2.533391488308512578e+02 2.521402147713970123e+02 2.537701727819476218e+02
2.929944091934321477e+02 2.924717682483643557e+02 2.920836971190622648e+02 2.918617412182714475e+02
2.559314569421649139e+02 2.569390602552034011e+02 2.541673284695133930e+02 2.579923282136884950e+02
2.636767063363736838e+02 2.638887340043359018e+02 2.616126951730451538e+02 2.648035732946468102e+02
2.832780441278722492e+02 2.833135096761769205e+02 2.813979307193405930e+02 2.840145275276459529e+02
2.491185042853487062e+02 2.493971553664131022e+02 2.485860005581745042e+02 2.501053230932229496e+02
2.521575710932303878e+02 2.527183513015030201e+02 2.516842049571122288e+02 2.530470893516754529e+02
2.529029685397092351e+02 2.528085970650961656e+02 2.508109599848689300e+02 2.530276417489495770e+02
2.511949912943706238e+02 2.509504274252905418e+02 2.508614720598753820e+02 2.515668576163405135e+02
2.505488318724218004e+02 2.508421892104290976e+02 2.502925113639424239e+02 2.509183618441069541e+02
2.533651059039719371e+02 2.531101231930599909e+02 2.525825532770068946e+02 2.534845157647345388e+02
2.500225317208814602e+02 2.503011587972213761e+02 2.487670947176862910e+02 2.501208763321862705e+02
2.512491923034268098e+02 2.514933908920251042e+02 2.497819516842838539e+02 2.520815800536338998e+02
2.637744496742344609e+02 2.640958115839161451e+02 2.608907470624194502e+02 2.657962231272647387e+02
2.508152760507535106e+02 2.513594357535671406e+02 2.505107197243034136e+02 2.513611932149840982e+02
2.729017286731668150e+02 2.742834756092825614e+02 2.711718998178898232e+02 2.747090091324870400e+02
2.566353695227665526e+02 2.566970803991487742e+02 2.554935629945100288e+02 2.577198380274924148e+02
2.500733039599682570e+02 2.503290723744756008e+02 2.503128668427453078e+02 2.502487214310983461e+02
2.494302785046510564e+02 2.493053486611684662e+02 2.485069065880328480e+02 2.496125802112147198e+02
2.677463948831946823e+02 2.685633460520585345e+02 2.664722458412209676e+02 2.687415458488118247e+02
2.510436445102428138e+02 2.511338108131919853e+02 2.503450914768368136e+02 2.519868855174745761e+02
2.559224639582157010e+02 2.561798213211102393e+02 2.534335690055604289e+02 2.565258116211882680e+02
2.551636919854433643e+02 2.553236480641949981e+02 2.537385382830946980e+02 2.559172469949852484e+02
2.629415646333250720e+02 2.628162127353542701e+02 2.615690002614297214e+02 2.639210938963585136e+02
2.525220406853439101e+02 2.524223910418372725e+02 2.512898975458702751e+02 2.528868255210944653e+02
2.522321245304692070e+02 2.523660777606304748e+02 2.515331611620993897e+02 2.526128576444936016e+02
2.523653956272806909e+02 2.525696634189257566e+02 2.516894270165808791e+02 2.528947842556699186e+02
2.795512962935471251e+02 2.818123959061862251e+02 2.781757226306323219e+02 2.801123240286721625e+02
2.524391058060070350e+02 2.530274881023675562e+02 2.516992521481246570e+02 2.530804606461205424e+02
2.494690489420861184e+02 2.500509876768116442e+02 2.487661894291603346e+02 2.500271378958867956e+02
2.526821825530599881e+02 2.529487592882355216e+02 2.521801941479938876e+02 2.533698082519920547e+02
2.638492053898705194e+02 2.645449381694990620e+02 2.618997325907716913e+02 2.650713578436212288e+02
2.523229667231132680e+02 2.524590608610645006e+02 2.525709886853149158e+02 2.531680891671890095e+02
2.497221084736073351e+02 2.495064991632124531e+02 2.495902121354077963e+02 2.497379403577349422e+02
2.741169392134856935e+02 2.749251248638333891e+02 2.732831755942069094e+02 2.751985615673277721e+02
2.507482291340642462e+02 2.509298244013751855e+02 2.504883459675734514e+02 2.509400330027077644e+02
2.606881287125378321e+02 2.600163798449643764e+02 2.588317979211885813e+02 2.607488014095910103e+02
2.538527360604711305e+02 2.541811430577678550e+02 2.534343415191343638e+02 2.544535485602707183e+02
2.514106902923507505e+02 2.518307410440411900e+02 2.501636010288807199e+02 2.513891931077028801e+02
2.501175382922489803e+02 2.500695451302751451e+02 2.497704077907497719e+02 2.505797628679729883e+02
2.527925257813089956e+02 2.527641561104158541e+02 2.516852013358096087e+02 2.532179363240544490e+02
2.639499156262342012e+02 2.631485167518553112e+02 2.616753845793541586e+02 2.638875128436739601e+02
2.617432631516894048e+02 2.632063685575458294e+02 2.603956507027720590e+02 2.626796889740582515e+02
2.529667756866272441e+02 2.530217297611457354e+02 2.516860439956107598e+02 2.530763552505430312e+02
2.808960479785786220e+02 2.811449996411943175e+02 2.772186885539562127e+02 2.792239699560664690e+02
2.505847168408215850e+02 2.496397655468551875e+02 2.496940976696415930e+02 2.506362914406990399e+02
2.503539158148021215e+02 2.507136665511759475e+02 2.492924274123778048e+02 2.508808382227960863e+02
2.567218422636217383e+02 2.564824853565332319e+02 2.546068928909115527e+02 2.568835788064093322e+02
2.481298933882241045e+02 2.482122337056900108e+02 2.474035927914159458e+02 2.484258139462722568e+02
2.495014196985171679e+02 2.496160230421604354e+02 2.488412819136254939e+02 2.504830304588186607e+02
2.722224094375118284e+02 2.715778145148573230e+02 2.686600955398136534e+02 2.711275727843711252e+02
2.458656928596212765e+02 2.456021651430288841e+02 2.447541373900962185e+02 2.461095861385085186e+02
2.503274790505033138e+02 2.507155769340088796e+02 2.499073055765249762e+02 2.510005058636417061e+02
2.504495277668843016e+02 2.505726179073763262e+02 2.500732533805073388e+02 2.507629775641280787e+02
2.589068501261629649e+02 2.591939020550514670e+02 2.567361214977062787e+02 2.597677337578252832e+02
2.834972426890104771e+02 2.821870460271361480e+02 2.802337102753867271e+02 2.829968475454759869e+02
2.526648431025430455e+02 2.532637001451451511e+02 2.515112620411744047e+02 2.538245657538901412e+02
2.494365071454247129e+02 2.496100580431335345e+02 2.489861952184342329e+02 2.496212718459762812e+02
2.549675484392649309e+02 2.556730694007028433e+02 2.538128218542748016e+02 2.555755205366915845e+02
2.546995779557909145e+02 2.557202434476923543e+02 2.534275953966332509e+02 2.552225136976661872e+02
2.504386971993914983e+02 2.509536748169712155e+02 2.504240990926890049e+02 2.513881381578924277e+02
2.489073096401622252e+02 2.491424053797086344e+02 2.482861421097893810e+02 2.489222589268022716e+02
2.576593427438611457e+02 2.586037656085349568e+02 2.561499681814465248e+02 2.584921574885002542e+02
2.527103754233037876e+02 2.530819666260897236e+02 2.521194407628146905e+02 2.528498402231525972e+02
2.684730458811711742e+02 2.686916925368778379e+02 2.669952839578886028e+02 2.693389668738664682e+02
2.513440569082044931e+02 2.516066215646008573e+02 2.504248653511821203e+02 2.517095646324340805e+02
2.763998983105384468e+02 2.769011336207017848e+02 2.742127595048611965e+02 2.773756585093624949e+02
2.470662071472542891e+02 2.470395373895676983e+02 2.465645133005210994e+02 2.473815197446346303e+02
2.481617884876062590e+02 2.481840945380396874e+02 2.473276415701220117e+02 2.490464991264196044e+02
2.482038324405209835e+02 2.482411316421317053e+02 2.476002678487141111e+02 2.486542898485108424e+02
2.543112795386375069e+02 2.546715689346517308e+02 2.532826508054289718e+02 2.548774636588059650e+02
2.556952833972687529e+02 2.560501407291467331e+02 2.540104709473588116e+02 2.566320831088526688e+02
2.558563383733137471e+02 2.557296150958308658e+02 2.541203634560696401e+02 2.562586795599196421e+02
2.538114750930924970e+02 2.541575593506641724e+02 2.526090981032474190e+02 2.545615657982205278e+02
2.483127377576587662e+02 2.483335100475022728e+02 2.479628753225835283e+02 2.488859252371954369e+02
2.490994466318172726e+02 2.492574285750523586e+02 2.489687409663440860e+02 2.495904469981417719e+02
2.528357924493309952e+02 2.529185179027514607e+02 2.518204957325241367e+02 2.529240270600020324e+02
2.494011467290409598e+02 2.497174813940683009e+02 2.489409364370713433e+02 2.499545263429818647e+02
2.553817256792470971e+02 2.553195581084182209e+02 2.541971088302910573e+02 2.554510403935220211e+02
2.472801918431062234e+02 2.469406273069592430e+02 2.466206496845410072e+02 2.472078136324053617e+02
2.537710085446186667e+02 2.541576826641398839e+02 2.527287186553809875e+02 2.550494844180287544e+02
2.980558162484265381e+02 2.978764168383328865e+02 2.973307718033584592e+02 2.962998528316364855e+02
2.505562427729758213e+02 2.508123506213017038e+02 2.505632735576275820e+02 2.511533909352322667e+02
2.728098822175107330e+02 2.734001673568047295e+02 2.700925848333926069e+02 2.731583684344172980e+02
2.542214200579917929e+02 2.547324385174118504e+02 2.538819258479173584e+02 2.550354475221334667e+02
2.660909803939135259e+02 2.657101815150853668e+02 2.630864582241242715e+02 2.667192524044489232e+02
2.570356668762765366e+02 2.571241471576378217e+02 2.550016829736225930e+02 2.572817872847235208e+02
2.518939207501549902e+02 2.519871110221058359e+02 2.519605553526989183e+02 2.521932048621732463e+02
2.488863321705861154e+02 2.488294828291097929e+02 2.483284363223120863e+02 2.493026174264610972e+02
2.516663935611119882e+02 2.524435594203723952e+02 2.514309113751043867e+02 2.527296346708717465e+02
2.635028160955429826e+02 2.633432023556001695e+02 2.606004374713731409e+02 2.633379769356924385e+02
2.644309665296513003e+02 2.645718789502126924e+02 2.630355803755131774e+02 2.653580935996313315e+02
2.522199766726786265e+02 2.533688157168485873e+02 2.517167409356763699e+02 2.534961337116660900e+02
2.493540754530041568e+02 2.491175161690677839e+02 2.483197379548749097e+02 2.496223475003079102e+02
2.524008479784446308e+02 2.524831301665539911e+02 2.510542010383145737e+02 2.524999280742925976e+02
2.929594191439799715e+02 2.937422597331972156e+02 2.922625545445761759e+02 2.935761894024050207e+02
2.609809459905005724e+02 2.612643076332238365e+02 2.594069864022251295e+02 2.614508392147336622e+02
2.531181615788848944e+02 2.532681521683290100e+02 2.523103747506670231e+02 2.535266273551204961e+02
2.736976625903436116e+02 2.753147395285969878e+02 2.703744639417242865e+02 2.745007107132208262e+02
2.596280533254753777e+02 2.598619444056060388e+02 2.576100381888886091e+02 2.603464957528994432e+02
2.530108940412933407e+02 2.528723430430925134e+02 2.520601286651991586e+02 2.529861507601848416e+02
2.501289345066947192e+02 2.498441035964498269e+02 2.495535347897299232e+02 2.503049155381138462e+02
2.499730189456333846e+02 2.503789735276816373e+02 2.498218853009982752e+02 2.502025982783273150e+02
2.518912438586237954e+02 2.517218292215629276e+02 2.504403511279374754e+02 2.524979259223930512e+02
2.565952561353121837e+02 2.565319860312388869e+02 2.551091238278865490e+02 2.572594749215822389e+02
2.697304370318154270e+02 2.707580107674482406e+02 2.672074579889637675e+02 2.707753556186283959e+02
2.741186204263837567e+02 2.746539201123788985e+02 2.724014797526937741e+02 2.754210792591046584e+02
2.764556759548427181e+02 2.775039982305835338e+02 2.738038003913108582e+02 2.772536510017927185e+02
2.558734685110918861e+02 2.561860641123611231e+02 2.550768835222652058e+02 2.567674721792954529e+02
2.634687624094669900e+02 2.633870134103392502e+02 2.609630342052903416e+02 2.638721681095734652e+02
2.527849862299881920e+02 2.530223540384062630e+02 2.516149304894975387e+02 2.531799047390169051e+02
2.494624542780996137e+02 2.497957968770379296e+02 2.493783357111665850e+02 2.498068260288407032e+02
2.491755229082797598e+02 2.494052340773791911e+02 2.486876033333326177e+02 2.494584884738177095e+02
2.476200955009002769e+02 2.481081689264758268e+02 2.473484597015709596e+02 2.479295091280151553e+02
2.600334981180989757e+02 2.607798427988489038e+02 2.587632989731584985e+02 2.608329232804973685e+02
2.539604111010620215e+02 2.539454905283242283e+02 2.532287074257630195e+02 2.545881029352333940e+02
2.965372488564882474e+02 2.969674198244104559e+02 2.954670630364539079e+02 2.967852917098995249e+02
2.567385896410821715e+02 2.572876537526849461e+02 2.558015910167950722e+02 2.577303775209785499e+02
2.580493594857210269e+02 2.598185363031650468e+02 2.577238099199441308e+02 2.604303966913620911e+02
2.930267124492330595e+02 2.933453286837959126e+02 2.913548936078146880e+02 2.932928146531411926e+02
2.675844062261359682e+02 2.681918829621225200e+02 2.661964962493181019e+02 2.688647941510686792e+02
2.615738855062916173e+02 2.627531031195831588e+02 2.599531934608290271e+02 2.632074286607345925e+02
2.960273929129690487e+02 2.959745219613203062e+02 2.941580642497731333e+02 2.954132958858786537e+02
2.588774977172367926e+02 2.595784617124217561e+02 2.576182977426018965e+02 2.598470440652055800e+02
2.679071869548248515e+02 2.688127189746228964e+02 2.658198107751300086e+02 2.682700125478390305e+02
2.792653370370051675e+02 2.782534994901167238e+02 2.749925098489975994e+02 2.794307234385765923e+02
2.555367235110338697e+02 2.558774178404771078e+02 2.539618755624274513e+02 2.564414171572056489e+02
2.513080202702086012e+02 2.514737107158589993e+02 2.501888823797557961e+02 2.512141965693140833e+02
2.796227269062006258e+02 2.799985217568902272e+02 2.768502180692759111e+02 2.797952798681163245e+02
2.537277143668953556e+02 2.544305162122388708e+02 2.529378292708223341e+02 2.540747630989555716e+02
2.547454465006466648e+02 2.548723742104653525e+02 2.539994673643226974e+02 2.552201727186126448e+02
2.527126608207377672e+02 2.532032097771330257e+02 2.517879141956730678e+02 2.534721895658456958e+02
2.499288754791020324e+02 2.504564773497623378e+02 2.494715034860521712e+02 2.506266320918442148e+02
2.510424793966948300e+02 2.509609296569873322e+02 2.502824726812020799e+02 2.514669750088314970e+02
2.502359335479782203e+02 2.501031869372016558e+02 2.491650663178430705e+02 2.502840786264542032e+02
2.581010418896813690e+02 2.592959836938890135e+02 2.565325451411979429e+02 2.590551338920338367e+02
2.578401883219185038e+02 2.578018596421634925e+02 2.562821156714399535e+02 2.584456868814306176e+02
2.479514849588459242e+02 2.479250761936953324e+02 2.474149610930716108e+02 2.478022839176415175e+02
2.494155734889648954e+02 2.495525475551040699e+02 2.487346258291794925e+02 2.497671007442072835e+02
2.641880034824347376e+02 2.646777806301747091e+02 2.626136956975954604e+02 2.658426614169428603e+02
2.740794774266692002e+02 2.733511668916955841e+02 2.707662475519946383e+02 2.731031602315241571e+02
2.536394092086885337e+02 2.541221115338462369e+02 2.528224867081789284e+02 2.540268085509745219e+02
2.821987787291572545e+02 2.836763163337456035e+02 2.812197171685059516e+02 2.830457205835857053e+02
2.984005450122658090e+02 2.982502274689897490e+02 2.977370913118671751e+02 2.983167626933114320e+02
2.476937603700496311e+02 2.479864075397161969e+02 2.476379983407048542e+02 2.483242230877174563e+02
2.481208257994337032e+02 2.484179804206576705e+02 2.476771105085470879e+02 2.484821987912566499e+02
2.484190034162776897e+02 2.484122247421296379e+02 2.481051178206341490e+02 2.490230670502252508e+02
2.472578961739803276e+02 2.475178097636110408e+02 2.472081174852969241e+02 2.477223472157334072e+02
2.459032606408937340e+02 2.458713924508170692e+02 2.450209164435907780e+02 2.464114479769671107e+02
2.536226711505498201e+02 2.532396588762603642e+02 2.530516930503291348e+02 2.539568846885745472e+02
2.507276310033332720e+02 2.510762129845604704e+02 2.507955886909735170e+02 2.509256686918095056e+02
2.472430178687947659e+02 2.479094046460599543e+02 2.466583045090531527e+02 2.475938014083092469e+02
2.473772028428070655e+02 2.473704942146081294e+02 2.471891985871627355e+02 2.476957823561588725e+02
2.906353045214067379e+02 2.907410908013735593e+02 2.876528073508404191e+02 2.900809770073743152e+02
2.558816524728039212e+02 2.568812158688508589e+02 2.555055890365506173e+02 2.571475600312949723e+02
2.644169449080754362e+02 2.646209860798930436e+02 2.615412407112532378e+02 2.638626113248086540e+02
2.511869505704426331e+02 2.513041245201755203e+02 2.508738357664968532e+02 2.518188364931790773e+02
2.542958265978108727e+02 2.543888222388822271e+02 2.532312162079778375e+02 2.544225789519181546e+02
2.636848324003987614e+02 2.636505671859998756e+02 2.621563049493751691e+02 2.636684664290181104e+02
2.474193914392224656e+02 2.476643794011431225e+02 2.468832132965949029e+02 2.477527557671318448e+02
2.566550752471575265e+02 2.565295639883777312e+02 2.551608829352950067e+02 2.577868607275026420e+02
2.523413514734518515e+02 2.529665636737639147e+02 2.516663220163013648e+02 2.531513644920889021e+02
2.565160466104338752e+02 2.572453475549182826e+02 2.548824373076991208e+02 2.579502840910705004e+02
2.600992108668560263e+02 2.603099950532838989e+02 2.585814277693824579e+02 2.606949381344673498e+02
2.505267195768685440e+02 2.514972347845232719e+02 2.497824348130847909e+02 2.515309159094478275e+02
2.497957627552320901e+02 2.499599197883128738e+02 2.494525165758469711e+02 2.504515467262765185e+02
2.512501463773591865e+02 2.515747335965482989e+02 2.500862378424804717e+02 2.519983759799675056e+02
2.491371682733678199e+02 2.493024606392672808e+02 2.482206223365841993e+02 2.495364035632685216e+02
2.685047304482521326e+02 2.685249316170331326e+02 2.660405301590445788e+02 2.699234321859158285e+02
2.508040810655502355e+02 2.513461124623501917e+02 2.507765350278050391e+02 2.513292569398158776e+02
2.489294591643878789e+02 2.489369701301822886e+02 2.484529030606340427e+02 2.495894285144510434e+02
2.661055462189099217e+02 2.664530722817731885e+02 2.635393190475546135e+02 2.666118170925941513e+02
2.684856215752502635e+02 2.694805420957073352e+02 2.666868673816395585e+02 2.689714834741768641e+02
2.697900803224758874e+02 2.697468495716956340e+02 2.664203049734298929e+02 2.696124609210450558e+02
2.536687388288452780e+02 2.540385409204675682e+02 2.526259812331252874e+02 2.544187713322436366e+02
2.615892616655359006e+02 2.613235013159287519e+02 2.600875932918090143e+02 2.618810566469496166e+02
2.601801423257281272e+02 2.601329451842988760e+02 2.573429091536444844e+02 2.600666249745693790e+02
2.544254468138725827e+02 2.546881158334117004e+02 2.528254165052053679e+02 2.554692910438944011e+02
2.479519330002378865e+02 2.486643954527468736e+02 2.482109723028496262e+02 2.493157788742181538e+02
2.519830442043016490e+02 2.520635470021598223e+02 2.511510313057410997e+02 2.522309227912634810e+02
2.597216268324872317e+02 2.609202072514845554e+02 2.581164354095315048e+02 2.608794283780169394e+02
2.867997485568086518e+02 2.868115278780702511e+02 2.838752800337472308e+02 2.867322445730766844e+02
2.465432403555929284e+02 2.469700155759218774e+02 2.460321990744617153e+02 2.472681658508611235e+02
2.497864611324366422e+02 2.501352820035149591e+02 2.496040872430165791e+02 2.499217439759519266e+02
2.949666250470427826e+02 2.966874483146783064e+02 2.947380366370927050e+02 2.968617944131452191e+02
2.518859687417156010e+02 2.525691181123918909e+02 2.509536005292662821e+02 2.525620215053088771e+02
2.512272481738645808e+02 2.516275806518808906e+02 2.502651272482278841e+02 2.517944866783838620e+02
2.580879163509492287e+02 2.586407854871004020e+02 2.568472235443526301e+02 2.587442419939575871e+02
2.569072072831746141e+02 2.572321317969605161e+02 2.555829392804908196e+02 2.574729977103736474e+02
2.470464443431535528e+02 2.468223775849501180e+02 2.467050788332468869e+02 2.475933037771970646e+02
2.507358402298300746e+02 2.507980587143071034e+02 2.498317723592510049e+02 2.508800024420600892e+02
2.508921590385916716e+02 2.509689351618778801e+02 2.510894217596550106e+02 2.514496061069164909e+02
2.486118891504511339e+02 2.490009646142803490e+02 2.480874470106460308e+02 2.488555279885293885e+02
2.583183227197351925e+02 2.581201569317355506e+02 2.569758724371396852e+02 2.592476471742996864e+02
2.553812113855793768e+02 2.550815316918858286e+02 2.548731926925090079e+02 2.555949841170225625e+02
2.623677701427052398e+02 2.634553110669412490e+02 2.607645720722066471e+02 2.639609905326303192e+02
2.573070175542085849e+02 2.576558155844434168e+02 2.564004423171838312e+02 2.578705667806383417e+02
2.519937355705797017e+02 2.519604426785296880e+02 2.510177915374952704e+02 2.524882046795878807e+02
2.911973539976627876e+02 2.914055081619580960e+02 2.900053752472618953e+02 2.916376309892844461e+02
2.491733686676309389e+02 2.495206299318290633e+02 2.484417407438372720e+02 2.500215593272182559e+02
2.566701449781155588e+02 2.570878502730343484e+02 2.549785865724069822e+02 2.575033324308006968e+02
2.967150397096224879e+02 2.959114861418248097e+02 2.947793401877245856e+02 2.950518019274251174e+02
2.606695428424928878e+02 2.619486491768035421e+02 2.593491172840915056e+02 2.620711490475193273e+02
2.520568088313765145e+02 2.522424264140688877e+02 2.512203167632548855e+02 2.524463131519056560e+02
2.889095164202271917e+02 2.903570716012495154e+02 2.876414062441852479e+02 2.901246943091597359e+02
2.911546824677017753e+02 2.911287219968531872e+02 2.891073116779099337e+02 2.920017720605658269e+02
2.499479438300700167e+02 2.500372394400113762e+02 2.493011876456832283e+02 2.500947413873739151e+02
2.515685275501706712e+02 2.520619663088652658e+02 2.505568106989802004e+02 2.527037428822198137e+02
2.598894183417352792e+02 2.606286120763874692e+02 2.587002437442304199e+02 2.607140881909484733e+02
2.539943849206098321e+02 2.546545184016026155e+02 2.526424824157707860e+02 2.554374301168041654e+02
2.547391414002217402e+02 2.544624477630402168e+02 2.536155383029881420e+02 2.553933977676529139e+02
2.617648554011122428e+02 2.622643326275293134e+02 2.600444955111765353e+02 2.622112077928256326e+02
2.684213936640495035e+02 2.690066815589750604e+02 2.660929434514904415e+02 2.692926061629030414e+02
2.483944709058752096e+02 2.485321987431671573e+02 2.479912616519758899e+02 2.487890215145862101e+02
2.663911007584461004e+02 2.654224155997889625e+02 2.639984065346782245e+02 2.663288273855011994e+02
2.752360360779707094e+02 2.756141669783601742e+02 2.723374719720018220e+02 2.756636179605046095e+02
2.476510501873842429e+02 2.475707112425784260e+02 2.470950316717804185e+02 2.482859595031824256e+02
2.950938847466011339e+02 2.954350528494425703e+02 2.929628223596429279e+02 2.940111681436237632e+02
2.513850049185305693e+02 2.513451504615372585e+02 2.508501535488065315e+02 2.520060036189114783e+02
2.543673555567085884e+02 2.549398871283464700e+02 2.540412664578163344e+02 2.547395529746615637e+02
2.581337930088353119e+02 2.585697314059206064e+02 2.562540183954039321e+02 2.589110492126131362e+02
2.483690859064401479e+02 2.486281100332013807e+02 2.476621007585698067e+02 2.490461232022005618e+02
2.549569989715097336e+02 2.551863434722828856e+02 2.532177530518189599e+02 2.558051548497697070e+02
2.728746204662926402e+02 2.737060077037365886e+02 2.696139006169905770e+02 2.729920114613456690e+02
2.713338164346417898e+02 2.720319706298034248e+02 2.683534695516210036e+02 2.722205294710485077e+02
2.609965555757362381e+02 2.608986472388401694e+02 2.591002323103763842e+02 2.620428578512918989e+02
2.713531872879324851e+02 2.724288366117935425e+02 2.691867239234492786e+02 2.730855616333358284e+02
2.716654133593810911e+02 2.722905554229359382e+02 2.692406627997811484e+02 2.720442194295981153e+02
2.795982301472548670e+02 2.792644117387654319e+02 2.761107138920430089e+02 2.792443166267422612e+02
2.888326748904486863e+02 2.895434544798541197e+02 2.872951733438702036e+02 2.896577941563364220e+02
2.522215411460332177e+02 2.522726154167596349e+02 2.523701017519482548e+02 2.527089518375434523e+02
2.518895351934823736e+02 2.518197223057680958e+02 2.512778325883658965e+02 2.524589236611136300e+02
2.694932474664715301e+02 2.691119150080977533e+02 2.662825559015321346e+02 2.702768520562480603e+02
2.556082054652327145e+02 2.562574919875944488e+02 2.539493191758861599e+02 2.561942421974793547e+02
2.668458743276459586e+02 2.675641725521474541e+02 2.646731937682653779e+02 2.681204773467124483e+02
2.574831540014155848e+02 2.580889692096101840e+02 2.562080111681748349e+02 2.588669821885224565e+02
2.550460329382596854e+02 2.548197942240309715e+02 2.540520084446050930e+02 2.554531169422337484e+02
2.718345134776730561e+02 2.726105507581692109e+02 2.700378810763091906e+02 2.726679042834075517e+02
2.482166883406483464e+02 2.489043429792227755e+02 2.474131392313612139e+02 2.488344101152683550e+02
2.474481465063928738e+02 2.473537487660816794e+02 2.475449436340302327e+02 2.477694951564120913e+02
2.482268897281414013e+02 2.485931246138258075e+02 2.473566940260216995e+02 2.490029099286162477e+02
2.708898310041782338e+02 2.708441656256946430e+02 2.680954178742238128e+02 2.708437273108012278e+02
2.893960673393861498e+02 2.909580056974234594e+02 2.883377023671029633e+02 2.893829345809114102e+02
2.742939290053006971e+02 2.746770639502794893e+02 2.722707521321627269e+02 2.743192568583900197e+02
2.503436634921614825e+02 2.506137403349833903e+02 2.495024398521232456e+02 2.508202510965313365e+02
2.504899070783457660e+02 2.506376883260130342e+02 2.497437441687969226e+02 2.510276388728403276e+02
2.510260216896726888e+02 2.510953362080756790e+02 2.505808959489074823e+02 2.518858884297735017e+02
2.481490678455692773e+02 2.482416081028034114e+02 2.475285058232306028e+02 2.484347067178254065e+02
2.595719193539093226e+02 2.601500637002404233e+02 2.573966681700093773e+02 2.598761829506267418e+02
2.540585814024343847e+02 2.539552908962931212e+02 2.532220613420568327e+02 2.546984586783269151e+02
2.538764428292162449e+02 2.539468782970441225e+02 2.525748877843407740e+02 2.550558850348442377e+02
2.629271874604069694e+02 2.630805353076771098e+02 2.609398499523960027e+02 2.635199401742258942e+02
2.765014935545281674e+02 2.768035587197156246e+02 2.742657185464702252e+02 2.758177672909227454e+02
2.668856307800598415e+02 2.678661037412836095e+02 2.647358747260108771e+02 2.677834423940275883e+02
2.751329263997419616e+02 2.765767299646761330e+02 2.740799728417110828e+02 2.770182527573090283e+02
2.505116110481905594e+02 2.509275314482657961e+02 2.492870711579538181e+02 2.516920457646598948e+02
2.473297824216963932e+02 2.472633612730747643e+02 2.469093351887587744e+02 2.478414615686906757e+02
2.514669324004855184e+02 2.516032847911322960e+02 2.510523199834484274e+02 2.520800419430638897e+02
2.490245478446924778e+02 2.485505815884891661e+02 2.482900495463360357e+02 2.489918814757835150e+02
2.482529623367332476e+02 2.486061759955211983e+02 2.477088127470537131e+02 2.492746503442300821e+02
2.686213287899520310e+02 2.689589222174230372e+02 2.658565299789165124e+02 2.694711862321998410e+02
2.517829401854306184e+02 2.523582962676708519e+02 2.514990722241575440e+02 2.522801607346470973e+02
2.562709427495707359e+02 2.571619708256659464e+02 2.547181212663965368e+02 2.570947977755118927e+02
2.590690708377076135e+02 2.597965827056167996e+02 2.577009674341678078e+02 2.602504892964142300e+02
2.610928395411280576e+02 2.614215729226100962e+02 2.590116142097293164e+02 2.619887306553806070e+02
2.517913785630338168e+02 2.519857768686136410e+02 2.513272177913402743e+02 2.525984591052977635e+02
2.477861317830937082e+02 2.483272067681546105e+02 2.478629058551329649e+02 2.483368031395503408e+02
2.570398052061655108e+02 2.573147400080844704e+02 2.551051817841658362e+02 2.585690495643428903e+02
2.484141850177766742e+02 2.489952158554793300e+02 2.483520958694146259e+02 2.488970122541657020e+02
2.608282715501983944e+02 2.610008796725952607e+02 2.585795424301639400e+02 2.619747788996592703e+02
2.566120475729937880e+02 2.576534193511108697e+02 2.554711005399878161e+02 2.575584516825147148e+02
2.512266635421264596e+02 2.512398355071556182e+02 2.502098825504541253e+02 2.515643303473691219e+02
2.516595169471948736e+02 2.520647405291077803e+02 2.507403768853167492e+02 2.523359214197720632e+02
2.504985417055300729e+02 2.503786945743529770e+02 2.498825281100345705e+02 2.509013080410937846e+02
2.558228668153738568e+02 2.558077171461495141e+02 2.543905143576287458e+02 2.555534126442668708e+02
2.530029517934166847e+02 2.520449387956023202e+02 2.522266402459227379e+02 2.526226029421418673e+02
2.541187363471933907e+02 2.550426728979466873e+02 2.535634088617884174e+02 2.548893258060316498e+02
2.651002466587014510e+02 2.646859133253586265e+02 2.627573857037636458e+02 2.653215917348817356e+02
2.560839717367172170e+02 2.559047245676029263e+02 2.548945882775088023e+02 2.569447757726329655e+02
2.525379677787268804e+02 2.529590996392482793e+02 2.521091890721723985e+02 2.536437505904887928e+02
2.509566816776958547e+02 2.508889590862150669e+02 2.505488684064694382e+02 2.511877349276506664e+02
2.502880980520361049e+02 2.502521891549484394e+02 2.499362303542219763e+02 2.506710965416885131e+02
2.501127757350487002e+02 2.506012803862712701e+02 2.491874283366480540e+02 2.505981369308852322e+02
2.464712166756467582e+02 2.469684972832175447e+02 2.462144086032012922e+02 2.471310841340956870e+02
2.512672291018442365e+02 2.511125214034466921e+02 2.507987507001808183e+02 2.516717224232524757e+02
2.731247768111145433e+02 2.732614591173125973e+02 2.710550657367580811e+02 2.735106160471701173e+02
2.841811683076126087e+02 2.850252686402509994e+02 2.822675441952109736e+02 2.853704806054404344e+02
2.483920031745736310e+02 2.485738552200906213e+02 2.481723333561866980e+02 2.486860187025421567e+02
2.493589475332535130e+02 2.489543061004158062e+02 2.479137847389591798e+02 2.496143364844643884e+02
2.522965871129778179e+02 2.525528653609606806e+02 2.513362510357681003e+02 2.526177499939644804e+02
2.497998753482359007e+02 2.495905825935479641e+02 2.497309054841296074e+02 2.499824646256454344e+02
2.504550260527552155e+02 2.506914348756985191e+02 2.502214347209990706e+02 2.516185138360503970e+02
2.482905035970411234e+02 2.485254819062080571e+02 2.476710314425182844e+02 2.487425507570846435e+02
2.528355168172111576e+02 2.534269967396191419e+02 2.513150770114041279e+02 2.538125604866876870e+02
2.536718066709972845e+02 2.537767459348765158e+02 2.527417031604240663e+02 2.534917700935461653e+02
2.575365629088493620e+02 2.579628178652640713e+02 2.563956768867228675e+02 2.584459607612448622e+02
2.628791723876928472e+02 2.633329885241085435e+02 2.608953251856263478e+02 2.634130134957306382e+02
2.603827592870702006e+02 2.612621946185258253e+02 2.583574719626428760e+02 2.606894648215325105e+02
2.543126485639510577e+02 2.551177175630354554e+02 2.538001415309198023e+02 2.551395877424637320e+02
2.509386715780109398e+02 2.508497663895605285e+02 2.505128342822268053e+02 2.512731167879752263e+02
2.498404644162945090e+02 2.495334337162561269e+02 2.503062162275139997e+02 2.504363460360713418e+02
2.509327615055143497e+02 2.510618701365079630e+02 2.505944896778092925e+02 2.517431195584193802e+02
2.496401800460340610e+02 2.496794738778878013e+02 2.490832985129549684e+02 2.502645393668229872e+02
2.513230495132961266e+02 2.515301526629851310e+02 2.505402567424094684e+02 2.519932670742478535e+02
2.649313902133791885e+02 2.669072778741891625e+02 2.639684611500368305e+02 2.671778797392469187e+02
2.506591407500682465e+02 2.507727828617707360e+02 2.502530859040303142e+02 2.504999937099196643e+02
2.522857790960409261e+02 2.528502011799830882e+02 2.511502188428088687e+02 2.526929921294975827e+02
2.514808416147969581e+02 2.520157851986307094e+02 2.505584617391122606e+02 2.523787516533064945e+02
2.481611225455897056e+02 2.485058701579465321e+02 2.477346194368464012e+02 2.487976639309890174e+02
2.520770765874392225e+02 2.521310259752671641e+02 2.511595544489090912e+02 2.525967857948942878e+02
2.686269747086028019e+02 2.694618298555309934e+02 2.667986197765775387e+02 2.691530281714590842e+02
2.629746511570422172e+02 2.636959208839281246e+02 2.606223980766656041e+02 2.639636143517078040e+02
2.524403337688471822e+02 2.525010290361087186e+02 2.522397552706628971e+02 2.527791013106533455e+02
2.635996003466231059e+02 2.643623054479755297e+02 2.617051497695981652e+02 2.645546524685858572e+02
2.481809352204751065e+02 2.487202467596547422e+02 2.478661393752084905e+02 2.485697500029179139e+02
2.631496803283237114e+02 2.627339267658676363e+02 2.600437459103630999e+02 2.631839388669965274e+02
2.665947194158977709e+02 2.677875133584511218e+02 2.650199510942561005e+02 2.675528804408148744e+02
2.541801199053176106e+02 2.541524528856223810e+02 2.530948878399012472e+02 2.545981042565477992e+02
2.500014006853714648e+02 2.502696519709864162e+02 2.495572420482226619e+02 2.501434358410879213e+02
2.514737786488845472e+02 2.512450507618040945e+02 2.508445719680055674e+02 2.518604782808276923e+02
2.835103094612286441e+02 2.845902677703491008e+02 2.823368790986173735e+02 2.843820618841602936e+02
2.517916302713208552e+02 2.518897618540022165e+02 2.510054867496304212e+02 2.521296837847384040e+02
2.590908758166647203e+02 2.588830558842571463e+02 2.566701166422942606e+02 2.589191268406987660e+02
2.562563002256708842e+02 2.570324346970419356e+02 2.551482988874061562e+02 2.565943846723868091e+02
2.500966884865351005e+02 2.503981232083045825e+02 2.497646810553612795e+02 2.503580965627909904e+02
2.547135087403227089e+02 2.546334207994407848e+02 2.537822652572044717e+02 2.554651621520049787e+02
2.522064953880496887e+02 2.524804343774383995e+02 2.514865723619093103e+02 2.532156553090715931e+02
2.659888591653204912e+02 2.660009288109966406e+02 2.634572859932032429e+02 2.665328222662230928e+02
2.507522897979644938e+02 2.509849251820934057e+02 2.509830327515995521e+02 2.508920835801120575e+02
2.536856712387709649e+02 2.536421241843764847e+02 2.529260601323566675e+02 2.542074601918788233e+02
2.635886098789652010e+02 2.645367602210839095e+02 2.617939878990858347e+02 2.649296526905975497e+02
2.618142901445854704e+02 2.622662570570113303e+02 2.599036953392578084e+02 2.624521869217701919e+02
2.511089253813018445e+02 2.510084481695609497e+02 2.504149387746777506e+02 2.516003318858489024e+02
2.509981976179977039e+02 2.513984529920460602e+02 2.510872325072096487e+02 2.519631878486862888e+02
2.470387091072228714e+02 2.473007546492305551e+02 2.466426062831233708e+02 2.477607141316138382e+02
2.491079347763309784e+02 2.493691058570152279e+02 2.486409301478140321e+02 2.496217090416322151e+02
2.474613864247615425e+02 2.480100938201972554e+02 2.473741563218150077e+02 2.478969264365449874e+02
2.629304671828861046e+02 2.636559314180136653e+02 2.610703483677580721e+02 2.639146896045849644e+02
2.687897194055894943e+02 2.688839759494993586e+02 2.667852611513147281e+02 2.689039779563299817e+02
2.478768979225277178e+02 2.484676909643567342e+02 2.479556072908170847e+02 2.483842931164483900e+02
2.500642396631060365e+02 2.502546193512052355e+02 2.495154845026783050e+02 2.505307828863537338e+02
2.526312625861948220e+02 2.531549911816926226e+02 2.520509126074262838e+02 2.533628638052688302e+02
2.586935218479697483e+02 2.593228359427410510e+02 2.580083812313549743e+02 2.603821473557194963e+02
2.559424175044702565e+02 2.555331118066719114e+02 2.541299762840168341e+02 2.563988422674078720e+02
2.499721691328547024e+02 2.501533390850238447e+02 2.496381994726772007e+02 2.502230634580470223e+02
2.617406577462670043e+02 2.614726964483339771e+02 2.610028432269952532e+02 2.630775085988710202e+02
2.518775548368062402e+02 2.518364300806660765e+02 2.512383230849174254e+02 2.523558966940509549e+02
2.696082067431029827e+02 2.715868405207979208e+02 2.674854194259234532e+02 2.712487574279417686e+02
2.525479686943252489e+02 2.529833554751783993e+02 2.522107663765860082e+02 2.530123547874285350e+02
2.606487962596746684e+02 2.614390146752110127e+02 2.588804020405556798e+02 2.616818400936363105e+02
2.783196115876606882e+02 2.787551154681428329e+02 2.766516980922070275e+02 2.788210450827484124e+02
2.605430930998528538e+02 2.604672106184235645e+02 2.581199724606244672e+02 2.614421640122941426e+02
2.514822395417309053e+02 2.515044532683685361e+02 2.503676442348398155e+02 2.518847888161946003e+02
2.522765830019639566e+02 2.523951794481104400e+02 2.513915963255930137e+02 2.527258762697308612e+02
2.553726129954346504e+02 2.563179692483828376e+02 2.550065571280159133e+02 2.564779283330610724e+02
2.687674778912559077e+02 2.693595849211353652e+02 2.658301993956775391e+02 2.688248680506425217e+02
2.522383134963115765e+02 2.521522717538838378e+02 2.513016228730004400e+02 2.527605856767330010e+02
2.562465399814481657e+02 2.557285448562130625e+02 2.553849684056619651e+02 2.568000950157021407e+02
2.733470352215249477e+02 2.736314674325297460e+02 2.718940727783473221e+02 2.734775755168950013e+02
2.692877285430614620e+02 2.697789379342826237e+02 2.674871965067162591e+02 2.706703084268253292e+02
2.670517897676348866e+02 2.673000648557514864e+02 2.648355318205376534e+02 2.675985446963368304e+02
2.925882027394054035e+02 2.923274944203225800e+02 2.898737291294202691e+02 2.908966499143816691e+02
2.542148428265000177e+02 2.543923943002723149e+02 2.533893074626780333e+02 2.551886160423586318e+02
2.738179195482504156e+02 2.750580374975630775e+02 2.722828565604534674e+02 2.750484902542713144e+02
2.589677076080357097e+02 2.591471630940765181e+02 2.578709046035679080e+02 2.588162669009107049e+02
2.503717532360004157e+02 2.501496358943347502e+02 2.498605092630216404e+02 2.506356483976116181e+02
2.477636363836441546e+02 2.477575164072696339e+02 2.471535038971015865e+02 2.482299169837674242e+02
2.491482920015466505e+02 2.492903691700867341e+02 2.486682886062040723e+02 2.493543996581466331e+02
2.513425108042816873e+02 2.510967815442958226e+02 2.506650730400534428e+02 2.517263513692310823e+02
2.552545487821034840e+02 2.558744219517468537e+02 2.545901030095400870e+02 2.566248471900730692e+02
2.609257353463258369e+02 2.606483690392533958e+02 2.593122603418236736e+02 2.619726293646919544e+02
2.502481807419220559e+02 2.502968234556014977e+02 2.499877532502809174e+02 2.509380867951249456e+02
2.613807280223183511e+02 2.621867796353068911e+02 2.597910645757335146e+02 2.619231478536810300e+02
2.489025525863422104e+02 2.484851187613336378e+02 2.481937058350565053e+02 2.490751918554154827e+02
2.478296134916595577e+02 2.485157886483294192e+02 2.477366665723744745e+02 2.486636099698696682e+02
2.531494713769519649e+02 2.533158607755882770e+02 2.527467440459494412e+02 2.540101348830418715e+02
2.529932783734191730e+02 2.536382673172499835e+02 2.521221444369449500e+02 2.535114147522073722e+02
2.534164060944492860e+02 2.534216740308346516e+02 2.517999781959820211e+02 2.540909188578102658e+02
2.612344403014495811e+02 2.608921798969703332e+02 2.590814885037454474e+02 2.615237741212586116e+02
2.547569523990943026e+02 2.553055673187567436e+02 2.539166815887741677e+02 2.549521696798891242e+02
2.570672054941632609e+02 2.576557155926626592e+02 2.562007674691237753e+02 2.580206742753240405e+02
2.477255513779864486e+02 2.477069070691980244e+02 2.472371172987997738e+02 2.484995311953026658e+02
2.544999871505691829e+02 2.544720536560795949e+02 2.535360946770930184e+02 2.550587067977118636e+02
2.617163110864436248e+02 2.621282730513905790e+02 2.603445050478192684e+02 2.619555894347381013e+02
2.538736563785562055e+02 2.539511326803518330e+02 2.523349158383477118e+02 2.544297953946899611e+02
