2.554283953738704156e+02 2.565110330553584390e+02 2.540447989504057205e+02 2.571333300070442647e+02
2.436193881342520342e+02 2.438000559954301707e+02 2.433800637764757653e+02 2.450265737252420024e+02
2.634672572321256894e+02 2.645835686881757169e+02 2.616704799190998756e+02 2.652639595387411191e+02
2.490251327779167525e+02 2.499437497707248781e+02 2.477451023240214170e+02 2.502101819196202541e+02
2.472953237003099503e+02 2.479912344895881233e+02 2.462518696076432150e+02 2.483505135492670490e+02
2.507180852226012462e+02 2.507374588335700594e+02 2.493692518134413660e+02 2.511954473921277611e+02
2.527616955519294208e+02 2.530334580472901962e+02 2.514222531636286249e+02 2.532079503946960131e+02
2.593758638369707228e+02 2.596459407042376029e+02 2.576057211265290334e+02 2.607100094506835717e+02
2.450726530428817682e+02 2.449659522102145104e+02 2.438118031390761189e+02 2.454572904033464340e+02
2.473702261551055415e+02 2.479788872791050949e+02 2.460269934956134250e+02 2.485406605067056773e+02
2.698299243978544268e+02 2.700771300952339971e+02 2.665992433364709768e+02 2.705007421078298080e+02
2.437326076473340493e+02 2.440957392238560431e+02 2.427380290943796410e+02 2.441093869245081578e+02
2.697899726501179316e+02 2.698396172136365863e+02 2.675051911527016273e+02 2.716889592805822531e+02
2.477933481702579286e+02 2.480129030519056812e+02 2.466948663508675850e+02 2.488932270930754100e+02
2.466305325904485812e+02 2.471846776680768301e+02 2.461784213439473774e+02 2.473881337235233957e+02
2.457956639318809948e+02 2.460387658967726736e+02 2.445340096288612131e+02 2.467233315459490370e+02
2.432323957962417467e+02 2.433106502015310753e+02 2.421470295921190257e+02 2.437001741127558887e+02
2.469748068746986291e+02 2.474812799287293501e+02 2.463706057047585603e+02 2.474778709654329418e+02
2.549264086296265077e+02 2.541516936573243299e+02 2.526642022253207358e+02 2.549501593962602044e+02
2.473976881566025838e+02 2.477147205217850399e+02 2.466024325382222173e+02 2.485800155062370038e+02
2.713874154046788476e+02 2.733912768791480516e+02 2.693015019473951952e+02 2.736167683255206953e+02
2.465114884788383733e+02 2.466157120170202290e+02 2.452642149382837715e+02 2.476267494515302019e+02
2.533675528126152869e+02 2.539624213395246386e+02 2.512229298811853937e+02 2.537938935955886279e+02
2.543803459124886217e+02 2.545600721791697651e+02 2.525442121364660011e+02 2.551725923552914423e+02
2.455996624390910767e+02 2.455647507954064679e+02 2.442901420435907482e+02 2.455996255693112005e+02
2.528843364523348214e+02 2.526212211849840514e+02 2.506656579114825831e+02 2.537701932377355547e+02
2.439033145353309919e+02 2.445168475292620087e+02 2.430198754561410226e+02 2.452963644138262680e+02
2.457409977670944272e+02 2.458850840961765414e+02 2.448263920653205048e+02 2.463730230327657580e+02
2.519801752938391246e+02 2.528446965210210919e+02 2.501830904086750991e+02 2.530163918528965610e+02
2.494356961691352979e+02 2.496746768273841326e+02 2.489594455095624141e+02 2.495283827796634171e+02
2.482449301554342469e+02 2.486220856757033459e+02 2.466672275558514116e+02 2.496775726824408821e+02
2.486530810525408981e+02 2.485908321511849408e+02 2.477225090032450225e+02 2.491639884053840603e+02
2.504236942365729135e+02 2.501610682501233214e+02 2.490441189147927048e+02 2.504571919974784464e+02
2.580305778978046192e+02 2.596395909080060278e+02 2.543486176831781052e+02 2.600518088443590727e+02
2.437448236324375159e+02 2.442089167727361882e+02 2.429064849319600512e+02 2.446674626497770646e+02
2.653772948210666414e+02 2.646937634970428235e+02 2.609778153677297610e+02 2.655321623388088028e+02
2.530376699712130346e+02 2.530956078752350038e+02 2.509990376976242317e+02 2.546707558681289356e+02
2.457868403002615594e+02 2.461219780722171322e+02 2.450899183964542658e+02 2.468566490203747605e+02
2.639586996682791096e+02 2.636988976204940514e+02 2.600434582236581491e+02 2.642038494798513852e+02
2.555201775505853163e+02 2.551763035290379662e+02 2.533760458511166576e+02 2.554735299819074328e+02
2.616175563734116167e+02 2.630793427352247136e+02 2.600269915165613952e+02 2.634823663848480919e+02
2.477391656612967665e+02 2.480415845381574513e+02 2.464884626744953380e+02 2.482947091232753110e+02
2.779721290623009509e+02 2.781292151924917562e+02 2.762507429364090967e+02 2.799579141547504832e+02
2.459841033642334480e+02 2.464006701595687900e+02 2.452720213561223659e+02 2.470594585695654359e+02
2.534581460418571908e+02 2.544536132583502024e+02 2.510487660870552702e+02 2.542873170852155909e+02
2.783854029104576853e+02 2.784130641164441045e+02 2.746428872858521686e+02 2.784401101372069434e+02
2.449769559065080955e+02 2.447202984128017249e+02 2.443267763008524014e+02 2.452949918204394351e+02
2.585607332130004465e+02 2.594691941583177481e+02 2.563176019386414737e+02 2.597085384314254384e+02
2.835132951567254054e+02 2.838982078315708009e+02 2.798143215049203150e+02 2.840822834664633660e+02
2.545883998514419204e+02 2.553714449083032036e+02 2.524432348029068862e+02 2.555868595735885549e+02
2.462818473487912456e+02 2.463778751702671457e+02 2.451998548394786042e+02 2.472482185444472123e+02
2.545657934683455892e+02 2.558340229732123419e+02 2.525734190787115097e+02 2.557056244470368540e+02
2.587624922502870390e+02 2.595701219534381039e+02 2.559741005701205552e+02 2.593850430888348342e+02
2.464075976621332416e+02 2.469071415248891412e+02 2.458194210627276846e+02 2.476591168047311555e+02
2.617980616416629687e+02 2.627239723328665946e+02 2.579954269245500313e+02 2.633448341014555467e+02
2.439911454304804295e+02 2.439266971309008056e+02 2.426016455803811596e+02 2.445847015059674447e+02
2.570952626136243566e+02 2.579913261093093979e+02 2.553581180125135859e+02 2.573463418799668148e+02
2.655168256309973458e+02 2.662208537476303150e+02 2.618481872326452162e+02 2.660998003883994443e+02
2.521917016336566917e+02 2.522881912873096439e+02 2.505679143189807405e+02 2.527950173489214194e+02
2.470400378516460478e+02 2.470859770497477825e+02 2.464699194876192223e+02 2.477460005276914217e+02
2.516402344331675920e+02 2.517430531027300447e+02 2.490974295635480189e+02 2.521815595614922643e+02
2.478846517482448633e+02 2.481794407823642246e+02 2.474837400549182860e+02 2.483472007319787167e+02
2.472496576196876106e+02 2.478096642356714483e+02 2.466545601497554969e+02 2.483621379598701253e+02
2.459056178742432053e+02 2.459108308951171296e+02 2.449424317436918273e+02 2.463534113879995289e+02
2.628725570933606264e+02 2.623690448389099856e+02 2.602763095730907708e+02 2.640221667443092883e+02
2.485825480229759137e+02 2.488603012307303572e+02 2.470969849046137199e+02 2.491386531037724410e+02
2.444938458456555566e+02 2.443391837661373529e+02 2.435544114531514026e+02 2.446561126176992218e+02
2.503166205024870692e+02 2.506605255764469007e+02 2.486191708718976088e+02 2.511527511948853828e+02
2.421483798928089186e+02 2.420867817350298310e+02 2.410695604774278706e+02 2.428116346058767192e+02
2.466639323709063945e+02 2.471572875649011962e+02 2.459942208524281853e+02 2.479255963711908350e+02
2.593779036645140650e+02 2.605787895429963896e+02 2.570992074505037976e+02 2.608576546836508783e+02
2.449483487158915977e+02 2.446867159183050831e+02 2.436403827395120345e+02 2.447446519224529879e+02
2.491424627809110461e+02 2.492022845322024409e+02 2.477161415204429886e+02 2.500049069782141657e+02
2.441078990985421342e+02 2.444021800873539121e+02 2.430971267536501159e+02 2.447005377819911303e+02
2.575335426520711053e+02 2.574982789364768792e+02 2.554952643507405412e+02 2.587625477973865600e+02
2.457525360152347957e+02 2.458007715597771607e+02 2.441641442191072429e+02 2.467830907875020898e+02
2.511887229860239188e+02 2.517255839598196872e+02 2.504283960735154722e+02 2.518603270110397716e+02
2.471896501862940170e+02 2.473613042476177668e+02 2.467291598214142425e+02 2.481906213065193185e+02
2.447633142147715546e+02 2.449945228597989342e+02 2.442147954386823585e+02 2.464473489940727973e+02
2.450256251177244735e+02 2.459201395513566411e+02 2.443442263167981423e+02 2.471691384155293463e+02
2.620884648078861119e+02 2.627472555101143712e+02 2.599663140523319385e+02 2.635691176855318645e+02
2.746945740007067229e+02 2.749221231706030721e+02 2.710101867078878968e+02 2.744131824914138065e+02
2.479843572938393663e+02 2.487634845195779292e+02 2.465905092916487718e+02 2.495646226692138612e+02
2.524442872497319854e+02 2.539008339021807501e+02 2.506155270624819025e+02 2.534764895156288844e+02
2.459707885037632025e+02 2.460064930918348125e+02 2.449218183549944570e+02 2.464616492100601590e+02
2.636998164295316087e+02 2.646354336677307515e+02 2.599730321776364121e+02 2.649326914509010180e+02
2.868075253883578739e+02 2.878972928121233963e+02 2.861009389361302624e+02 2.873329218240153295e+02
2.468055942948869586e+02 2.471085477446641221e+02 2.458124307841736709e+02 2.476262603498499573e+02
2.625951761657955785e+02 2.628676641337984279e+02 2.589597279519448989e+02 2.636073843416544946e+02
2.503645864012186735e+02 2.508646986607304257e+02 2.499246602418797636e+02 2.515915964526916184e+02
2.456463721795408048e+02 2.458970874103125936e+02 2.452871011606156628e+02 2.466367612521034687e+02
2.532959275201646108e+02 2.543169467795660807e+02 2.525208471787611302e+02 2.554283183704517626e+02
2.539960145474374258e+02 2.548597633942245864e+02 2.527235725418115067e+02 2.565100604505772139e+02
2.701118831404362481e+02 2.709062290177779460e+02 2.668345936291475482e+02 2.699488941357489580e+02
2.454502056709200417e+02 2.455107519289931872e+02 2.440042248759378936e+02 2.454436823983807585e+02
2.457075767732877409e+02 2.458150257916323937e+02 2.447058258359164142e+02 2.462930943703435958e+02
2.461029083586157924e+02 2.465522414029650236e+02 2.447348817393254592e+02 2.468456246260376474e+02
2.473410307756227553e+02 2.471145229716243250e+02 2.464850944134045960e+02 2.481058696441568543e+02
2.481459093569225729e+02 2.485875994188122036e+02 2.471710669370405071e+02 2.486228242034387108e+02
2.510337851553383928e+02 2.522743142905875686e+02 2.494857146979183824e+02 2.517711926616260598e+02
2.538304429054910827e+02 2.542330715965139802e+02 2.516916440912368387e+02 2.554163327962532435e+02
2.502314220353073608e+02 2.506453506635552912e+02 2.485033172303656954e+02 2.511822339908572701e+02
2.531574885854149102e+02 2.533538059643692293e+02 2.510153264595348048e+02 2.534132414975807137e+02
2.573261854401817459e+02 2.579030828753251967e+02 2.555244203405819690e+02 2.590830016144323054e+02
2.500695770054903733e+02 2.501720574158427439e+02 2.478907393399133525e+02 2.509409801976208882e+02
2.475604555678254428e+02 2.475165494341142676e+02 2.462593766382245235e+02 2.477948582393148911e+02
2.541639098604632636e+02 2.551298516209969875e+02 2.518419381370251813e+02 2.553844821036310293e+02
2.514953243178378841e+02 2.522839521207259281e+02 2.504793871392728875e+02 2.530227199767486752e+02
2.445211411165908544e+02 2.453057061143603050e+02 2.439112862842042091e+02 2.455659943605955959e+02
2.456495510213221678e+02 2.461861978824162804e+02 2.451653298816759161e+02 2.464173304437265983e+02
2.544540839390484450e+02 2.553273584396588092e+02 2.522339204719168322e+02 2.557283766078291762e+02
2.665784975625270476e+02 2.682858531925098191e+02 2.644909791849727867e+02 2.684861158777728747e+02
2.527228867437098927e+02 2.526576490258628382e+02 2.512906188910991716e+02 2.543666066986548060e+02
2.462245506703365834e+02 2.469487869694452513e+02 2.458415553141801126e+02 2.468479084499597320e+02
2.492596229701813115e+02 2.492323639249363509e+02 2.490051504659864747e+02 2.494779648142209112e+02
2.554599618776906595e+02 2.555827821894189356e+02 2.524488550421139053e+02 2.558622371957149255e+02
2.465722375903615955e+02 2.468163247759892158e+02 2.450438410146657020e+02 2.469864736095264277e+02
2.661363496016119257e+02 2.675875101750984868e+02 2.653264386364745633e+02 2.674805151171878492e+02
2.454854610560158505e+02 2.460545295518272724e+02 2.449751413754262614e+02 2.461830067917151155e+02
2.601419190443604066e+02 2.602053626133782700e+02 2.578410280855223959e+02 2.611355390515429917e+02
2.455681045906395923e+02 2.454708804567834193e+02 2.445708316698396345e+02 2.460513811408296760e+02
2.481425314824469979e+02 2.483519899825020900e+02 2.477803758704974371e+02 2.489113209056421567e+02
2.892692642116946331e+02 2.894733452674720979e+02 2.858583287413770790e+02 2.893754993018997652e+02
2.590358667867187705e+02 2.598642927146240140e+02 2.569752025189972642e+02 2.606424041259011233e+02
2.712245246243858219e+02 2.725428516932381626e+02 2.691179154187311724e+02 2.727061938594439994e+02
2.438509065618320051e+02 2.442190174238313887e+02 2.433806319249130752e+02 2.445635591577014907e+02
2.487243354642726842e+02 2.487635771583584585e+02 2.480597501038576524e+02 2.496800041899863345e+02
2.496319246976023010e+02 2.501882689926451917e+02 2.488308404441991684e+02 2.500505839364531369e+02
2.518953188607749212e+02 2.530386572179708367e+02 2.501834794898290397e+02 2.525729386673916395e+02
2.585087002970913090e+02 2.568333451524729867e+02 2.545802265652056349e+02 2.589152288241933775e+02
2.823437545404665343e+02 2.838715316108566071e+02 2.798377146539305613e+02 2.825484848938676237e+02
2.454221872566610614e+02 2.456732804328177053e+02 2.446132604317227504e+02 2.464548486373094818e+02
2.622986487533664786e+02 2.616126499570859210e+02 2.590269255427882626e+02 2.628340121752221421e+02
2.764926118343710186e+02 2.743185922342311187e+02 2.725449335330444001e+02 2.758560439271337827e+02
2.472452613972306494e+02 2.470700561758834226e+02 2.460861672442121630e+02 2.477688693654389454e+02
2.489657206712931270e+02 2.489540002848015945e+02 2.470883117908540498e+02 2.500447430017231056e+02
2.462250904842060777e+02 2.467458015494590313e+02 2.449831841708960098e+02 2.478070218962337208e+02
2.478493969090762334e+02 2.477967581521089357e+02 2.471126155488469749e+02 2.489304383718352369e+02
2.461381116607090291e+02 2.459547793664530957e+02 2.452142977849209160e+02 2.468966880229683625e+02
2.567711882873861100e+02 2.568749376430808979e+02 2.541309050809180405e+02 2.567576196673022650e+02
2.674546242043493862e+02 2.670870545012751336e+02 2.645157155819772470e+02 2.674501366832539588e+02
2.455705504397798506e+02 2.460899852823662286e+02 2.448475988860401458e+02 2.466590188862882940e+02
2.466573586493294954e+02 2.466841957104853691e+02 2.456875914028463228e+02 2.464261258903347027e+02
2.592316926112449096e+02 2.593747570344968949e+02 2.562707438753335509e+02 2.604007572424453656e+02
2.469076541794889579e+02 2.472047105681705261e+02 2.461221253079169742e+02 2.480029879018628094e+02
2.529852878913934262e+02 2.531953541487233110e+02 2.508832213930513717e+02 2.545409110075860895e+02
2.492844136309084035e+02 2.490466705553831730e+02 2.474528879469177411e+02 2.500852555621245301e+02
2.453595790222349251e+02 2.455971069756055840e+02 2.442704175368216681e+02 2.460419751163530577e+02
2.497208651513461461e+02 2.499170191680762230e+02 2.487013967826684109e+02 2.505769268361991067e+02
2.445623719162627481e+02 2.446066401923158367e+02 2.434675600554461994e+02 2.447254402222584986e+02
2.470950623092975036e+02 2.477235488175284672e+02 2.457079989806648825e+02 2.474863208655503968e+02
2.445574483077676575e+02 2.444225302251413723e+02 2.435525951688328519e+02 2.448633545020762483e+02
2.421895442974865489e+02 2.424963959024804296e+02 2.410823812065787877e+02 2.430377347545270652e+02
2.510963429149326771e+02 2.510152040679358549e+02 2.502708255874780718e+02 2.519706326520324922e+02
2.564973395772788649e+02 2.568537957868514923e+02 2.545632879110069098e+02 2.575604796247440618e+02
2.488997684992083066e+02 2.489846386273968903e+02 2.477615619397559783e+02 2.487143902513434455e+02
2.440478664702148990e+02 2.439405665305213233e+02 2.434641339791938890e+02 2.444386814848941469e+02
2.463390769320237723e+02 2.466720970273366902e+02 2.457283486930237473e+02 2.472775543600372430e+02
2.454500904004194126e+02 2.458162803189919714e+02 2.446321347387328728e+02 2.461901524164371722e+02
2.534692906467549278e+02 2.535843603015394478e+02 2.518888654487615781e+02 2.536624914002829314e+02
2.563346545130561367e+02 2.571856584319852459e+02 2.534651748425851849e+02 2.562278239094682135e+02
2.452990569955578053e+02 2.458727356449650756e+02 2.441029950839083256e+02 2.470392744456190428e+02
2.613077935087591186e+02 2.623021844889520366e+02 2.593721167907613676e+02 2.617012988618466238e+02
2.592106526500658674e+02 2.606297804794137392e+02 2.578292715244418218e+02 2.610268934236172527e+02
2.461165136779937086e+02 2.465186185762468369e+02 2.450996937684089403e+02 2.467119201282249037e+02
2.548063616366432882e+02 2.550685121780405780e+02 2.534067692710753477e+02 2.552867195025050933e+02
2.559422527431026708e+02 2.571994368745928909e+02 2.538573208210220002e+02 2.570233689297209594e+02
2.500978472643438408e+02 2.506913155392819021e+02 2.478666362916425214e+02 2.501668029092460870e+02
2.629985700119763123e+02 2.635074313781973956e+02 2.593390476028647527e+02 2.641112064600316103e+02
2.433239522316950456e+02 2.436650666213829481e+02 2.416224178837619547e+02 2.436599397341956603e+02
2.565075998384851346e+02 2.563236650723149523e+02 2.544599356201427156e+02 2.564790751237298991e+02
2.498600524162655745e+02 2.500771021826885772e+02 2.480282387123635601e+02 2.509596720895824262e+02
2.706855821458947844e+02 2.719341077586101392e+02 2.685774428402816056e+02 2.718722348664383048e+02
2.482365784128106156e+02 2.488822847196127555e+02 2.466580424313985702e+02 2.494252607244760043e+02
2.631362489488889764e+02 2.633925074981867169e+02 2.610538092594961768e+02 2.638351968294828112e+02
2.456369155261569404e+02 2.458846597230875943e+02 2.439857682065959068e+02 2.466354904162991204e+02
2.458980952903018817e+02 2.462840931415893237e+02 2.439984116639944318e+02 2.459055197649160789e+02
2.642810048272838230e+02 2.649798124708100886e+02 2.620077273178443420e+02 2.654899257354637143e+02
2.489328393693289456e+02 2.486497162568383885e+02 2.469916385075937342e+02 2.495492216895775641e+02
2.453045634277897591e+02 2.458119717652178906e+02 2.448994989820267847e+02 2.461111262151640062e+02
2.511811114087588237e+02 2.516024582627800896e+02 2.498212015647698365e+02 2.514953255410051156e+02
2.429142570348857646e+02 2.427797813861822078e+02 2.416552775192357672e+02 2.432495109130700826e+02
2.570198581504877779e+02 2.572418352788571951e+02 2.546629589386202497e+02 2.569146624321734294e+02
2.725079540041290898e+02 2.721676808811291153e+02 2.681194132832371793e+02 2.725535631879831158e+02
2.472563653326203337e+02 2.479296024681596009e+02 2.463946660591847717e+02 2.483028254588812445e+02
2.549343825672292212e+02 2.546777613373392057e+02 2.526087726613671123e+02 2.555566477195256709e+02
2.468424075962805659e+02 2.469743363797227573e+02 2.460531522866900218e+02 2.476789789034640989e+02
2.731153779312868437e+02 2.727644745109101336e+02 2.687248640976346223e+02 2.720664027721765024e+02
2.640726862819957432e+02 2.651605842941146420e+02 2.618093447859903904e+02 2.651283965803893921e+02
2.529620119262034450e+02 2.538553760118759897e+02 2.513869660835750608e+02 2.532307889829513670e+02
2.923728358576588562e+02 2.918754392727404934e+02 2.897524660078468060e+02 2.925701601410079320e+02
2.483466254625035106e+02 2.489637794797729669e+02 2.470446863864993929e+02 2.495616357874921789e+02
2.465242538212976342e+02 2.464382953098479732e+02 2.453461610160033217e+02 2.467628633952981261e+02
2.436661520775599286e+02 2.440551705962797087e+02 2.428659794545290538e+02 2.445210528528646705e+02
2.461499748162249830e+02 2.457743493228776401e+02 2.450580213961823404e+02 2.465421301222313559e+02
2.614254875591322502e+02 2.631686949266394322e+02 2.585606598429899918e+02 2.624295566901413963e+02
2.686245183356464281e+02 2.674534196120462184e+02 2.670022596630450948e+02 2.688477768191939958e+02
2.522916322086420848e+02 2.522255830648488768e+02 2.502289610682977923e+02 2.530239822720795928e+02
2.749406721277950965e+02 2.771541557426647273e+02 2.712416651426336784e+02 2.755628486706962121e+02
2.466461508856172600e+02 2.468870145243097056e+02 2.455446945937002852e+02 2.479226017133645428e+02
2.434097345820908345e+02 2.436186224523713975e+02 2.423360246855898765e+02 2.442055571090893977e+02
2.464390640236685499e+02 2.467208698303398648e+02 2.458905887200134259e+02 2.469857093940023276e+02
2.456590585682307903e+02 2.457233061621307115e+02 2.451744957791473496e+02 2.466372242211113814e+02
2.780626022861101774e+02 2.773985582348805679e+02 2.746192531236770833e+02 2.791096554635010989e+02
2.507525535207094833e+02 2.506735777302217230e+02 2.490251016339819898e+02 2.503092849887419789e+02
2.539555954460006717e+02 2.545388766244513477e+02 2.520049168816047427e+02 2.551466460323341039e+02
2.453992508147385934e+02 2.461494010580022405e+02 2.440567852249061218e+02 2.465922268256727818e+02
2.463474793028123884e+02 2.471548040295184023e+02 2.448619656686442454e+02 2.478824937402275168e+02
2.509212947710619517e+02 2.513776417968634576e+02 2.489973410057941976e+02 2.523314426089945357e+02
2.485768959380900753e+02 2.488649697847609161e+02 2.472290634769514668e+02 2.494094494089041802e+02
2.455872767843204656e+02 2.455934015032075877e+02 2.440191911988105744e+02 2.458606510439249178e+02
2.849088596812317746e+02 2.846753842093460207e+02 2.814399643472519301e+02 2.842200609166507661e+02
2.426149903841310902e+02 2.424454271130222196e+02 2.415409646774168380e+02 2.435885538447813587e+02
2.548622215038281809e+02 2.548303016105633390e+02 2.530011126603797607e+02 2.559894148975508870e+02
2.854564375051678553e+02 2.851001637650805378e+02 2.818293586434150484e+02 2.849504189706128727e+02
2.890849761512312739e+02 2.893308198056232072e+02 2.863116134369815882e+02 2.896327945190872697e+02
2.502475359921008646e+02 2.505484425074387218e+02 2.485434947657509781e+02 2.511912349220632166e+02
2.447518670241158816e+02 2.445006100728345473e+02 2.440861867652271826e+02 2.451368306225118374e+02
2.448178662256677853e+02 2.449830036160109614e+02 2.438067386148548223e+02 2.455463594361847584e+02
2.879244466086090597e+02 2.881047266232707216e+02 2.851134628061795411e+02 2.893486829050859228e+02
2.516788807098072880e+02 2.529156568984478213e+02 2.508737718524677973e+02 2.538759676595569488e+02
2.708464711803527507e+02 2.708939652942231646e+02 2.678034222808753952e+02 2.714459807171132866e+02
2.424981626090497002e+02 2.430593934310914506e+02 2.419385500789922503e+02 2.432915742486617035e+02
2.590143139411228503e+02 2.596948712478879884e+02 2.580792705737551387e+02 2.602936092620636828e+02
2.550139600656063124e+02 2.557936240735344029e+02 2.531943754144923560e+02 2.565242744664935799e+02
2.694062414772507168e+02 2.699909300044137694e+02 2.651088765169028534e+02 2.689434040557325716e+02
2.627417616513372991e+02 2.625974991884257861e+02 2.598702175714725513e+02 2.641249442620088530e+02
2.486614852640480251e+02 2.484685778048936982e+02 2.477779131289770760e+02 2.486717536329555287e+02
2.423439769067099121e+02 2.425353240253150773e+02 2.411960964128859359e+02 2.435752417651207224e+02
2.502522937920285813e+02 2.510104527926576736e+02 2.493947948157585870e+02 2.509641875455270679e+02
2.490368262373624191e+02 2.491986455257229807e+02 2.476403467750821221e+02 2.495785779283222325e+02
2.531902094623780499e+02 2.538474543727367347e+02 2.506350728942614978e+02 2.546130575098168549e+02
2.448715689926335983e+02 2.458506290977451272e+02 2.438999338334057256e+02 2.461361595285446242e+02
2.450148335765391039e+02 2.455517397032873816e+02 2.444079555821737131e+02 2.452945660271411157e+02
2.449167775971359333e+02 2.448758459650707380e+02 2.437862157609404221e+02 2.450430814431515500e+02
2.588038555265983973e+02 2.609689552008466649e+02 2.571498489623575097e+02 2.606604669277691073e+02
2.463912710643852222e+02 2.462635982271048931e+02 2.452984764302714495e+02 2.466950405185605177e+02
2.441089384135993612e+02 2.440987723349122973e+02 2.430966993672269609e+02 2.448834694237943665e+02
2.452693997212265913e+02 2.460754076677051501e+02 2.439168694287729409e+02 2.463673241833705561e+02
2.512576631674856174e+02 2.519507093318276247e+02 2.496709548412944173e+02 2.513828744670559843e+02
2.448216140174345128e+02 2.450227238777435446e+02 2.442337598304317225e+02 2.456839690773637699e+02
2.819793091321158727e+02 2.834513870171329586e+02 2.811736091170078566e+02 2.831248250671677624e+02
2.483185252911534917e+02 2.487974667614486179e+02 2.470961121979837003e+02 2.487902366615907397e+02
2.451007734853616569e+02 2.450199228884533227e+02 2.444266684528458313e+02 2.454188253918605085e+02
2.668960414352819157e+02 2.670213042977644022e+02 2.643846933596349231e+02 2.690772441870226430e+02
2.460244634623796003e+02 2.459001702782733219e+02 2.450410181723760275e+02 2.462656863148572768e+02
2.495531356592580607e+02 2.502774809355978505e+02 2.490168709198188139e+02 2.503240801239621760e+02
2.701618514041828689e+02 2.696595190504357333e+02 2.675396885870732149e+02 2.718307580643919437e+02
2.694891610288293577e+02 2.707063981500764953e+02 2.666649501718989086e+02 2.712712212270322993e+02
2.453786040203228822e+02 2.457987628193970693e+02 2.443147031310255954e+02 2.465667827077366780e+02
2.496533291014641236e+02 2.493555167467143860e+02 2.480162529707002932e+02 2.500889326859914377e+02
2.466718794318528865e+02 2.470450830020979254e+02 2.462349162049465008e+02 2.469895118944438366e+02
2.441502007790909374e+02 2.439887805105679774e+02 2.428073137804344697e+02 2.443880481404404463e+02
2.494985103699629860e+02 2.502310155285222208e+02 2.482828265366487415e+02 2.505980013999080427e+02
2.481909854654523429e+02 2.486296735948754701e+02 2.469233700051499056e+02 2.491025432955894132e+02
2.460510730132787671e+02 2.465177110931736308e+02 2.452125670097566115e+02 2.475419346795898434e+02
2.514368592275652645e+02 2.518647899932028338e+02 2.497794771369073885e+02 2.522176102379558529e+02
2.801915127492317197e+02 2.808985699252265817e+02 2.775615497385122126e+02 2.823199401636261427e+02
2.449561411360712384e+02 2.452719117520660461e+02 2.440144172522577151e+02 2.454410973835943253e+02
2.608293201729469502e+02 2.598909235156510249e+02 2.574815748040107337e+02 2.605872813083221899e+02
2.641764795849854295e+02 2.635286317716416420e+02 2.602899121390199753e+02 2.653124518390533240e+02
2.565983474759864862e+02 2.561679721600069115e+02 2.542181507281244990e+02 2.576682691100813827e+02
2.518126875726388789e+02 2.519431509085545144e+02 2.501662085414469345e+02 2.528759980070059612e+02
2.458792671171392783e+02 2.460468967712703545e+02 2.448612543526634227e+02 2.463419989586098211e+02
2.461413522472706461e+02 2.464764792966561515e+02 2.456590832274322622e+02 2.467735894652005868e+02
2.474665647568347424e+02 2.485600790167052594e+02 2.472908496124375688e+02 2.484349889667118418e+02
2.492064153720268393e+02 2.499650904171332400e+02 2.472991922844574901e+02 2.506493817118814036e+02
2.480931284583629690e+02 2.485064711510929669e+02 2.467900470169614664e+02 2.491190056350730799e+02
2.660130596255908131e+02 2.671011800746769040e+02 2.638194371768706219e+02 2.673894121543304436e+02
2.427680781833955166e+02 2.429715029755207070e+02 2.418211603998933583e+02 2.433467074918796698e+02
2.520794561424106917e+02 2.520931334084685602e+02 2.505257888552156942e+02 2.527154849720783716e+02
2.654923289911346842e+02 2.665922321374562216e+02 2.610724092719242435e+02 2.661128177151760497e+02
2.427190821211194702e+02 2.431101916201224356e+02 2.415722324667960379e+02 2.432849269206804763e+02
2.624288599275432148e+02 2.628434806360027096e+02 2.594596327263652711e+02 2.643732577963137373e+02
2.536738915740675395e+02 2.537741500752801471e+02 2.513759367198263988e+02 2.555500018369687609e+02
2.650431378842324079e+02 2.665859590063890323e+02 2.616927809280546740e+02 2.661966148730716100e+02
2.476981717699859189e+02 2.472961122052404335e+02 2.453169200316333445e+02 2.476291673371463844e+02
2.496115544931678585e+02 2.497179535184244230e+02 2.486598603965857137e+02 2.497968078763409210e+02
2.427421052670832466e+02 2.430315591513972038e+02 2.419767678014862042e+02 2.435782017956626362e+02
2.796221019686950626e+02 2.795677290101480708e+02 2.757956351424371633e+02 2.819947533862318778e+02
2.502711556564819091e+02 2.505861652270808975e+02 2.485672316851288883e+02 2.508985510589108401e+02
2.503279212338568414e+02 2.504695597433634191e+02 2.491200843744038593e+02 2.511286584764515908e+02
2.476607041826650288e+02 2.481959411040747909e+02 2.466908170599950552e+02 2.479219484867764436e+02
2.617592311429884830e+02 2.620983503614929191e+02 2.600290010241130290e+02 2.632509633058492682e+02
2.421676380400450910e+02 2.424020683618347789e+02 2.412984093577690601e+02 2.426537565174693896e+02
2.649045059004616860e+02 2.648443175220144781e+02 2.619668575962302839e+02 2.654986620311046295e+02
2.804321336959385462e+02 2.821660825938534458e+02 2.780922282627849427e+02 2.820360995055615945e+02
2.483688941254805798e+02 2.477206799868661733e+02 2.467327963976366334e+02 2.493199260084340949e+02
2.487979802815386847e+02 2.489190968972041276e+02 2.476819880026500869e+02 2.499880405900403559e+02
2.729364161325557347e+02 2.733941247498214580e+02 2.680500701428777006e+02 2.727824483149023536e+02
2.836987252173634602e+02 2.839755583520315554e+02 2.809788464179849257e+02 2.825312059440215080e+02
2.515736308294962953e+02 2.526056879115982099e+02 2.505246713162263745e+02 2.530169585256411438e+02
2.472900798397171229e+02 2.474173691384147560e+02 2.464147325631845433e+02 2.477301175159102513e+02
2.472428076349140724e+02 2.477549754018483270e+02 2.463497106385122208e+02 2.483883190589223489e+02
2.532157938006573090e+02 2.535785629006126101e+02 2.528441803229933100e+02 2.537023793479121423e+02
2.499666597502965146e+02 2.502016863156002273e+02 2.485052342379537436e+02 2.509990747322543712e+02
2.836388981339109137e+02 2.843390281812900753e+02 2.821942852906415737e+02 2.847121265131670498e+02
2.463313246568387456e+02 2.465333975399844348e+02 2.452568582213774562e+02 2.469114137247075291e+02
2.470863618821604462e+02 2.472550505964880472e+02 2.456540614224006447e+02 2.476841190480856199e+02
2.525701017254508258e+02 2.534379456304779126e+02 2.510245166184818970e+02 2.534901529181683770e+02
2.503046760416850134e+02 2.504797097301492386e+02 2.491685772129156362e+02 2.516434592055530572e+02
2.447585748802362673e+02 2.450216877668587188e+02 2.442937808687333074e+02 2.451147805851172166e+02
2.554589293186115242e+02 2.552503806927848018e+02 2.527801698548975935e+02 2.553342919161175075e+02
2.712369679376830618e+02 2.720660896366554766e+02 2.686210406071573402e+02 2.724606339285474519e+02
2.415257232363488242e+02 2.425117963971314623e+02 2.410382025797864287e+02 2.429683594560269455e+02
2.466883669051809989e+02 2.468898599186970841e+02 2.454495729648341751e+02 2.473271114405215485e+02
2.499420136827476142e+02 2.503077002417310837e+02 2.488299493262962585e+02 2.508446304070272959e+02
2.460598784791513651e+02 2.464036856015646038e+02 2.453435362570045868e+02 2.464822370905648370e+02
2.681353273039047735e+02 2.683427224089328433e+02 2.649817410878607120e+02 2.690066592371774732e+02
2.854139776691273482e+02 2.856585484501732708e+02 2.835849412603085398e+02 2.852919468693996237e+02
2.449746406277814685e+02 2.456742141841054377e+02 2.443733716165774297e+02 2.459208998748765396e+02
2.485593414255027653e+02 2.484532824533017958e+02 2.472404464900141647e+02 2.487420614762318962e+02
2.575423663937365291e+02 2.578580225874485450e+02 2.555941952068160674e+02 2.586781853261163064e+02
2.576494275806450673e+02 2.584163444085256742e+02 2.570464185643878068e+02 2.597188596533594591e+02
2.606588955717219847e+02 2.628981231633213156e+02 2.585330291487475733e+02 2.630064232251703515e+02
2.436238547859742596e+02 2.433962405774792614e+02 2.426596550995044765e+02 2.438549263878010720e+02
2.635263257103309797e+02 2.649280460869575791e+02 2.617199723836765770e+02 2.655986514527319855e+02
2.462940372641478177e+02 2.463474503432107667e+02 2.453235871422320713e+02 2.465660565639582273e+02
2.681767508172296175e+02 2.694963592033005284e+02 2.657764130063686139e+02 2.691514619029574646e+02
2.570624003219658675e+02 2.568829579699602164e+02 2.543242370015419453e+02 2.574334905248493328e+02
2.710832209051910695e+02 2.728062755845027709e+02 2.687027570833425330e+02 2.726535871748484965e+02
2.553259974521116931e+02 2.560120935739454922e+02 2.547365447574190682e+02 2.563577031103808963e+02
2.802234351338406668e+02 2.790373020691734496e+02 2.762482400809378191e+02 2.797924414578235428e+02
2.596058474605049469e+02 2.596945355795473915e+02 2.576899025719695260e+02 2.608376299005886949e+02
2.519438445098932675e+02 2.526819020534871640e+02 2.503518468137509956e+02 2.533757547584293945e+02
2.476464073330094209e+02 2.476990336820613834e+02 2.471693299470223053e+02 2.490096577168952479e+02
2.520739445390058222e+02 2.532320363595975152e+02 2.511478218777187408e+02 2.536342614778281472e+02
2.462368906729802802e+02 2.466565759426935358e+02 2.453608586930439230e+02 2.469638522798129543e+02
2.450870120639885101e+02 2.453990986231278839e+02 2.437972594220414919e+02 2.456031052713420877e+02
2.432366531848778379e+02 2.436516610286000741e+02 2.421368082089186942e+02 2.437463976566883446e+02
2.449469165788287341e+02 2.447141417560877983e+02 2.439047330105083233e+02 2.450390696599388320e+02
2.811735007107766933e+02 2.817446520405072761e+02 2.782014481037521705e+02 2.833860130175533527e+02
2.515041778777914487e+02 2.519626215666968392e+02 2.501080303815615480e+02 2.519338626467645099e+02
2.590905394116442721e+02 2.592416544104402192e+02 2.569529424768873014e+02 2.601119470598117687e+02
2.483451590387926444e+02 2.486196672563241066e+02 2.473270198478618624e+02 2.490596854299331824e+02
2.465572821589795183e+02 2.467817109616058815e+02 2.448388960916065571e+02 2.470465829209617823e+02
2.569344920134826680e+02 2.567926227873020935e+02 2.546212675196932480e+02 2.580563054246232468e+02
2.462564038677047904e+02 2.462469359783027585e+02 2.446673462191112378e+02 2.463609895421666067e+02
2.573926323900441275e+02 2.579363533096033052e+02 2.559278602974162595e+02 2.584799697716421747e+02
2.489196180045084077e+02 2.489035749111402822e+02 2.472959829475730658e+02 2.496927751935606068e+02
2.522704785671797652e+02 2.523455172810419072e+02 2.503060988343320332e+02 2.532671718705071271e+02
2.461889669518885739e+02 2.466582639933346002e+02 2.456939948794138786e+02 2.470426069525206003e+02
2.468325611649847531e+02 2.470134389781834159e+02 2.449453768184032185e+02 2.476432109752913391e+02
2.621899576516853472e+02 2.625609524771200540e+02 2.588434913983591628e+02 2.621485947212167389e+02
2.470261110332492933e+02 2.470557331807349613e+02 2.461743932773284200e+02 2.470176645504045041e+02
2.473493677695970234e+02 2.478109279428026070e+02 2.457812452872747713e+02 2.484285596236037463e+02
2.553555519533837810e+02 2.566174105919745898e+02 2.535822840242908853e+02 2.565072505033018615e+02
2.453630297168490983e+02 2.458959573225722011e+02 2.448165478084391395e+02 2.462042561113786689e+02
2.561425824706260528e+02 2.556666790506926930e+02 2.535693833789779319e+02 2.568420375108136113e+02
2.529766230966677938e+02 2.535047006250851780e+02 2.507658743341780792e+02 2.534609706565346698e+02
2.424503151115677895e+02 2.429138913146718437e+02 2.417305353117371567e+02 2.434178787758689566e+02
2.757058647288515658e+02 2.776416070610702036e+02 2.726504442861797770e+02 2.769156651322240350e+02
2.794166014511224603e+02 2.808603155639394799e+02 2.769604023296399191e+02 2.799140121654730251e+02
2.506830043312373277e+02 2.508596569046956972e+02 2.491090000966136415e+02 2.514349973494580581e+02
2.512196384888861473e+02 2.514126529201727749e+02 2.493490936248639400e+02 2.515240944960420677e+02
2.696324896466054497e+02 2.711423260742632806e+02 2.674906654548736924e+02 2.704606001586723778e+02
2.417433241192045728e+02 2.424233896324093394e+02 2.409187268917958704e+02 2.427024605357423184e+02
2.431835387812057547e+02 2.432216955967396075e+02 2.422419102406392142e+02 2.438252549024996370e+02
2.457554970519283586e+02 2.458471921329824283e+02 2.444321238850297391e+02 2.459544663921700760e+02
2.488234514018096206e+02 2.496813370855628591e+02 2.463812501770979964e+02 2.504454902511033083e+02
2.769580150226025239e+02 2.773344179081963716e+02 2.746865522977161049e+02 2.772361260536088139e+02
2.810217993388906734e+02 2.813474455681178483e+02 2.781155144917398161e+02 2.802942296923968684e+02
2.420721060283370605e+02 2.423246496286560898e+02 2.409418696358171132e+02 2.428767405437811533e+02
2.621319004530274128e+02 2.622309551436487141e+02 2.587800729593669757e+02 2.623137547646530265e+02
2.491136088957294703e+02 2.491262530232169183e+02 2.481098477635940469e+02 2.499909829185897934e+02
2.946353942409677416e+02 2.953150072908962329e+02 2.928410145797911355e+02 2.945331903776554441e+02
2.469311512608389023e+02 2.474634845162741499e+02 2.466585968167621559e+02 2.474611846158698825e+02
2.465227147056333763e+02 2.465101309096230580e+02 2.455725998278367967e+02 2.467558246971819642e+02
2.483309943818628085e+02 2.482206677180655277e+02 2.468616275357020982e+02 2.488222338687630213e+02
2.589294640575278095e+02 2.586879597447041874e+02 2.559603089503136459e+02 2.596883916617109094e+02
2.504473965716532575e+02 2.507451924565732213e+02 2.488562128792317480e+02 2.504369187250445918e+02
2.529896554925658734e+02 2.540612862918588064e+02 2.513922652880784767e+02 2.531958333038501792e+02
2.607051268775938411e+02 2.609813914597069697e+02 2.575100491660934949e+02 2.621314023906324451e+02
2.485044141322761959e+02 2.488749011327635401e+02 2.478698733122172371e+02 2.492657665341315578e+02
2.499390120474375294e+02 2.504237596754286983e+02 2.491546942844202590e+02 2.505877986578580590e+02
2.509968715330235511e+02 2.520105129136035202e+02 2.494042439868365193e+02 2.520540074471788046e+02
2.454182003974706276e+02 2.461509490820002952e+02 2.448078345108950202e+02 2.462119021445470537e+02
2.668385747385310651e+02 2.672255683299837301e+02 2.632019946163953819e+02 2.664374307485680333e+02
2.469720809251265337e+02 2.469344305589121689e+02 2.461574685965367451e+02 2.469419618027107219e+02
2.484304377121762002e+02 2.489190934162477902e+02 2.463128986414700137e+02 2.491053534852397036e+02
2.905215168813493278e+02 2.912802504526791267e+02 2.895312633241331923e+02 2.913387430657299433e+02
2.535999303276201431e+02 2.536828781928597323e+02 2.513873193035308873e+02 2.546513889350095781e+02
2.537683378906000371e+02 2.537548662551722032e+02 2.519330352694349529e+02 2.549967609418165466e+02
2.463432275124211515e+02 2.464898934583073071e+02 2.456855996697319711e+02 2.465934802678459334e+02
2.480008361096498675e+02 2.479018619359699755e+02 2.469906435329858709e+02 2.483068110063338167e+02
2.599418211718451630e+02 2.602247433566013797e+02 2.574745922980727073e+02 2.600713425664326905e+02
2.666764430094868885e+02 2.673026412234123654e+02 2.645427591283848869e+02 2.670846792939409511e+02
2.559882130125435822e+02 2.559633053232243469e+02 2.540640152748856337e+02 2.566866607378466938e+02
2.457709191833187106e+02 2.457264756512568340e+02 2.451949619230164785e+02 2.463257267223708027e+02
2.508317247134378647e+02 2.519892045107991407e+02 2.485763647499999252e+02 2.532166607107229197e+02
2.533893722981087251e+02 2.539993085153130323e+02 2.512294520151785377e+02 2.544433713802984016e+02
2.511980475068116334e+02 2.514834830812640973e+02 2.492185539190584223e+02 2.517274117579839299e+02
2.516726655182680190e+02 2.521496964215554044e+02 2.498516191406436633e+02 2.533286289579850177e+02
2.457752254918463564e+02 2.458676503431279912e+02 2.445171407833081787e+02 2.460767436633654484e+02
2.499876314494636347e+02 2.496298667609828215e+02 2.485619794548530876e+02 2.501449363331377356e+02
2.435467169711306497e+02 2.438949231928804693e+02 2.424474157867572330e+02 2.441248144183937541e+02
2.681111611954657974e+02 2.689654859245848684e+02 2.652273499384193087e+02 2.684265322529794844e+02
2.692975962935309440e+02 2.694001978276291993e+02 2.649181317711552310e+02 2.697161508599318722e+02
2.716992889085017282e+02 2.720517453938856534e+02 2.672576648706075844e+02 2.715278480011743909e+02
2.803794461578488608e+02 2.804028804359536480e+02 2.778959406165909627e+02 2.816376186348197166e+02
2.755480928908388023e+02 2.767837531699193505e+02 2.729191217652220303e+02 2.768223828109001374e+02
2.528915243584841335e+02 2.537761690008948108e+02 2.512058888661558171e+02 2.539591941350438447e+02
2.467519585275394718e+02 2.474688481931929402e+02 2.450923745347151623e+02 2.476455648021675415e+02
2.666805409201339216e+02 2.664615880395384693e+02 2.637828185431868633e+02 2.678367041497974697e+02
2.741689672804710085e+02 2.744113744099626047e+02 2.716393634515404187e+02 2.747173663603721820e+02
2.446281340118973446e+02 2.446415346668665620e+02 2.436979475641350632e+02 2.453592673401570892e+02
2.455839539817494313e+02 2.459431306392295937e+02 2.446505334231500797e+02 2.456381507678622143e+02
2.450103026643033957e+02 2.448840546749013924e+02 2.438136581561171852e+02 2.458752048228921865e+02
2.487801013249474522e+02 2.505630025648154060e+02 2.477476594171521640e+02 2.497291255426337671e+02
2.440166172293218665e+02 2.439588941575670731e+02 2.426445671459840128e+02 2.445683190153006024e+02
2.478395007066081916e+02 2.475873682994942726e+02 2.463414690965158513e+02 2.481651593530921218e+02
2.463159134845183758e+02 2.469151237955794613e+02 2.457233395997004379e+02 2.469524340968775107e+02
2.492066593432292336e+02 2.493072150960159092e+02 2.487543940604454349e+02 2.498944808019903405e+02
2.796823676386827628e+02 2.813648785144094404e+02 2.780806284639611476e+02 2.812880682004771984e+02
2.468783809034968328e+02 2.468849977606972459e+02 2.456345665252685819e+02 2.473527241099239404e+02
2.552053464671612062e+02 2.558159138299116648e+02 2.539732503225714879e+02 2.562613068131928458e+02
2.538507032580779992e+02 2.547187761505070682e+02 2.513156597358978956e+02 2.554891926974254375e+02
2.538206921552700805e+02 2.542452245132370763e+02 2.519783706386820086e+02 2.552094092650227140e+02
2.424930401061376699e+02 2.429544659991856577e+02 2.416040553758637088e+02 2.434378903548612811e+02
2.613523031246240862e+02 2.616690654474895155e+02 2.592529101829161391e+02 2.624156933842056674e+02
2.466188215259899152e+02 2.468886760664354085e+02 2.457413856661663374e+02 2.474288152000873140e+02
2.507960166271639366e+02 2.513643155204258335e+02 2.499367730816254038e+02 2.517045169602378110e+02
2.431592128284024454e+02 2.438043864725731851e+02 2.421971561870846301e+02 2.446437447125805420e+02
2.439492057124069220e+02 2.437902986307998390e+02 2.428910801337270868e+02 2.443287627908893285e+02
2.468944564853875079e+02 2.469475519271616122e+02 2.457328191786349691e+02 2.473647746401122447e+02
2.799305009716720178e+02 2.810168478460951178e+02 2.767214787941789496e+02 2.790022538116188571e+02
2.693140695332875794e+02 2.704861676769520500e+02 2.661313909553608141e+02 2.689914949654017846e+02
2.913465441253854920e+02 2.912445999360170958e+02 2.910666919748603050e+02 2.921454615956720886e+02
2.563941552416678178e+02 2.564810558888235050e+02 2.545053083937335998e+02 2.573015593958680824e+02
2.495631023566409965e+02 2.495673212630636897e+02 2.477797926098202765e+02 2.497195206850452109e+02
2.532292237599777991e+02 2.530954490279766844e+02 2.506290079958756110e+02 2.546831113063441023e+02
2.593515791199737919e+02 2.589121453022682431e+02 2.564897668147860372e+02 2.597139516316311187e+02
2.439761223430612063e+02 2.437781382741858351e+02 2.428408917904145596e+02 2.447172495158842764e+02
2.437103199119786439e+02 2.436788617883195514e+02 2.429285796065739476e+02 2.445400627604385306e+02
2.462352117595655159e+02 2.463337306965652260e+02 2.450118813260382922e+02 2.464205185770495916e+02
2.486891255561201888e+02 2.487790742683709198e+02 2.478653368702076421e+02 2.493753760760434375e+02
2.490852946957010374e+02 2.488512787745910089e+02 2.476651931305944174e+02 2.491045665954513311e+02
2.449633376612640063e+02 2.451971859242441951e+02 2.445210077143789249e+02 2.453623239037204655e+02
2.708293129053117809e+02 2.701908245735133391e+02 2.689868321177908115e+02 2.722807423285248660e+02
2.619146248396056080e+02 2.618578695255977209e+02 2.587448649618274885e+02 2.629553127666732166e+02
2.859605653813717936e+02 2.855363850602544176e+02 2.840825059916719511e+02 2.864851642849633322e+02
2.419819043478061076e+02 2.421561678733440885e+02 2.405159534041194433e+02 2.424441381030768525e+02
2.461443872834586841e+02 2.464070098183647133e+02 2.457641786659791876e+02 2.466090770045281033e+02
2.419696453602380188e+02 2.422336905939242229e+02 2.403844424922452845e+02 2.427013179244342496e+02
2.650372421272462589e+02 2.651094059486309220e+02 2.609704625109440030e+02 2.654855447304934160e+02
2.605440536261309603e+02 2.612830196726479812e+02 2.584460606297211029e+02 2.622231430963999514e+02
2.586184940468841091e+02 2.582421294138828785e+02 2.567945510145510752e+02 2.591452795745137792e+02
2.507125343637239325e+02 2.506719085431604412e+02 2.497782465615064780e+02 2.514555429404491633e+02
2.742314476697572445e+02 2.724229933810159991e+02 2.702832121347483962e+02 2.745340528931319568e+02
2.734189921027304422e+02 2.748504239303728127e+02 2.710224605993703904e+02 2.744122371491363310e+02
2.538897952199254462e+02 2.553764133157631306e+02 2.528575625645804905e+02 2.550782680005534360e+02
2.443190190465389833e+02 2.448833887559849529e+02 2.434209559494505299e+02 2.448541991194572915e+02
2.518611559918633134e+02 2.527147783364154066e+02 2.508675214715046593e+02 2.532671529739867538e+02
2.724341960603422308e+02 2.727966221864522254e+02 2.691590092485876085e+02 2.722039920223572267e+02
2.598325294462371176e+02 2.590321377438089030e+02 2.561311190671610802e+02 2.605590783653383937e+02
2.453744284964135716e+02 2.454274896960049261e+02 2.444024323734777795e+02 2.460494978080955377e+02
2.590132223365318396e+02 2.593947407824352354e+02 2.569146487914524641e+02 2.589119989178972219e+02
2.510158909291887710e+02 2.508462195033752380e+02 2.494319619149467542e+02 2.516809461772188854e+02
2.467851507859499236e+02 2.466551564828246228e+02 2.462196041279626400e+02 2.475253975091955851e+02
2.602035808560355576e+02 2.602708472812242348e+02 2.579432414895423449e+02 2.617337503679249835e+02
2.476198612321254018e+02 2.478753609458194376e+02 2.467907437608453165e+02 2.479746658548135088e+02
2.524578331433433789e+02 2.527628145883574575e+02 2.503304144738916364e+02 2.528522712178190943e+02
2.570136676031861498e+02 2.566428566403411082e+02 2.548435677346870989e+02 2.573957455478821430e+02
2.473561489503229609e+02 2.476859188625850265e+02 2.466117576909029196e+02 2.483440626197682093e+02
2.586154410327218329e+02 2.584402683503286084e+02 2.559860105768393339e+02 2.593510249305405750e+02
2.722453958104447906e+02 2.733842797102033160e+02 2.698779416391166706e+02 2.734442648464176386e+02
2.487659783851572115e+02 2.495784515377602304e+02 2.473611083174458543e+02 2.497256125170614496e+02
2.615924754911406467e+02 2.628303565499355727e+02 2.589428406491164765e+02 2.626695281251395500e+02
2.479186841405021937e+02 2.475940776823485692e+02 2.471898998040860249e+02 2.480999026037496549e+02
2.454347985369795140e+02 2.455760432514580884e+02 2.444968044766334856e+02 2.467644330783768964e+02
2.486583623462381070e+02 2.490965228878818323e+02 2.475374170825099327e+02 2.494447630701155560e+02
2.431732051511044972e+02 2.428144209157241562e+02 2.416166220233070874e+02 2.435126979232125279e+02
2.431412014759893623e+02 2.433054505366421836e+02 2.419699495353165162e+02 2.433474097500948972e+02
2.511829122163969146e+02 2.518793074110145085e+02 2.498794562029167423e+02 2.522327051833730422e+02
2.484445973290729626e+02 2.480775308627085849e+02 2.466279818617734634e+02 2.484739717678598083e+02
2.528032649117174060e+02 2.536535444981743979e+02 2.513836755963348537e+02 2.547398911001126862e+02
2.566457427563407805e+02 2.569702842721863476e+02 2.545133137865238382e+02 2.575135589270901733e+02
2.472095645704413869e+02 2.478452040334277626e+02 2.463255513101924805e+02 2.489724484495211243e+02
2.508112004481653514e+02 2.516611387662618995e+02 2.493540079591642495e+02 2.515588288103407422e+02
2.514120886899335687e+02 2.509360207215185881e+02 2.494090098138433973e+02 2.520902111329529305e+02
2.646166143747796582e+02 2.650202584933688286e+02 2.621717463048935883e+02 2.652218023351006764e+02
2.426704231245089431e+02 2.432575499606448375e+02 2.419184181820786250e+02 2.436642515713557771e+02
2.462304487258645622e+02 2.467416860358568442e+02 2.451573955027072031e+02 2.470735201442837763e+02
2.454360532398306134e+02 2.451866987285934272e+02 2.443789538348630970e+02 2.461623801859239506e+02
2.517543093508036236e+02 2.524776458859398076e+02 2.494540356401116128e+02 2.525036454189182962e+02
2.515266213632739039e+02 2.513265803013565289e+02 2.500545037244542073e+02 2.523879608149676983e+02
2.448789250779691713e+02 2.460999850213468676e+02 2.429397533967330958e+02 2.455163211712484781e+02
2.825119676256861112e+02 2.836295088218512888e+02 2.798367016702101751e+02 2.819081740326290060e+02
2.429794384792729147e+02 2.432431657317878546e+02 2.420156565389175682e+02 2.436811397983404959e+02
2.541938566190934807e+02 2.542503050701594134e+02 2.524096960913252587e+02 2.548157094746054554e+02
2.625326096694356011e+02 2.631091401943238566e+02 2.589043356303479868e+02 2.625466137709715895e+02
2.569422754275744296e+02 2.592754900886833980e+02 2.547623700089167471e+02 2.583296857551594030e+02
2.603207290290269498e+02 2.602488360541732391e+02 2.569689992162021781e+02 2.614497562621608040e+02
2.544319644987144500e+02 2.542920332219708257e+02 2.525559061637209481e+02 2.545605595878213023e+02
2.507067952652411407e+02 2.510024548805400002e+02 2.486405899394689243e+02 2.523892826817375408e+02
2.465134957833994633e+02 2.465216376593886878e+02 2.454000488744933648e+02 2.473924313678456883e+02
2.514875023796677169e+02 2.516523753869235236e+02 2.504029520015087371e+02 2.520035308113363328e+02
2.459202554515944428e+02 2.462881777077184609e+02 2.447498627449795094e+02 2.464341452506688199e+02
2.492806754766820063e+02 2.487668848722857433e+02 2.471871530600403162e+02 2.500005802852174668e+02
2.564720899655227981e+02 2.575301992265757463e+02 2.543649055122460254e+02 2.575348373585404715e+02
