2.533172437607330210e+02 2.544560140694800339e+02 2.516493947775842344e+02 2.556047259016702924e+02
2.475954153003528404e+02 2.473724032042132706e+02 2.464198923302857338e+02 2.478175641186787175e+02
2.637571195900519001e+02 2.643278057413773467e+02 2.605753308304607003e+02 2.648298540808024768e+02
2.479386156259812992e+02 2.480235210128902281e+02 2.475743113266887292e+02 2.487965325644850907e+02
2.460396852307097220e+02 2.466824624508984698e+02 2.457051524374183487e+02 2.469523981669897239e+02
2.497448555571674262e+02 2.505954968669133507e+02 2.480436463887126024e+02 2.506921972771957314e+02
2.485606110034388792e+02 2.488497779366737745e+02 2.475440205614537774e+02 2.491609613145417086e+02
2.500152800571258638e+02 2.505368162899697779e+02 2.490821462097908068e+02 2.509592754884323824e+02
2.807905591556603895e+02 2.814552012978937228e+02 2.786115605693638031e+02 2.815118837996754451e+02
2.505288590282491725e+02 2.506831669909147990e+02 2.489312979119670217e+02 2.508450919482525023e+02
2.492469621948268070e+02 2.491876477132946945e+02 2.486701305927638259e+02 2.496557673515511624e+02
2.637388130351025666e+02 2.651368932381620311e+02 2.609353299597161708e+02 2.649831302577042607e+02
2.460555785202344055e+02 2.464411199874860188e+02 2.453894169626834412e+02 2.466629359249832874e+02
2.427622695317725743e+02 2.424392110241921614e+02 2.416686910090587901e+02 2.430963760367225461e+02
2.491096168525525627e+02 2.489128044607738843e+02 2.485886691983386925e+02 2.492703412174782045e+02
2.853552056625528621e+02 2.831562330194664128e+02 2.817725010404835757e+02 2.821434622829201544e+02
2.446657242210864638e+02 2.447049535087704442e+02 2.440867200544314528e+02 2.450895800507887259e+02
2.492751108898492305e+02 2.489792193810812080e+02 2.471380752052340029e+02 2.491590420063045883e+02
2.456138382848137951e+02 2.459145060941131078e+02 2.449028194682871913e+02 2.462138382274306707e+02
2.834066814765711229e+02 2.845339355205787797e+02 2.807101723665812187e+02 2.840333685631563867e+02
2.573525489229602385e+02 2.580579553778002833e+02 2.563646307855474333e+02 2.589381369433789928e+02
2.464794714589329772e+02 2.469066102734146568e+02 2.449075031107818461e+02 2.469603704055402886e+02
2.470360638757344418e+02 2.477483543075683201e+02 2.465593392648255815e+02 2.476284070051416961e+02
2.440617837593222532e+02 2.442884904410220201e+02 2.429245369754308115e+02 2.449121019554144709e+02
2.506764207737333834e+02 2.501877565661180256e+02 2.488300092334010571e+02 2.514967572137005050e+02
2.492424617720577089e+02 2.492497344819911405e+02 2.480755695324610315e+02 2.499987796151672512e+02
2.652872667531157163e+02 2.660678896398156894e+02 2.627584880145691386e+02 2.660446765495581758e+02
2.493446062298800712e+02 2.507361442594072400e+02 2.467884522746795710e+02 2.502754891367389405e+02
2.565028290609812416e+02 2.567950395515214268e+02 2.543440943012302000e+02 2.559136081094856365e+02
2.655766050984094022e+02 2.667958807688269758e+02 2.632886620674768778e+02 2.677844094285090364e+02
2.575493840991896377e+02 2.593486947460145302e+02 2.559601871520595466e+02 2.598394083878790184e+02
2.456381636983498424e+02 2.456959727059516183e+02 2.447705733164786750e+02 2.463575642767827958e+02
2.480226080868860663e+02 2.481557521036214666e+02 2.457632675098733728e+02 2.485227969620210047e+02
2.615845343116292838e+02 2.613996431771737434e+02 2.585449698672787804e+02 2.620957587118738275e+02
2.569548044632251163e+02 2.562640125901715464e+02 2.546695815892101393e+02 2.572879252808788806e+02
2.454083569744059616e+02 2.458405583871365536e+02 2.448551513533030288e+02 2.456157355466365857e+02
2.507526345890701123e+02 2.505892440391815228e+02 2.491011134636686393e+02 2.514970486333592703e+02
2.531889129780453800e+02 2.534968319219830164e+02 2.517249723554518823e+02 2.537374968826008512e+02
2.760902289999841059e+02 2.760316493957720354e+02 2.746069012952896173e+02 2.761055687968167831e+02
2.452908117499771947e+02 2.463476769790333378e+02 2.450051587350085356e+02 2.464128651003990456e+02
2.683677324785059568e+02 2.688263474068159553e+02 2.655417993381423685e+02 2.679051075146626317e+02
2.506865444558441709e+02 2.515143388720241262e+02 2.502581472427163476e+02 2.516977588299111801e+02
2.799528227131160634e+02 2.794056476958510302e+02 2.757950309087930236e+02 2.781631868714179063e+02
2.586026009241012957e+02 2.594811874638207314e+02 2.571643612903793041e+02 2.590015295898391514e+02
2.477300324290683875e+02 2.478249796109498959e+02 2.470739718469415038e+02 2.482634016629376674e+02
2.721994107699190408e+02 2.737711313646473741e+02 2.702466882836855007e+02 2.744258398339037512e+02
2.493745105690774722e+02 2.499427016747642369e+02 2.482131298658428591e+02 2.500120206880083629e+02
2.513764912015593609e+02 2.516503747414117811e+02 2.507549456794523621e+02 2.522765253866114108e+02
2.679062046902722614e+02 2.678975366909941158e+02 2.644847465913997553e+02 2.675452435267237092e+02
2.463748174109526019e+02 2.464363265431009893e+02 2.454804465072780602e+02 2.465067125174280136e+02
2.855223507520586281e+02 2.865190948415467460e+02 2.832397309123755917e+02 2.850330522669049742e+02
2.434429007336583766e+02 2.435965213838260865e+02 2.430361915050488051e+02 2.436889420871476659e+02
2.481830079313990041e+02 2.486103614050368265e+02 2.475488275820848401e+02 2.485806707185776645e+02
2.587356366196055433e+02 2.582386739657683279e+02 2.562364313449116935e+02 2.591077480124143904e+02
2.845380300709132939e+02 2.848891732194903739e+02 2.833300054177012726e+02 2.845455542917931666e+02
2.503236133522296143e+02 2.503455171834039277e+02 2.493560910670746011e+02 2.509300037102887586e+02
2.482566572801074756e+02 2.487933176478963446e+02 2.471167607829399060e+02 2.493880558339761535e+02
2.753331040512595678e+02 2.767447977365728775e+02 2.731159976680820591e+02 2.768306919904214283e+02
2.535188839191907277e+02 2.530325728031513961e+02 2.518962643070884724e+02 2.535386211984818488e+02
2.427476429658563006e+02 2.427808342720102814e+02 2.418632324910373654e+02 2.430688517942567728e+02
2.593324431123654108e+02 2.592118505032317444e+02 2.557018199262563201e+02 2.592411276912050653e+02
2.496615495215405360e+02 2.500085095082372391e+02 2.481820534048599711e+02 2.499750255010643514e+02
2.464557692270788039e+02 2.468274165415309369e+02 2.461756739573208392e+02 2.470667512744703913e+02
2.443381455320184443e+02 2.444850309712562932e+02 2.436607345795342212e+02 2.444910868966510691e+02
2.788170486464154010e+02 2.784960292771557988e+02 2.758848246495639387e+02 2.795095478729525098e+02
2.559650228089608390e+02 2.566966604638915328e+02 2.546133701034636942e+02 2.566590989067952933e+02
2.463357423310093566e+02 2.465902431967039377e+02 2.454896311829807303e+02 2.466786012641593118e+02
2.572414493809772011e+02 2.575087428211865017e+02 2.554850796617273829e+02 2.582350492056801272e+02
2.470477112122757717e+02 2.475582812520610787e+02 2.463217312479562509e+02 2.479140417807701624e+02
2.787933719682544051e+02 2.784812977944499721e+02 2.758950235644287545e+02 2.786478837519563285e+02
2.698762670397961188e+02 2.700725977184586668e+02 2.668871988362848811e+02 2.695934687477999887e+02
2.463469101582303438e+02 2.467528640836078750e+02 2.459432190353786893e+02 2.470653533022995987e+02
2.531561342428540229e+02 2.535483117998010414e+02 2.518546087091338279e+02 2.535848274769902275e+02
2.478785877148692691e+02 2.481003985083763723e+02 2.471939610144182495e+02 2.484713183325564785e+02
2.495915935428133139e+02 2.495329011032062283e+02 2.486727446069825191e+02 2.502404550473164875e+02
2.521088988441210574e+02 2.532654239892874841e+02 2.505290795442681429e+02 2.535556165366092500e+02
2.454456993621232641e+02 2.457394390180843686e+02 2.451588487511602068e+02 2.460207101019779259e+02
2.747938974350473700e+02 2.748661159505165870e+02 2.710362362130742895e+02 2.748667282244207968e+02
2.459119077130614244e+02 2.465220751437371973e+02 2.448348043995711407e+02 2.464790516877537243e+02
2.849797159089807224e+02 2.847725905651668654e+02 2.831643536801359460e+02 2.849188383934468902e+02
2.712167615718394131e+02 2.711033790735667708e+02 2.677691023464890350e+02 2.718242357238420368e+02
2.515378355531208570e+02 2.520085384744844248e+02 2.494851478260026738e+02 2.524386940910295323e+02
2.481450391022314932e+02 2.488553542265441934e+02 2.470104711271232816e+02 2.504677462829510830e+02
2.648892386605159004e+02 2.643135598781659041e+02 2.619908582750015285e+02 2.648053260565116034e+02
2.538222575293480077e+02 2.543957356356513060e+02 2.516674816840793198e+02 2.555891111742656392e+02
2.479202126617985016e+02 2.479465461975349001e+02 2.465960621494912459e+02 2.489784500494565123e+02
2.451024779915124157e+02 2.451707865949356631e+02 2.441896970126932729e+02 2.454016062549392529e+02
2.910745961454480835e+02 2.901111817678363991e+02 2.885735435699417053e+02 2.912958749237098459e+02
2.542547501791435991e+02 2.552596123388073579e+02 2.526001722216425094e+02 2.552639276817751011e+02
2.498809788247033339e+02 2.497708191214530302e+02 2.495408188019364104e+02 2.500454463394515017e+02
2.593464907161904307e+02 2.598249103557421904e+02 2.577469469750100757e+02 2.601493514887632159e+02
2.521326900847995205e+02 2.530104632912218960e+02 2.517387884695683056e+02 2.534798838646900947e+02
2.461716688120845618e+02 2.462781784652363797e+02 2.457368998483829046e+02 2.467163890391318830e+02
2.497397895169954722e+02 2.505045417439274900e+02 2.481641781937228473e+02 2.511491045102037560e+02
2.532539031412946997e+02 2.534889845812121507e+02 2.517575787633731181e+02 2.538088076871482315e+02
2.535485285959753128e+02 2.542019122877991890e+02 2.520844516438405378e+02 2.547432871782690142e+02
2.459229424663460577e+02 2.459331060888785885e+02 2.450462240121651689e+02 2.467025220567854547e+02
2.530138097252997227e+02 2.533412451007002346e+02 2.502570510106088761e+02 2.533066182813574869e+02
2.430235883163992980e+02 2.434913338690964224e+02 2.423089379715560199e+02 2.438083104653455848e+02
2.530960133244943790e+02 2.538912457907114515e+02 2.515876022203472360e+02 2.541322526079338502e+02
2.888736753170472298e+02 2.907109631946240142e+02 2.890730501106999100e+02 2.897516266981505737e+02
2.497239946009739811e+02 2.495969045544734115e+02 2.487407721943792751e+02 2.499674709688017344e+02
2.821305691216327318e+02 2.815201541970887433e+02 2.795965360717960948e+02 2.807004424383178502e+02
2.527904568757470827e+02 2.539545532653230850e+02 2.517097477394200951e+02 2.534859793693035499e+02
2.508137482384736927e+02 2.514383010388174853e+02 2.486691077822632678e+02 2.515841389378844042e+02
2.491698085209270346e+02 2.490865114441869252e+02 2.472441754260527489e+02 2.500732205344008889e+02
2.686369777041293787e+02 2.683367525223985695e+02 2.660513153138050484e+02 2.693877725879716536e+02
2.473154501644964398e+02 2.474887096023834943e+02 2.462858462570218023e+02 2.481588602002785535e+02
2.484643297336926935e+02 2.489305775435730936e+02 2.480153445183143219e+02 2.486898886363144925e+02
2.548481954271336747e+02 2.549363443895901469e+02 2.529705787995807498e+02 2.561102508460738250e+02
2.909014178051799036e+02 2.902378151436641360e+02 2.896581236616315209e+02 2.898616903100534046e+02
2.515742737789741454e+02 2.524984039754048410e+02 2.512062911946645443e+02 2.528424251064441535e+02
2.540959354664661021e+02 2.541861786281535842e+02 2.517940461207627436e+02 2.545883278451138665e+02
2.481200110425909884e+02 2.490391342609599974e+02 2.474778093229214164e+02 2.490395500521227916e+02
2.572378092453951695e+02 2.572615109486326332e+02 2.550584089906844838e+02 2.581615891531775446e+02
2.604961802647098921e+02 2.616641062523288497e+02 2.588063912498456602e+02 2.613490520895545046e+02
2.484768311414453308e+02 2.489386931280767499e+02 2.470970329914815125e+02 2.496299478807358696e+02
2.450683002054361737e+02 2.455545630189996871e+02 2.441656227722472181e+02 2.458513289202156500e+02
2.741986197826062153e+02 2.744253106358511900e+02 2.716837542528181757e+02 2.738672846641483716e+02
2.454770598897044920e+02 2.457516837047155889e+02 2.450764988823864599e+02 2.460787949578181042e+02
2.537692207273767053e+02 2.535874041572778310e+02 2.516234931020829038e+02 2.549600477534872880e+02
2.469322926825609272e+02 2.472454163704669838e+02 2.459825735745601492e+02 2.476761201874438427e+02
2.537692552275461537e+02 2.538651441251334404e+02 2.530603302211199832e+02 2.552045291616746567e+02
2.454358258455114594e+02 2.451597370909067024e+02 2.446386368675731546e+02 2.456344261469165247e+02
2.437074059558957515e+02 2.438907215386703342e+02 2.428608851930711410e+02 2.442786256635585573e+02
2.705437848654679556e+02 2.720812860244059834e+02 2.683311324749856794e+02 2.723809724115475319e+02
2.499567842256788879e+02 2.514200937612397126e+02 2.487744851775624397e+02 2.509467347180994352e+02
2.450931827839219181e+02 2.448989626828337975e+02 2.446149642551810928e+02 2.457510764874540143e+02
2.598737617477456752e+02 2.597396102783056335e+02 2.570768583047658353e+02 2.596489295672132016e+02
2.596333423234103748e+02 2.598648872134064050e+02 2.572654313374251274e+02 2.600967972490198576e+02
2.464311676631255068e+02 2.464213610541218031e+02 2.455397510231148601e+02 2.465499296739473607e+02
2.543468375815489537e+02 2.553297571933698862e+02 2.527820543866476157e+02 2.554111751186270851e+02
2.589735315587981290e+02 2.591375528496263883e+02 2.568655849478379309e+02 2.593694581008716114e+02
2.494866513456514383e+02 2.494385865839285827e+02 2.478483492504249170e+02 2.495209871403664295e+02
2.452613068691402987e+02 2.452903616043781483e+02 2.445851669463383189e+02 2.461802764780096595e+02
2.482581216319448743e+02 2.482565063028978045e+02 2.472247229115168352e+02 2.484699888056100860e+02
2.462311695204169553e+02 2.465084752454025079e+02 2.453740571823538517e+02 2.465615523279350612e+02
2.835380544567411789e+02 2.837043269905973943e+02 2.821577757077456567e+02 2.833693972749250634e+02
2.687084011659200087e+02 2.684409362467952747e+02 2.658857546035335986e+02 2.687755018754177740e+02
2.769027731957218634e+02 2.771690217513855714e+02 2.736581436865087653e+02 2.769731467094846948e+02
2.456428233117436264e+02 2.455848871687272208e+02 2.445736303494364279e+02 2.459125055805695865e+02
2.529573964284417968e+02 2.527648840278586988e+02 2.517110906657205192e+02 2.533559166387562129e+02
2.718005427006601735e+02 2.710895677105830828e+02 2.676351040992639696e+02 2.711386389763664511e+02
2.581224555544274040e+02 2.586889305226352462e+02 2.555705541358833273e+02 2.583160667667658572e+02
2.510135793045593005e+02 2.508719142607573644e+02 2.489658684120286694e+02 2.518265475206813733e+02
2.444807047767448864e+02 2.443050671346853164e+02 2.436683527580518387e+02 2.443675276634976399e+02
2.534369745505839262e+02 2.538682826658284739e+02 2.530450435768790101e+02 2.538170487512201987e+02
2.475462940094669193e+02 2.483538455734991999e+02 2.473524399235183466e+02 2.487889938472859512e+02
2.631295355520406360e+02 2.634781461508887332e+02 2.604087532997204448e+02 2.635291271265833188e+02
2.479756370618444237e+02 2.478795120295702077e+02 2.469817368210509017e+02 2.488495716084008222e+02
2.431622897822681182e+02 2.436525683611483544e+02 2.425446936441336447e+02 2.445274348217178897e+02
2.898858472280134606e+02 2.907294555669946021e+02 2.889195351928617583e+02 2.895153629211200155e+02
2.625926370525647258e+02 2.625045258104375421e+02 2.604762026376558879e+02 2.630929122451831290e+02
2.463560257820334982e+02 2.458822592396885227e+02 2.455764338651249261e+02 2.465538069396831986e+02
2.535246159958282703e+02 2.538484802506810070e+02 2.504337482551350149e+02 2.540671911480102381e+02
2.501446644780595250e+02 2.508571295671558232e+02 2.487458578774121634e+02 2.523204410088973191e+02
2.541172717600068438e+02 2.535980885585438216e+02 2.524071232337038850e+02 2.542922829379091354e+02
2.520880920936345433e+02 2.525388408269218701e+02 2.502584326923724802e+02 2.527836819248662437e+02
2.456545995897716921e+02 2.459495049597580874e+02 2.450390240135343731e+02 2.466701941570111387e+02
2.456628239886086646e+02 2.458645405246465430e+02 2.452683650826879500e+02 2.461398367907791851e+02
2.460192194160401868e+02 2.463193484581918540e+02 2.453256782452947107e+02 2.465895630780543968e+02
2.484187051780963316e+02 2.485985612601992045e+02 2.479619614452288374e+02 2.495234548335837985e+02
2.479188924050395713e+02 2.482211027164555048e+02 2.471605529413208160e+02 2.487208810051881187e+02
2.448505628151242774e+02 2.452638063892246976e+02 2.448028617721874696e+02 2.455520909855432024e+02
2.454221493251791628e+02 2.456388464432795047e+02 2.451608596324966811e+02 2.460215964402435418e+02
2.528665907269574973e+02 2.528869957254960923e+02 2.510360280128997772e+02 2.534117373360315639e+02
2.432103310990564466e+02 2.435650340748053111e+02 2.422601612410172152e+02 2.437435681903165801e+02
2.469196308561699311e+02 2.466539986680535890e+02 2.455004665326869713e+02 2.473287015993538773e+02
2.447964525903288973e+02 2.448473015372494501e+02 2.439694545250985698e+02 2.454236122659459340e+02
2.495266290366779458e+02 2.497297042135786569e+02 2.483644856243045353e+02 2.496795717283848433e+02
2.525690979826137550e+02 2.523203451349584157e+02 2.504153187452162967e+02 2.522655227910810254e+02
2.536139848765387512e+02 2.537608395571846813e+02 2.520691687942812109e+02 2.544678763106716417e+02
2.825896370624937504e+02 2.839132973922772862e+02 2.812072970073973579e+02 2.826562413437285386e+02
2.477626302722801768e+02 2.480704278750924914e+02 2.467108516800978464e+02 2.488180853227613909e+02
2.545389031027919486e+02 2.546504346425720087e+02 2.531174191642214453e+02 2.553721305733821225e+02
2.441578035772331532e+02 2.445482566294791980e+02 2.437785222016525779e+02 2.444988967761822494e+02
2.665469395260272449e+02 2.669189680510712606e+02 2.639615947805882570e+02 2.659704570276708182e+02
2.502705449882400330e+02 2.500977951646234203e+02 2.490400186182311018e+02 2.510079495731429802e+02
2.430198211421715655e+02 2.430694702076774831e+02 2.423738653088200579e+02 2.439502068576054228e+02
2.591150586410324763e+02 2.610280447001572384e+02 2.582959361650391088e+02 2.605250605680978992e+02
2.487798722283064876e+02 2.483391989992807396e+02 2.478554330120722682e+02 2.489913797419660284e+02
2.554311376506886688e+02 2.556856747490538453e+02 2.537846749804048727e+02 2.562664403283887964e+02
2.591690081264930541e+02 2.590124545850198388e+02 2.567360901308662164e+02 2.588104901768729178e+02
2.444347370138952158e+02 2.448144789899833427e+02 2.435653988553343936e+02 2.453574897652275979e+02
2.735355200948595780e+02 2.734911927231540290e+02 2.714563745202116820e+02 2.754848392324393558e+02
2.468650321357288249e+02 2.470051451298088523e+02 2.453607713752718951e+02 2.466917000694656394e+02
2.448436893335274931e+02 2.449521115622109733e+02 2.444367605263657310e+02 2.452890801490247270e+02
2.720768676391411418e+02 2.715260473113151534e+02 2.681633343180641305e+02 2.707195579536812033e+02
2.853131893630852005e+02 2.854886809219954102e+02 2.827531660999441669e+02 2.835730862532258811e+02
2.460690556206554334e+02 2.457544380335858420e+02 2.448889399665951316e+02 2.470880403374571017e+02
2.514363861370137840e+02 2.517046059428660953e+02 2.502592862841956105e+02 2.523609485112667130e+02
2.443165405023949859e+02 2.443910876647400698e+02 2.438148437199863849e+02 2.447211045090169250e+02
2.508953299323751764e+02 2.511775041039043401e+02 2.486794659855265479e+02 2.513721150516699652e+02
2.517969188596230197e+02 2.520221737620794045e+02 2.506809860114944968e+02 2.528093402208556881e+02
2.619657406360860250e+02 2.625815923450173841e+02 2.604887769846422430e+02 2.633199411827800418e+02
2.459027448706009125e+02 2.457358060921710887e+02 2.452868655248911978e+02 2.460136301689099412e+02
2.498097958428849097e+02 2.497087945783393366e+02 2.485179237406906907e+02 2.505973376542808921e+02
2.449150879536482819e+02 2.449652689025482459e+02 2.438547888899927045e+02 2.454382786041748545e+02
2.438775326754206105e+02 2.437574311394249378e+02 2.427218279688801772e+02 2.444456480154426288e+02
2.474506947889564970e+02 2.479327342997587493e+02 2.459744567126557797e+02 2.481287838155141969e+02
2.478254569166004728e+02 2.474487902783907600e+02 2.466949048313447008e+02 2.480289965723417254e+02
2.437290073506953547e+02 2.443004706893858042e+02 2.433960717818100079e+02 2.449569151210103826e+02
2.800474025115686345e+02 2.812998931569650836e+02 2.786025812969538720e+02 2.807927752166325490e+02
2.553145890988191411e+02 2.559300277361741962e+02 2.538481280605557799e+02 2.561530355057715838e+02
2.538909921590658030e+02 2.544651082221064087e+02 2.529558693312996809e+02 2.540903795969660450e+02
2.436231783130145345e+02 2.437337384199767030e+02 2.428896431133573799e+02 2.441874505949207048e+02
2.464049106032200882e+02 2.469869907858521287e+02 2.453788348145002089e+02 2.471201312166114690e+02
2.451772751769354670e+02 2.456094860034428109e+02 2.440116097572163198e+02 2.455040488738423505e+02
2.725561701568682906e+02 2.722127224526191185e+02 2.695546632654807127e+02 2.722821335094977258e+02
2.484123994610434067e+02 2.490676475177336897e+02 2.477333329196818283e+02 2.489047414468828663e+02
2.606839672830242307e+02 2.634826440050508154e+02 2.590119443276602169e+02 2.620975447857160816e+02
2.437997593567402532e+02 2.441599313980175907e+02 2.434581827685328506e+02 2.446100221999940914e+02
2.504844936648484008e+02 2.507108701629996403e+02 2.497483063349629333e+02 2.508576118060062186e+02
2.694585223222588866e+02 2.700064315829814632e+02 2.663828946194292939e+02 2.702718690511335353e+02
2.431157327072251348e+02 2.430007633317755449e+02 2.426935736016895078e+02 2.441667306140887206e+02
2.534366419274186057e+02 2.539294206427492213e+02 2.512007436679062664e+02 2.538594299415217108e+02
2.467136213371343274e+02 2.465733893410461235e+02 2.457963346597119880e+02 2.471033297678320650e+02
2.791391095674426310e+02 2.794066403435049892e+02 2.778937094057718014e+02 2.802279936850210333e+02
2.602905130758999235e+02 2.609156416393591940e+02 2.585301263479091745e+02 2.620823969885696556e+02
2.694365586956460561e+02 2.699541735173269217e+02 2.663381682280822815e+02 2.693029471577871732e+02
2.561596948696961249e+02 2.562745710178719492e+02 2.541922146819604791e+02 2.572633131518309142e+02
2.527800966111756793e+02 2.527263588632111180e+02 2.512773733615105130e+02 2.533144094261415376e+02
2.478791671258507279e+02 2.485130113027554160e+02 2.465527720796881681e+02 2.489619070356417296e+02
2.499591490873721966e+02 2.501087167920287584e+02 2.485470575917691178e+02 2.508778411863333986e+02
2.449235092365359776e+02 2.452066578920999405e+02 2.443993347068976902e+02 2.457300328736521067e+02
2.612121954706116185e+02 2.613347501880932668e+02 2.587164244851605304e+02 2.630577176997005608e+02
2.548943239958902325e+02 2.558986445210415468e+02 2.533816780549762768e+02 2.559025263386498636e+02
2.731864071919353023e+02 2.728746325742635008e+02 2.702378728201013018e+02 2.734447160165962600e+02
2.457244904983064089e+02 2.453686651246798078e+02 2.450482953411495828e+02 2.466122278933558789e+02
2.456665099746804231e+02 2.457245248010000012e+02 2.448658468546835536e+02 2.467319759943571569e+02
2.508656119774515787e+02 2.514597538127596579e+02 2.496589907177565522e+02 2.515943011128142075e+02
2.530414355320936863e+02 2.536541974619656798e+02 2.518635162887971717e+02 2.536878871844450032e+02
2.526579505191138253e+02 2.531031624532132298e+02 2.509318956363603093e+02 2.540297433672104717e+02
2.530895853779810523e+02 2.538389824372891326e+02 2.516805947301503750e+02 2.534599316066268671e+02
2.540688989404222866e+02 2.553197228828289553e+02 2.526248173276530906e+02 2.558093665957377993e+02
2.435665122235757565e+02 2.438967538822179790e+02 2.428128293895259731e+02 2.437723107832487415e+02
2.444838285204665453e+02 2.444089017296636825e+02 2.436903117626664539e+02 2.449855334211479487e+02
2.458483094792260317e+02 2.460207879911162081e+02 2.449783003977215117e+02 2.463063100034415811e+02
2.586286431746884205e+02 2.594361481398548790e+02 2.564699526147532538e+02 2.598383266121354609e+02
2.724598128594700484e+02 2.732964641420352336e+02 2.708374728135981400e+02 2.740084763841494464e+02
2.480379585649939429e+02 2.482306939496437792e+02 2.478308796550054467e+02 2.486730633061201843e+02
2.482814866764281305e+02 2.480770389755444114e+02 2.463967712535178123e+02 2.491638671562030822e+02
2.672221271221154666e+02 2.669183956562310414e+02 2.647951856478642298e+02 2.673761520297971401e+02
2.541570839442888712e+02 2.540516511961581898e+02 2.517574983044481485e+02 2.544443904983464222e+02
2.480622492057763111e+02 2.478244560868633073e+02 2.461167312459979257e+02 2.486678569465827024e+02
2.651016112133493152e+02 2.656243995345870985e+02 2.626508894564470893e+02 2.657813008681754923e+02
2.468783399719897886e+02 2.470642528249407519e+02 2.456257045534219117e+02 2.473968748088614973e+02
2.442347360591900838e+02 2.443278337880565516e+02 2.433753934306452607e+02 2.445027459205809350e+02
2.781294237918146450e+02 2.776239346373916987e+02 2.754556873914769994e+02 2.788857409422342926e+02
2.501158524093654592e+02 2.501668647739593609e+02 2.493894682735509605e+02 2.512295287897099740e+02
2.497813667396719666e+02 2.503628953488877755e+02 2.489058490574495579e+02 2.511415060449287751e+02
2.812284001234560833e+02 2.822961766082299278e+02 2.805144449018693535e+02 2.814480688450289563e+02
2.547820748139614011e+02 2.537033226293419546e+02 2.516643026014756401e+02 2.545733357483529744e+02
2.585697357389599347e+02 2.586232214832378418e+02 2.565609149879491611e+02 2.592126656972139358e+02
2.792026710225526358e+02 2.798236539219265069e+02 2.775557856415208562e+02 2.802363424593366972e+02
2.459895923567855505e+02 2.458538497994720160e+02 2.447844388490543963e+02 2.459670606280000413e+02
2.600967328883497771e+02 2.604876282256984155e+02 2.576449065205909505e+02 2.613008014414523359e+02
2.475278349916885077e+02 2.478287667840208144e+02 2.464388169704922120e+02 2.478533294938993379e+02
2.458318263985744352e+02 2.462771770650228120e+02 2.442636697911916315e+02 2.464323890579490239e+02
2.528647620682918955e+02 2.532530778418806392e+02 2.517051742860770389e+02 2.536554755068147813e+02
2.459169392456489049e+02 2.468712606986841251e+02 2.452908280096703777e+02 2.466088001222942410e+02
2.567191738398435632e+02 2.569449965312038557e+02 2.546931517076892248e+02 2.571071041825088628e+02
2.451468629588083559e+02 2.455275032460547493e+02 2.442277522066557367e+02 2.456302734623029949e+02
2.517421497074149102e+02 2.518768876809909045e+02 2.500524979155173639e+02 2.516795906955352677e+02
2.504350573870493690e+02 2.507948387252675673e+02 2.495398560686854239e+02 2.508291241644650427e+02
2.465492256184328994e+02 2.463484379712889449e+02 2.460026219792474649e+02 2.471636671793320090e+02
2.524385485073503332e+02 2.525916894260425920e+02 2.506906249201230992e+02 2.533967888486852473e+02
2.460622745950779517e+02 2.468345064849826827e+02 2.450542252845633584e+02 2.475041129689242894e+02
2.475194687177916251e+02 2.474218341861503632e+02 2.459137575775470452e+02 2.476595318030600481e+02
2.509962518712449082e+02 2.510277425959312438e+02 2.502974725535849529e+02 2.519826213259355825e+02
2.452545329858869536e+02 2.453084619553797836e+02 2.445279205457328544e+02 2.454764658753814786e+02
2.727557704746554919e+02 2.734843154007896828e+02 2.696493894684452926e+02 2.740702429632282815e+02
2.522598090094714678e+02 2.524663695697602748e+02 2.516254492324051455e+02 2.527262218698252241e+02
2.473341866300214633e+02 2.473592110762080551e+02 2.467099312651452010e+02 2.472039450847231592e+02
2.465785553631409357e+02 2.467326146067237573e+02 2.459044868705140630e+02 2.469796091031596745e+02
2.829866137271712319e+02 2.831443080284469715e+02 2.813184605879886817e+02 2.835280394484099702e+02
2.463091044052468419e+02 2.469257645718824392e+02 2.460005316380280362e+02 2.473077567766236484e+02
2.851785277418122746e+02 2.850056991322342697e+02 2.832785788509813187e+02 2.848943201024359269e+02
2.476634290450872413e+02 2.479512084087564858e+02 2.470718693489147597e+02 2.480897634661836264e+02
2.483585118252667598e+02 2.484201728549101631e+02 2.468466792083364680e+02 2.488544481007360787e+02
2.459972936856520107e+02 2.458212796911559224e+02 2.446152142829924117e+02 2.462552238464920151e+02
2.505599475514421783e+02 2.511024066401226378e+02 2.496035134958031279e+02 2.509344267458128854e+02
2.478845145635455935e+02 2.485189044416425759e+02 2.470243577836828024e+02 2.494528358534675476e+02
2.463603903445559524e+02 2.467160004522001486e+02 2.454261327453664308e+02 2.468704833528745439e+02
2.450938469637013668e+02 2.452272718542995449e+02 2.446014096095334196e+02 2.453172185467285544e+02
2.458393772601556293e+02 2.461999359894498696e+02 2.451943059355525918e+02 2.464998295713328105e+02
2.470863938341376240e+02 2.471974025418705878e+02 2.465278144630583768e+02 2.470016173760442655e+02
2.661515990547645742e+02 2.655594758382980558e+02 2.622574566444694142e+02 2.658944728969068478e+02
2.495277614444649146e+02 2.496820922855321783e+02 2.476497180535463656e+02 2.499521735534784455e+02
2.473760084681451872e+02 2.474981409348242494e+02 2.467600622363081868e+02 2.476266293556768687e+02
2.444135193200283425e+02 2.447189646406055203e+02 2.438146711692084523e+02 2.451191925421442761e+02
2.468977406065620244e+02 2.468302637707748488e+02 2.459395681758829539e+02 2.473649104823379901e+02
2.674051998095802674e+02 2.670368623784341366e+02 2.648069466170453552e+02 2.674697701353021557e+02
2.683523533157651286e+02 2.711963627042571261e+02 2.677854780403245059e+02 2.705295706827857316e+02
2.654624133886417212e+02 2.672932075600839426e+02 2.644955073968118313e+02 2.671165022590009244e+02
2.543353845827379587e+02 2.549078410090253897e+02 2.536415986659643238e+02 2.549954982069486960e+02
2.473190577312620633e+02 2.481885340606222883e+02 2.459425381658214746e+02 2.485273781626222558e+02
2.550605834126380671e+02 2.557247523605299193e+02 2.533388326018424834e+02 2.567855802893868145e+02
2.523661384214019563e+02 2.527779627626090644e+02 2.511275463868460918e+02 2.532362996700102258e+02
2.575517085231451802e+02 2.576824091903066005e+02 2.556806944038732468e+02 2.588902600266594618e+02
2.740945540934369546e+02 2.761437403678265241e+02 2.720863622939527318e+02 2.751173493345527845e+02
2.504287498710906732e+02 2.501372466796889569e+02 2.504445585781407146e+02 2.505112061019230509e+02
2.551947570782235459e+02 2.550665027107980336e+02 2.526570077967087684e+02 2.558984169239180346e+02
2.781416896890107182e+02 2.789047027913256329e+02 2.760612632095862296e+02 2.792441468005080765e+02
2.581614167138938569e+02 2.589207901203053552e+02 2.568846551007820267e+02 2.594469778400268183e+02
2.468992675179400749e+02 2.468746934493590572e+02 2.463284367094602487e+02 2.470870962307075729e+02
2.487883044033303577e+02 2.494420726906794812e+02 2.476542482306486761e+02 2.500477379370112487e+02
2.709041950585281597e+02 2.707947291826384912e+02 2.680382728649302067e+02 2.713672577009347719e+02
2.462220200988289491e+02 2.456837638483077910e+02 2.444375163887896747e+02 2.465662511872628215e+02
2.481753933698281287e+02 2.486910489962379529e+02 2.476271707487950664e+02 2.488461280807243554e+02
2.469798457973380152e+02 2.473727306388013005e+02 2.454610913618315351e+02 2.475101950514003875e+02
2.449011232150881483e+02 2.458903014202713848e+02 2.437783485315835321e+02 2.461428677559190703e+02
2.469748845438863611e+02 2.474357462279043318e+02 2.459741296628495775e+02 2.477758255055170196e+02
2.506775991613441477e+02 2.506531667445803748e+02 2.488847129134314855e+02 2.508676208331852990e+02
2.498901016258732000e+02 2.500372022034213160e+02 2.492721982944262322e+02 2.498051776207037449e+02
2.475628270427151847e+02 2.474111094439890621e+02 2.468271598668711988e+02 2.479799947783429275e+02
2.580360906271391173e+02 2.579632875176797029e+02 2.547531392006155784e+02 2.589095303730850901e+02
2.487735471263544582e+02 2.494855153726462333e+02 2.473860071505081351e+02 2.497718339178848623e+02
2.552856475640095937e+02 2.559137191625107164e+02 2.533550324213080387e+02 2.559653433031354552e+02
2.590620018488558571e+02 2.591744014085394952e+02 2.566747268542532652e+02 2.594229064910687157e+02
2.485095452438085886e+02 2.486902045987736471e+02 2.475895767506211484e+02 2.491281661972119252e+02
2.857753304496852138e+02 2.843990061555465445e+02 2.830482153026652554e+02 2.859580761698360902e+02
2.504789753745048131e+02 2.506468771539302907e+02 2.487975659514285951e+02 2.515679587765716008e+02
2.524565890088709352e+02 2.528432318323490051e+02 2.510399472385050785e+02 2.537176899198833837e+02
2.623790192424360157e+02 2.627320266926535623e+02 2.598400450244261037e+02 2.624862219329075401e+02
2.477781698217395956e+02 2.479993045107098908e+02 2.467978269153203712e+02 2.480921605823736797e+02
2.489661405733488380e+02 2.490311612633772427e+02 2.484105481496999062e+02 2.494764817466239037e+02
2.467428253172503503e+02 2.475035706826433852e+02 2.461231212323324087e+02 2.482466986292773470e+02
2.523983773667941932e+02 2.535547847734599998e+02 2.517281986608505804e+02 2.540934565633351099e+02
2.482233793666196675e+02 2.481185699363139179e+02 2.467403581439312461e+02 2.491809402058086391e+02
2.513657846263529621e+02 2.512945444915872031e+02 2.503593159798935801e+02 2.522553569956565696e+02
2.459406469071798540e+02 2.466340054362884757e+02 2.459846494334818487e+02 2.474101061661094434e+02
2.526536162265201995e+02 2.526268713424628345e+02 2.511628147070740056e+02 2.532040866963883730e+02
2.425536868242335800e+02 2.426575220155436909e+02 2.412137176185928524e+02 2.433481275348029271e+02
2.698340847458778740e+02 2.711847714038214576e+02 2.674126419983852543e+02 2.709381489928034057e+02
2.525998982302572529e+02 2.531104722855621674e+02 2.512206721064316071e+02 2.538171064099380771e+02
2.500697376643726102e+02 2.504927177951049941e+02 2.490584994149149054e+02 2.507527713283266166e+02
2.765364730009627579e+02 2.781328923337737820e+02 2.746975213391953048e+02 2.772705792258070119e+02
2.514316403453933901e+02 2.518075920776012993e+02 2.497550763213334335e+02 2.521620879862041136e+02
2.477154091506059217e+02 2.480829641299227433e+02 2.467228265838316190e+02 2.486757610640551945e+02
2.649913754369335948e+02 2.653034856639094983e+02 2.621179187026980912e+02 2.653956003273311808e+02
2.634462115176933139e+02 2.647993401669509126e+02 2.608231253362640132e+02 2.640720286790195814e+02
2.462350078082696143e+02 2.462946935881768127e+02 2.452966974002131906e+02 2.465640112715902035e+02
2.473831288216540258e+02 2.475401337285260581e+02 2.467222160013571397e+02 2.476373669900910670e+02
2.423008766291303004e+02 2.422199666515811600e+02 2.413371306743144942e+02 2.424116946005810860e+02
2.467337240495372725e+02 2.469051965577176304e+02 2.460731496841807768e+02 2.473051527384287454e+02
2.476291112059221859e+02 2.476567449417583191e+02 2.464147912042004975e+02 2.485871311817473668e+02
2.498549423718169180e+02 2.502665860661545594e+02 2.490453296389518130e+02 2.507095872611639891e+02
2.468454199077741293e+02 2.475529610491868766e+02 2.455402912816285550e+02 2.474986347867090331e+02
2.514492550127546622e+02 2.518571817796643870e+02 2.505900280053575955e+02 2.523250141914534765e+02
2.491675243023026951e+02 2.493562426046197515e+02 2.476691462276045286e+02 2.500522735984544909e+02
2.459016509806357362e+02 2.465111499161728545e+02 2.451766810657434519e+02 2.464406119164632400e+02
2.690302186195805234e+02 2.704089546752951492e+02 2.668268120139396160e+02 2.705183853754762140e+02
2.517117375180204135e+02 2.518704805341999133e+02 2.508104847610642878e+02 2.522162604214899773e+02
2.505032938017802451e+02 2.508442867875436662e+02 2.489384696303221745e+02 2.511230454291430192e+02
2.472119282660834756e+02 2.469201084934055359e+02 2.457093885913627958e+02 2.474156973728855746e+02
2.484479231302949813e+02 2.484912580815237959e+02 2.470394610874024579e+02 2.493964627363363604e+02
2.811280806903925509e+02 2.797366320849964723e+02 2.787105381050313895e+02 2.802766886899102587e+02
2.492081475900719454e+02 2.496642799282491580e+02 2.481009554017855976e+02 2.501294974351415306e+02
2.578995915931554350e+02 2.581164386730042111e+02 2.554284611297676975e+02 2.583945282969114032e+02
2.768062889933888187e+02 2.768469504368767957e+02 2.732547062334910493e+02 2.762183207893745021e+02
2.507240125512615521e+02 2.508619085925512309e+02 2.486839122597419589e+02 2.522082782674625605e+02
2.629789277603020992e+02 2.630544354296065990e+02 2.611879632511678437e+02 2.639063380397809624e+02
2.773480710903868385e+02 2.785057414503160089e+02 2.754164024708737770e+02 2.770981395173677697e+02
2.440811342138503903e+02 2.445877953185696470e+02 2.424182679508826652e+02 2.444521023540920623e+02
2.687470619516396937e+02 2.713628900933783257e+02 2.673345357211807709e+02 2.710733145388920207e+02
2.887404522600141945e+02 2.901732829524879662e+02 2.879157263703190210e+02 2.886207753760900232e+02
2.475277142107258612e+02 2.479978702809239053e+02 2.468443390206225274e+02 2.483891356956758614e+02
2.494222419798896340e+02 2.498976620381786233e+02 2.485978044571262444e+02 2.500724019053945426e+02
2.456126500304987417e+02 2.460655878238144965e+02 2.449645858978198874e+02 2.459985890315925303e+02
2.608800566143239053e+02 2.613978334422055241e+02 2.586678634660319176e+02 2.611707934875294086e+02
2.436203471633041318e+02 2.440962543620173051e+02 2.427340256499642237e+02 2.448701104886458779e+02
2.457178693684058999e+02 2.458453184194638084e+02 2.449408397090242033e+02 2.462204541531593804e+02
2.660566801802914938e+02 2.661782445998946969e+02 2.640911330416161036e+02 2.663675059583254665e+02
2.508839119274803409e+02 2.502627435706315282e+02 2.482175512018763186e+02 2.515543015889544165e+02
2.443464129607237965e+02 2.450038693079764016e+02 2.435092439277424035e+02 2.447634616725275691e+02
2.580068481493676700e+02 2.574256262231369874e+02 2.556864541598808103e+02 2.580084301215272262e+02
2.630283662927222963e+02 2.640269812646656646e+02 2.607170122908061671e+02 2.640281631452014039e+02
2.498285637775913699e+02 2.496424517249781445e+02 2.490940100368401886e+02 2.502127944786894886e+02
2.461692534644099055e+02 2.461905334232836537e+02 2.450021464296034992e+02 2.467300271174649424e+02
2.740459012016256679e+02 2.745746683152132732e+02 2.714301449616483524e+02 2.748187459166128406e+02
2.500301046315868518e+02 2.507297287298309243e+02 2.492622768827539517e+02 2.513705662267439891e+02
2.475287477390581330e+02 2.477370560399252781e+02 2.469422245836662455e+02 2.480838916740962645e+02
2.449854656534522519e+02 2.448731566446044781e+02 2.439090666433974661e+02 2.453437256701748765e+02
2.454276915281762683e+02 2.461537950085136117e+02 2.446104902404130144e+02 2.459168198772751452e+02
2.737013372696462739e+02 2.744106397116084395e+02 2.719485422692024486e+02 2.740222788194375312e+02
2.679890448489921937e+02 2.692390900420741104e+02 2.656047300107094884e+02 2.689310192080743604e+02
2.455877807284557832e+02 2.450864260249334166e+02 2.445168325338681825e+02 2.460601899977660594e+02
2.483744019124879117e+02 2.487261210073301925e+02 2.475710499062519716e+02 2.490624349633552868e+02
2.751484050604462936e+02 2.744267850702597684e+02 2.727134621728706065e+02 2.753374444536324290e+02
2.711035083819914462e+02 2.720497749391085449e+02 2.691672870114343823e+02 2.721148870153929806e+02
2.443354534491176082e+02 2.447049485252125010e+02 2.433010222424940423e+02 2.449575050941386394e+02
2.439839922630198146e+02 2.440511201614525305e+02 2.438576786718667506e+02 2.447269068836661461e+02
2.408270381560641908e+02 2.408785809087872281e+02 2.398826658692437093e+02 2.411848928293271683e+02
2.538134969852709730e+02 2.535501603541653992e+02 2.519600808338314266e+02 2.545756485749896001e+02
2.501254191461104028e+02 2.499149028778896593e+02 2.483819183963142905e+02 2.509097256672343406e+02
2.502470118730274464e+02 2.506812297125340194e+02 2.484293388507441307e+02 2.501657538465584025e+02
2.423926724758588875e+02 2.430303048348690140e+02 2.419530905976584449e+02 2.436667419389786460e+02
2.480697729698310354e+02 2.482115115643681236e+02 2.475711175712637555e+02 2.486349040398554280e+02
2.449441708141294782e+02 2.448521535956272714e+02 2.444027371779723410e+02 2.446550041356377676e+02
2.799751425435874808e+02 2.798743692715727320e+02 2.782669472841050720e+02 2.795024306533799745e+02
2.434946095381887119e+02 2.438361980140241769e+02 2.425723524644185716e+02 2.443314366118009957e+02
2.668572530782725494e+02 2.662943060205522556e+02 2.636604650679072392e+02 2.677836341835990766e+02
2.673555489781169285e+02 2.699096276674928845e+02 2.657059372266580795e+02 2.693083389354118253e+02
2.560648455877587821e+02 2.570462390068821037e+02 2.543542827487288776e+02 2.571717028927488968e+02
2.480937213449157639e+02 2.482753054510607456e+02 2.474826795058286564e+02 2.494032476546971111e+02
2.710439440941337921e+02 2.714711785951228649e+02 2.681934218791299145e+02 2.720910526496426769e+02
2.470272887816110199e+02 2.476773361735703247e+02 2.461536093347768315e+02 2.483674836123900320e+02
2.466088457309391799e+02 2.472234908263724549e+02 2.457130119326446902e+02 2.473474053559941126e+02
2.498097857868264953e+02 2.502429630865132424e+02 2.489406786754568657e+02 2.505407848740719885e+02
2.845270729818983000e+02 2.840188990068493808e+02 2.836682748803839331e+02 2.843029209524648309e+02
2.474005540809932313e+02 2.479008756429816458e+02 2.467421708136077143e+02 2.489446489801111966e+02
2.474305096967463555e+02 2.472298133458569396e+02 2.460761043970537685e+02 2.471761522551576320e+02
2.480944359879326839e+02 2.485139105931119445e+02 2.464408048268048788e+02 2.484330825069509388e+02
2.528113742499979253e+02 2.533756549032826797e+02 2.512399699521774892e+02 2.534210283602972424e+02
2.472744709908549794e+02 2.475872817750600063e+02 2.467990042908353985e+02 2.475342063181525987e+02
2.698220196150215315e+02 2.707549910165548113e+02 2.671067620118176933e+02 2.699137693396156692e+02
2.458590459399046608e+02 2.457791196810459269e+02 2.449256947973697436e+02 2.463408491049919746e+02
2.482000144460880051e+02 2.485609067486988693e+02 2.474821591010590964e+02 2.489826262479022603e+02
2.455994428720671010e+02 2.456384852124031397e+02 2.446160378796512020e+02 2.459500770939639835e+02
2.473907816365661461e+02 2.474349618918365366e+02 2.467140150794254509e+02 2.478111529989083408e+02
2.719822749013191014e+02 2.715616209729408865e+02 2.674551924250032471e+02 2.721115335888955542e+02
2.551201776177065881e+02 2.549839280485348354e+02 2.534019071119151647e+02 2.561697826611272149e+02
2.461831718430613876e+02 2.464955435222556730e+02 2.456067707817480823e+02 2.465999084193224746e+02
2.700459719444157827e+02 2.699225931333464814e+02 2.670498274335675433e+02 2.701600719840167244e+02
2.496233774802161633e+02 2.495546510879595985e+02 2.482702619854963757e+02 2.501656930332833895e+02
2.582700759368095760e+02 2.589236465400543352e+02 2.563185635916599949e+02 2.582264805416558033e+02
2.656091676350920352e+02 2.658102469013786617e+02 2.627241746512974601e+02 2.648206612948227985e+02
2.606365237058892603e+02 2.618099310684806369e+02 2.585544443326056125e+02 2.617349856627622557e+02
2.471634789600597912e+02 2.473314935948025379e+02 2.465520091086622188e+02 2.480307387213117920e+02
2.493346463420022303e+02 2.494876172835062391e+02 2.487596342062470285e+02 2.497966102838540792e+02
2.536838416749392877e+02 2.525536872302569122e+02 2.508294425210721101e+02 2.531767445992745706e+02
2.698461729692734252e+02 2.705655223248182324e+02 2.679668283867792979e+02 2.703054053666857612e+02
2.479126075985166437e+02 2.480159580557958918e+02 2.466124234747364028e+02 2.482608775958281342e+02
2.487943445882944786e+02 2.482802899550756024e+02 2.459975923030659715e+02 2.491650632474219549e+02
2.522769917886715234e+02 2.524158961061322657e+02 2.510151525434293092e+02 2.529205966548082074e+02
2.894778065460970424e+02 2.896825512752424174e+02 2.880334120412401262e+02 2.896305683069580255e+02
2.522899408255165099e+02 2.533640009193172773e+02 2.502946944356027927e+02 2.527226898958392383e+02
2.525824268043256211e+02 2.528037057532069696e+02 2.518574285019465719e+02 2.530364765429880265e+02
2.521847612192953818e+02 2.529653689173047724e+02 2.514573382866627185e+02 2.530794323251165281e+02
2.753532583609409130e+02 2.757962277483767366e+02 2.739728407057706931e+02 2.754895373540576315e+02
2.546900739150829054e+02 2.548408429680944209e+02 2.528398294635882166e+02 2.551314329334694264e+02
2.477107374651953648e+02 2.482596214483742756e+02 2.471041105494504961e+02 2.483871630084004494e+02
2.520138300513186209e+02 2.522486268310332775e+02 2.513511442939400524e+02 2.526902618732468966e+02
2.580490043933174320e+02 2.595024760188312030e+02 2.553238777935628434e+02 2.593339874818988164e+02
2.745141042709810222e+02 2.755056880273007778e+02 2.722685760071562413e+02 2.752244549515888252e+02
2.458271991928303919e+02 2.461519926591726914e+02 2.449496265509593229e+02 2.463276741092588509e+02
2.470600856633997182e+02 2.471056085590827536e+02 2.459620288450495877e+02 2.472933539332902342e+02
2.504850840015148776e+02 2.504459392710184034e+02 2.494422310779400505e+02 2.506410499213419882e+02
2.618202820665422905e+02 2.619948198536596351e+02 2.592357585851663657e+02 2.614440228467192924e+02
2.478841718034403243e+02 2.481983110560074408e+02 2.467516184448938645e+02 2.485254770007316267e+02
2.495188434656967047e+02 2.495010394362998909e+02 2.485822446411450528e+02 2.502334504318428685e+02
2.452576389793034934e+02 2.458513633809237149e+02 2.445282775995863744e+02 2.461275760464962161e+02
2.795113602709997167e+02 2.817580597341768680e+02 2.780703312320429177e+02 2.816653189863856710e+02
2.680862183155653042e+02 2.680278103714231293e+02 2.658028621033114973e+02 2.683333745752474329e+02
2.629195099441045613e+02 2.640128026453596704e+02 2.608270718120124343e+02 2.636581771018277891e+02
2.523029275119938291e+02 2.515818152806346006e+02 2.513069133471907151e+02 2.526946255275680926e+02
2.717499154484792143e+02 2.716792399250556969e+02 2.694844706034193678e+02 2.730222417827476988e+02
2.704410548894341559e+02 2.701466639549423121e+02 2.667278240285415336e+02 2.707531713868059455e+02
2.439079964838957721e+02 2.440300599331923195e+02 2.419754243395414335e+02 2.444537113983931533e+02
2.448338135817973296e+02 2.456478266234843488e+02 2.443469667516512516e+02 2.456369398700036868e+02
2.441175340768468516e+02 2.442325130527303543e+02 2.429457965806306845e+02 2.443846868531681196e+02
2.608912920972284155e+02 2.610759708466335951e+02 2.587732271760629601e+02 2.603272893163208437e+02
2.775856177737421717e+02 2.781169898046523485e+02 2.753309371762376259e+02 2.768367509650489069e+02
2.457807716027046467e+02 2.459792749356333559e+02 2.447838512328351896e+02 2.465438329591220565e+02
2.529759917659972359e+02 2.531572123191608341e+02 2.502877269793292214e+02 2.530529024516971788e+02
2.873326852423725768e+02 2.874755697252905406e+02 2.857188640568614346e+02 2.866922680707574500e+02
2.474551055174086400e+02 2.480500326792467547e+02 2.463334283758333072e+02 2.486139457735104372e+02
2.555099125685455590e+02 2.561700188537029135e+02 2.529979098488672662e+02 2.558311994246068650e+02
2.477263302738413131e+02 2.482994474020088944e+02 2.466101028076641057e+02 2.488547420488966964e+02
2.461110825490183629e+02 2.464698342997704970e+02 2.446298216714693012e+02 2.466770466777166178e+02
2.505126621157257887e+02 2.503063163670323661e+02 2.494604400097342705e+02 2.517746134990854898e+02
2.783944615844013697e+02 2.798861235902012368e+02 2.767026300775256118e+02 2.774930473985373283e+02
2.452326205829207026e+02 2.454782067794664044e+02 2.442556301073805685e+02 2.461634805961676591e+02
2.497119050625183547e+02 2.497803951744169240e+02 2.491623146203837393e+02 2.504250507101312735e+02
2.783827112958952625e+02 2.785050670972826197e+02 2.748558547344080125e+02 2.782172430359328814e+02
2.824023255133897123e+02 2.828575779325169037e+02 2.792536902234801346e+02 2.825300278625632586e+02
2.545967271485377523e+02 2.548725879921486808e+02 2.528410283540225976e+02 2.548308178492467562e+02
2.450192745434361257e+02 2.452538588460693632e+02 2.443976850483817316e+02 2.450262626711271139e+02
2.515737655275527800e+02 2.518782119783625149e+02 2.506241850366905908e+02 2.519720054901498827e+02
2.469327061681854900e+02 2.479209210014197140e+02 2.455998953572837991e+02 2.488034200111648886e+02
2.457923416060748139e+02 2.458699963601269474e+02 2.444927279292132027e+02 2.466443951212883121e+02
2.640546877002203701e+02 2.647759528599829650e+02 2.616892146119658946e+02 2.639865934799747151e+02
2.446081065952404288e+02 2.447170426809742310e+02 2.436587283822499614e+02 2.448787153162532775e+02
2.471547468001080290e+02 2.473508525081763878e+02 2.463208195160682408e+02 2.473249677981152956e+02
2.451128438292190026e+02 2.451018546654762531e+02 2.440368443607277129e+02 2.454569241987896362e+02
2.464570744338937800e+02 2.466085043902388350e+02 2.451750731571471817e+02 2.466235182362651699e+02
2.496343118397228125e+02 2.494994944958346821e+02 2.476535607060051518e+02 2.505447032006614450e+02
2.501844798102461596e+02 2.499526058953377969e+02 2.493971666176545341e+02 2.502042820157694507e+02
2.443421566090870272e+02 2.444819021629579652e+02 2.435981314597378571e+02 2.446729667118182192e+02
2.447322784066807060e+02 2.445401934231628616e+02 2.437840473413856159e+02 2.452595761194204158e+02
2.882803293510787057e+02 2.892262356626569613e+02 2.856184149978528808e+02 2.883474634597142767e+02
2.468600757467199855e+02 2.477504339791183270e+02 2.461764783056221972e+02 2.484243159411393265e+02
2.437190229427292536e+02 2.440821368849017290e+02 2.430152062465201652e+02 2.440734019634717527e+02
2.471721443956461428e+02 2.475006045422786940e+02 2.468889945945377065e+02 2.479524223227796824e+02
2.493319660508298341e+02 2.499889812112346590e+02 2.485922891378183692e+02 2.504409847188354377e+02
2.471040691911869089e+02 2.477468660040069892e+02 2.459341187278693326e+02 2.474354499196834922e+02
2.511537877998930526e+02 2.510999493178310331e+02 2.501680977779004138e+02 2.519645059518017831e+02
2.493734625599922481e+02 2.497021221562726510e+02 2.478372466991536101e+02 2.500086375172738542e+02
2.479205105014713695e+02 2.483254083697525800e+02 2.468263196303043685e+02 2.483930648937573267e+02
