2.645512056941226433e+02 2.646660999034245947e+02 2.629460076017076631e+02 2.641142920407274346e+02
2.488691730131812676e+02 2.488123050613928342e+02 2.488716355848156638e+02 2.492046952259523778e+02
2.574456127029793606e+02 2.574410646139031087e+02 2.558153745364520262e+02 2.574355488803155936e+02
2.584629026327562542e+02 2.590312259463867690e+02 2.579359426107600939e+02 2.586421778873657900e+02
2.649552327100959701e+02 2.658916223389410902e+02 2.636128615792231926e+02 2.652401307045004160e+02
2.491436155116740565e+02 2.495130777433708147e+02 2.498740557928771295e+02 2.500589366715138055e+02
2.554484295193311709e+02 2.556371955634664062e+02 2.543327211604607498e+02 2.563143963462805459e+02
2.573948068225789143e+02 2.570325807045308011e+02 2.565676690496567858e+02 2.573575575421830308e+02
2.582954941134780711e+02 2.594807341261113152e+02 2.579496916860066449e+02 2.586753700131456526e+02
2.617492557777176216e+02 2.621961644992670699e+02 2.597845853672935732e+02 2.617874587713144479e+02
2.546226411135443186e+02 2.546396160590731199e+02 2.544480094149502918e+02 2.545029679026872600e+02
2.534862019352860614e+02 2.529970282074520753e+02 2.523400859971429497e+02 2.537698064055591658e+02
2.621803202826896495e+02 2.621697510916538363e+02 2.609889252464215019e+02 2.621964248528536245e+02
2.545326116787243222e+02 2.544384248266818247e+02 2.538598941609955375e+02 2.543437035237974726e+02
2.481998925576603199e+02 2.481209731301471209e+02 2.480468751989185989e+02 2.486409426443906341e+02
2.480642625896199149e+02 2.480250323061069935e+02 2.481112789664206275e+02 2.488670003376212208e+02
2.478807099192883641e+02 2.482489643567338646e+02 2.480406191043869342e+02 2.485857331127489260e+02
2.471766848551663145e+02 2.474689433528236009e+02 2.478710658736026460e+02 2.478029268680319888e+02
2.522154049682054620e+02 2.527195614788286377e+02 2.517975788722143022e+02 2.527308701978870431e+02
2.788445954011090180e+02 2.815073545114318563e+02 2.793262085256087630e+02 2.800152638319966059e+02
2.463951939794594068e+02 2.468005933407144994e+02 2.461081812441748298e+02 2.467854699164056740e+02
2.578425566031773997e+02 2.582848418699685453e+02 2.569593884696784016e+02 2.581454728070012266e+02
2.496525965351694936e+02 2.498825245701150095e+02 2.499367589385654753e+02 2.496333466953376217e+02
2.609408905826102227e+02 2.614231893933827564e+02 2.605603642010432281e+02 2.614102950373331851e+02
2.864621837400473510e+02 2.865712896005320545e+02 2.857321158774011565e+02 2.856942136064520241e+02
2.548742452968744487e+02 2.550945415199650199e+02 2.539960081273096932e+02 2.551189692461042853e+02
2.541675201121170744e+02 2.540939904457107730e+02 2.532990795532222705e+02 2.544174010149208982e+02
2.485087781495204524e+02 2.486792274428953533e+02 2.484993048470620636e+02 2.487731418659002145e+02
2.806180252457631923e+02 2.804048899707848364e+02 2.789703609115526319e+02 2.793475255278412419e+02
2.582970238288278324e+02 2.587117875807480800e+02 2.575871813330270470e+02 2.591931589075322222e+02
2.530802244700465167e+02 2.535718702769773074e+02 2.527990056352970498e+02 2.539321375641800671e+02
2.449537302899572921e+02 2.442363473396630127e+02 2.443187530456886805e+02 2.451637407367474566e+02
2.513383185516406684e+02 2.516522807511465203e+02 2.508466949991786237e+02 2.519908225188585789e+02
2.556892635408800061e+02 2.560725647131625351e+02 2.549299142504428914e+02 2.558450118951678860e+02
2.754842397860393248e+02 2.754994236038755275e+02 2.745187346477340498e+02 2.760993650712356384e+02
2.595757101210990641e+02 2.596127438779813019e+02 2.579276875204781163e+02 2.600558119226757299e+02
2.681780659946531387e+02 2.686113382558420426e+02 2.664226234082681231e+02 2.674104176568179696e+02
2.485284431670443155e+02 2.485420227407187213e+02 2.486673306589194112e+02 2.485991478996070043e+02
2.492379798771794412e+02 2.492581708476834876e+02 2.493836101156969676e+02 2.490740444479007181e+02
2.794126361592926742e+02 2.794414538205633676e+02 2.780922000119885524e+02 2.784275200398703305e+02
2.514468421917393357e+02 2.517553652296721793e+02 2.511246736957602650e+02 2.515584993817601003e+02
2.735987532824714776e+02 2.747610832795164129e+02 2.727241956003746850e+02 2.742991991508172873e+02
2.551439347156602082e+02 2.554964710658849185e+02 2.544233560658274200e+02 2.560525325439465973e+02
2.696251509130365775e+02 2.709037888220793207e+02 2.684133993402401188e+02 2.708724498900892854e+02
2.568252751982939799e+02 2.570671572842840078e+02 2.563700450564321613e+02 2.576994127151550060e+02
2.465494277558756551e+02 2.468991402101019332e+02 2.464284845790160716e+02 2.467218219397806820e+02
2.555595622200007142e+02 2.556817429299254627e+02 2.547280594130759539e+02 2.566773231157636701e+02
2.606714221294510594e+02 2.604642539522629932e+02 2.604022684561084588e+02 2.606041616169933377e+02
2.473113414361425555e+02 2.471458880398293729e+02 2.467163734332025058e+02 2.473112001791208456e+02
2.528619390405930574e+02 2.527158411655939858e+02 2.525857492162448921e+02 2.535687557168217836e+02
2.485208745409628364e+02 2.482808327623681635e+02 2.482678786024683859e+02 2.485337110453801301e+02
2.524479264540233885e+02 2.526570185398874457e+02 2.528512300050625186e+02 2.529164643095981546e+02
2.765907036267307149e+02 2.763434046412027101e+02 2.752013126212576708e+02 2.772594657026794494e+02
2.542014575013227784e+02 2.540621044200792653e+02 2.525625854030637925e+02 2.547991783095716301e+02
2.678857913646808129e+02 2.685360634670005879e+02 2.666587660500862853e+02 2.687896589546198243e+02
2.737104981224072731e+02 2.738224188329484150e+02 2.719419046613002706e+02 2.739737140007990774e+02
2.495911989645304061e+02 2.499246628448289016e+02 2.497355214718783714e+02 2.497004696544151727e+02
2.500126851236786365e+02 2.498749053155123931e+02 2.499526496161199702e+02 2.498602658928070355e+02
2.625608481576292661e+02 2.630186914057113086e+02 2.608910987113997635e+02 2.631148518188175558e+02
2.578028865350851788e+02 2.583838264176112034e+02 2.571094120392949662e+02 2.584008341480971467e+02
2.511435469395327402e+02 2.510941456046047335e+02 2.505199144743164652e+02 2.517532391146377222e+02
2.469656222514698527e+02 2.468247425996039794e+02 2.470718155545351067e+02 2.474265621218757758e+02
2.615078616996861456e+02 2.621520656074246745e+02 2.606029367463503945e+02 2.624762266715488863e+02
2.496810543044549604e+02 2.497150025713663695e+02 2.495222550091972948e+02 2.501500328433769198e+02
2.499308037253112218e+02 2.500599260372472088e+02 2.495690068429676387e+02 2.502430789830557387e+02
2.490693724781487504e+02 2.495581817268473230e+02 2.493315061904525578e+02 2.492023787168766944e+02
2.601159774844567778e+02 2.601331444692471564e+02 2.586195956942812586e+02 2.604745815397001252e+02
2.488902266597988842e+02 2.486933151042964312e+02 2.488341026884971825e+02 2.487753886921913136e+02
2.474548723731814732e+02 2.478379370578618932e+02 2.473142188957526173e+02 2.479479210155404871e+02
2.685042320796313788e+02 2.695865008788867954e+02 2.670875685434304501e+02 2.687522533826715971e+02
2.671001614813023366e+02 2.677800612023818871e+02 2.656741070229191450e+02 2.674817750845531350e+02
2.792912768863614019e+02 2.789531307742828972e+02 2.778447984411846505e+02 2.784122734948828679e+02
2.582363178196600870e+02 2.584728702687106647e+02 2.568531296895687888e+02 2.587095659871619659e+02
2.537985182406039257e+02 2.539627124487755907e+02 2.523256832519522561e+02 2.539915052219181462e+02
2.599816658055293601e+02 2.603133905839970339e+02 2.590700018739658503e+02 2.601795044323439470e+02
2.877239497596347633e+02 2.869849404633386598e+02 2.868427274638767130e+02 2.860459092787024815e+02
2.479606564181180488e+02 2.479376908349032931e+02 2.473377911271352048e+02 2.483659925024826407e+02
2.483012101826281253e+02 2.477556647990955412e+02 2.480928567468232302e+02 2.481579819657401629e+02
2.456853385296967076e+02 2.457450473392112542e+02 2.452753250102566653e+02 2.461539593618729214e+02
2.826383232514598376e+02 2.832778782161988147e+02 2.818730030570339409e+02 2.827249822471681000e+02
2.514617410020373995e+02 2.515971741682253651e+02 2.509893152968603545e+02 2.522106979443796604e+02
2.508889691493451721e+02 2.512213844730208052e+02 2.507162699731574378e+02 2.520304639650207434e+02
2.639203630622693595e+02 2.643655806418736915e+02 2.625340965822095995e+02 2.645541535190456557e+02
2.575503060849105168e+02 2.576394190039250702e+02 2.565696014689441427e+02 2.586459880328788472e+02
2.779299154862167143e+02 2.782324677427874917e+02 2.774182678401153908e+02 2.790777520291529186e+02
2.477165642777611083e+02 2.478982682535593653e+02 2.477610545255656689e+02 2.482773498064161686e+02
2.501917389639238536e+02 2.501143126260915039e+02 2.501492620568469079e+02 2.500065513551224683e+02
2.521944109025827458e+02 2.529874952414226641e+02 2.522431908642166718e+02 2.525865322812963996e+02
2.493300337314962576e+02 2.495196211909782278e+02 2.490877182167715489e+02 2.497589616975142803e+02
2.546737167430921716e+02 2.544855956551520251e+02 2.532007679655495167e+02 2.556242696836241919e+02
2.501534310247826625e+02 2.500543211276436466e+02 2.502163186091605951e+02 2.509461737595826492e+02
2.518455419572842970e+02 2.518107499767287436e+02 2.510211740207852813e+02 2.515218438941956833e+02
2.613002032854827235e+02 2.613534815691851350e+02 2.602354668673272045e+02 2.615402185677405669e+02
2.530522908315922734e+02 2.532734298001055322e+02 2.525320873699096182e+02 2.533405042969634451e+02
2.526206583978714661e+02 2.528523376865891521e+02 2.520672517511647470e+02 2.528461474313629083e+02
2.645150095624437085e+02 2.640720990971867081e+02 2.621233726530589934e+02 2.646350144732203944e+02
2.548503753678740225e+02 2.551776521918820322e+02 2.545304699948933944e+02 2.552468323337218123e+02
2.570013941419327352e+02 2.571105100313843650e+02 2.561682376813593578e+02 2.576814630226595000e+02
2.545486270581733663e+02 2.543865820074085775e+02 2.537606174921447462e+02 2.551105891634143177e+02
2.472170798399669138e+02 2.474603978815529217e+02 2.473556733600198356e+02 2.477473095782069947e+02
2.655945759084161182e+02 2.654382722504942080e+02 2.642981299260388255e+02 2.663187138689609696e+02
2.661998395918288338e+02 2.668105689934832299e+02 2.650007375312475801e+02 2.665190847951841420e+02
2.499591820314904851e+02 2.497322937824704070e+02 2.494509822285234009e+02 2.499121626093187558e+02
2.499876070989164134e+02 2.502143461543493572e+02 2.491581984587432430e+02 2.505327767228512812e+02
2.715899818615052368e+02 2.718469551548440108e+02 2.694486403431986901e+02 2.705645921404487808e+02
2.525992757281052548e+02 2.523554353077899464e+02 2.511738866618222801e+02 2.526471704306835022e+02
2.533576297847940566e+02 2.541500854874782078e+02 2.525230219149078152e+02 2.537162030536515829e+02
2.665402029726361661e+02 2.667534777520481839e+02 2.643500923624035863e+02 2.667222968940415626e+02
2.709909840986218796e+02 2.702194633681291975e+02 2.691534935409430318e+02 2.701885844717075429e+02
2.477915365826794414e+02 2.474613005842393818e+02 2.477658202028126766e+02 2.478567439001498940e+02
2.466805582461277311e+02 2.466455213905400683e+02 2.471387333432233504e+02 2.470534110211348775e+02
2.857404983645550942e+02 2.852144120725914149e+02 2.841676115073462938e+02 2.841689410975412784e+02
2.533536577308821052e+02 2.532431985092085256e+02 2.521737124460863697e+02 2.540106134413538257e+02
2.572464185128981740e+02 2.571408329992436279e+02 2.561949217320424168e+02 2.571059702120209067e+02
2.472533803834839432e+02 2.477073540678497068e+02 2.473616978601763492e+02 2.481187958842557180e+02
2.585974899556506443e+02 2.593907038321895584e+02 2.573992132071163610e+02 2.600361181469712619e+02
2.685685414034257974e+02 2.688977580544737975e+02 2.676317692960063255e+02 2.698383844855188727e+02
2.598210466262763703e+02 2.605216294337336649e+02 2.590327588556814931e+02 2.601753686925262627e+02
2.637900646998451748e+02 2.639130804037455960e+02 2.621067518289133318e+02 2.637290075411452790e+02
2.520922224708831720e+02 2.526400648757851286e+02 2.521854801704846807e+02 2.529432751053549566e+02
2.519182747128981248e+02 2.521232152458174767e+02 2.508817802013171274e+02 2.522872975104878321e+02
2.492637632382172796e+02 2.492963768496757666e+02 2.487418237398228200e+02 2.497072313807298372e+02
2.494691753361861402e+02 2.494868961203589777e+02 2.488344370262396694e+02 2.493462455954553150e+02
2.553733719836351099e+02 2.554309749556552447e+02 2.542076913564418703e+02 2.557269672316879223e+02
2.480561939263548368e+02 2.480726580940825841e+02 2.474958882567549097e+02 2.486396385507454170e+02
2.494493923321485624e+02 2.496701278872342300e+02 2.494875943165251897e+02 2.498124859506708049e+02
2.570002415502652866e+02 2.572357925634254343e+02 2.558262484203790166e+02 2.572797385761081159e+02
2.580311819980007044e+02 2.585694108136044065e+02 2.576539709301007406e+02 2.589278198353679841e+02
2.567162600569483857e+02 2.567889827591795893e+02 2.560993143179691742e+02 2.567285017317183815e+02
2.728973336386169422e+02 2.734403588012710316e+02 2.712907281119268532e+02 2.724661351374697915e+02
2.527656504739639729e+02 2.528325944361176880e+02 2.527319744064264455e+02 2.533624075566805800e+02
2.576736035516420884e+02 2.578569079960488466e+02 2.560619324249191209e+02 2.581833140517473453e+02
2.474347496896692178e+02 2.477804934527584635e+02 2.472248482585440570e+02 2.478320706922568490e+02
2.737350555211361325e+02 2.749573418250948293e+02 2.722546191707601793e+02 2.750561791547643793e+02
2.478543348640495481e+02 2.475586029074637509e+02 2.475586060898432947e+02 2.479651129735885604e+02
2.742928214332893049e+02 2.748007919578640212e+02 2.735421260459541486e+02 2.745569235075045640e+02
2.574556531965656063e+02 2.571801305068383954e+02 2.560341962931180433e+02 2.575289773161669586e+02
2.780127605078785109e+02 2.773855517979410479e+02 2.769792439177274446e+02 2.769727979360296786e+02
2.846808847274177765e+02 2.853761441988766592e+02 2.843965860009525954e+02 2.843650357040154404e+02
2.744920392411318630e+02 2.744516234932241900e+02 2.720497936387409936e+02 2.748722348030183866e+02
2.482661141865990828e+02 2.482547082949722892e+02 2.482579214987540865e+02 2.488914786361355311e+02
2.505983134394226397e+02 2.508025956149749049e+02 2.498441827804178956e+02 2.505143213231387733e+02
2.502256548104448939e+02 2.496393827847862212e+02 2.498816023201906376e+02 2.500317126915906272e+02
2.598120638970048617e+02 2.597816393849269048e+02 2.578703365065251205e+02 2.595544897545694312e+02
2.501232748229364802e+02 2.497796995558894366e+02 2.501885981426173657e+02 2.499104472370503629e+02
2.723211557329361767e+02 2.722161281687275505e+02 2.707877582778521059e+02 2.721724293355289319e+02
2.512511957993140470e+02 2.517358994549478268e+02 2.512028031573197779e+02 2.512594823206108003e+02
2.500783293372762728e+02 2.500847607560016854e+02 2.500684049093557633e+02 2.504056703024008073e+02
2.843697924393870267e+02 2.844599408533861720e+02 2.828912899999877482e+02 2.836903673578801772e+02
2.491307543080019116e+02 2.490408833637041255e+02 2.485724524670380333e+02 2.491974781965206205e+02
2.466805492133438804e+02 2.465797361896843540e+02 2.460157807450955829e+02 2.470360513382680949e+02
2.581055309459069917e+02 2.586831766969979185e+02 2.571472668567446362e+02 2.591699277458909592e+02
2.656814357058682390e+02 2.658585650627206292e+02 2.642489953538761824e+02 2.663074732413363108e+02
2.525681401254156526e+02 2.526520922745050370e+02 2.525850627863410978e+02 2.527414636380234469e+02
2.495669234482267882e+02 2.492263406572372162e+02 2.496447410548312007e+02 2.497336891395432588e+02
2.452897544642085563e+02 2.453012421878559337e+02 2.447470303830956198e+02 2.456362214960863639e+02
2.731119801707185957e+02 2.729952419268878998e+02 2.717189691683776687e+02 2.731023679593600946e+02
2.625793917290720287e+02 2.627970522438068315e+02 2.606001637452767454e+02 2.630660619855706273e+02
2.705907715306522050e+02 2.709951696106616055e+02 2.690170551970147130e+02 2.710140394795086536e+02
2.550290854623923167e+02 2.549655585213158417e+02 2.540726455963593651e+02 2.547982970710068287e+02
2.503254127315909727e+02 2.506385851598438137e+02 2.498100064517275882e+02 2.510041493763794449e+02
2.495813204633846283e+02 2.500750036652060260e+02 2.500963935082075977e+02 2.502828770204725402e+02
2.697310953954952311e+02 2.703528085966342474e+02 2.678317209783515978e+02 2.699828011850187295e+02
2.516544279133564714e+02 2.513784695558731244e+02 2.507608078790507307e+02 2.517690771565888213e+02
2.551081571027835082e+02 2.553872357400240389e+02 2.547548268825938180e+02 2.557957716871426328e+02
2.656295045839467548e+02 2.661026750839374131e+02 2.635569437531416384e+02 2.658822192758627807e+02
2.603782754815293288e+02 2.610191675673277700e+02 2.591773227837194327e+02 2.610098973757062595e+02
2.690821378891340032e+02 2.691001331191988015e+02 2.672960989338836271e+02 2.697540257760614395e+02
2.470976646269176911e+02 2.475480292577674106e+02 2.473876844927675052e+02 2.478698979844469932e+02
2.606432373682934553e+02 2.601781583947762329e+02 2.590602547963932807e+02 2.607850328222793337e+02
2.483477662030210240e+02 2.478391126672718769e+02 2.481322000114893171e+02 2.486751271608644629e+02
2.481754100053071568e+02 2.489237045322286122e+02 2.487460883129759281e+02 2.487379077643367680e+02
2.472768508678021817e+02 2.475640642826993201e+02 2.472599475296677554e+02 2.478093436119212640e+02
2.521181724934726844e+02 2.522649410511160966e+02 2.526381573701330296e+02 2.525349482357063664e+02
2.885397492935700257e+02 2.887249918863981861e+02 2.885448308141887992e+02 2.877431718573768080e+02
2.512931831760681689e+02 2.515162456986661823e+02 2.509969482748238931e+02 2.516605936403013004e+02
2.764825229094868746e+02 2.759406329096807440e+02 2.749722661483797879e+02 2.763317950637793388e+02
2.600422624667268678e+02 2.607286346603529523e+02 2.588954003062287939e+02 2.608753547394596808e+02
2.811778035621246659e+02 2.816165021349679591e+02 2.794029561216628963e+02 2.815200607254887473e+02
2.561629648838064668e+02 2.563654733885309156e+02 2.553846267639937651e+02 2.562113112590893707e+02
2.661185449323162970e+02 2.661135704203796877e+02 2.642296836641118034e+02 2.664156490784630478e+02
2.727358070688490557e+02 2.731065358719829987e+02 2.709120308310734231e+02 2.727319174870035567e+02
2.558423498082267145e+02 2.556213057345718767e+02 2.539445917981450691e+02 2.556373188480239378e+02
2.587571108393998998e+02 2.589353444679660470e+02 2.575250616084377384e+02 2.595840790485108300e+02
2.494957838831153651e+02 2.497423910398451881e+02 2.498521059063425298e+02 2.499250381350273358e+02
2.521892304372953788e+02 2.523096971985766004e+02 2.517707942498870466e+02 2.528486400590056746e+02
2.523099685024440362e+02 2.525300217689663498e+02 2.515787399922422196e+02 2.526430734575266115e+02
2.456431962386752161e+02 2.460446486052873922e+02 2.451687917086656512e+02 2.459758097899639893e+02
2.529788713790570966e+02 2.527486369099624994e+02 2.521962948544494338e+02 2.530917673251184965e+02
2.523734983704309229e+02 2.525965610072204299e+02 2.517771062749984878e+02 2.526335533206914192e+02
2.826968625342041719e+02 2.833004060294286433e+02 2.820658946390150845e+02 2.816059323573190909e+02
2.509653229269699750e+02 2.513163111880558631e+02 2.501843097467421444e+02 2.515745570359406997e+02
2.473355408861674505e+02 2.477673963725167425e+02 2.472298800141297193e+02 2.478246908165627076e+02
2.469872003186310394e+02 2.474291713656002969e+02 2.463788829509200013e+02 2.467334658122734368e+02
2.495392988254374131e+02 2.497335663872437408e+02 2.497327740861981624e+02 2.497598512415180210e+02
2.488865683745547699e+02 2.487737210178758005e+02 2.490446250463833167e+02 2.488799647603520668e+02
2.734007026165459706e+02 2.749465067528561235e+02 2.723446988196420762e+02 2.742966251068854149e+02
2.489806371513106740e+02 2.493761681384691542e+02 2.487566501201887093e+02 2.495241882065345180e+02
2.555601379784209257e+02 2.555999006465216326e+02 2.543003959718981548e+02 2.561388073828625238e+02
2.499094063118715212e+02 2.495380760633202328e+02 2.496431251795651747e+02 2.503603802016976658e+02
2.615971553402965242e+02 2.609368525926429356e+02 2.600262254878393833e+02 2.621909768572936628e+02
2.560387334317842374e+02 2.561164824396785207e+02 2.552350156030996118e+02 2.558459396619205108e+02
2.488744031331002873e+02 2.485650614535570355e+02 2.484721722618146487e+02 2.490474482677667538e+02
2.601692080606283071e+02 2.606136598061326595e+02 2.587673540644659624e+02 2.609580473292364786e+02
2.487889136525192271e+02 2.492576807103851309e+02 2.484478804302067658e+02 2.489625082595209449e+02
2.613767906823742919e+02 2.618355664950457822e+02 2.603451526782613996e+02 2.617366316688650159e+02
2.676748886734905000e+02 2.682884106145438636e+02 2.665901105630957204e+02 2.683084550256743910e+02
2.487916114116085282e+02 2.492834918295172031e+02 2.494568621375034070e+02 2.496275020638142621e+02
2.462842024669127170e+02 2.464790239048247997e+02 2.461364423541498638e+02 2.465195663982377994e+02
2.820116251034956463e+02 2.818851646765639885e+02 2.805484929035714572e+02 2.810628007696035411e+02
2.585732321986476450e+02 2.586430089337039249e+02 2.577208665407745798e+02 2.593915288155433814e+02
2.892531436957577853e+02 2.899240824420889453e+02 2.892585240693625224e+02 2.875726296642761781e+02
2.486625504680752954e+02 2.488521377144501514e+02 2.485155846115195857e+02 2.488101156511198440e+02
2.582893790732091475e+02 2.592902799506940141e+02 2.572113699420511352e+02 2.593905084268325822e+02
2.867056045715575010e+02 2.860609924303576577e+02 2.859960515398139478e+02 2.865348165033498731e+02
2.516482639546542828e+02 2.516132109448894028e+02 2.515619642464168635e+02 2.515344921784291330e+02
2.619669776352364465e+02 2.614353463457262023e+02 2.601446627266628866e+02 2.620264517389846901e+02
2.515699164847214604e+02 2.511399640995447839e+02 2.507380243802834343e+02 2.515942295426920055e+02
2.603292440379586878e+02 2.607866213572395395e+02 2.594898120285178607e+02 2.613289839273525104e+02
2.523523473700419117e+02 2.523417335180178895e+02 2.526478485961194451e+02 2.526382682586718431e+02
2.760757224103870726e+02 2.756769739079180681e+02 2.738174822031293161e+02 2.753100473074714500e+02
2.544443932197186768e+02 2.547649306079819951e+02 2.539732899170881808e+02 2.547897836712567994e+02
2.573026515800190737e+02 2.577000803396684319e+02 2.563937704230257282e+02 2.572409672758268471e+02
2.581424000056978798e+02 2.583892699600186802e+02 2.575377222557694381e+02 2.589859569222837763e+02
2.493098913477736858e+02 2.491085916327365908e+02 2.490789819594908181e+02 2.491818423168465984e+02
2.510370832292923637e+02 2.510648541824625113e+02 2.506092478482164552e+02 2.512857230039800243e+02
2.537523899175203326e+02 2.538261376439226069e+02 2.531494861957748412e+02 2.538276960263644924e+02
2.519264201887094430e+02 2.516685057509963883e+02 2.520356840296499854e+02 2.521106696346522256e+02
2.691877238624165329e+02 2.691863706131788945e+02 2.665498668767095864e+02 2.686403485922691630e+02
2.693696343641402109e+02 2.691666123641177819e+02 2.678816904872260807e+02 2.696240599896753452e+02
2.573404162094354888e+02 2.574800322111707942e+02 2.564811977786323496e+02 2.577035003032186751e+02
2.547054733018021011e+02 2.547511645876001296e+02 2.537585968364394660e+02 2.548009345524300215e+02
2.509248012394378122e+02 2.509734991983332861e+02 2.497080436239795063e+02 2.512583926587579413e+02
2.530335514868912696e+02 2.530944091284881381e+02 2.527671644762241101e+02 2.536212392429341094e+02
2.479846577486166836e+02 2.482777275469168785e+02 2.478674197355354067e+02 2.484442473268470053e+02
2.501187911604895930e+02 2.502063382946182912e+02 2.506713078118968383e+02 2.506093031006680576e+02
2.510960214310514687e+02 2.515036017725308284e+02 2.503968561049632910e+02 2.509198454499098148e+02
2.724337514975752583e+02 2.724107271711015983e+02 2.709528460146127600e+02 2.722537691497594778e+02
2.496749030784013144e+02 2.502246835073122213e+02 2.507363096968617526e+02 2.504473001384811255e+02
2.545414726493484352e+02 2.544426078726360458e+02 2.542644294268754095e+02 2.548493936049696629e+02
2.537983097862382067e+02 2.532777274139106112e+02 2.521179164524152156e+02 2.539459718462529736e+02
2.841310863585144943e+02 2.845623547335194417e+02 2.831711831937518582e+02 2.833665391935602997e+02
2.697234082841439431e+02 2.702353743199110454e+02 2.687261694384028488e+02 2.701686984161722194e+02
2.486228207426116796e+02 2.481602523129345172e+02 2.481455844979745393e+02 2.487453061962598895e+02
2.544441616248602145e+02 2.540263686587282734e+02 2.537204968461165322e+02 2.547012787301418086e+02
2.495592421870148314e+02 2.497043010443284174e+02 2.497282777571360555e+02 2.497665832861369211e+02
2.680577222926694390e+02 2.677191828401671501e+02 2.662268110970248358e+02 2.681827289487670214e+02
2.466287358837389263e+02 2.463825908769108253e+02 2.461936963764862583e+02 2.468636840900880998e+02
2.772152793263508670e+02 2.766106584869943390e+02 2.753392434195259852e+02 2.762941051269706918e+02
2.555699827590858035e+02 2.566038294799930668e+02 2.546671510702014132e+02 2.563626021403228492e+02
2.629844395904211751e+02 2.638570252133115446e+02 2.616744286831528825e+02 2.633860841445608685e+02
2.627480421806920390e+02 2.637082537075139612e+02 2.614795702725157298e+02 2.636649265010465797e+02
2.627566099863800559e+02 2.631879766451988303e+02 2.616696860491444454e+02 2.636060379311441579e+02
2.594186057893035695e+02 2.603670141381477947e+02 2.582173828228530397e+02 2.603221875845646309e+02
2.543286196316077508e+02 2.547267405786203653e+02 2.536523149718506431e+02 2.554900055992821137e+02
2.494588208590915599e+02 2.499001344020385318e+02 2.504152361881243110e+02 2.504173403047743705e+02
2.484874299103344981e+02 2.488010442003756566e+02 2.482716105204503378e+02 2.486190969466832996e+02
2.505751458074419986e+02 2.507579401750207637e+02 2.498316794275179120e+02 2.508428601977886387e+02
2.502742587031360699e+02 2.502305949943641110e+02 2.496834915312002465e+02 2.504052094696113215e+02
2.532862752533673643e+02 2.538315599605849684e+02 2.525229594211051563e+02 2.538023415020543325e+02
2.492021227128777241e+02 2.489937608241334317e+02 2.478080436206316790e+02 2.490950755339796387e+02
2.731893889867494636e+02 2.739725303458383792e+02 2.716782757446568439e+02 2.738919425215639762e+02
2.503764571005011419e+02 2.501350988433783300e+02 2.496444186405359744e+02 2.507673305920021960e+02
2.652830219770254416e+02 2.659863214445259700e+02 2.640242315317042312e+02 2.660122211475648442e+02
2.587998066947540110e+02 2.591670790095736834e+02 2.582872002660855628e+02 2.595397802179383007e+02
2.505728192299239367e+02 2.504442517810837785e+02 2.501208278596089087e+02 2.506274571028184823e+02
2.808408009721130725e+02 2.811037847324146242e+02 2.809249777465321927e+02 2.801710806246902052e+02
2.689119723642479016e+02 2.694472676240878286e+02 2.673679708944206368e+02 2.691774045915293527e+02
2.477389158869887922e+02 2.480988378915981514e+02 2.480125052435097643e+02 2.483048333766730025e+02
2.527838390092792338e+02 2.529105355717092039e+02 2.519893022345660540e+02 2.529823878615022181e+02
2.471975553521298252e+02 2.476383057925036439e+02 2.470840096470970764e+02 2.471906081221973182e+02
2.567777724965716288e+02 2.572457525191032346e+02 2.564159214800159816e+02 2.575830116971288248e+02
2.530715948103344317e+02 2.528909779560481468e+02 2.522517327809220546e+02 2.529683094227342224e+02
2.492549353763606916e+02 2.490969938389587810e+02 2.488006331275114462e+02 2.495943790682347014e+02
2.569628248472275800e+02 2.572682675291765690e+02 2.559370188887349968e+02 2.579541784499264168e+02
2.513189705262339544e+02 2.517368630480622187e+02 2.508413990508645384e+02 2.518234864976369352e+02
2.632081420099927982e+02 2.637423209950959517e+02 2.622969965856042904e+02 2.637472424209253177e+02
2.494954747818936198e+02 2.493977995454862082e+02 2.493399690854438688e+02 2.497873246895181012e+02
2.768201400325242503e+02 2.775962084561098777e+02 2.751657487473855213e+02 2.762947680445641936e+02
2.644194551939716575e+02 2.645295893677541130e+02 2.631498204859786938e+02 2.645253841426474537e+02
2.512299742350714666e+02 2.513423754891701947e+02 2.511215144968002164e+02 2.515281876618713000e+02
2.464446207798152670e+02 2.467221639653457714e+02 2.459646580819947985e+02 2.469878913843633370e+02
2.849187824382432268e+02 2.856191213432011295e+02 2.844491278255720772e+02 2.845455294045966639e+02
2.551434784976790411e+02 2.556181944464534013e+02 2.551153830392127020e+02 2.556626708345067414e+02
2.524225641036587717e+02 2.520358265278674708e+02 2.513752744500103802e+02 2.521538622729229360e+02
2.548870828497159096e+02 2.548925096865918078e+02 2.546657673085863394e+02 2.557334359964702344e+02
2.710345973042331593e+02 2.714313968397871690e+02 2.696086644927501652e+02 2.717131151673346494e+02
2.571882662637846124e+02 2.578230611373296597e+02 2.566194688923152967e+02 2.576919519442138835e+02
2.497360729687754599e+02 2.496042018808406624e+02 2.495056908662251374e+02 2.499319552074553599e+02
2.649135881118007774e+02 2.643841674888113857e+02 2.632888247245033995e+02 2.652053863211146449e+02
2.500521440640862352e+02 2.501795354353945129e+02 2.496037871169191362e+02 2.508556592641262455e+02
2.717839499734200785e+02 2.730032246881031597e+02 2.703927676054435096e+02 2.719785704778100239e+02
2.657219216983979777e+02 2.664938393750262549e+02 2.646676939742979471e+02 2.658407452599083740e+02
2.857386485833927736e+02 2.848108102136697539e+02 2.841170579395409845e+02 2.842295134710670368e+02
2.511875992438263552e+02 2.512537791265679346e+02 2.509248555570000576e+02 2.509664158705766965e+02
2.476150223195256785e+02 2.476992824196351819e+02 2.475885569892046192e+02 2.476152351725950496e+02
2.521087815518529851e+02 2.522306900138901540e+02 2.520198353373367013e+02 2.523502554202737542e+02
2.839863611110539523e+02 2.847302465127282858e+02 2.824274954882812381e+02 2.839724138244360461e+02
2.677530783021932734e+02 2.679072559267683573e+02 2.659627000841306312e+02 2.678622850773257369e+02
2.743803672231054520e+02 2.742651933630895087e+02 2.724856651377096455e+02 2.745015224524742621e+02
2.655763791409885926e+02 2.656677610044618518e+02 2.642017959442608799e+02 2.661461744596774679e+02
2.503099552531919869e+02 2.512773201669708953e+02 2.509420148816738561e+02 2.510228482584118979e+02
2.479122085487693710e+02 2.481071631617721209e+02 2.480463839099177505e+02 2.482201191520394730e+02
2.612833354377584101e+02 2.621305260343155510e+02 2.604747698951970847e+02 2.622280362171644015e+02
2.551431685337486783e+02 2.561974565096780339e+02 2.541619223011669817e+02 2.560836316627720066e+02
2.489568665908081471e+02 2.490745260559081373e+02 2.492664326749510053e+02 2.492587452524229263e+02
2.612345163691292669e+02 2.610998222799260589e+02 2.600383422723937201e+02 2.618235284478780045e+02
2.487318808050615644e+02 2.486644812305593177e+02 2.489301849137388842e+02 2.490790639929977601e+02
2.479631736742251746e+02 2.477443882181736683e+02 2.480362644653773998e+02 2.479390169351667623e+02
2.501645562191126544e+02 2.501740180498715915e+02 2.503775002233243754e+02 2.506179524225298678e+02
2.446801029932900065e+02 2.448027100857132723e+02 2.446736949862893482e+02 2.448130504597172035e+02
2.550852410820913292e+02 2.551687904506499933e+02 2.544293459986373023e+02 2.553821179468066020e+02
2.518650847975089846e+02 2.521968269887770759e+02 2.517939712159949579e+02 2.523663707223824417e+02
2.518342656745954002e+02 2.519769130025277093e+02 2.510702175926564337e+02 2.523158074427795157e+02
2.490319034004527623e+02 2.486145240722832455e+02 2.487785619486033113e+02 2.490258713371159729e+02
2.687832188763477461e+02 2.692317556936752680e+02 2.665345516220514810e+02 2.682405010933716767e+02
2.487099802449239121e+02 2.490825160225175523e+02 2.486032331882664721e+02 2.488456754965759785e+02
2.497577200800090509e+02 2.494807034894422770e+02 2.495266653802065377e+02 2.497552143904885327e+02
2.744399536647310924e+02 2.748813517347022071e+02 2.729433984589473994e+02 2.744208209820504862e+02
2.612771984757839618e+02 2.622802321908043837e+02 2.600857064654625219e+02 2.619175967052444207e+02
2.620180357916808589e+02 2.625635597518636928e+02 2.603865936362955154e+02 2.625474208697568770e+02
2.558432774382825130e+02 2.564697901104491393e+02 2.550511117136069856e+02 2.563480182980323434e+02
2.571812155379279830e+02 2.575711634903314575e+02 2.563572211324448062e+02 2.576933976916869256e+02
2.494230362368404599e+02 2.491226030255573960e+02 2.491590485316392574e+02 2.495891271469356809e+02
2.489681610913813756e+02 2.493225581162165270e+02 2.483439615262361713e+02 2.496535742710095462e+02
2.511058833237820807e+02 2.510608893829667068e+02 2.507555259143863395e+02 2.512639991361006366e+02
2.538222630141684704e+02 2.543697955546015521e+02 2.530815407362161977e+02 2.550085762560123612e+02
2.498915052414060938e+02 2.495749374680644905e+02 2.494268455080446358e+02 2.500879886699148926e+02
2.555516359879965762e+02 2.551105031110413677e+02 2.542316520692438075e+02 2.555469704835611822e+02
2.635359407512610801e+02 2.640654045178121692e+02 2.619588090150060111e+02 2.641235559699976534e+02
2.493850862910693422e+02 2.496913137270591108e+02 2.492458322781048992e+02 2.495156002509929181e+02
2.488240946995269951e+02 2.492363241407261398e+02 2.489490311452830724e+02 2.492560842799349530e+02
2.696658657663197118e+02 2.702931368849274918e+02 2.679348967310769467e+02 2.702307501981766222e+02
2.785751580566891334e+02 2.788288607621014421e+02 2.771538061185539732e+02 2.782472531967716805e+02
2.503359728121273236e+02 2.510495220801822995e+02 2.503640927624433914e+02 2.509649338652043866e+02
2.805929817121782435e+02 2.803633768147705609e+02 2.784968889452517260e+02 2.795479564497927072e+02
2.889259748220408142e+02 2.890211113337950906e+02 2.885910306221099972e+02 2.881243193161524232e+02
2.803226440256106571e+02 2.804430517072489124e+02 2.779030253893918143e+02 2.799851777305902942e+02
2.679826896174178046e+02 2.679765519675999030e+02 2.665844348828250645e+02 2.674599026427109720e+02
2.543694501178075313e+02 2.548576544681521341e+02 2.539975088973994843e+02 2.550013598086785294e+02
2.503772711149409815e+02 2.500401659854376248e+02 2.496698089506007534e+02 2.503929164973133368e+02
2.556158894262870263e+02 2.557945651215794101e+02 2.546713555012851202e+02 2.557970799558002284e+02
2.675429404701332601e+02 2.680826116900474858e+02 2.668203650131886207e+02 2.684498174244985762e+02
2.512530985945984980e+02 2.514287918076202573e+02 2.509894295434835101e+02 2.517470716821966619e+02
2.465820941706293183e+02 2.468379626034283945e+02 2.459137309182580680e+02 2.466016999409117716e+02
2.867189691080308194e+02 2.862300656865512565e+02 2.848032406466361977e+02 2.859256203820698943e+02
2.527652217887385291e+02 2.528569903386928672e+02 2.517731201558005978e+02 2.532903497066937462e+02
2.598563574010196362e+02 2.602862067508449968e+02 2.586682376770529004e+02 2.599834755849335011e+02
2.573237960044972965e+02 2.575552746030877529e+02 2.572792697025132611e+02 2.578681437203273958e+02
2.866802820259841269e+02 2.866665411853809928e+02 2.859799777181575564e+02 2.853948858806083990e+02
2.687418816139432920e+02 2.689521299930354417e+02 2.672462890300263325e+02 2.689811211882029056e+02
2.484210453158900123e+02 2.483069823296230538e+02 2.479994335427959413e+02 2.483083628190059358e+02
2.446716742775315652e+02 2.450220164826428970e+02 2.446759268824922628e+02 2.453466844316853042e+02
2.522433708291226537e+02 2.523763545206134893e+02 2.520603620217666219e+02 2.527297147867581089e+02
2.531138209503207293e+02 2.534993643894050592e+02 2.524739870239049253e+02 2.539511536767335258e+02
2.482856976273205589e+02 2.480145692544768679e+02 2.484835291700190396e+02 2.485119788317062728e+02
2.549445471128614997e+02 2.555277808495331158e+02 2.553159417720060276e+02 2.554580360000070129e+02
2.488674471357736309e+02 2.492954399535411198e+02 2.486301617868355720e+02 2.494299612600708542e+02
2.479152338423406547e+02 2.473715446086904421e+02 2.477273560093377966e+02 2.478160299375743705e+02
2.565567772520789731e+02 2.567644328454840092e+02 2.558704129477625884e+02 2.570772129425287176e+02
2.553621161184289576e+02 2.548204915018461065e+02 2.536941365939738944e+02 2.555167337235869809e+02
2.672281513239020683e+02 2.673207165527974212e+02 2.655227894943068350e+02 2.678512982449439050e+02
2.641324174514620040e+02 2.641481079801508258e+02 2.621392827062061883e+02 2.643049510167550693e+02
2.633828982352663957e+02 2.636651342869393488e+02 2.614612544966769860e+02 2.645420648429361563e+02
2.869532038256189708e+02 2.876841048454022030e+02 2.866005358084306636e+02 2.862703604439856804e+02
2.523323544243663719e+02 2.526711055430930912e+02 2.522335703118619961e+02 2.529507528787016497e+02
2.517888880296728757e+02 2.513713008960436923e+02 2.515283412186207102e+02 2.521308946236969462e+02
2.562932956461483514e+02 2.564059313306170225e+02 2.553082758957811791e+02 2.567535639660544575e+02
2.547114594167293262e+02 2.542320914835283645e+02 2.536527021055937610e+02 2.549239051630767676e+02
2.876650570869395551e+02 2.872097839479743584e+02 2.863902517633811726e+02 2.863832282310023629e+02
2.649903000860374505e+02 2.646356959246086831e+02 2.621712934049381261e+02 2.654102283431004139e+02
2.535149571792359211e+02 2.540486604881417350e+02 2.526642919545466555e+02 2.538301529966561247e+02
2.490366988796704675e+02 2.491654250810925362e+02 2.493208675097265541e+02 2.494212847614674047e+02
2.499233274469305002e+02 2.503076231471751214e+02 2.491343530054107305e+02 2.500212309512314732e+02
2.489907524662099263e+02 2.491794908970553024e+02 2.491066572154174423e+02 2.491710618342311818e+02
2.799962349629905134e+02 2.804611929104226533e+02 2.788490698697792709e+02 2.802157160639037556e+02
2.531974485951745066e+02 2.537424245263752027e+02 2.529725013874378305e+02 2.542233639162409702e+02
2.542494308392733444e+02 2.543846382485442632e+02 2.529820499870639878e+02 2.545702749862117571e+02
2.732458544965497822e+02 2.736294675789236521e+02 2.722777075583888973e+02 2.735588051136122090e+02
2.475757423302350162e+02 2.476646134741293395e+02 2.475688359393833480e+02 2.478770031649528107e+02
2.605047617243266131e+02 2.604551627498668722e+02 2.590168788099924200e+02 2.609883790669389327e+02
2.538020445374673102e+02 2.544048872959446328e+02 2.541185582124592202e+02 2.544590783597539030e+02
2.506182560966720416e+02 2.501954521672631984e+02 2.496844229114036011e+02 2.512872915988263571e+02
2.565529193729300346e+02 2.563082384006756911e+02 2.551015609357422136e+02 2.568792194837919283e+02
2.551828675342360384e+02 2.551138575214447997e+02 2.545851195930297024e+02 2.558546181699934152e+02
2.691968713923105838e+02 2.696737587535035345e+02 2.677796557053655988e+02 2.695807171463757754e+02
2.654305169032660388e+02 2.655324039882584088e+02 2.639760394369575351e+02 2.656217439619719016e+02
2.542668016053297322e+02 2.550278030944286627e+02 2.535038022192313463e+02 2.543986921453079333e+02
2.810661668626544838e+02 2.818890069349096166e+02 2.802726593419544088e+02 2.817648564018367097e+02
2.485148593890702386e+02 2.487958534615360122e+02 2.485763834081915604e+02 2.487050785108414743e+02
2.666883069295668633e+02 2.669107035230752558e+02 2.648300509544430383e+02 2.669221364341767071e+02
2.487031840590962872e+02 2.490805465868648412e+02 2.485157190073660161e+02 2.492702207975612225e+02
2.602798106280513366e+02 2.604439184197726149e+02 2.592239240879192721e+02 2.608621393187038393e+02
2.486927815477457955e+02 2.485922096344238810e+02 2.485859746368478795e+02 2.488071783070219283e+02
2.556306423968694617e+02 2.560424286218944303e+02 2.550802668031471967e+02 2.561130418691787440e+02
2.540619950479910756e+02 2.544919008756043013e+02 2.528793385369299074e+02 2.549154575136653591e+02
2.624913529916566972e+02 2.629226328893450955e+02 2.613596383978592712e+02 2.629575429059638054e+02
2.599031659669213354e+02 2.598944096849717766e+02 2.590417084568609880e+02 2.603599570474665938e+02
2.570023823130664482e+02 2.570466391312538121e+02 2.557715933109905393e+02 2.573454430876186620e+02
2.630356861292337953e+02 2.635012618929115433e+02 2.621630640228387961e+02 2.634809574374854151e+02
2.590083099991961717e+02 2.595592321959212541e+02 2.579458834250261248e+02 2.595603472001161549e+02
2.510603437478174840e+02 2.512012403428125822e+02 2.511931468903881637e+02 2.514580711700997426e+02
2.523171762674060972e+02 2.524844285861606465e+02 2.517767200223246391e+02 2.524758702843793117e+02
2.458615621050236939e+02 2.455718238722081423e+02 2.458000894452239322e+02 2.457757422001306509e+02
2.470839368301149648e+02 2.474700391194886890e+02 2.472603844896605096e+02 2.473791433920395946e+02
2.527857018632496420e+02 2.527887417687939831e+02 2.524867331495427720e+02 2.526165184329622662e+02
2.529126637303929499e+02 2.531717332371656823e+02 2.521414859385145064e+02 2.533848747792967231e+02
2.577996505050085716e+02 2.582437856725364895e+02 2.567903714601104639e+02 2.585221163307039092e+02
2.864226467424576867e+02 2.870996625633113695e+02 2.861042363670248960e+02 2.863711379257172780e+02
2.500732001707704626e+02 2.503001414449531126e+02 2.500803985416561375e+02 2.505028674971175064e+02
2.688739011092453097e+02 2.689682452251349218e+02 2.673821538100940529e+02 2.689227131752057858e+02
2.514922798327814633e+02 2.518859956053871372e+02 2.510206419505882423e+02 2.517193914373920336e+02
2.473843638850798357e+02 2.471636467566421800e+02 2.472057496264404506e+02 2.475785854886292725e+02
2.554878588488824676e+02 2.556328140679266312e+02 2.547188873959950399e+02 2.561556596973325668e+02
2.644885923184182843e+02 2.659002347766178787e+02 2.643752986946465739e+02 2.663119617119384657e+02
2.799615315928206201e+02 2.804928758456509286e+02 2.786499402649875492e+02 2.799110243536756570e+02
2.528943197929020528e+02 2.537039727879779889e+02 2.519409912213680229e+02 2.531608104890537732e+02
2.581920792167595664e+02 2.591881232309149823e+02 2.574914630584192423e+02 2.588193730222971567e+02
2.489520914935742724e+02 2.487788609709935770e+02 2.489140289448675674e+02 2.488766642272420881e+02
2.574643234752337548e+02 2.580941456105293241e+02 2.566257637559742193e+02 2.581133756184259482e+02
2.472354024514616242e+02 2.472196396123558202e+02 2.472497213700415841e+02 2.474806342264676289e+02
2.618469729752636113e+02 2.618904844857375451e+02 2.598842718215207128e+02 2.622429442223229330e+02
2.506261313969475282e+02 2.507503303318160590e+02 2.494163275898303880e+02 2.508363671188006094e+02
2.885266846476578735e+02 2.885013145005121373e+02 2.879962745848080772e+02 2.877070995777283997e+02
2.729070334248705194e+02 2.730073618101627062e+02 2.712771326091674382e+02 2.731608425904211117e+02
2.523205986672573715e+02 2.525736558665512348e+02 2.522810467461715689e+02 2.529258358849349975e+02
2.658594341949238355e+02 2.658319517911554613e+02 2.643077293058605619e+02 2.657852316796618197e+02
2.491108665135432148e+02 2.488813737793233543e+02 2.489257915407300743e+02 2.492448709595825846e+02
2.481119070409022811e+02 2.483733058225325863e+02 2.485392032029098459e+02 2.488918346516867075e+02
2.521353526914424776e+02 2.525772916090627973e+02 2.513894936674204530e+02 2.526115089433774870e+02
2.492042393470851209e+02 2.492855245341863224e+02 2.489432579089214244e+02 2.495707654241608964e+02
2.484974591046218393e+02 2.485471396570468698e+02 2.486443004942591699e+02 2.488385923331634046e+02
2.499339221328194753e+02 2.502035267927537632e+02 2.495263934691990642e+02 2.502133376353903316e+02
2.532016469141254049e+02 2.535134002600516112e+02 2.523028926181939653e+02 2.538086274292679150e+02
2.528650115349057899e+02 2.531614523193354387e+02 2.515374726430877672e+02 2.531569611778657816e+02
2.660444884847219669e+02 2.667033563195533930e+02 2.641638590517144394e+02 2.658794241297075018e+02
2.506530830532743721e+02 2.509037962406887914e+02 2.503164722533977340e+02 2.513462250320231988e+02
2.520435998892089344e+02 2.523606953586920554e+02 2.523425608181618713e+02 2.523907680002629661e+02
2.483042078636337351e+02 2.484765249386066444e+02 2.484348774214993796e+02 2.491516237097788462e+02
2.565257232272792294e+02 2.560588969392784406e+02 2.551492461542810304e+02 2.575169081643219329e+02
2.521284775000529805e+02 2.526284674013868425e+02 2.518505127482707735e+02 2.530522325933035575e+02
2.594760176334987136e+02 2.598944221470267166e+02 2.587005951813589490e+02 2.599984829187931723e+02
2.576157487059152231e+02 2.578388295203273515e+02 2.567031046140544390e+02 2.589146846117857876e+02
2.578231711051989237e+02 2.579686874790560864e+02 2.568389519064035653e+02 2.579378894040410160e+02
2.468483527335700671e+02 2.470360629607218357e+02 2.463444608296934462e+02 2.473490276281555396e+02
2.480982339739706788e+02 2.480821445790215023e+02 2.478509378741396461e+02 2.480014471779239500e+02
2.505200006754597837e+02 2.504147550593574465e+02 2.497086668379434400e+02 2.506246272021944037e+02
2.559736469054539043e+02 2.567261910738213828e+02 2.553142981578720025e+02 2.565826361004259866e+02
2.524887776166333140e+02 2.528949312613085567e+02 2.523154505612863545e+02 2.530422408639099956e+02
2.549409673688178657e+02 2.550130680910701244e+02 2.541806914921800171e+02 2.552399590383207055e+02
2.501539187026191371e+02 2.500965262772440099e+02 2.496885123796720336e+02 2.504189826538470527e+02
2.527579457087203139e+02 2.522842273940382256e+02 2.516320312880071413e+02 2.528572630815707498e+02
2.583873113831991759e+02 2.588266751027416603e+02 2.569670890730427004e+02 2.589952425990780966e+02
2.524553217314156370e+02 2.525713439543717698e+02 2.517898491888501269e+02 2.525262664468607170e+02
2.531953466728764965e+02 2.535378024573179232e+02 2.532666984158591674e+02 2.535741515105802364e+02
2.497175603607434482e+02 2.498400419977621425e+02 2.499334107404719703e+02 2.502738571749838172e+02
2.484459267030054264e+02 2.487832823975378176e+02 2.483098880315017709e+02 2.493085190285479484e+02
2.499546498187635279e+02 2.499655487614547269e+02 2.493713272858484515e+02 2.500884043614592258e+02
2.492726680019058279e+02 2.495186951212930637e+02 2.494348805489157144e+02 2.498361803213301187e+02
2.677712969725086509e+02 2.681374208773866030e+02 2.660390471888863431e+02 2.677478894517894332e+02
2.739022299269248606e+02 2.736357045071387688e+02 2.724722205322577224e+02 2.737760703403949947e+02
2.592845604657182434e+02 2.597640109578989609e+02 2.586856925333217987e+02 2.596828724501798433e+02
2.490281833767920716e+02 2.493570253662826417e+02 2.486741816063261581e+02 2.497112091869007031e+02
2.516058886359391522e+02 2.522504562290571357e+02 2.497189287850912081e+02 2.524998035723381520e+02
2.607394665991586180e+02 2.609361211432786831e+02 2.591430842922947022e+02 2.615450818994594897e+02
2.484162089974298908e+02 2.482435285889305021e+02 2.485379281608327062e+02 2.491203365229009421e+02
2.490861436787001253e+02 2.495153045440973756e+02 2.492858527118926020e+02 2.492400848737229637e+02
2.532366291289123126e+02 2.536101223081625733e+02 2.526935320714332533e+02 2.534675415306554953e+02
2.801592778348248771e+02 2.798005064408676503e+02 2.783637189574965873e+02 2.795441768694953453e+02
2.560964934923392207e+02 2.563414601013204788e+02 2.546674036546627917e+02 2.569267997293001713e+02
2.536770614493174207e+02 2.535800381288129586e+02 2.537657533704796435e+02 2.540311223514158598e+02
2.550563801983619783e+02 2.549854308263717257e+02 2.537219061952044115e+02 2.550665677079798854e+02
2.498656186496772307e+02 2.501734575564296108e+02 2.501289709997424495e+02 2.504884051029027034e+02
2.508703584063316896e+02 2.509310894383424682e+02 2.499895473366962619e+02 2.509771576993471172e+02
2.625282589475469877e+02 2.633217226073810480e+02 2.610777922357949024e+02 2.629342193507358161e+02
2.503404733056909208e+02 2.502784898152904134e+02 2.502389315986692679e+02 2.508893932279023034e+02
2.579725431426060140e+02 2.575643838320169721e+02 2.568742786584161877e+02 2.581381280414632329e+02
2.508039368721327662e+02 2.506747681411126223e+02 2.504033839682386144e+02 2.508433942495094584e+02
2.494310382441977083e+02 2.494695182715364297e+02 2.491449475380516958e+02 2.491763612823718290e+02
2.671075216306430775e+02 2.671158840830808003e+02 2.656918657150540639e+02 2.669712725675141769e+02
2.509739088003541099e+02 2.511658487601864636e+02 2.507037895427345688e+02 2.512860435759733946e+02
2.706498298322032952e+02 2.717767049655917617e+02 2.687861954341838100e+02 2.704392685359607640e+02
2.652909367338066318e+02 2.659140009244455314e+02 2.638789980102688446e+02 2.660922361329710952e+02
2.510524810743910393e+02 2.507042400567623588e+02 2.508427586539729930e+02 2.511544851652325292e+02
2.481538851926139273e+02 2.485430454286261579e+02 2.478895388202259653e+02 2.490604195425772502e+02
2.812489341125214537e+02 2.809414967157039769e+02 2.799936897439848167e+02 2.800596662205134635e+02
2.512984009828171850e+02 2.515280086811762033e+02 2.506361121796719829e+02 2.515209412564627200e+02
2.863819450491666316e+02 2.863359301258735741e+02 2.857392210203147442e+02 2.855032277481483902e+02
2.536675181080788946e+02 2.538817823850706645e+02 2.534903354668670659e+02 2.543981857109331770e+02
2.580651919552566369e+02 2.581789239236038611e+02 2.567771815351899818e+02 2.579988178857290677e+02
2.635481597074050342e+02 2.636346817637919457e+02 2.621179972716024054e+02 2.637261970550993624e+02
2.525422744698271345e+02 2.531377788804645661e+02 2.515326502188713960e+02 2.536268527970093771e+02
2.582007453420483785e+02 2.592830075357756527e+02 2.571671319270939762e+02 2.595334306550609540e+02
2.483886742740576778e+02 2.485543428885727906e+02 2.484917854394175265e+02 2.491316077163785394e+02
2.615679992901231685e+02 2.615485407186987459e+02 2.608356425772118428e+02 2.613339390951070982e+02
2.477512622379180414e+02 2.477468480930323551e+02 2.474835022313741035e+02 2.479046271128864873e+02
2.520473637339885613e+02 2.517813485097280193e+02 2.520285673496968002e+02 2.525282104127916796e+02
2.686915550671161554e+02 2.686254882358058467e+02 2.661995269266457171e+02 2.687072239458019567e+02
2.653300714168518653e+02 2.655642694265134764e+02 2.640689739287788029e+02 2.659363148938211907e+02
2.714030279480916192e+02 2.721500347969920881e+02 2.693965218195227749e+02 2.719706497462397579e+02
