2.636491915598059563e+02 2.641792248203447002e+02 2.621717005196849755e+02 2.648410548773814526e+02
2.676966729487976409e+02 2.676386088032674024e+02 2.643102259259776474e+02 2.674794034492132937e+02
2.605119218321280528e+02 2.607433160178009643e+02 2.590811377800030186e+02 2.608275689191691527e+02
2.439133897492164067e+02 2.442418718257017360e+02 2.432078692816253920e+02 2.445783451781935582e+02
2.584416978163534964e+02 2.591125462790540155e+02 2.567419057445321187e+02 2.590477203782556330e+02
2.798410243959217496e+02 2.800753441196190465e+02 2.774930883185593871e+02 2.808100147406543670e+02
2.556568217246315555e+02 2.552412525061541260e+02 2.537757837589691974e+02 2.566116169265681606e+02
2.838139649408905711e+02 2.835982757411771331e+02 2.827574203232193781e+02 2.852039579673576100e+02
2.492055921051020846e+02 2.488784464824714746e+02 2.480125168400838902e+02 2.498704819834316595e+02
2.686230150608296867e+02 2.689721596367912753e+02 2.663845922073242605e+02 2.698220112289727126e+02
2.607970020715354735e+02 2.613911113485742703e+02 2.589802023924216883e+02 2.620021686693499987e+02
2.575086701616268670e+02 2.579282125464093269e+02 2.554836279844760725e+02 2.586943696325123483e+02
2.480881239797555224e+02 2.481349829794769164e+02 2.473895836032271802e+02 2.487309827845220980e+02
2.420961272217005273e+02 2.425680423297162918e+02 2.413769416366854728e+02 2.427581397279428757e+02
2.630935803119856473e+02 2.641984723368368009e+02 2.611367453433196602e+02 2.649433597394653361e+02
2.439939944675042511e+02 2.443049732681480180e+02 2.435906283709082345e+02 2.446111786642923391e+02
2.838825636849045395e+02 2.851290674022353073e+02 2.833535111675972757e+02 2.828288195637861691e+02
2.477975817853672709e+02 2.482148064102659077e+02 2.471368640788342077e+02 2.488948580098694947e+02
2.478831508060508781e+02 2.478820534109471510e+02 2.468386368804399922e+02 2.484447021865213969e+02
2.583887216589784543e+02 2.584316535972603788e+02 2.556739729650253707e+02 2.592421825017260062e+02
2.641931836453672418e+02 2.642988808338998297e+02 2.616667018892234182e+02 2.644868945594415663e+02
2.449138167372173314e+02 2.452606241233585820e+02 2.444074082148061677e+02 2.454560482780117638e+02
2.475336184138801343e+02 2.476050917445399193e+02 2.465769246397092900e+02 2.478725583401207189e+02
2.501729744794503745e+02 2.500566795781525116e+02 2.492897738756300896e+02 2.510091858792260666e+02
2.611749072073454840e+02 2.612097058170136279e+02 2.588494207973283210e+02 2.623356630750922136e+02
2.674762784205434514e+02 2.683521903457245799e+02 2.656897032295262306e+02 2.682523997740116783e+02
2.466161543485668233e+02 2.465726978626248354e+02 2.455872023371798036e+02 2.475460507634218459e+02
2.742574038424624518e+02 2.764756968223769036e+02 2.742121147825089338e+02 2.768185726473600425e+02
2.467817260458363080e+02 2.469267594577948159e+02 2.461024001450947196e+02 2.473013161094019665e+02
2.633869375903882428e+02 2.645491209470428657e+02 2.609594558124436503e+02 2.642412010489405247e+02
2.646837989713581578e+02 2.657394643683788331e+02 2.621399620634651342e+02 2.658903849183258217e+02
2.580888476731064998e+02 2.592716522786292899e+02 2.561256942173949369e+02 2.591867138648344735e+02
2.933288266967666118e+02 2.934860384324199458e+02 2.924908478759259651e+02 2.921755264913888368e+02
2.531400869477256492e+02 2.543084888847125171e+02 2.512402466397617218e+02 2.542235353504551085e+02
2.485245840985021175e+02 2.486234173360038540e+02 2.473587367297471360e+02 2.486851269288978017e+02
2.569034413719785448e+02 2.571400455240413976e+02 2.547442393667688521e+02 2.580001370755356902e+02
2.461494435327357166e+02 2.465039394409221813e+02 2.455532873251985961e+02 2.467924233622971144e+02
2.801374867847155201e+02 2.801699903986672098e+02 2.771717771929920673e+02 2.788438222227940742e+02
2.467329877925135406e+02 2.468749282969115484e+02 2.463574829261036996e+02 2.475259530917757331e+02
2.514655344920048208e+02 2.509386231605272712e+02 2.501115929229931396e+02 2.513672286092932495e+02
2.464899976399125023e+02 2.465996647302870315e+02 2.456694310309045477e+02 2.466232834259270419e+02
2.425558197198163839e+02 2.431941565357655008e+02 2.420990831816623938e+02 2.434194969505748531e+02
2.471359354654046854e+02 2.472858834745455852e+02 2.467330017813150107e+02 2.474674173528329106e+02
2.451523156739543765e+02 2.450349026798329533e+02 2.446759440250780528e+02 2.454126456389078328e+02
2.573363778580730354e+02 2.586096167784363047e+02 2.551483901928122293e+02 2.579588909939330961e+02
2.578893716609196076e+02 2.578358280837801431e+02 2.560814212471617566e+02 2.582247037999313761e+02
2.435503086964851605e+02 2.440143667221575754e+02 2.435793404806692024e+02 2.442996846464376688e+02
2.687166253826453612e+02 2.686524370388972898e+02 2.657073017284442358e+02 2.690022727620229830e+02
2.617992534736242192e+02 2.627518482659281176e+02 2.585731537781356906e+02 2.620052827285998092e+02
2.659146338669631291e+02 2.653143734858371658e+02 2.641338581049730578e+02 2.665033659726698261e+02
2.580139039308813267e+02 2.582491801554168092e+02 2.559609539117150803e+02 2.587796851618811047e+02
2.575420325445545586e+02 2.578616283174729347e+02 2.561812754959147469e+02 2.582457949596284266e+02
2.863391090865742399e+02 2.857476754656444200e+02 2.829905733366555864e+02 2.842835934013311316e+02
2.735659477469819194e+02 2.723806278547307897e+02 2.694637346670789952e+02 2.724518751668730943e+02
2.473849969012217969e+02 2.475970962612831272e+02 2.467570282934986210e+02 2.480431953896767538e+02
2.572477811138468269e+02 2.580677624787825835e+02 2.555346490867478053e+02 2.582478174857575937e+02
2.476009207288121559e+02 2.472059736303450563e+02 2.456429796799824601e+02 2.480941616402853072e+02
2.675347667823279494e+02 2.688161111577757652e+02 2.649359218256009285e+02 2.676110346184499917e+02
2.474138808176569171e+02 2.478541831837495693e+02 2.461285268774492181e+02 2.478767272196120075e+02
2.480690072257351630e+02 2.482030488451988788e+02 2.467208134224912044e+02 2.488710504926426097e+02
2.532722318484609900e+02 2.537325497867484785e+02 2.520212320506358594e+02 2.545732723326862583e+02
2.502435058792263760e+02 2.504518541976020742e+02 2.493068747138662218e+02 2.508595808470727775e+02
2.566105041284773165e+02 2.566097282268406730e+02 2.544178846910548657e+02 2.570870682068368183e+02
2.521151473633947830e+02 2.528580767581190969e+02 2.507397550115089189e+02 2.530229785612858677e+02
2.464628555700673758e+02 2.463434786670061385e+02 2.458711976171038316e+02 2.466085085667184273e+02
2.480961344192615741e+02 2.483347251387253323e+02 2.472963423417404840e+02 2.488098109233687865e+02
2.493510831093194611e+02 2.500700361619431646e+02 2.486296496936979565e+02 2.502309026729930679e+02
2.890915210759058027e+02 2.914628430925805560e+02 2.884897309887917345e+02 2.904352338473549366e+02
2.509851156763097038e+02 2.508434839972879900e+02 2.502037212145839931e+02 2.515719827784239442e+02
2.472699303592494857e+02 2.473463210917501840e+02 2.467581785778741050e+02 2.476365514842727862e+02
2.507555290120112943e+02 2.508769199848333926e+02 2.503517833419136025e+02 2.509795854113170037e+02
2.487910392471968635e+02 2.498472904514993900e+02 2.481240163377126748e+02 2.497443518030707423e+02
2.859917393829168191e+02 2.872035507257148197e+02 2.846945883611118688e+02 2.871528519170803406e+02
2.600619119655282248e+02 2.600860778201144399e+02 2.576990708594303214e+02 2.606647815124441081e+02
2.525334873965935856e+02 2.523554954016980787e+02 2.501779225826132347e+02 2.532047838885028170e+02
2.807384470280048276e+02 2.813548232251920354e+02 2.782406339191190909e+02 2.816169776614531770e+02
2.454305709728626255e+02 2.457090945024481812e+02 2.447647465026072098e+02 2.460948010551109633e+02
2.428722025764616319e+02 2.429133375570021656e+02 2.421683113381008923e+02 2.435329379279576756e+02
2.748864875371128846e+02 2.749523500903501940e+02 2.718463076679021242e+02 2.742592525198432440e+02
2.495748972543791808e+02 2.508003772471121522e+02 2.483369733701169082e+02 2.514295043958033489e+02
2.456348379115865725e+02 2.458329800705560331e+02 2.448230203943176946e+02 2.461955408557995781e+02
2.464718447285074774e+02 2.463280902917821038e+02 2.452377070188060486e+02 2.465222079779713624e+02
2.459622892227679642e+02 2.463695660084021881e+02 2.453844443068426528e+02 2.469003680519358284e+02
2.746359449175307077e+02 2.753725937725761810e+02 2.725904675072341661e+02 2.753581065998700410e+02
2.665520271508989936e+02 2.671783511393031745e+02 2.629754551380247563e+02 2.670521657693939233e+02
2.882155755445820660e+02 2.888478730932374106e+02 2.865341706061504397e+02 2.892053063070129042e+02
2.433080522748232113e+02 2.432951667980658499e+02 2.425566855127564168e+02 2.439821725743438208e+02
2.664730371085138927e+02 2.663585388902483828e+02 2.640598650091591821e+02 2.680053446670339667e+02
2.727491083610796636e+02 2.743996110241355950e+02 2.715632256801920903e+02 2.734181109544803121e+02
2.474125953935484290e+02 2.478977116877712490e+02 2.464679596956318051e+02 2.484287885019371345e+02
2.475048725807822620e+02 2.476706984866937091e+02 2.473498962925494595e+02 2.482911525356560958e+02
2.841746886861928374e+02 2.834256463866468607e+02 2.809388275512021664e+02 2.834795077508509848e+02
2.476961879578071830e+02 2.481778194458273674e+02 2.469623357839471680e+02 2.486405174173163459e+02
2.457884643759570054e+02 2.459021419650533460e+02 2.451329357168901026e+02 2.463609738504260065e+02
2.867642562616465511e+02 2.898179025143228387e+02 2.860031043858153339e+02 2.862960438524146980e+02
2.780832563070387096e+02 2.785424662441584474e+02 2.762715425646161975e+02 2.783811232090434373e+02
2.494830867989157639e+02 2.495039492624455306e+02 2.483677106811089459e+02 2.497940931462984508e+02
2.484094250911183792e+02 2.485436335142540543e+02 2.481001092780890360e+02 2.488407271602071091e+02
2.545093808577368861e+02 2.548953412554796216e+02 2.518472419988997899e+02 2.560436437091360062e+02
2.534325825128114786e+02 2.545492795043165586e+02 2.512763332970035890e+02 2.545565666936842320e+02
2.698325115291335123e+02 2.720999419607938421e+02 2.687062779053919712e+02 2.713934129397823654e+02
2.477959179706856219e+02 2.481196728255507367e+02 2.469932461241642443e+02 2.487580905402791416e+02
2.530046712728183422e+02 2.529515095677359966e+02 2.508663073983287575e+02 2.540589171719083765e+02
2.587501441666888127e+02 2.593679389171140883e+02 2.576154445476558408e+02 2.603240310935458410e+02
2.507079351529047528e+02 2.508163160403597658e+02 2.501597818859813742e+02 2.514275614137772550e+02
2.510580452722272753e+02 2.515971788701362186e+02 2.502928627823225725e+02 2.517795858140212601e+02
2.544813718591251757e+02 2.542223972786018180e+02 2.527025241814691583e+02 2.553492309763545052e+02
2.472538116726474584e+02 2.471389059237155550e+02 2.455931965969682551e+02 2.482896390715152677e+02
2.436234799351838092e+02 2.439263256308680354e+02 2.431879853978838639e+02 2.443852877757632029e+02
2.471357380682722464e+02 2.474508494852450440e+02 2.462895400813101503e+02 2.471686373009099214e+02
2.771824886179793452e+02 2.791558370208795168e+02 2.745289129711802616e+02 2.777215679888590785e+02
2.480107723149771743e+02 2.479375441188618368e+02 2.470798564323239930e+02 2.484049256320340362e+02
2.494612161520956874e+02 2.494312756046668937e+02 2.487693467354341408e+02 2.506956423372406562e+02
2.429204189709662671e+02 2.435391306031228851e+02 2.414360126414204331e+02 2.443777561382458998e+02
2.469257904099183918e+02 2.473949411718632518e+02 2.467876522778944661e+02 2.475804860678659338e+02
2.543474665707462350e+02 2.547860406419784738e+02 2.523155588403731713e+02 2.554219041689998448e+02
2.434136338013417458e+02 2.434998985879393558e+02 2.422860364424711861e+02 2.439148630103184416e+02
2.444284603250186763e+02 2.445733689923557392e+02 2.439184739563229130e+02 2.451440932831941950e+02
2.455311409001587606e+02 2.457478467455959503e+02 2.450147770353154328e+02 2.458209982367352211e+02
2.471672320596379109e+02 2.471394931418650742e+02 2.465457809800932694e+02 2.478357836372992153e+02
2.448246787126646211e+02 2.453823738933099037e+02 2.439777552867221857e+02 2.452140496807621162e+02
2.431010661589672281e+02 2.436222670512630373e+02 2.421760355600335402e+02 2.436712926940283239e+02
2.432797167254655335e+02 2.435577381986396119e+02 2.417466610778956806e+02 2.437255543421030382e+02
2.499040647259929813e+02 2.501667253292963835e+02 2.489180311617122072e+02 2.508745146084409043e+02
2.476608423644507866e+02 2.482591500071738722e+02 2.471948194173711215e+02 2.484045876968019684e+02
2.485824202102662071e+02 2.487410744612524525e+02 2.472733400004181590e+02 2.489504268443022852e+02
2.512085925235012667e+02 2.513068294998054455e+02 2.495065025364338851e+02 2.514040153355966254e+02
2.560747098665012231e+02 2.568886380081652874e+02 2.528809633120246758e+02 2.565081995271861501e+02
2.808626849394389069e+02 2.808853193618156183e+02 2.780815229006213372e+02 2.807896131822592451e+02
2.468710368541792946e+02 2.467106986737582872e+02 2.454065217311329263e+02 2.469442418839518893e+02
2.513306800946031103e+02 2.522797098573188634e+02 2.499411800028942707e+02 2.529194571379919125e+02
2.654080676837805868e+02 2.659450864644084049e+02 2.627147768234381147e+02 2.647812945486774083e+02
2.469159290012644306e+02 2.469794423599774120e+02 2.460177144261293449e+02 2.477779035149441142e+02
2.647244302763040764e+02 2.661729788139953712e+02 2.621127592714178149e+02 2.663808225984666933e+02
2.767916960662808492e+02 2.768496072255975378e+02 2.726324245685165124e+02 2.783071036320089888e+02
2.493183630067012189e+02 2.493257762263410200e+02 2.475652429113321773e+02 2.504603058138418135e+02
2.586688056668850209e+02 2.599798388617793421e+02 2.567002328981112100e+02 2.601709882259124242e+02
2.563276768713832325e+02 2.563391324959142139e+02 2.553044542558218950e+02 2.573267599112246558e+02
2.709147069287732847e+02 2.710541979067893976e+02 2.674153890166597307e+02 2.700357487016417508e+02
2.481805415176165184e+02 2.484228092856979231e+02 2.474846796877330348e+02 2.484955176049043075e+02
2.515709713264542700e+02 2.520774346867051747e+02 2.496104357273734422e+02 2.528231245755085013e+02
2.490286314702976540e+02 2.496389477110123210e+02 2.490566454673419798e+02 2.497267821611707745e+02
2.529642400100590294e+02 2.529207640914017645e+02 2.519044786445871011e+02 2.537361851059926607e+02
2.511367367987778891e+02 2.513930794847382515e+02 2.496731230500625713e+02 2.520117386327143265e+02
2.589676316656525046e+02 2.601279351375357578e+02 2.569631703007065653e+02 2.609475687591261135e+02
2.545533667975796845e+02 2.540249913082244291e+02 2.520635432446215134e+02 2.559037945853077645e+02
2.555376026545530976e+02 2.570601919281843948e+02 2.541699625429735647e+02 2.580597708398045711e+02
2.741008105516519890e+02 2.736705758855450767e+02 2.704944465626883243e+02 2.747386575012714616e+02
2.449669287333003354e+02 2.454259477112440209e+02 2.446009520462115461e+02 2.455935645544039119e+02
2.515521881903711119e+02 2.513696547025325287e+02 2.499879690408301371e+02 2.518000083159651012e+02
2.457390971908900497e+02 2.460528779187399095e+02 2.444188913186638672e+02 2.464951227982718933e+02
2.558880495905616783e+02 2.561322883362076368e+02 2.540308019221591280e+02 2.569721426768234664e+02
2.464714203999887729e+02 2.463434983599946406e+02 2.454536906461256081e+02 2.467591999401130636e+02
2.421773864066887541e+02 2.424643277421021708e+02 2.418651198122098549e+02 2.434232823525503591e+02
2.475845642050003335e+02 2.478098523702083753e+02 2.469221910435452116e+02 2.480174144383183830e+02
2.444267882250934463e+02 2.444675221573174895e+02 2.438806314791443128e+02 2.450579261895177865e+02
2.541958687652153515e+02 2.547885511736453168e+02 2.526224079875858308e+02 2.553927659821098928e+02
2.520067272769372266e+02 2.532591660460344940e+02 2.502035123966347783e+02 2.535205781574187256e+02
2.452565653850776357e+02 2.454466791730307875e+02 2.447097253790215063e+02 2.455707899815532755e+02
2.588258804252787968e+02 2.591090573659008669e+02 2.574607121859358472e+02 2.598835657024271768e+02
2.446172417621005764e+02 2.451011648482345322e+02 2.440400327550131294e+02 2.457580140973252298e+02
2.513864068260490967e+02 2.514497505805040305e+02 2.498681773334600109e+02 2.514197642454109314e+02
2.469402835801418234e+02 2.466994272302532920e+02 2.456456329130089671e+02 2.474207601299955570e+02
2.547570826565381878e+02 2.556503032743924280e+02 2.532068382669278037e+02 2.556423253909305799e+02
2.424927579239084992e+02 2.422861758864191302e+02 2.416418602054155826e+02 2.426842437146485452e+02
2.489620766516918025e+02 2.497661907372270491e+02 2.481273893906455612e+02 2.500834605689669843e+02
2.443005332352001631e+02 2.442984920878521109e+02 2.434760392162127403e+02 2.451145230651113707e+02
2.473748887251125836e+02 2.477612973151330777e+02 2.463728675791028309e+02 2.476583587568443079e+02
2.734096975141617918e+02 2.734310397226233817e+02 2.715461221617207457e+02 2.756745542461148943e+02
2.532433454434311102e+02 2.545715445582520999e+02 2.523040115967143322e+02 2.537005812741741693e+02
2.765322694243413366e+02 2.760640709924963971e+02 2.733209055177134132e+02 2.768297771601515933e+02
2.455949890052532396e+02 2.451445777820871115e+02 2.446683083596697088e+02 2.455968238275438580e+02
2.455793383769240563e+02 2.458943637248348466e+02 2.446089271834487704e+02 2.461212887654802728e+02
2.518495103453436741e+02 2.514523087443292297e+02 2.505064621336822483e+02 2.522333181405507219e+02
2.525647455135739676e+02 2.532382813071805003e+02 2.514797825337590780e+02 2.532238064994065780e+02
2.510338209740910997e+02 2.512992773008367919e+02 2.496043472901926918e+02 2.515135459726915883e+02
2.500041334568781224e+02 2.506465069307686235e+02 2.495844096240365104e+02 2.507032807460220738e+02
2.503494848886353452e+02 2.504681052159033641e+02 2.489638660968076067e+02 2.511709715260941493e+02
2.460914533396474724e+02 2.465104118534403597e+02 2.451914990877612013e+02 2.466914098128700630e+02
2.723932734365074566e+02 2.723398110406966453e+02 2.698086169799129266e+02 2.732630883103110477e+02
2.707763451314063445e+02 2.698469449821261037e+02 2.663472373201503842e+02 2.708494875903826937e+02
2.416852388669936715e+02 2.423402255701377044e+02 2.406796039114269661e+02 2.428904634490646117e+02
2.481527652584007058e+02 2.481143580413564678e+02 2.476944503205810406e+02 2.484928414673611599e+02
2.457784208467385838e+02 2.460390440809864856e+02 2.447897154432890261e+02 2.465443285246588232e+02
2.802847974279095524e+02 2.803091581512288712e+02 2.784029423815196651e+02 2.801514617169275994e+02
2.749429744799900277e+02 2.751662027356434805e+02 2.720331203148276700e+02 2.751030064832289099e+02
2.856043694883828721e+02 2.852839365936244462e+02 2.835345411391786570e+02 2.845345033098537328e+02
2.461445438487157276e+02 2.463852690574304916e+02 2.459567365011515392e+02 2.468896843726697625e+02
2.448734477952135080e+02 2.448816026327223767e+02 2.438343282742586382e+02 2.450795523045444497e+02
2.448750969911008895e+02 2.455893281535541632e+02 2.447083798694372376e+02 2.462633525182815220e+02
2.474773531885826117e+02 2.473391388010382173e+02 2.467758672879741937e+02 2.483208624754209097e+02
2.512282741690309820e+02 2.517390773384452700e+02 2.490534644986469743e+02 2.519199634169176818e+02
2.537035758277418722e+02 2.540612846354952978e+02 2.521946560075042783e+02 2.547529913839663323e+02
2.453883413505304532e+02 2.454026347080230153e+02 2.448320112104952671e+02 2.457185951480214214e+02
2.717110329378698452e+02 2.706549039102531538e+02 2.680778524693165537e+02 2.707734600512674774e+02
2.778795446365534190e+02 2.780781273192376375e+02 2.757765143751110486e+02 2.784510512263440205e+02
2.466345216397049569e+02 2.466495729188005441e+02 2.458182873875967971e+02 2.472126826842110177e+02
2.435804420222978877e+02 2.442385735336516746e+02 2.432587334379444712e+02 2.445249588075262182e+02
2.496240970854323109e+02 2.500525462511241415e+02 2.489239787859406761e+02 2.503634463804740733e+02
2.474453539578165930e+02 2.478338852018885632e+02 2.467496893971969030e+02 2.479607510413326565e+02
2.564053132207497470e+02 2.565685106064282195e+02 2.550523564706176387e+02 2.579765777799464672e+02
2.466233716476970130e+02 2.467192260755655298e+02 2.458520463714074538e+02 2.475079743002472128e+02
2.452108207401478239e+02 2.457668882042693497e+02 2.449691816751339388e+02 2.459519231991826587e+02
2.511544959239317052e+02 2.511031587110232692e+02 2.499022745066748996e+02 2.512390687258214257e+02
2.467258031175981898e+02 2.465788325671871632e+02 2.458070177516805188e+02 2.471435526682805346e+02
2.503890248053260734e+02 2.505253640004785041e+02 2.496344794731495256e+02 2.508239997265767727e+02
2.441874946578539038e+02 2.441602452839475177e+02 2.425895549845128301e+02 2.448727446342068959e+02
2.595204139753916479e+02 2.592868741605982450e+02 2.570757151672711416e+02 2.603376305046976995e+02
2.563587251984059776e+02 2.566618543766872449e+02 2.544430455874534971e+02 2.567379882370533437e+02
2.542191178674887624e+02 2.550745227033776814e+02 2.519308444756279926e+02 2.554048557717852646e+02
2.451291843611552963e+02 2.459891568141828770e+02 2.446251446177481341e+02 2.458217737793847846e+02
2.513205239760366680e+02 2.516291459885046038e+02 2.486173486209154078e+02 2.514454683625520772e+02
2.580399873148335246e+02 2.581630849971556358e+02 2.547596886718432359e+02 2.585837973579634763e+02
2.479389332564643382e+02 2.479947956680387051e+02 2.470363993321553551e+02 2.487681363268729342e+02
2.467736446034578819e+02 2.470686041037509142e+02 2.462583428708105657e+02 2.474065575311665555e+02
2.770029775075644807e+02 2.764937723337167768e+02 2.736738718559867038e+02 2.764926386857924285e+02
2.667838103868053850e+02 2.664562076627127567e+02 2.643273010322541836e+02 2.665570087534344452e+02
2.449163936974317721e+02 2.454615557923040399e+02 2.434483561047904630e+02 2.460342152965320963e+02
2.493850483943925838e+02 2.498911863423995214e+02 2.485613444191257315e+02 2.499912656074558015e+02
2.739387782692915039e+02 2.749836649646023261e+02 2.716184695509965650e+02 2.738368828207076717e+02
2.709460789881443930e+02 2.716438646719872168e+02 2.683632620472374128e+02 2.720075168616692736e+02
2.492533981150832574e+02 2.495305591212603247e+02 2.486789767859227709e+02 2.495263209946305381e+02
2.453822805755507659e+02 2.461533724988109100e+02 2.446044302927407443e+02 2.467548454447210702e+02
2.458277545788962186e+02 2.462562787187590629e+02 2.453370984240642372e+02 2.470255700561938852e+02
2.512699777697919785e+02 2.519724191863218437e+02 2.507089246515958507e+02 2.520730515297773309e+02
2.860914447793609270e+02 2.866705828175691977e+02 2.842282101771650105e+02 2.854326275202101328e+02
2.836682535763546866e+02 2.839413856545733097e+02 2.810880300152088012e+02 2.846063253596088884e+02
2.443709894339276616e+02 2.449159466062333763e+02 2.429933161467654088e+02 2.453380452407962196e+02
2.841210132843847305e+02 2.849981689294163516e+02 2.834040763309284898e+02 2.836252612702950842e+02
2.444377655615166702e+02 2.445409404000060931e+02 2.428780251864787658e+02 2.453876282838464533e+02
2.886402921421886845e+02 2.886665254312180195e+02 2.873597585349814949e+02 2.876091489178873530e+02
2.516874706529186767e+02 2.521199736532191196e+02 2.500579791382064343e+02 2.525049952525130550e+02
2.524470898938757273e+02 2.530988025801621291e+02 2.505664737931712693e+02 2.540215532280568596e+02
2.503663913950701669e+02 2.500047643688014318e+02 2.485257607333724934e+02 2.510113042672881249e+02
2.544588105889418443e+02 2.547578498571340049e+02 2.531727328194812401e+02 2.553684639698472552e+02
2.478138492917609597e+02 2.484882019339246710e+02 2.463898140079571704e+02 2.488538196539153944e+02
2.445671659279675509e+02 2.443573479733461511e+02 2.435391591327106937e+02 2.448651503175611879e+02
2.463141611442367775e+02 2.463881276119717540e+02 2.455857767722278879e+02 2.467195631885232956e+02
2.508518177590760558e+02 2.521487322282673631e+02 2.499310178313987763e+02 2.519739210832526908e+02
2.454390096664474470e+02 2.458245124962678290e+02 2.450469720928489608e+02 2.458647226377050572e+02
2.848815327811088309e+02 2.835023640800342264e+02 2.816504130288464580e+02 2.841677721813368862e+02
2.681743647822231083e+02 2.680169840494877462e+02 2.647473930591767726e+02 2.674915474555255059e+02
2.569334061292985325e+02 2.580166869314114138e+02 2.552786836044707570e+02 2.585893514457713991e+02
2.802979016465223481e+02 2.797721706946844620e+02 2.771615082431332553e+02 2.806481431974568181e+02
2.602149533235397030e+02 2.609580685334825603e+02 2.577575329576721401e+02 2.614585498447293048e+02
2.685796601870917470e+02 2.692254105465329417e+02 2.674107281972385977e+02 2.694472118534366132e+02
2.472558093265804189e+02 2.475753922831533487e+02 2.470780522441781102e+02 2.482882937763976656e+02
2.484709379758702710e+02 2.482799869990120101e+02 2.478248644941081977e+02 2.487865372629948126e+02
2.490995610884619396e+02 2.491375175913680948e+02 2.485929387812508082e+02 2.494924439837628256e+02
2.492301998895632948e+02 2.496123388862124841e+02 2.485049891489441620e+02 2.495374936143133482e+02
2.446191880678144628e+02 2.444658150856833174e+02 2.438214712188451188e+02 2.447831908045890827e+02
2.729086321484521136e+02 2.747066052082756755e+02 2.718436871260197449e+02 2.746270095079029829e+02
2.425900521534752556e+02 2.427131221459839026e+02 2.415967087683218040e+02 2.429002371269780269e+02
2.546786850600551873e+02 2.549912461695811601e+02 2.533900120696893623e+02 2.553135504499955459e+02
2.637601716437176265e+02 2.639537820256644522e+02 2.602518205918612466e+02 2.639384079293336640e+02
2.542666775697937283e+02 2.545447456242767146e+02 2.527056377199007500e+02 2.550744913652777086e+02
2.566601448486046593e+02 2.578460290729780127e+02 2.546417758783697991e+02 2.577630887883906894e+02
2.574944725062288171e+02 2.577998644668022052e+02 2.558279418134921741e+02 2.595062087688823453e+02
2.527624089215044592e+02 2.535538786085510878e+02 2.514656301119582054e+02 2.536526412730901257e+02
2.443816313575551931e+02 2.446137570045818563e+02 2.435451138163193718e+02 2.455930658007337684e+02
2.446556953053779182e+02 2.446165970567158752e+02 2.439504615263496987e+02 2.453019457311360441e+02
2.488416899916128386e+02 2.497139533248715395e+02 2.476778097350805865e+02 2.495480883476323015e+02
2.499147049005724739e+02 2.502474693215161210e+02 2.490749813828280992e+02 2.509248554324034330e+02
2.860551030108364898e+02 2.859486247781563861e+02 2.831212624337897523e+02 2.841074516825941032e+02
2.477319926334968443e+02 2.475433129715582936e+02 2.464019512703690680e+02 2.479812717483012534e+02
2.774621567223088050e+02 2.775567835330031699e+02 2.742966490734092986e+02 2.774370267099865828e+02
2.482412660138264187e+02 2.486554946672582105e+02 2.470898892643814122e+02 2.485812018659351565e+02
2.429356419484153662e+02 2.431693970670480383e+02 2.423608237633326326e+02 2.435547184733821098e+02
2.561380341659002511e+02 2.550184660215013537e+02 2.527186393906589785e+02 2.565706150909393841e+02
2.549182349059286707e+02 2.559878063734714715e+02 2.532962522535001426e+02 2.565420699704883987e+02
2.472493623050838210e+02 2.471380939398898420e+02 2.464383641364655375e+02 2.471812358947157975e+02
2.532004775891773818e+02 2.531126076739153632e+02 2.513346448763151102e+02 2.529865010313715459e+02
2.479888169963566611e+02 2.479577903582108149e+02 2.476786869385629473e+02 2.484784558021709984e+02
2.739550086815166878e+02 2.751048641554830851e+02 2.723828313428676324e+02 2.761512474012298526e+02
2.475563933942217432e+02 2.480252855742395468e+02 2.461589696211559328e+02 2.480222674528236837e+02
2.584070808960663044e+02 2.585717540055126733e+02 2.562072665537075977e+02 2.588432414134759370e+02
2.480334485388625296e+02 2.482224625346755147e+02 2.472726132093158924e+02 2.480432080739620631e+02
2.594034207653933208e+02 2.594634388742297233e+02 2.572434889071835187e+02 2.596808550597180556e+02
2.657010646685232018e+02 2.650966157188613579e+02 2.628090781643626315e+02 2.656824405708289873e+02
2.465539296751801714e+02 2.467272077486495050e+02 2.453163467381113207e+02 2.466332555582713439e+02
2.428866398429402409e+02 2.430179071794208312e+02 2.424995874099055868e+02 2.437649577231628371e+02
2.637637859263637665e+02 2.635243737870056293e+02 2.606568068865868213e+02 2.647950425027271422e+02
2.616901155856758123e+02 2.622738358465801980e+02 2.606294565826542566e+02 2.633139949053254441e+02
2.421226798798619200e+02 2.421278797881359139e+02 2.410339794633722761e+02 2.427158718654022209e+02
2.509034398252198343e+02 2.510699763736052148e+02 2.493237852726934136e+02 2.527463543629015987e+02
2.452991140479601881e+02 2.459329600723256704e+02 2.448388413717449339e+02 2.460275437176700279e+02
2.587658581844011678e+02 2.594331408192861659e+02 2.561124889652651859e+02 2.599889060549512010e+02
2.632972380819028899e+02 2.639079288036333537e+02 2.611004772639801104e+02 2.632150928645323233e+02
2.516385943822990612e+02 2.524757947151935866e+02 2.506899470079968637e+02 2.529057120492857962e+02
2.713442525337950428e+02 2.706760825448844798e+02 2.684125344137282809e+02 2.716620076875141194e+02
2.525659363163345859e+02 2.531642100124666115e+02 2.512061182478990986e+02 2.539390359496783560e+02
2.485983627779283722e+02 2.486360553732496612e+02 2.458767290752400356e+02 2.492178673079060616e+02
2.479041848648249697e+02 2.478647187447730857e+02 2.474353550646352460e+02 2.483101056256243453e+02
2.483763220174440107e+02 2.487816106786950741e+02 2.477057266230720529e+02 2.495282953947654221e+02
2.827654116419058141e+02 2.843009682836292882e+02 2.805554489577170330e+02 2.822036918018711731e+02
2.806034361264506742e+02 2.806917002354965121e+02 2.780807443572331863e+02 2.794972116551919612e+02
2.524873540128110676e+02 2.531022917587044674e+02 2.510374768126165463e+02 2.536551211470710143e+02
2.560871062931586266e+02 2.564823010920086404e+02 2.540409357499756311e+02 2.574869037236815075e+02
2.588447907569044446e+02 2.592876390210630575e+02 2.574208874527245143e+02 2.604613521807756911e+02
2.523332056386950342e+02 2.524051430844822903e+02 2.513666878165458911e+02 2.534333672576023559e+02
2.520780668554041881e+02 2.519263862182282026e+02 2.502172240355902488e+02 2.527975406324513017e+02
2.457365402513254082e+02 2.457700206301819890e+02 2.444909178032208956e+02 2.456707372758976078e+02
2.569377045340241352e+02 2.575718143917359839e+02 2.547341662809843115e+02 2.571271307367001668e+02
2.599612268525269769e+02 2.597431657717849021e+02 2.583956735080504359e+02 2.605201921441836816e+02
2.530537329972267457e+02 2.523229694206189038e+02 2.511023190244591490e+02 2.535737212268222436e+02
2.581999614685955748e+02 2.584522640665692279e+02 2.553066546764535190e+02 2.590364431401873162e+02
2.859587733822767746e+02 2.861636497294668402e+02 2.842488152358203592e+02 2.853994724151361879e+02
2.465418380595580743e+02 2.456722758364708454e+02 2.445548541875926958e+02 2.463667033999418834e+02
2.485540143735929632e+02 2.481825517841246835e+02 2.476651526430186721e+02 2.485947309995578962e+02
2.460848984380270110e+02 2.463252827647662571e+02 2.457243180770546758e+02 2.464975181270741587e+02
2.492994298355574472e+02 2.501897692771328536e+02 2.486009250506590149e+02 2.503492917222649510e+02
2.501118658093691920e+02 2.499160277718510486e+02 2.482383432226172033e+02 2.504477394685301874e+02
2.447208525012618736e+02 2.447109295537438243e+02 2.435766025256453418e+02 2.447188790918979748e+02
2.830521239387871333e+02 2.832061728203621556e+02 2.801071442089451011e+02 2.824489852340850007e+02
2.644851971617181334e+02 2.655431005189620919e+02 2.621158213566372979e+02 2.650331920570016564e+02
2.572769012576819136e+02 2.578929043744005867e+02 2.556174553697846363e+02 2.583324674587773870e+02
2.458276389353590332e+02 2.465976151596828743e+02 2.445280045917237715e+02 2.463189142202460573e+02
2.516884428862045127e+02 2.515859427956017385e+02 2.498699698896969039e+02 2.528606534875762293e+02
2.590639717982792263e+02 2.592716107575245132e+02 2.573776051121632236e+02 2.599840435237265979e+02
2.461219139514125231e+02 2.462094558390253667e+02 2.450882659701877344e+02 2.465180822042842408e+02
2.492774483103539183e+02 2.498064876959950311e+02 2.486205050541974231e+02 2.503400866177527178e+02
2.468506394376803712e+02 2.477055021686080636e+02 2.462595543638862523e+02 2.473299367849872112e+02
2.462405731342716990e+02 2.460473789696235087e+02 2.452126955216488398e+02 2.464013800965069549e+02
2.426820092911819984e+02 2.424335034181662252e+02 2.405616130671243411e+02 2.429739846626077906e+02
2.609924733333904783e+02 2.618585553971699937e+02 2.587250722394857121e+02 2.633252342319748323e+02
2.496884656278246837e+02 2.498343144500935864e+02 2.487554242902602937e+02 2.502489489630729054e+02
2.767050560342319727e+02 2.787395246635309718e+02 2.758019644513586854e+02 2.775474609107682795e+02
2.450653759828556417e+02 2.450183219905615317e+02 2.439847428026116916e+02 2.453497651359471092e+02
2.474876066514216575e+02 2.481101745446362372e+02 2.470199122299437988e+02 2.487144075877610589e+02
2.456548066602449865e+02 2.460574611540759236e+02 2.443266753331824361e+02 2.460573873031705716e+02
2.505109723554377581e+02 2.506290415416680446e+02 2.491907642916884811e+02 2.507914471425282557e+02
2.450640103792061382e+02 2.448297987284129817e+02 2.441200745954671447e+02 2.455266426215436582e+02
2.411952170683415773e+02 2.407434584601816425e+02 2.401729359229696570e+02 2.413172801389220012e+02
2.471444210028531074e+02 2.474888081758776650e+02 2.465323424590447701e+02 2.477895893209741018e+02
2.478975497167244555e+02 2.479839803764900239e+02 2.465660290106325192e+02 2.485575164971600373e+02
2.848672105588858017e+02 2.861121581525389388e+02 2.841246263940190602e+02 2.862255283342619805e+02
2.474143832289929605e+02 2.473145962673232248e+02 2.461099159982149729e+02 2.476833406342061323e+02
2.607256620461995453e+02 2.611927484455289914e+02 2.585714307731560666e+02 2.605058071045154406e+02
2.706491984273533262e+02 2.702520411115838215e+02 2.675386678506701514e+02 2.713726104339682479e+02
2.479878667447233909e+02 2.480854726625451008e+02 2.466105765044027009e+02 2.494105225398010361e+02
2.436646397580322230e+02 2.431716214089085497e+02 2.426952385345096559e+02 2.439005844678066239e+02
2.795092619575925141e+02 2.807685991239916916e+02 2.765530286989219917e+02 2.792241154016173823e+02
2.506412334813418852e+02 2.514592546056065601e+02 2.485699359955684429e+02 2.515865961559931634e+02
2.493159660750245905e+02 2.493695927143246536e+02 2.482392263947617153e+02 2.496743144372593690e+02
2.535736131400472289e+02 2.537741598257200621e+02 2.516660689592713425e+02 2.542146637496128108e+02
2.584542166154328697e+02 2.586096727806150852e+02 2.556495119375254319e+02 2.584195967279400747e+02
2.431212352651241417e+02 2.434908504160787857e+02 2.428534159018951755e+02 2.439656703842353238e+02
2.497063058213115028e+02 2.498314805277785808e+02 2.489211879843336419e+02 2.502826967080257532e+02
2.512977396119436264e+02 2.521131008483178846e+02 2.505747468814484762e+02 2.523720637605120203e+02
2.578449994675387416e+02 2.583598890170731011e+02 2.562057312202126695e+02 2.602017104067538185e+02
2.499420975214905525e+02 2.508300044331800223e+02 2.491973115573990754e+02 2.515832014964418306e+02
2.450644487266783358e+02 2.458759217409807150e+02 2.446825915041485473e+02 2.462118247302328200e+02
2.509303153886536393e+02 2.505767965629715661e+02 2.500992726839849922e+02 2.510162520571549010e+02
2.787173484621581565e+02 2.788632962598456402e+02 2.754968052152499354e+02 2.786091833482878997e+02
2.596089997445924951e+02 2.602072910743376042e+02 2.573489083879076134e+02 2.605077025262995107e+02
2.610505034251488041e+02 2.615512094475897129e+02 2.595584151521116496e+02 2.620099457540712251e+02
2.598816019343823882e+02 2.606166078976406197e+02 2.577562766551772597e+02 2.605769347787656898e+02
2.487324344993766658e+02 2.487152824234226500e+02 2.482924374016782849e+02 2.491569368563521039e+02
2.438033834031776053e+02 2.434963707131985302e+02 2.431039283149032144e+02 2.445583427778136638e+02
2.506216104413754238e+02 2.515023136883168036e+02 2.495868299605644438e+02 2.514298798102844330e+02
2.572162304965751787e+02 2.587378346510756728e+02 2.562100912321698729e+02 2.585181784260042264e+02
2.515361971462919826e+02 2.511346101195164238e+02 2.499107421663956075e+02 2.526581812747467666e+02
2.464522779241839316e+02 2.466946341533607665e+02 2.455511404822543682e+02 2.471822014797213001e+02
2.437316511819932430e+02 2.435734964894693348e+02 2.426809616602189124e+02 2.442137735269416510e+02
2.618645226972536761e+02 2.620340000370295002e+02 2.599106033936000699e+02 2.619880728441804649e+02
2.505494930686802206e+02 2.513762563139146096e+02 2.491802025158492029e+02 2.513841864888881332e+02
2.758010869332752009e+02 2.768416071068830320e+02 2.742993884012520880e+02 2.774269946891031395e+02
2.699923373990911273e+02 2.700381361521569943e+02 2.668280072049204819e+02 2.702830767855647309e+02
2.444814154857879771e+02 2.448012688759762625e+02 2.439394572065284308e+02 2.452353919766954107e+02
2.639135416121808930e+02 2.634248467787981554e+02 2.608502046353149808e+02 2.640157861814379316e+02
2.455980889763521589e+02 2.459199803629029191e+02 2.443840766773887481e+02 2.460984145374521290e+02
2.644565225620027604e+02 2.631108651336104458e+02 2.613647740595316691e+02 2.639808979819100045e+02
2.454134902809763048e+02 2.459357383679666498e+02 2.450581371167613725e+02 2.460264954550525545e+02
2.463001712397497442e+02 2.466339785748701843e+02 2.452145058965691362e+02 2.466552312109442653e+02
2.565981058250195019e+02 2.570536547834982457e+02 2.548812642317909365e+02 2.580517995398118956e+02
2.469357196950683431e+02 2.477697452614380040e+02 2.460521555413728265e+02 2.475229321443393076e+02
2.453934542042498208e+02 2.457024201206389762e+02 2.447597946027271973e+02 2.459996560972533928e+02
2.441001774587569741e+02 2.443572347081095302e+02 2.431914357544759184e+02 2.451179528311720048e+02
2.460804815972778101e+02 2.461591757450209741e+02 2.456286889517838006e+02 2.463933100008941608e+02
2.539639917698050624e+02 2.541260121525247939e+02 2.525470803069642329e+02 2.555166488329324750e+02
2.499132346259295616e+02 2.508685645743381656e+02 2.487416543143857837e+02 2.509572243451749500e+02
2.459198087897538869e+02 2.460566673267572355e+02 2.439564349235846521e+02 2.465670732926743938e+02
2.459586744294661287e+02 2.459124038029707719e+02 2.451573450230262381e+02 2.461310445123058912e+02
2.524407133836836863e+02 2.533809775179176995e+02 2.513753664960983087e+02 2.530741904012286909e+02
2.701870052755127745e+02 2.691226779216955833e+02 2.661264839099326309e+02 2.705657160847788418e+02
2.831604019178356566e+02 2.844910221355870021e+02 2.808953682082961336e+02 2.831794504089945690e+02
2.434898615414296330e+02 2.435193351567581317e+02 2.427132926551790888e+02 2.440618141210134695e+02
2.580170950079545946e+02 2.597734421270724283e+02 2.562807070741976077e+02 2.601133632003111984e+02
2.504529446532374948e+02 2.504718085806882470e+02 2.492662766852388074e+02 2.508214854909979294e+02
2.463389589284707597e+02 2.464962401207468190e+02 2.456246450493500504e+02 2.466772591881922096e+02
2.482356476376601506e+02 2.486739070979029975e+02 2.471382881554966673e+02 2.490794586244441007e+02
2.480641849348221513e+02 2.485357580123134653e+02 2.474431228582317885e+02 2.492919223799864312e+02
2.441277492724354374e+02 2.447130465875117409e+02 2.432002659252130172e+02 2.449243893481499583e+02
2.633507323303676912e+02 2.634255778880681191e+02 2.606039555424833907e+02 2.645530052325772772e+02
2.637467908042405043e+02 2.640203750355818215e+02 2.615817101052282396e+02 2.641823672105766150e+02
2.456178694741867332e+02 2.457806828125694665e+02 2.455423436676261986e+02 2.466234645696249004e+02
2.803282236960976093e+02 2.811316153602340933e+02 2.782504157915479936e+02 2.795677192518308516e+02
2.547164548732097273e+02 2.548706643449967828e+02 2.535530805967720198e+02 2.554761695177880085e+02
2.465437184116947549e+02 2.473825784403860268e+02 2.462833674496449987e+02 2.477026274483428665e+02
2.558314645417671045e+02 2.573091136701755204e+02 2.540677990055442308e+02 2.576725975234429029e+02
2.638997488015879753e+02 2.651129374175695830e+02 2.618283163324703082e+02 2.648051302891256000e+02
2.449282576502230597e+02 2.444463700355794344e+02 2.435464231426464323e+02 2.450180705430171599e+02
2.531766641101358744e+02 2.547012105207423929e+02 2.511307339797500617e+02 2.549760541483891245e+02
2.804684077569031047e+02 2.813843530805098112e+02 2.782585395262663042e+02 2.781784867356025188e+02
2.444711526955651664e+02 2.446302193680887740e+02 2.437064401210369340e+02 2.449698068284378678e+02
2.429397605713986650e+02 2.429709208590769833e+02 2.417663982909502636e+02 2.436633570747780766e+02
2.809929538024008480e+02 2.829335496715305567e+02 2.803262432932104957e+02 2.828182153923685291e+02
2.603028719369232817e+02 2.605733372105825083e+02 2.583944583786494036e+02 2.613673191931914062e+02
2.450530472240830875e+02 2.455215500911263575e+02 2.438571166670204491e+02 2.463349371413658560e+02
2.505058561802610768e+02 2.511179413919039973e+02 2.494092629165714357e+02 2.520495158826689988e+02
2.517698316726452958e+02 2.513634403091836873e+02 2.501229392195432979e+02 2.522424165818216579e+02
2.487957379545843537e+02 2.489099953126491869e+02 2.474111250129766120e+02 2.499809575685056870e+02
2.463941257295190042e+02 2.466223968368229293e+02 2.455569330345313688e+02 2.471929843890084442e+02
2.773913246944879916e+02 2.781888803590353518e+02 2.746440136799026277e+02 2.765439430065231363e+02
2.626855149987893583e+02 2.629658440170163090e+02 2.602149953317194786e+02 2.640574930024236551e+02
2.860430215204230535e+02 2.861120806683489945e+02 2.841352500571079531e+02 2.861972843540521012e+02
2.769083065510235429e+02 2.785391346700627082e+02 2.747944470782450708e+02 2.779421947553235555e+02
2.592820596026982685e+02 2.586073819110923182e+02 2.568515527794229456e+02 2.612603022968597202e+02
2.482484885164468551e+02 2.484583369055688422e+02 2.473182842898754075e+02 2.487703373909507434e+02
2.737822671406430004e+02 2.750654688413715121e+02 2.716853892973131224e+02 2.736060562494806163e+02
2.532437862998263824e+02 2.536564708120901912e+02 2.515310661493190310e+02 2.545673978415515251e+02
2.839260029292082095e+02 2.841333299840746349e+02 2.816737990192283405e+02 2.830926926022793850e+02
2.473342218376028256e+02 2.475801594061304058e+02 2.459817679427407597e+02 2.476330504593994135e+02
2.432129461167822626e+02 2.428957131995729810e+02 2.420036841545460220e+02 2.434575152765795565e+02
2.498000219769841124e+02 2.505075269099365585e+02 2.484848694149418691e+02 2.506479382885661664e+02
2.529469611897752657e+02 2.525393129743941074e+02 2.509184462309745811e+02 2.535521824502539232e+02
2.499818887038699415e+02 2.500507665735133003e+02 2.482132036012978631e+02 2.508165568938662489e+02
2.491148381461836721e+02 2.491907349672288490e+02 2.475898424435299887e+02 2.490282078281325653e+02
2.676518287410420953e+02 2.672075544966469351e+02 2.634888419969296365e+02 2.677042307858466188e+02
2.774807021710166168e+02 2.788229089275465071e+02 2.767546094144225890e+02 2.797977079306718338e+02
2.516846243359903212e+02 2.520803895661448735e+02 2.503321579362743421e+02 2.527632678791412957e+02
2.676077500855866447e+02 2.677251319070214208e+02 2.654603807318466124e+02 2.668309187263557192e+02
2.468374076255402372e+02 2.468514470101464724e+02 2.461038350420923564e+02 2.469247720278994507e+02
2.477889829703997577e+02 2.482522128270715029e+02 2.470885583037816104e+02 2.483129024165521344e+02
2.444464754800123671e+02 2.442277517874150590e+02 2.433184332404885026e+02 2.449993848976163235e+02
2.491294263725010865e+02 2.494487983076435285e+02 2.481273724923545956e+02 2.500306074679524215e+02
2.590890556586323896e+02 2.602037366485491248e+02 2.570556721522814883e+02 2.599175204426928758e+02
2.461648186251368031e+02 2.466500825416067642e+02 2.450283348676474020e+02 2.466458083473988836e+02
2.883305683353596578e+02 2.883789488680108093e+02 2.866721241695582876e+02 2.882416390119666971e+02
2.454538016640430840e+02 2.458398808536483386e+02 2.444902340702592198e+02 2.459697930566896389e+02
2.441860578731240139e+02 2.446944879851002668e+02 2.436186480996889827e+02 2.448099062436135114e+02
2.516928874197750758e+02 2.524039383947423971e+02 2.508468392986144977e+02 2.522963862803865425e+02
2.486187700430481016e+02 2.486663002247537690e+02 2.478487414162370328e+02 2.491824096341193240e+02
2.629248320020743677e+02 2.628546877191133717e+02 2.603107154407462644e+02 2.637229668179890609e+02
2.657416872685853377e+02 2.667289016388675122e+02 2.633216539951958453e+02 2.678059253816489900e+02
2.451019395695235801e+02 2.447306180013382004e+02 2.440710973525041538e+02 2.454319737511192443e+02
2.493990377774344722e+02 2.498014769566923121e+02 2.483982938231407900e+02 2.497900118239989808e+02
2.633030903517471302e+02 2.636310470500781094e+02 2.612098266279647305e+02 2.638374449497538308e+02
2.649075054157268596e+02 2.650181308133905986e+02 2.613441074157749426e+02 2.650967294833610026e+02
2.701335628975377290e+02 2.707958688061595467e+02 2.679234921133004832e+02 2.713188213807830493e+02
2.490743985706326100e+02 2.491895347172820152e+02 2.486031886312010215e+02 2.495023733570602644e+02
2.529831227186529929e+02 2.537919551705976460e+02 2.515244450645054712e+02 2.538018948153474810e+02
2.477792844453099690e+02 2.482889753029896553e+02 2.472742433567094906e+02 2.487176102222303200e+02
2.484512595824204482e+02 2.483022448336746208e+02 2.477962390372742334e+02 2.488283301991934309e+02
2.884238714983793557e+02 2.890489559287116208e+02 2.881187149649695698e+02 2.899227203937370518e+02
2.489141549356191661e+02 2.491173521338581622e+02 2.484152408768929661e+02 2.495885452004426099e+02
2.634592519544086713e+02 2.644432491823423561e+02 2.607899312207313187e+02 2.639296524728836744e+02
2.552368009500537198e+02 2.562150286500316270e+02 2.541924987650013747e+02 2.565461531771088062e+02
2.650086068671995463e+02 2.651161617384102556e+02 2.627126479229272604e+02 2.657564294120307977e+02
2.710667629830501255e+02 2.719314105930062055e+02 2.684766362942799560e+02 2.712002422340967200e+02
2.466620514763617109e+02 2.468981340927424810e+02 2.461583411316469778e+02 2.470721291783930269e+02
2.683647019165569532e+02 2.693698074196196899e+02 2.652773863943989454e+02 2.692671078850763706e+02
2.438703992055095569e+02 2.443178839471619881e+02 2.432142773344580178e+02 2.448599432467633790e+02
2.474865987257415441e+02 2.479819965133254129e+02 2.465684107800076390e+02 2.481213831259022129e+02
2.592486665761644531e+02 2.600009661075803251e+02 2.574921697751856300e+02 2.601727981837571519e+02
2.569863811097254143e+02 2.574362468915433624e+02 2.544737384989030602e+02 2.572244061268038990e+02
2.456831783091364230e+02 2.459834010357386376e+02 2.449358771789940192e+02 2.460740428848751264e+02
2.475732695236392544e+02 2.483471161434354428e+02 2.469916175938654419e+02 2.481431036926055640e+02
2.451789384490221835e+02 2.455112257144540138e+02 2.440243097535116306e+02 2.457301298564998433e+02
2.465020926706389446e+02 2.467907272143824002e+02 2.451166318629227305e+02 2.474660687244536632e+02
2.469710348088534317e+02 2.469284558828640570e+02 2.458748139599694014e+02 2.475990032830822543e+02
2.787792817830372201e+02 2.795875679278291273e+02 2.776712043086532162e+02 2.799094209289942796e+02
2.489615209788029233e+02 2.490946729862367874e+02 2.480196424075981554e+02 2.498816498659929835e+02
2.697284184738159638e+02 2.693765181777657176e+02 2.661496038941868960e+02 2.690584993701274925e+02
2.443541135277534408e+02 2.445812217338186088e+02 2.437227481349649736e+02 2.451095988617493902e+02
2.493193720050945217e+02 2.499586877493030386e+02 2.475755236086523610e+02 2.501986029430447900e+02
2.471500966791209635e+02 2.475063149262566924e+02 2.465014891683092628e+02 2.471537452394996990e+02
2.508761585137356462e+02 2.512768087138971111e+02 2.501997725618604989e+02 2.514604687571574004e+02
2.451998234115118862e+02 2.452976633596161662e+02 2.442108230928444073e+02 2.455563319592591256e+02
2.458849282806922929e+02 2.460349191988155440e+02 2.448373130052733586e+02 2.462792139124712776e+02
2.506216405799575568e+02 2.509495752696563500e+02 2.493325597430956293e+02 2.511909581955264343e+02
2.459681242258607483e+02 2.461142204256870514e+02 2.454430004147962450e+02 2.464812023152633174e+02
2.493749305816301387e+02 2.498029343300411824e+02 2.490220215150494312e+02 2.499821963954561852e+02
2.465862057745868299e+02 2.469570777708914022e+02 2.458112455868092354e+02 2.473017139104252067e+02
2.860054461385029754e+02 2.863614692742243051e+02 2.843563997662416227e+02 2.862015762567093589e+02
2.454835445495496344e+02 2.457523894793037584e+02 2.450148665823006127e+02 2.460995709435566141e+02
2.656283287531193764e+02 2.664142214401408069e+02 2.636449246075402471e+02 2.665514172394351817e+02
2.549875934873053041e+02 2.556822785970165057e+02 2.532668341533263572e+02 2.559368454931584722e+02
2.774126639772172211e+02 2.780783049673565870e+02 2.753037444490490770e+02 2.778286008711787076e+02
2.458326434224063632e+02 2.458255228456179111e+02 2.452254893900912691e+02 2.461919265970220181e+02
2.813513650062009788e+02 2.821021369752726855e+02 2.801026398291509167e+02 2.825071797615231048e+02
2.628036759340012622e+02 2.626530970271013530e+02 2.601575576834096069e+02 2.632226304064789701e+02
2.450358752566272358e+02 2.455167541430803624e+02 2.444262616958931460e+02 2.460680686406390407e+02
2.446099450108700353e+02 2.451463665177441271e+02 2.440905840598284442e+02 2.449801121668931501e+02
2.859929883968904960e+02 2.850303207798814356e+02 2.827264629789787023e+02 2.862563459028534680e+02
2.528046530605423072e+02 2.532011924970298935e+02 2.510812408031311236e+02 2.534882259421920594e+02
2.479636190284734596e+02 2.475710711457288369e+02 2.473366700861437835e+02 2.485694986843368497e+02
2.429178176244558074e+02 2.428794285727180124e+02 2.416320482749093799e+02 2.436437647678937992e+02
2.648169730147882319e+02 2.660930257546037865e+02 2.617496633365797720e+02 2.656920722395472012e+02
2.497231601349448056e+02 2.497023945487817684e+02 2.486494512852146670e+02 2.504752770156654549e+02
