2.731181183819820149e+02 2.730401455482591473e+02 2.709028557161873891e+02 2.728142999002819238e+02
2.947512821906794898e+02 2.944247747923253655e+02 2.930394657480488831e+02 2.943543580861673945e+02
2.590328816820899647e+02 2.590439766596044819e+02 2.584965476872227441e+02 2.589598871124723019e+02
2.627582953023742789e+02 2.631101097873027470e+02 2.635575813892332349e+02 2.635272961856225038e+02
2.603398145137747974e+02 2.600841245101477170e+02 2.599697729721225983e+02 2.602082727530473107e+02
2.647029230262246529e+02 2.651813785566311594e+02 2.651180861713288550e+02 2.652435935040068671e+02
2.811027838669097605e+02 2.808748399598087531e+02 2.786450500780217681e+02 2.814595809747677322e+02
2.717491466568582155e+02 2.718881618527985893e+02 2.706955217084833976e+02 2.725726098826239649e+02
2.619836903081779838e+02 2.617772007110638128e+02 2.615692971586317981e+02 2.619792728245387821e+02
2.600040449494823065e+02 2.600965588302291280e+02 2.596571277722402442e+02 2.603117800598899407e+02
2.808194020191569962e+02 2.809036823476281484e+02 2.790365244035754131e+02 2.813414000773939847e+02
2.634309498929927713e+02 2.642617650616068659e+02 2.620414203882465358e+02 2.637913543815258208e+02
2.613849285472125530e+02 2.611767652445349199e+02 2.604216482009850324e+02 2.619060253978598780e+02
2.768464686739835656e+02 2.772216453924094139e+02 2.752709093758738277e+02 2.773086281376769193e+02
2.566653639375235798e+02 2.569760920201823069e+02 2.566527968055415272e+02 2.569499804707048156e+02
2.654331266344519236e+02 2.657164224928802128e+02 2.649112062420994107e+02 2.661890279029103112e+02
3.088955423734126384e+02 3.086830391628969892e+02 3.080649927780512485e+02 3.061647136505313256e+02
2.621735255561789586e+02 2.617157123796295650e+02 2.609423425332649913e+02 2.611859856858999365e+02
2.806892257683974208e+02 2.816404505747428288e+02 2.786988435107733721e+02 2.810751923446249521e+02
2.625224693322737721e+02 2.626322158944529974e+02 2.620927944120846860e+02 2.627230035481909454e+02
2.601418007211738086e+02 2.599141281813784303e+02 2.597752962105984125e+02 2.600360464635730864e+02
2.661274870970027564e+02 2.657367400763432101e+02 2.641925489940666125e+02 2.663454238967934202e+02
2.866765653137757681e+02 2.862836485998718672e+02 2.847935346268442913e+02 2.856250300580291537e+02
2.600278849433045707e+02 2.604496664327955386e+02 2.603077273918638639e+02 2.603145948121572815e+02
2.840936502409172135e+02 2.849254724911572225e+02 2.825524631078210405e+02 2.844605183037385245e+02
2.661737943819919110e+02 2.664355375527070464e+02 2.651897675626318005e+02 2.677767106035523739e+02
2.645898994551835699e+02 2.641434601089098351e+02 2.636035407180550578e+02 2.652071779663712618e+02
2.601693196217602804e+02 2.597985803148897048e+02 2.597336964025977863e+02 2.598303786410952512e+02
2.646021598691911549e+02 2.656065587495900218e+02 2.646621253351580094e+02 2.657443688737871526e+02
2.577980285617364871e+02 2.579363972137890073e+02 2.566742125695159302e+02 2.580219568232218421e+02
2.670512941159303750e+02 2.678965712403681323e+02 2.659868422399878796e+02 2.682888680688977843e+02
2.542753630808950049e+02 2.540569205084806299e+02 2.537484279629678383e+02 2.546652011245306255e+02
2.599855578927720217e+02 2.600234331787335122e+02 2.591340570973719082e+02 2.599956501148155894e+02
2.578488342135477183e+02 2.583170238663868190e+02 2.578792152410402423e+02 2.585000638561588175e+02
2.626730786381197618e+02 2.629523706186000709e+02 2.622796500435366625e+02 2.636494455194194870e+02
2.753292162177679643e+02 2.757017520247372317e+02 2.739490096737743556e+02 2.760841904458905560e+02
2.600821889854129267e+02 2.602121396766444263e+02 2.593593702465677211e+02 2.603723619308555612e+02
2.597781134104753278e+02 2.601073752684277451e+02 2.601370984421572530e+02 2.600535506053100789e+02
2.895031911506429765e+02 2.888164427384851365e+02 2.869643785798721751e+02 2.888293032657542199e+02
2.622024374677579317e+02 2.623710519733552928e+02 2.622543387588327164e+02 2.625501637227921492e+02
2.656246253687327794e+02 2.652851428496689437e+02 2.638206185474801373e+02 2.665313998672105527e+02
2.586911748493705545e+02 2.582866490310369159e+02 2.582573516109383149e+02 2.586276462788526942e+02
2.641510065938380762e+02 2.647500825211480446e+02 2.629934244299870443e+02 2.639676791542027559e+02
2.589167860795782303e+02 2.592517928080699221e+02 2.588933253855137195e+02 2.588686492291585068e+02
2.598835348181371501e+02 2.596907032337302894e+02 2.588481558435884153e+02 2.598410274371343007e+02
2.758660784945559499e+02 2.765200372213053015e+02 2.734258318219457919e+02 2.747881158133556596e+02
2.628131931234813123e+02 2.627183833703370510e+02 2.630233573346123421e+02 2.624556885533856416e+02
2.616548734356259729e+02 2.623704581478709201e+02 2.618895723241250835e+02 2.619499148337079077e+02
2.758891170362487628e+02 2.756871130719338794e+02 2.738654963145317538e+02 2.754509655842796860e+02
2.572672001677281628e+02 2.572987975679371289e+02 2.572940277572872105e+02 2.574302720804684554e+02
2.688202877581928760e+02 2.689956904601787642e+02 2.672357561461689670e+02 2.689216526308214270e+02
2.600464255299008300e+02 2.603834805677101940e+02 2.594590417729663727e+02 2.602684127943419981e+02
2.926512767360345038e+02 2.935967021097766292e+02 2.907115274926939605e+02 2.913583799444729152e+02
2.575800244384024040e+02 2.575192841506759009e+02 2.573657531627666231e+02 2.571462828318154834e+02
2.576358744283259625e+02 2.579016494954710765e+02 2.576885352100011914e+02 2.582339468965800506e+02
2.709443093658023258e+02 2.701776839250804869e+02 2.686017009738089314e+02 2.704742864078666571e+02
2.675523619440824064e+02 2.675148947145379452e+02 2.666699922174433368e+02 2.678701915664911439e+02
2.657556820787052061e+02 2.653847784814354327e+02 2.650222439612233529e+02 2.652204091022923649e+02
2.615797495233632617e+02 2.612498605350946832e+02 2.603839903493310430e+02 2.618394208217794699e+02
2.577361926606662337e+02 2.578112314413376680e+02 2.578345957059469811e+02 2.574374357851927471e+02
2.586906235991315270e+02 2.586533222570252519e+02 2.576756855657973801e+02 2.583306774339126264e+02
2.629103975303344782e+02 2.629408687530214479e+02 2.630010392754427357e+02 2.626304665120872528e+02
2.558529029931823970e+02 2.560354619079418512e+02 2.553079032859561437e+02 2.559820415263575342e+02
2.621840305817877947e+02 2.628719066147643844e+02 2.618863639638153700e+02 2.624411848862002898e+02
2.760289566155688021e+02 2.775404201595098925e+02 2.748600721732044008e+02 2.769894499960499843e+02
2.715953709224690442e+02 2.723941419804674524e+02 2.705019346862503653e+02 2.720332422080191463e+02
2.740953476974297587e+02 2.746054721614110008e+02 2.719484507009731260e+02 2.740905474767329224e+02
2.691509528821153481e+02 2.693780012852957952e+02 2.679342214630475496e+02 2.694423370435624179e+02
2.575930867948389391e+02 2.576947028666015171e+02 2.574696419144273705e+02 2.576962938465161415e+02
2.771854825872649144e+02 2.773857907353138899e+02 2.756796920863574769e+02 2.776724420665148045e+02
2.654264513092145990e+02 2.657069410792918802e+02 2.652919764625839889e+02 2.655254034303522985e+02
2.586696136890291200e+02 2.587578238359540137e+02 2.586108171038170553e+02 2.590035689571756166e+02
2.616312405041389297e+02 2.621338297600764236e+02 2.608814452048368366e+02 2.624957881549256058e+02
2.648290771155743641e+02 2.653281088919422359e+02 2.640585028339214091e+02 2.648465817675365770e+02
2.709104992942469607e+02 2.711399897593736910e+02 2.701500572634689092e+02 2.714502988097551679e+02
2.744837646138439027e+02 2.753808406867882468e+02 2.729730702180463595e+02 2.753919522773359745e+02
2.692442224277345986e+02 2.702180886829338533e+02 2.681573996030503508e+02 2.703434113381674706e+02
2.645061351905195011e+02 2.647107380255043836e+02 2.640503313874461924e+02 2.645860843241139833e+02
2.608503150107820829e+02 2.617990481660227715e+02 2.603535619201850295e+02 2.617202714732434856e+02
2.816675824631071237e+02 2.814643810271432471e+02 2.790190906333176031e+02 2.805335907244866576e+02
2.680728140302968541e+02 2.683640183128050580e+02 2.661719872673201621e+02 2.683153891900697090e+02
2.727865404493594497e+02 2.730482653038415606e+02 2.711499609303135685e+02 2.730890899965842777e+02
2.813166267395787372e+02 2.819886823866938244e+02 2.794088323239091665e+02 2.814621910683147235e+02
2.770950166617486730e+02 2.766177590566851450e+02 2.748875019170375822e+02 2.774115440685815770e+02
2.738098955073944012e+02 2.727111865765812126e+02 2.705349313381466914e+02 2.726276373934527442e+02
2.743016535217746537e+02 2.753854404514739826e+02 2.730581165785523012e+02 2.750355711736195303e+02
2.847139075214645914e+02 2.855104444598741793e+02 2.831924927230792264e+02 2.852426180148788717e+02
2.602833973578854625e+02 2.602056930092817311e+02 2.601722259680394131e+02 2.607179376700447051e+02
2.623843587422387600e+02 2.623004739345201415e+02 2.616751096000674579e+02 2.628509284351996484e+02
2.600937502332507165e+02 2.600855127863778762e+02 2.597336163524048516e+02 2.598423103319551046e+02
2.626811894887330823e+02 2.631673977319522919e+02 2.616637674121739110e+02 2.639989031853125994e+02
2.826579009878836928e+02 2.824736696680616319e+02 2.794045987760098910e+02 2.830134457396241601e+02
2.633071898065866208e+02 2.633399033050074536e+02 2.621056855011759126e+02 2.636390648959910550e+02
2.685882453298538053e+02 2.686192699002797326e+02 2.666717078793262203e+02 2.691872026963850999e+02
2.577138413655786735e+02 2.575402847687024064e+02 2.569710998598044398e+02 2.577635871789080966e+02
2.638275144539496182e+02 2.643493647422112645e+02 2.631578909533787396e+02 2.646558429792345919e+02
2.749897850827896946e+02 2.753677862513868035e+02 2.736229068688248276e+02 2.752737174948825896e+02
2.661032764866561706e+02 2.661824391858686454e+02 2.653521412685809082e+02 2.664320376904267960e+02
2.645299467798978981e+02 2.645032573273293224e+02 2.633196775984660576e+02 2.647024444382350907e+02
2.603895882140200229e+02 2.606087274513189982e+02 2.589497164899881909e+02 2.607251199399815391e+02
2.650888777606130589e+02 2.655787258825559434e+02 2.638439529606387737e+02 2.658215598772715680e+02
3.070077251710320638e+02 3.078359463212797777e+02 3.069763555991774524e+02 3.058082434012568456e+02
2.554755309192393611e+02 2.550587091190410831e+02 2.549281611249188870e+02 2.555621344545498062e+02
2.643066940852414746e+02 2.639560316343835780e+02 2.637747465398316535e+02 2.643819388745924925e+02
2.625660741648675298e+02 2.623223906292962511e+02 2.621345708940998520e+02 2.618425867828813125e+02
2.606570300499259929e+02 2.611809484329918973e+02 2.598911880592247030e+02 2.611290068189184694e+02
2.788302140281467700e+02 2.796955517145353269e+02 2.770927683437161022e+02 2.802342821634060783e+02
2.656134020605562114e+02 2.656479577147173359e+02 2.644072564097568261e+02 2.658697626517001140e+02
2.621702426249230484e+02 2.623472070663725617e+02 2.618330060654531053e+02 2.623040558121882100e+02
2.608323674555606431e+02 2.605541721206785724e+02 2.604447445538280022e+02 2.612232116530219059e+02
2.685198592470407561e+02 2.695259271197502926e+02 2.682501027495940775e+02 2.697341515483022931e+02
2.752858859348092437e+02 2.762341295258270861e+02 2.739325700646343762e+02 2.762562184269563090e+02
2.642042223368537179e+02 2.639905728241953966e+02 2.626892834212925436e+02 2.646038121503942762e+02
2.566520247682203149e+02 2.565576396044915555e+02 2.561725073127011569e+02 2.571853806068942845e+02
2.896826110928540174e+02 2.909534435711896094e+02 2.884871125715084190e+02 2.899834960402175170e+02
2.622806475616313264e+02 2.622695087592124992e+02 2.610356339284741125e+02 2.622116814011700399e+02
2.851403723805483992e+02 2.859386117636960307e+02 2.833423256081948693e+02 2.856353588854238410e+02
2.601936026812262526e+02 2.606964045932980980e+02 2.601420395535340617e+02 2.603760567528061074e+02
2.613914050010291703e+02 2.614160541769642236e+02 2.612463773821740460e+02 2.611752778645110311e+02
2.677062836672312756e+02 2.681273912206306136e+02 2.667270389471111685e+02 2.680022627335405332e+02
2.660354887796709704e+02 2.661643125437286130e+02 2.655811527864937602e+02 2.660492909298412769e+02
2.628404716402675945e+02 2.630088534052355271e+02 2.618496160304489990e+02 2.623304946499724792e+02
2.779622296377369821e+02 2.783320795459408146e+02 2.768098711932858009e+02 2.790605073777222742e+02
2.606189773104081269e+02 2.603243095278101578e+02 2.608184799586675240e+02 2.610019943753769098e+02
2.620648599155350666e+02 2.618364142619526547e+02 2.613122089233851284e+02 2.618940606564514155e+02
2.646285220073128244e+02 2.646412581385789053e+02 2.648141516239260227e+02 2.651566078081182241e+02
2.582259913031194856e+02 2.584160074897415598e+02 2.581573567241143223e+02 2.585742669197186387e+02
2.726223609659105023e+02 2.725151102584015348e+02 2.702105797016576503e+02 2.730237528953072115e+02
2.527215047552696490e+02 2.530612490475263314e+02 2.521728208880915645e+02 2.528572887774168123e+02
2.915623931672267872e+02 2.926077197817720048e+02 2.895153968769611197e+02 2.915753533702957725e+02
2.691123365442382465e+02 2.693508673088505248e+02 2.674682629832432212e+02 2.693900919395437654e+02
2.538422556372963470e+02 2.536775960971819188e+02 2.529307054558283880e+02 2.539890408086925788e+02
2.592203251580762640e+02 2.597187323321506938e+02 2.583653849124198132e+02 2.598466255738906057e+02
2.734863742029248783e+02 2.741572241813121309e+02 2.723839958938094696e+02 2.741079355593100217e+02
2.623010758313117208e+02 2.623028540149274477e+02 2.614677772418692712e+02 2.626005729554491950e+02
2.625329315396544416e+02 2.624568988702628758e+02 2.617011253196889697e+02 2.622669074594541030e+02
2.809401583885767195e+02 2.814557792300981873e+02 2.786086355242213131e+02 2.810864680388696684e+02
2.619347826681757851e+02 2.616276051690495592e+02 2.612265516172368507e+02 2.622454270413544464e+02
2.631871384719594857e+02 2.636949984441341144e+02 2.634433012378445937e+02 2.633113709855783782e+02
2.590098038994416356e+02 2.593601045797771008e+02 2.584010664804785051e+02 2.594394540787304209e+02
2.598486039337898319e+02 2.595634492839816403e+02 2.592945800424233767e+02 2.597330581450497107e+02
2.600460419688271827e+02 2.601668336472678220e+02 2.599899848891518559e+02 2.604612277172723793e+02
2.707466275479369529e+02 2.725860777489693305e+02 2.698852140338561867e+02 2.721712971296348655e+02
2.848319544994540138e+02 2.857979953326120608e+02 2.831749317663400802e+02 2.852508030803119254e+02
2.736098046213104453e+02 2.737633279527676677e+02 2.722852873906417699e+02 2.744210088655781306e+02
2.945599333756589999e+02 2.955635085051376905e+02 2.937482668807678010e+02 2.949956014541829745e+02
2.798959655884876270e+02 2.806219850807070770e+02 2.781865559724272998e+02 2.802769616428782342e+02
2.951398516740197238e+02 2.942224228655475144e+02 2.936934901968263603e+02 2.946588279629467024e+02
2.573981378523686203e+02 2.573877571055950852e+02 2.573722268829222344e+02 2.579699102927852437e+02
2.640993854292289598e+02 2.644214047618468157e+02 2.631407863900587358e+02 2.637714667520052103e+02
2.657319058150005731e+02 2.654811884329330383e+02 2.646748001111650410e+02 2.657925529908389990e+02
2.787735217382922315e+02 2.793851217296697769e+02 2.758027805340260556e+02 2.788488293103714568e+02
2.769378928954047865e+02 2.768517209672234571e+02 2.758751847664354386e+02 2.773440577098795643e+02
2.613360325115772866e+02 2.616833774407010651e+02 2.613728285288613051e+02 2.614782437548452094e+02
2.872865797953951414e+02 2.872460013337674241e+02 2.846201516296966361e+02 2.854415780858237781e+02
2.603506211946976805e+02 2.595995550625303281e+02 2.595898647442610923e+02 2.592235807331491060e+02
2.706123787510367151e+02 2.713410588110016874e+02 2.688540431911923747e+02 2.708492839392338283e+02
2.580276271282151015e+02 2.584422306056134175e+02 2.574668621551543879e+02 2.579281408699561098e+02
2.588389258362802252e+02 2.588395520649303876e+02 2.587563507121891462e+02 2.586848239831149954e+02
2.584886897284528118e+02 2.581779606275180754e+02 2.585617973735880923e+02 2.590288488265726983e+02
2.594231293580029956e+02 2.593062595076797834e+02 2.587350659352352977e+02 2.595035060251030927e+02
3.065905034452561040e+02 3.062900008989033154e+02 3.045184573118505114e+02 3.043382264347502542e+02
2.597718033861518165e+02 2.594702024157842288e+02 2.586935741467812591e+02 2.597219346851733235e+02
2.581790876178166627e+02 2.577450060439330173e+02 2.576711283409607063e+02 2.576258362069556824e+02
2.628843455038670527e+02 2.639557987490364326e+02 2.626337366543368717e+02 2.642109761302630773e+02
2.825956286339001622e+02 2.827497813666813613e+02 2.802871029141176678e+02 2.820891209412769172e+02
2.648142664987181547e+02 2.652517833736154671e+02 2.635594754276283425e+02 2.650335517203390054e+02
2.586415450915831684e+02 2.587951346032016318e+02 2.575103274541642691e+02 2.589479286581089355e+02
2.609964100290289934e+02 2.609775969021457058e+02 2.600077026585178146e+02 2.605379505994678198e+02
2.599975965251738330e+02 2.605678451397347999e+02 2.599209469392085339e+02 2.603698762951470371e+02
2.615946704812670873e+02 2.616117907010480508e+02 2.602788001604570240e+02 2.618768162998216553e+02
2.612606753232682877e+02 2.614019710381409141e+02 2.608893950438248339e+02 2.616397335945353007e+02
2.602778237663873142e+02 2.605317990841436426e+02 2.608104799256815340e+02 2.605552327175448681e+02
2.609962220099158117e+02 2.613896848585483212e+02 2.611684497687394355e+02 2.612112994577569793e+02
2.676425059654664551e+02 2.671327773074007155e+02 2.662324668099168434e+02 2.676343016388477736e+02
2.701772422653029366e+02 2.701756359694996945e+02 2.675310699437988546e+02 2.707067498166418318e+02
2.688213641765410671e+02 2.690439849087966877e+02 2.671120103624972444e+02 2.689315630314909527e+02
2.637870101757250723e+02 2.639999878276337881e+02 2.624382691268533563e+02 2.636095116174339523e+02
2.963285873841098237e+02 2.963493814706014859e+02 2.949062475752711521e+02 2.952659460613939473e+02
2.586786308196162167e+02 2.588300842297943518e+02 2.579222245008048162e+02 2.589807963250704006e+02
2.698319185728193474e+02 2.707016432922649187e+02 2.678658864330240021e+02 2.709433549224408466e+02
2.608483650053173051e+02 2.612776349001429139e+02 2.597908338714051411e+02 2.618753566017982735e+02
2.688686497019874651e+02 2.695124040227059368e+02 2.679943905239634319e+02 2.694225147743313755e+02
2.648583752419007169e+02 2.648394070202418220e+02 2.635693987140493846e+02 2.653758983250231722e+02
2.604043138514347788e+02 2.599616649490983491e+02 2.595132111719476029e+02 2.604270672590245113e+02
2.609521131086043511e+02 2.606700272935553357e+02 2.607337718921587566e+02 2.616649726489726504e+02
2.749084501435124821e+02 2.752712439312560377e+02 2.724260400757464708e+02 2.746668444501173099e+02
2.747883524059288902e+02 2.741298575175414953e+02 2.724699693036312738e+02 2.748658969015604612e+02
2.718930061587864202e+02 2.715122603932379661e+02 2.701811442019129572e+02 2.722700033101897930e+02
2.651229592500788499e+02 2.655545039346715726e+02 2.639925978066117978e+02 2.658084103436469832e+02
2.615147146949449848e+02 2.614442724739511732e+02 2.608621539780680791e+02 2.617097454524627551e+02
2.697309214040370762e+02 2.699210545500656622e+02 2.682288777025770514e+02 2.701638498517102107e+02
3.037968577971331001e+02 3.032966591024863305e+02 3.023935851200830029e+02 3.035739280888324743e+02
2.629525230010013388e+02 2.628452415613529070e+02 2.623477864251045730e+02 2.630796149553198120e+02
2.644309849908671026e+02 2.651956767903499212e+02 2.636604529099066667e+02 2.648371729521737166e+02
2.763403076199207931e+02 2.752856879642301351e+02 2.735005162113474171e+02 2.756251076921296317e+02
2.845789561679497979e+02 2.844192094716111114e+02 2.828140157705105366e+02 2.846316494793841230e+02
2.607890016985168700e+02 2.605218738851045828e+02 2.598246382760665369e+02 2.607784254564506909e+02
2.624263343921530804e+02 2.616033796992923612e+02 2.608052753081851733e+02 2.627117412524274300e+02
2.842512918078098778e+02 2.844432189852498709e+02 2.819675733244554863e+02 2.838489846034366906e+02
2.595315146178010082e+02 2.593167089899762914e+02 2.591076482850590992e+02 2.601228061865521681e+02
2.658125627996097933e+02 2.657749715891458209e+02 2.646826519612421862e+02 2.667247098368388833e+02
2.918960637629390931e+02 2.917974523717666671e+02 2.910361778309369356e+02 2.910438062985194847e+02
2.600493676919983272e+02 2.610918516739267261e+02 2.584691731216103676e+02 2.610839055363531998e+02
2.668299933285089764e+02 2.670918212105122507e+02 2.654170115147920797e+02 2.669116746966510050e+02
2.877344823992012266e+02 2.883627798407350156e+02 2.856406211882668913e+02 2.875661739648865591e+02
2.608241577186921631e+02 2.605733360162276426e+02 2.606118229202219823e+02 2.609973734115341699e+02
2.956330968893539648e+02 2.949943632167497753e+02 2.933369617674218830e+02 2.948001104294505694e+02
2.767989933122357229e+02 2.770683734549965607e+02 2.753905179782204300e+02 2.763854056833595223e+02
2.808604472163355581e+02 2.814030365921487942e+02 2.788208976175491216e+02 2.803458851115396442e+02
2.585595742598023321e+02 2.592193752803328266e+02 2.585687178028619542e+02 2.586535419837022687e+02
2.598935970204952355e+02 2.605500101675979749e+02 2.598211316026108193e+02 2.598031923289710221e+02
2.600781889506214952e+02 2.600924760565888505e+02 2.591232848027098612e+02 2.603666986566249193e+02
2.592910626933153253e+02 2.595963002861994369e+02 2.589643864046044541e+02 2.599040697297862152e+02
2.695507650149027086e+02 2.696539968713904045e+02 2.691004501840855028e+02 2.693374074793655382e+02
2.563061317674602719e+02 2.556063412608126271e+02 2.554231377024044320e+02 2.563818686342249293e+02
2.604605292615896701e+02 2.604259305028787708e+02 2.594828706742101758e+02 2.607371802795872782e+02
2.990017143851941910e+02 2.982843772382881298e+02 2.980632325606236463e+02 2.979879891197267625e+02
2.637130695742773696e+02 2.637627879957380514e+02 2.628840958734105584e+02 2.637729050109359150e+02
2.590910989074045574e+02 2.593905192357833585e+02 2.590287390663196447e+02 2.593054936404899422e+02
2.626781981997561388e+02 2.626177748208418166e+02 2.621852088663486597e+02 2.630048513337931695e+02
2.722383277279753884e+02 2.731140881430615082e+02 2.709242346027463100e+02 2.735308521426952666e+02
2.590215739105292414e+02 2.594143127619267943e+02 2.591106894310426014e+02 2.595545994247297017e+02
2.683116676270736320e+02 2.685425490856141550e+02 2.680942129020835978e+02 2.695834495083956313e+02
2.675414336479906865e+02 2.686124977414082764e+02 2.667551623257259621e+02 2.688295160659016005e+02
2.727924121760063372e+02 2.734319306963322447e+02 2.711627208316368183e+02 2.733706848581339841e+02
2.682765867231306061e+02 2.681042427208449794e+02 2.673565877238825692e+02 2.690445854325122923e+02
2.627305682801896296e+02 2.626711711761614652e+02 2.616063436636713391e+02 2.629808543306020852e+02
2.924043714852677454e+02 2.927030400001892758e+02 2.901049609991190437e+02 2.924878137392956319e+02
2.593255637493543873e+02 2.589836887815546902e+02 2.590393722077484426e+02 2.590675873459123295e+02
2.867114923759356770e+02 2.866210337922088911e+02 2.841464233691941672e+02 2.863453627496321019e+02
2.667999085683484850e+02 2.668773085662633662e+02 2.663333713226578539e+02 2.661243540608479066e+02
2.828573728470648234e+02 2.831302815351518234e+02 2.809545240284735428e+02 2.830181435619587091e+02
2.583278386441742214e+02 2.584986724166138288e+02 2.577841855893989873e+02 2.593942802427989136e+02
2.558468212169302944e+02 2.557687178552989451e+02 2.559280376812444047e+02 2.563616892470795960e+02
2.573699341405723544e+02 2.581685217928051657e+02 2.566944318497876907e+02 2.578261998749723602e+02
2.607954006998091927e+02 2.609869590898252909e+02 2.599791624156113699e+02 2.603245786132336548e+02
2.637650260718798449e+02 2.644366441849986131e+02 2.626206068052314890e+02 2.641133686053992733e+02
2.613090090946740247e+02 2.612308982375446362e+02 2.603705994344029477e+02 2.615342436273738826e+02
2.640922030738356057e+02 2.640677523933239286e+02 2.629541813592142034e+02 2.642268082441815409e+02
2.902119778085215103e+02 2.909549231599078780e+02 2.886867667928851802e+02 2.899445946105559528e+02
2.653403215767035590e+02 2.657477636284919527e+02 2.644581621359537280e+02 2.658904324262448426e+02
2.685429307116671680e+02 2.685089086984334017e+02 2.670804141484669003e+02 2.684851593085746231e+02
2.646001329467845835e+02 2.645739776394912042e+02 2.633229696207750976e+02 2.648920031982468686e+02
2.637768145342634512e+02 2.639368305579166645e+02 2.630190175228870544e+02 2.637965245284824505e+02
2.578822062793078089e+02 2.574793259817943181e+02 2.575145130588896336e+02 2.579766062636281845e+02
2.570454923335832973e+02 2.572307393021476400e+02 2.565844856579055886e+02 2.577842030387157024e+02
2.600786218371060841e+02 2.599035307372807893e+02 2.598391434472349033e+02 2.601894171188429823e+02
2.644362527745688567e+02 2.653111631956280689e+02 2.639201061104906216e+02 2.648393778688597990e+02
2.677262106926458500e+02 2.677800053739305781e+02 2.658929053469859696e+02 2.674376522691017612e+02
2.607722359378645933e+02 2.610584104707079973e+02 2.592867755711574205e+02 2.617176124065607610e+02
2.592284485594107650e+02 2.588197106716689859e+02 2.585209160209908532e+02 2.590045272651721007e+02
2.606828221565755825e+02 2.605223607838644284e+02 2.598343634215839870e+02 2.610378024329434652e+02
2.735777791299838100e+02 2.745807922836351622e+02 2.722869521492185640e+02 2.746092616592387117e+02
2.584374094171099614e+02 2.582634117334714574e+02 2.577255565458359001e+02 2.583779706563045693e+02
2.652592271812816875e+02 2.658020511695497703e+02 2.646748906317811816e+02 2.655761271968647748e+02
2.599224567783513749e+02 2.600607490180250920e+02 2.594854432702753684e+02 2.599597785723985908e+02
2.785212093933464530e+02 2.793995237701595897e+02 2.764745518917011964e+02 2.789301314024428962e+02
2.863331975364901609e+02 2.863566017654385973e+02 2.851439975579821748e+02 2.872067128958545368e+02
2.991579847378176851e+02 2.991432677210670477e+02 2.969263981174203195e+02 2.975348144532143806e+02
2.811049217266577784e+02 2.822530222136095404e+02 2.797851160601875904e+02 2.823493340876116235e+02
2.596605737207253242e+02 2.590460449072711526e+02 2.583357379503319180e+02 2.592333209539816608e+02
2.693359422521394322e+02 2.691985709019907631e+02 2.676161658365106746e+02 2.698161393807154695e+02
2.721897494785893059e+02 2.730109330693672973e+02 2.709340839991629082e+02 2.728311097291838792e+02
2.717317217567299394e+02 2.716477402928554739e+02 2.704544058795403316e+02 2.725835884348479681e+02
3.052150989315932179e+02 3.049125997410278046e+02 3.040715360917580483e+02 3.044311025289275676e+02
2.714744745029353794e+02 2.722129067004750596e+02 2.691035626567938266e+02 2.724358558807282407e+02
2.621280373095383425e+02 2.630416758327880871e+02 2.613271309428740210e+02 2.623501766914700397e+02
3.042177364029843147e+02 3.036567846053762310e+02 3.037968279348439182e+02 3.032429311437199999e+02
2.657031726831451692e+02 2.658289487250096386e+02 2.648573810261905805e+02 2.667404098230225031e+02
2.572012321607332979e+02 2.577811169401430220e+02 2.566014664268599859e+02 2.577458206526445679e+02
2.597428229242870543e+02 2.600381890610435676e+02 2.598907345504489967e+02 2.602294714646437797e+02
2.554983128696700021e+02 2.559392059776769202e+02 2.549660257777304082e+02 2.559727325923064996e+02
2.702306806126046581e+02 2.712688768897397154e+02 2.693205771722151667e+02 2.708983402903270417e+02
2.991520246130984901e+02 2.989283105564575749e+02 2.968968743785437141e+02 2.976279559955176524e+02
2.839744108440486912e+02 2.855079256716456939e+02 2.830161631693592312e+02 2.846491707937593674e+02
2.600924811693603260e+02 2.603905787211082838e+02 2.599575812823003389e+02 2.602459664592322497e+02
2.637474165031377424e+02 2.644784180998416332e+02 2.631414416862611461e+02 2.645271078923835262e+02
2.634234188947444864e+02 2.635408932000243567e+02 2.623591251285410522e+02 2.642192206133503305e+02
2.620147596763333127e+02 2.625067437442911000e+02 2.614384147032116061e+02 2.624596627247444189e+02
2.726079655990187689e+02 2.731495878677941960e+02 2.718152652317429556e+02 2.739378013337571360e+02
2.590554578656768854e+02 2.589250635197171846e+02 2.589438140268202346e+02 2.590995629270684049e+02
2.952572184154277579e+02 2.962059533117413253e+02 2.947954865494083947e+02 2.954326936938589938e+02
2.688584711809766077e+02 2.694271301385132915e+02 2.677944414343951394e+02 2.697486406687946214e+02
2.763824745131259988e+02 2.765743576319985664e+02 2.748055016748225512e+02 2.770825014682851588e+02
2.854454449330523857e+02 2.862276149735612876e+02 2.826843452376661503e+02 2.850212553881473809e+02
2.598148918573259607e+02 2.599408206884317565e+02 2.594517953363889546e+02 2.604099711240293118e+02
2.696784334995626295e+02 2.705499631177062270e+02 2.681413870747239230e+02 2.711189822127720390e+02
2.625792203682082686e+02 2.628090639219481659e+02 2.609585877243556524e+02 2.630145087832542004e+02
2.694900759441103446e+02 2.701504327058488570e+02 2.686564288587155716e+02 2.692804449942056522e+02
3.012332877862653504e+02 3.019528721206032742e+02 3.011418707600421385e+02 3.009066899948684863e+02
2.563357819834787392e+02 2.566772124162357613e+02 2.560795960124276576e+02 2.565979795875764466e+02
2.663588180561080208e+02 2.659765842554309643e+02 2.664139901251362517e+02 2.658288104862246541e+02
2.969358000975871619e+02 2.963227557417433218e+02 2.953508764189022600e+02 2.955028507742806028e+02
2.594135419283388160e+02 2.594230289201971118e+02 2.587334806627960120e+02 2.599346557221710441e+02
2.588489055270167682e+02 2.587614595668564448e+02 2.582696347775205368e+02 2.590389649475637839e+02
2.596617649976403186e+02 2.598191416258985669e+02 2.590857970229645844e+02 2.601532099632461268e+02
2.700679284993501597e+02 2.701925110238111643e+02 2.683586351623168866e+02 2.708906492876645302e+02
2.602513567069042324e+02 2.601472714749739339e+02 2.606525843323188383e+02 2.605895974426489943e+02
2.821604611283082136e+02 2.821072145477679101e+02 2.799356134140344352e+02 2.819250185193670859e+02
2.561701441567330448e+02 2.560524770240168095e+02 2.555901062186627541e+02 2.560480114874139872e+02
2.575881717058011304e+02 2.577764789115734629e+02 2.576531333458124777e+02 2.580131427399488189e+02
2.628276809176684878e+02 2.633660415038661426e+02 2.636047787101933864e+02 2.638087029000835173e+02
2.857307977934477776e+02 2.872149129952964017e+02 2.838749319133464724e+02 2.874381814213743382e+02
2.632280644840096784e+02 2.636306240016892275e+02 2.636842414313247218e+02 2.640084308164178424e+02
2.869321268389169290e+02 2.877584447869836595e+02 2.856927667401449185e+02 2.867065686413970411e+02
2.643716360369358540e+02 2.650068991950160466e+02 2.641567387096534389e+02 2.645632982339398609e+02
2.580046111874759163e+02 2.589613536883288134e+02 2.578192759729553245e+02 2.588235194195949589e+02
2.601505911760935419e+02 2.602677892539877575e+02 2.590595217847576350e+02 2.606254032105624674e+02
2.642091102442133206e+02 2.638138843482097968e+02 2.630279461312360922e+02 2.644939227626554725e+02
2.754382545850826887e+02 2.753522475703480268e+02 2.737444198719622932e+02 2.758652155334298754e+02
2.574804866720717200e+02 2.582729167351920410e+02 2.579728610600663501e+02 2.582909465820403057e+02
2.603231366778510960e+02 2.608899102818988354e+02 2.595127521058663547e+02 2.609153014102767543e+02
2.814969370106613269e+02 2.815198052980245507e+02 2.788061902222793265e+02 2.823623002065490368e+02
2.640339205910360647e+02 2.652019957238951520e+02 2.633200072077902405e+02 2.648674592580269405e+02
2.643698568739534949e+02 2.645957824308932800e+02 2.643582516232730768e+02 2.641999018741824443e+02
2.578038596273028702e+02 2.583035392329659885e+02 2.576376253708506283e+02 2.584356516724672588e+02
2.575266480697142697e+02 2.571919075153026597e+02 2.568252864363811341e+02 2.572355204682136787e+02
2.654776177713005154e+02 2.655725601953813566e+02 2.638151047263850728e+02 2.655313449593581936e+02
2.891824827766423027e+02 2.894620891796951696e+02 2.856971028338895167e+02 2.883079742177000639e+02
2.579641756705901230e+02 2.578084038728404153e+02 2.575532622939583689e+02 2.580474140344800276e+02
2.595562016045824407e+02 2.600455365825113745e+02 2.591441092796077328e+02 2.597915104943908204e+02
2.597435810224146735e+02 2.601766710923489541e+02 2.594559604736062965e+02 2.599943060598568536e+02
2.599724573248917636e+02 2.601117729614256859e+02 2.605621401417438960e+02 2.601932033915026068e+02
2.718335630248787425e+02 2.721866436869050290e+02 2.701190499622601919e+02 2.723434990976778636e+02
2.610879007335560686e+02 2.611565134765062339e+02 2.606109849360797170e+02 2.611767863998172174e+02
2.814857476219012824e+02 2.811880784405981331e+02 2.781744281719367109e+02 2.810586093650425141e+02
2.620504767898906948e+02 2.622009978517710920e+02 2.615971248272288676e+02 2.621415090142930353e+02
2.645644546745897401e+02 2.641055119934405866e+02 2.637356780082848786e+02 2.644980640560792722e+02
3.022266982552195032e+02 3.025219741725257450e+02 2.998361574924820729e+02 3.018047562533513997e+02
2.611665577138336403e+02 2.613230525127774513e+02 2.611224174248107488e+02 2.617059636430045089e+02
2.606655548934243711e+02 2.604647958514257766e+02 2.602969539279718560e+02 2.605442213165521252e+02
2.591269410809205169e+02 2.593940084011488807e+02 2.578800510046574459e+02 2.596712834242119925e+02
2.734525598024210353e+02 2.734577693149991546e+02 2.713966546910393731e+02 2.742561458041112132e+02
2.828465495625262065e+02 2.830233875838337099e+02 2.803808921757915869e+02 2.820838995008472239e+02
2.829135893537807647e+02 2.820264801540399162e+02 2.807646545420350890e+02 2.829706784143343725e+02
2.692296098066197487e+02 2.690003405168121162e+02 2.674376194234547484e+02 2.697291281299611114e+02
2.690101366357218922e+02 2.692966911617252208e+02 2.679356882046612895e+02 2.696060392598718067e+02
2.601960926479517298e+02 2.601649814428976129e+02 2.600035445437261501e+02 2.602479560298705792e+02
2.574614887649206594e+02 2.576243032596348712e+02 2.575012126257942668e+02 2.581306929091464326e+02
2.549183101062211847e+02 2.552582068571985019e+02 2.544519246193114554e+02 2.551089458372975400e+02
2.679117289713886407e+02 2.680500586156676945e+02 2.667188829022364303e+02 2.679753587669431454e+02
2.652349496941266125e+02 2.652051282632436369e+02 2.644417831212923033e+02 2.658766571045637761e+02
2.624751097037175214e+02 2.628727059736839919e+02 2.621724522920988534e+02 2.626756225688003497e+02
2.565991010893282578e+02 2.566603153133998489e+02 2.559833077204434062e+02 2.566059457443222982e+02
2.796688272814791958e+02 2.798675680138961752e+02 2.783468314834685771e+02 2.809785405084824106e+02
2.641039862522134740e+02 2.637481043880378593e+02 2.630865930497204772e+02 2.640609359152781508e+02
2.595247436399250773e+02 2.592330915020461930e+02 2.585662604242484690e+02 2.602087476258847687e+02
2.598449440770929186e+02 2.597374310598847273e+02 2.591389288193843754e+02 2.604312910054700865e+02
2.574892896028023870e+02 2.576362294665519812e+02 2.572385644597521832e+02 2.581526631349324248e+02
2.966678402300970561e+02 2.969583585490483415e+02 2.977955531269433891e+02 2.967906583678158086e+02
2.692096786154301071e+02 2.689645929226284693e+02 2.673914162275356148e+02 2.691707303930380704e+02
2.602871414182095577e+02 2.600733953167745653e+02 2.599359735793037771e+02 2.595053476601083844e+02
2.847421198781906355e+02 2.852529937096584831e+02 2.831811544657913373e+02 2.851285983941934319e+02
2.568978940852269943e+02 2.571690287403025650e+02 2.563086598601652213e+02 2.570661559870201245e+02
2.602877591617047983e+02 2.599620842010306205e+02 2.592796672449982793e+02 2.604097983891546164e+02
2.669201053780257098e+02 2.671918638962087584e+02 2.655039981473506714e+02 2.669585479870414702e+02
2.584220414096358240e+02 2.586554599314991378e+02 2.581228618487543827e+02 2.588122428160349386e+02
3.021296153609752650e+02 3.019871526536124975e+02 3.010214996081280105e+02 3.014870367175212209e+02
2.612382062059429018e+02 2.615232394858934413e+02 2.604138532644205952e+02 2.610674832461909887e+02
2.610622093189644488e+02 2.612640845735710968e+02 2.600209368881498904e+02 2.607924283256728586e+02
2.822461544192950669e+02 2.821566746217794730e+02 2.802323648883728993e+02 2.829690654212812433e+02
2.727147063338393309e+02 2.732633699919464334e+02 2.712784486049782799e+02 2.737206573332139783e+02
2.563422111027447272e+02 2.567012210572934805e+02 2.561148797714978400e+02 2.568918697434874048e+02
3.037801146735469615e+02 3.038294394852377422e+02 3.027250261305033519e+02 3.031639682957492141e+02
2.555919618072336448e+02 2.556773076350170868e+02 2.548798443868417678e+02 2.557353737390936601e+02
2.800507428692173448e+02 2.801670026022966340e+02 2.785786980307800036e+02 2.790998480660852579e+02
2.647145617621981160e+02 2.649952779458996588e+02 2.638034988849639717e+02 2.645080427543357473e+02
2.830447440815231630e+02 2.843590652414692386e+02 2.814839435510417616e+02 2.840689175108404925e+02
2.688476363976614039e+02 2.687385532462157016e+02 2.679499723746749282e+02 2.697930616347064756e+02
2.564410983912067650e+02 2.567066897830271728e+02 2.563751336157404239e+02 2.566230871119544759e+02
2.624952662782238804e+02 2.628693622361049052e+02 2.624815383353430889e+02 2.626698012612874322e+02
2.677267901404803183e+02 2.678378004155852068e+02 2.661807948990124260e+02 2.684426288505007960e+02
2.612700733600352692e+02 2.614921443768195672e+02 2.606526235616700546e+02 2.610824218598569360e+02
2.799956743195368176e+02 2.816692982945540962e+02 2.784737898935886165e+02 2.810352109980544810e+02
2.722324167888472175e+02 2.731296792756282343e+02 2.698981572623129068e+02 2.730944973149963175e+02
2.615513213093659033e+02 2.615149288704294577e+02 2.609542178750097037e+02 2.615857177942712042e+02
2.613002307352862772e+02 2.612239439788629056e+02 2.614122908275255668e+02 2.614059856246942104e+02
2.931422489893064949e+02 2.937484570168085725e+02 2.928342946413458208e+02 2.942676119117927556e+02
2.579827488860815379e+02 2.582050933526135168e+02 2.573250312930898076e+02 2.584041824089370607e+02
3.090235485921705845e+02 3.108905954703768089e+02 3.094485807106335074e+02 3.095323282302479697e+02
2.600343933231566780e+02 2.596574458420598148e+02 2.593798838829897591e+02 2.601313932605061154e+02
2.627819331049643665e+02 2.635907130716347524e+02 2.623232434280931784e+02 2.634124971715244214e+02
2.629954848735426367e+02 2.635496139845074026e+02 2.618497863426228491e+02 2.631268115903968692e+02
2.609607921141125644e+02 2.609567522660433951e+02 2.614479224480911057e+02 2.607548734157089143e+02
2.634360202184096806e+02 2.638015479353998671e+02 2.629558230202562754e+02 2.631542249828177091e+02
2.639717936758154906e+02 2.643103893909338353e+02 2.633717535997508321e+02 2.640965828047418427e+02
2.729487571340325189e+02 2.722290459005571961e+02 2.723409086716827119e+02 2.733196591089656522e+02
2.646391715417445312e+02 2.648941250024983560e+02 2.639607369059572761e+02 2.647476469242561734e+02
2.599089546913508570e+02 2.601364154661142720e+02 2.587285479892996136e+02 2.606681030911346397e+02
2.600546424690489857e+02 2.602517837884735741e+02 2.597558744111051396e+02 2.599698657228487377e+02
2.680512719218187954e+02 2.683825408143259779e+02 2.677218781089250683e+02 2.684940711064239167e+02
2.570677912628064519e+02 2.569919361099206299e+02 2.568293526430368274e+02 2.576964387951391586e+02
2.637362422763053473e+02 2.640487333426717100e+02 2.625787590058078536e+02 2.640192677931467529e+02
2.637570258928057001e+02 2.641973063442559919e+02 2.626178574381208932e+02 2.642109767641684357e+02
2.652233365910753378e+02 2.649973054123357201e+02 2.649018754052099212e+02 2.660798675332309813e+02
2.614639965128986887e+02 2.618151681201258043e+02 2.602365742851269488e+02 2.624468019837066777e+02
2.894936740309802872e+02 2.902241140784333879e+02 2.882759160359582893e+02 2.895550693344303568e+02
2.682595160658855775e+02 2.680028495805634634e+02 2.666010024726600136e+02 2.684558232646627971e+02
2.667548021870537127e+02 2.681657215905138401e+02 2.660694040992497094e+02 2.683727323914351928e+02
2.690549220327033595e+02 2.693876751409632675e+02 2.672967136925677778e+02 2.695775509758353792e+02
2.830722416372818202e+02 2.834763995634723415e+02 2.803069223514925170e+02 2.835140301767321489e+02
2.714323604552247957e+02 2.716951671476311958e+02 2.692970461602458272e+02 2.721676271596089691e+02
2.776290138936954008e+02 2.790852321807920475e+02 2.759943593400828945e+02 2.788010121085330866e+02
2.608853021604561491e+02 2.609730125969325627e+02 2.601303873669742757e+02 2.610913707866747018e+02
2.621843708690113317e+02 2.628615639649727314e+02 2.626135108851004816e+02 2.628686810957888156e+02
2.763831023742473576e+02 2.758573888829116072e+02 2.741971722063233869e+02 2.762383015688971000e+02
2.612215706249875780e+02 2.610246090584119543e+02 2.619576476774585103e+02 2.618145781083107408e+02
2.858221023996572967e+02 2.862425848939831212e+02 2.840113551319199701e+02 2.855341059744172867e+02
2.595464846714625651e+02 2.594281412228597219e+02 2.583572034903103258e+02 2.595661982901921192e+02
2.668499700216200381e+02 2.668915565610434442e+02 2.663829359632667888e+02 2.675389274579910079e+02
2.737049231883138987e+02 2.740332049443047708e+02 2.722009678953738216e+02 2.745138658965760783e+02
2.649368314250696699e+02 2.652982645892586220e+02 2.641872229321023156e+02 2.652460762279892492e+02
2.946400306681407528e+02 2.944063174062867461e+02 2.927454641032760492e+02 2.943229728637177232e+02
2.637908561984486369e+02 2.637927028712280162e+02 2.628140525020697851e+02 2.637233481624608658e+02
2.648463820967551214e+02 2.648353781585291244e+02 2.640784476010661024e+02 2.650400819017978620e+02
2.586487008466805264e+02 2.588505796150638503e+02 2.580933999693976375e+02 2.582635445759211734e+02
2.776991937493991145e+02 2.776822810677288089e+02 2.761057663870753345e+02 2.782591299963162896e+02
2.668108267043237447e+02 2.670855174917838895e+02 2.655202629102512901e+02 2.673247901601434364e+02
2.967976849494768885e+02 2.975951260031939114e+02 2.943798157375937876e+02 2.961623732909631030e+02
2.889066731736987208e+02 2.889353013606261698e+02 2.866584019841485542e+02 2.893308891933730820e+02
2.596889532677808461e+02 2.601083654253391160e+02 2.589192694416905738e+02 2.605087104001862599e+02
2.768828093445098943e+02 2.773678338821044349e+02 2.755146981796978025e+02 2.767277978819845998e+02
2.611409320112482533e+02 2.612997445945339905e+02 2.606397659190770923e+02 2.615145068340418106e+02
2.578436863082448554e+02 2.576984212632100935e+02 2.577604394680922155e+02 2.580390727700026332e+02
2.628078621322149502e+02 2.633402794234732482e+02 2.633678236747882693e+02 2.632108191869975826e+02
2.610918120264569211e+02 2.607108509100377205e+02 2.600457515094810219e+02 2.613206954104385886e+02
2.998114957735857047e+02 3.008059671284555634e+02 2.990761470603618477e+02 3.002582193342564665e+02
2.621251025265369776e+02 2.623958198259548453e+02 2.605035008044223446e+02 2.624010963372736569e+02
2.638891760475682418e+02 2.640471554361309359e+02 2.626247311001552589e+02 2.640602014794960724e+02
2.697872899679537682e+02 2.703228368787251839e+02 2.685979907182521629e+02 2.705331335540494706e+02
2.649618734509746218e+02 2.650949968898781322e+02 2.639895025928435075e+02 2.653783248156501031e+02
2.802186168295370408e+02 2.803069002132414766e+02 2.783645193517913299e+02 2.801984183624795719e+02
2.704899682386705990e+02 2.704262011077490797e+02 2.682299581014976866e+02 2.707717979927474516e+02
2.614325072615949921e+02 2.613900259710136424e+02 2.612919505219250027e+02 2.611927839156651316e+02
2.824170643567400703e+02 2.824238678219109033e+02 2.796247774529617800e+02 2.819868016611152939e+02
2.594539576516011152e+02 2.594895039993327259e+02 2.587360253038111750e+02 2.597588289501897520e+02
2.576560603157230958e+02 2.578522698079819406e+02 2.575523679786115281e+02 2.579562005105765365e+02
2.806988867497213391e+02 2.817571219558918756e+02 2.788152475740336058e+02 2.803588814208191025e+02
2.554996836225307675e+02 2.554141771620007262e+02 2.551766211017812225e+02 2.556875545646292096e+02
2.738710551236006268e+02 2.741704101593759333e+02 2.718904950867478192e+02 2.737884209815879331e+02
2.652322356438833140e+02 2.656260976979284578e+02 2.646829646909735061e+02 2.650874813261170289e+02
2.673269001186797595e+02 2.682464608417570844e+02 2.666905803297373723e+02 2.676509910889635648e+02
2.932039548336404096e+02 2.934163224863401638e+02 2.906159603450487907e+02 2.929052559664934847e+02
2.589351332599257489e+02 2.594676384859330369e+02 2.587413318613697015e+02 2.597854125502971101e+02
3.022845085302806751e+02 3.021271214349174556e+02 3.010807070099226621e+02 3.006463448124993647e+02
2.640185989188981353e+02 2.656677231695877026e+02 2.626414709353653620e+02 2.644953991823275032e+02
2.605345839421854635e+02 2.601916359895125765e+02 2.598675891712622956e+02 2.603407791482616176e+02
2.576128341851435266e+02 2.574929057119202866e+02 2.569951398051262572e+02 2.576999931967555426e+02
2.645110831992788007e+02 2.648266219884420138e+02 2.637196681449839275e+02 2.649481209781667417e+02
2.620336917918953645e+02 2.613950788761033550e+02 2.614250860684488202e+02 2.618699483993153763e+02
2.788641646854688929e+02 2.793878069242287552e+02 2.773246364128470987e+02 2.794735459783408942e+02
2.588227345039168199e+02 2.589242452096249281e+02 2.580299652678642701e+02 2.593025454271806893e+02
3.061877529891339123e+02 3.059479424034924477e+02 3.057651075088901393e+02 3.059441933142537664e+02
2.871415706480721610e+02 2.871896532479671578e+02 2.846151478546008207e+02 2.860498639301976596e+02
2.618373025586784593e+02 2.620455778913893710e+02 2.603780426387556872e+02 2.622054432539476352e+02
2.605203453173323282e+02 2.604251940194050690e+02 2.598490933788882558e+02 2.605854631194932267e+02
2.634245172331640106e+02 2.634564799440951219e+02 2.630062705737769875e+02 2.638845187111362520e+02
2.581491129847386219e+02 2.586344841000824886e+02 2.581956343120053248e+02 2.586994929855920873e+02
2.647928057753407529e+02 2.646472479441789005e+02 2.637018744872854086e+02 2.648417605860397543e+02
2.962128994650677782e+02 2.969576111308749660e+02 2.958349560017127260e+02 2.960886030295316118e+02
2.609715642375883249e+02 2.611356648529867925e+02 2.613465632088158941e+02 2.617374701056460822e+02
2.629522387854892145e+02 2.627641680738950072e+02 2.625858701238633444e+02 2.629574310366461987e+02
2.615339255323447105e+02 2.619436479430440272e+02 2.615651431833875904e+02 2.618969964825417378e+02
2.591614699746264705e+02 2.591059479216667683e+02 2.580082971370752603e+02 2.590120861583099554e+02
2.579419993020670745e+02 2.586016291070898774e+02 2.577846074702176793e+02 2.585449154290162710e+02
2.954521887377206895e+02 2.953460033419033266e+02 2.947562716691916194e+02 2.951051562840065117e+02
2.636125502150492252e+02 2.641214733946407591e+02 2.619407173750207107e+02 2.637695243862982011e+02
2.838764428982239565e+02 2.841792184336453033e+02 2.810851850994183678e+02 2.833940676315403380e+02
2.834673438701915416e+02 2.838933336404521128e+02 2.815510598245579104e+02 2.841860642231842462e+02
2.655015237010638884e+02 2.657832413257252142e+02 2.649461832923492466e+02 2.660863547635432838e+02
2.611214204753979402e+02 2.618996583293675826e+02 2.611580257272889298e+02 2.606638962818951200e+02
2.751135936797921318e+02 2.763366980330065985e+02 2.744691974676247241e+02 2.749809581301403796e+02
2.576212245999269044e+02 2.575960979788094960e+02 2.566894847103105803e+02 2.576211003144853180e+02
2.568980530798747850e+02 2.569742905410743674e+02 2.567807479698439579e+02 2.573716915668791216e+02
2.715951652289879803e+02 2.714273374997468977e+02 2.696305837331634052e+02 2.717315399250907149e+02
2.653726993987781384e+02 2.651107353725712983e+02 2.643077171542619226e+02 2.652848615092483442e+02
2.846002845205165954e+02 2.848232810644003052e+02 2.832356282370608369e+02 2.853969907355011628e+02
2.613883669561392935e+02 2.616343885777650939e+02 2.615465211378800632e+02 2.614517865534838279e+02
2.649484736764117656e+02 2.647159046184852969e+02 2.635423460597517646e+02 2.647775212223955918e+02
2.702383229277786540e+02 2.702320939452634434e+02 2.684370979454701001e+02 2.707480472604710258e+02
2.690955158805882093e+02 2.690739421708425994e+02 2.680536276413170640e+02 2.699207100366953114e+02
2.692985860295574412e+02 2.698267504302662019e+02 2.683080015380856480e+02 2.699149366666717356e+02
2.779632446306409292e+02 2.779652736643075173e+02 2.754908606689099884e+02 2.774085744792317882e+02
2.732046350897974207e+02 2.736433597615323379e+02 2.717360985300648508e+02 2.738832762784180090e+02
2.578459113983157067e+02 2.582284363870313655e+02 2.573226766982825211e+02 2.578037388282792790e+02
2.604287045038291808e+02 2.605997795221173874e+02 2.603201680744820692e+02 2.604775019014775808e+02
2.648234174431449901e+02 2.651578985591677906e+02 2.639853112631481622e+02 2.656222326080731477e+02
2.603265594005516164e+02 2.610130432294372440e+02 2.598827908138553084e+02 2.612448431082220281e+02
2.605708512557669678e+02 2.606260780836183812e+02 2.593352985649754032e+02 2.607481233332760553e+02
2.573979163635494842e+02 2.577790807736573697e+02 2.578689671938186621e+02 2.578414146041668005e+02
2.613132323040250640e+02 2.616450690570749202e+02 2.613837151633350118e+02 2.616240210628779437e+02
2.975026429972077722e+02 2.979486339675327713e+02 2.958726697126944032e+02 2.970021193010796310e+02
2.639371301497825471e+02 2.641024072339000099e+02 2.639724567453376380e+02 2.640918515463754375e+02
2.645502495893129549e+02 2.645995605880562493e+02 2.632839105156324422e+02 2.646974218180197340e+02
2.647439664871657783e+02 2.644874825193232368e+02 2.641444487114013100e+02 2.646791105367882437e+02
2.633226619944210825e+02 2.636475008753545239e+02 2.632957055364853431e+02 2.628761042089207081e+02
2.744082073793981067e+02 2.751966775274166821e+02 2.722698668707917022e+02 2.750098260657130709e+02
2.603259449983822833e+02 2.600367973124605214e+02 2.599573275865784581e+02 2.601582372721104548e+02
2.572047401901528474e+02 2.578204260689638545e+02 2.563619327819324667e+02 2.573851024729510186e+02
