2.775485999706251050e+02 2.778716731332170298e+02 2.762667889978592370e+02 2.782488424961920828e+02
2.679343478316935148e+02 2.679619262724896203e+02 2.677100365843597842e+02 2.680227510104268163e+02
2.627954486250118293e+02 2.639636745277362024e+02 2.631217939434510527e+02 2.632121610298771657e+02
2.812593682545621618e+02 2.817621195940133703e+02 2.796305767695330360e+02 2.819816560394197609e+02
2.612857676102825621e+02 2.610486485888411039e+02 2.610763361183945221e+02 2.609394813968611970e+02
2.584994411646296157e+02 2.586597695831767965e+02 2.582517435307624964e+02 2.587225727264204806e+02
2.616541188284901409e+02 2.620500738770986118e+02 2.623698365475270862e+02 2.622244628162093250e+02
2.609790644163850857e+02 2.605821208778455684e+02 2.609927012505945072e+02 2.606185194490897175e+02
2.684206334801222056e+02 2.684238320100022861e+02 2.683602603343671262e+02 2.684778413201809144e+02
3.060506384829366766e+02 3.060738950834227126e+02 3.065323750229743496e+02 3.057662304912148556e+02
2.703621225073248411e+02 2.707004552170773763e+02 2.695540997468253295e+02 2.708678541663467740e+02
2.623784874673266927e+02 2.624426148100839669e+02 2.624895997540404551e+02 2.626650580736681491e+02
2.706190885592217796e+02 2.703881809730063992e+02 2.706235782023517231e+02 2.708933195389416824e+02
2.621691579415871161e+02 2.618670972530576364e+02 2.627113914882041286e+02 2.621704355068930568e+02
2.843290050528148072e+02 2.840601974096984463e+02 2.820425041423877701e+02 2.838725204776629312e+02
2.682317102314979138e+02 2.690595196942519465e+02 2.670372098429303378e+02 2.688407057051939546e+02
2.821312435489755330e+02 2.827412011640494711e+02 2.799017315612829861e+02 2.821808315627004049e+02
2.567915379989055396e+02 2.569957544332869475e+02 2.568766871151382247e+02 2.573553902361767882e+02
2.569923207122404278e+02 2.572801073683063464e+02 2.570255426049764651e+02 2.572973577036844404e+02
2.865766542203637073e+02 2.869631961635437278e+02 2.856973203929973124e+02 2.865941139151797188e+02
2.659521224658250276e+02 2.649261239600229487e+02 2.652958788201520406e+02 2.650058652030962776e+02
2.758049248230261128e+02 2.768664624771004696e+02 2.752012249332224201e+02 2.760347438660640478e+02
2.640562075126596824e+02 2.640661980912020113e+02 2.643356320550572605e+02 2.640618114073994889e+02
2.693416980881203244e+02 2.695108815109300053e+02 2.686811664338418950e+02 2.702431921149726577e+02
2.622595526967178898e+02 2.627693176115720348e+02 2.622887517740643375e+02 2.622658218467884126e+02
2.820363613008827315e+02 2.818550188548535971e+02 2.803596614041323392e+02 2.812091454926019196e+02
2.886841260784800625e+02 2.889470825847013771e+02 2.867409409762581163e+02 2.896381111557631129e+02
3.052940070413746980e+02 3.048021023171336878e+02 3.048016250625925636e+02 3.047277714758621414e+02
2.690060293163926417e+02 2.695113088565618114e+02 2.690257672818109995e+02 2.691573953956454375e+02
2.564446537932397518e+02 2.568049437996252777e+02 2.565694338539087767e+02 2.569260712331226273e+02
2.828806000990214216e+02 2.835809945062388806e+02 2.826784893407176469e+02 2.830989359920302491e+02
2.607727926596851944e+02 2.608709689511908323e+02 2.611895228963136901e+02 2.608260088356042843e+02
2.677820338574821903e+02 2.677732168601917238e+02 2.682016080115214436e+02 2.678567616941914480e+02
2.629572086681972110e+02 2.633236602812921205e+02 2.635015165116518574e+02 2.632201871140916296e+02
2.626744319469210609e+02 2.628560424022496136e+02 2.631349820365235246e+02 2.630345950776907102e+02
2.628484603940933653e+02 2.625046860346960784e+02 2.625521769527898641e+02 2.620486352706756179e+02
3.061932430315476950e+02 3.054529677447735025e+02 3.050774940730665890e+02 3.051295246242195276e+02
2.872642833527276025e+02 2.868168178406968423e+02 2.854003124686250317e+02 2.867555843145236167e+02
2.670808250558367263e+02 2.674744060549479627e+02 2.667179129377988147e+02 2.675960497356059591e+02
2.824159021138077605e+02 2.825792278447823378e+02 2.819844527998243962e+02 2.824345153014384664e+02
2.727489997810444606e+02 2.732202134565478673e+02 2.714847400148314591e+02 2.736970900387781853e+02
2.635423884132154058e+02 2.633675441718323782e+02 2.633995324279100601e+02 2.631811747989682431e+02
2.792270574765946094e+02 2.791272058550827637e+02 2.771190060855481079e+02 2.794527535859877503e+02
2.695343924801049980e+02 2.695188469965672198e+02 2.691600895878181632e+02 2.689980531747675059e+02
2.661800690441884285e+02 2.666238254094322429e+02 2.659436656032906399e+02 2.665689155009579849e+02
2.621712573119021386e+02 2.628076068757069947e+02 2.620238269907499671e+02 2.630819506179994391e+02
2.670956416154604085e+02 2.672459208267457029e+02 2.661427229129798206e+02 2.669999980982768193e+02
2.648152082225681738e+02 2.654461235782923723e+02 2.652592205231650269e+02 2.651942378677717898e+02
2.625331717077926896e+02 2.627930330422148586e+02 2.638377945344482214e+02 2.630907275946436812e+02
2.784929568018193891e+02 2.783195658374540926e+02 2.778238535440948453e+02 2.790817542502728656e+02
2.932796690992515209e+02 2.936496025906915861e+02 2.923334967757925824e+02 2.932116463157687463e+02
2.978120753316389937e+02 2.978774360081876580e+02 2.975349148944891908e+02 2.968201885350734983e+02
2.661456956125755369e+02 2.656376609960004203e+02 2.654789562152770372e+02 2.650793887190867508e+02
2.634461103102003108e+02 2.636653326918288371e+02 2.630595883216367383e+02 2.629634456426602469e+02
2.596320050713949286e+02 2.597453876280436020e+02 2.594480258949890299e+02 2.598238034880512259e+02
2.623277107570522162e+02 2.630757558933157725e+02 2.620053543659844308e+02 2.626082060123911219e+02
2.733320070387879355e+02 2.739590697364121183e+02 2.729824878033364826e+02 2.738471586021339021e+02
2.650748414602647927e+02 2.649799573355320490e+02 2.655182795017237822e+02 2.650759305419605880e+02
2.678708163657467480e+02 2.679304405922601973e+02 2.676789128373577569e+02 2.683951098224599718e+02
2.603816577046391672e+02 2.603567206218251613e+02 2.603370369664847317e+02 2.602439245513131709e+02
2.672701947318539055e+02 2.659986819833544018e+02 2.665589959024931090e+02 2.668674548355702427e+02
2.685143322660681520e+02 2.685498231161463991e+02 2.681266589145355965e+02 2.684530343014770324e+02
2.642494581968737748e+02 2.638650667482014001e+02 2.641239905849870979e+02 2.638151839272508710e+02
3.004631330557607498e+02 3.002781917766519655e+02 2.991449544526810200e+02 2.999102517108482289e+02
2.671020212084164882e+02 2.677279659417385460e+02 2.676902658986948040e+02 2.679012078989966881e+02
2.857753120332719732e+02 2.856697168872679526e+02 2.841978173228502556e+02 2.849966696176870755e+02
2.684640953802567651e+02 2.688213674857472597e+02 2.696127402762299425e+02 2.685396466437498475e+02
2.636607675711066463e+02 2.635809874381283748e+02 2.628283404786286610e+02 2.637897696239067500e+02
2.625086737400804964e+02 2.623450178415739060e+02 2.617985211217755364e+02 2.626474662008105270e+02
2.705692250835763275e+02 2.704887775721362573e+02 2.697284332401086999e+02 2.705793693516444591e+02
2.609323021824575335e+02 2.606716644459881422e+02 2.604602185694386662e+02 2.610512729049471545e+02
2.825504755223702205e+02 2.824376431884272165e+02 2.808639552842925013e+02 2.818483117568625289e+02
2.660651801456236285e+02 2.661459718910306265e+02 2.664928725911688616e+02 2.658564813051102078e+02
2.732316289869045249e+02 2.734838712188438308e+02 2.717199606393524505e+02 2.729222853811051550e+02
2.665430111938196660e+02 2.660018992705667529e+02 2.660538653936600895e+02 2.660680044670210123e+02
2.584124632390024772e+02 2.583221606675747353e+02 2.579157411288111916e+02 2.586226220678710206e+02
2.838632226439347619e+02 2.841510597413937376e+02 2.828042355493329296e+02 2.843830300617511853e+02
2.620436170950606538e+02 2.624257463549619160e+02 2.623566884523182807e+02 2.623068196993448282e+02
2.638718695224224007e+02 2.639107853462057847e+02 2.642584635629688137e+02 2.638834702479865086e+02
2.919131420675610116e+02 2.910719187064963194e+02 2.895568636115028198e+02 2.909709669290115244e+02
2.659821757378306302e+02 2.652723898647807346e+02 2.651411738948573316e+02 2.667476952275451936e+02
2.706916449389586887e+02 2.715525552168937793e+02 2.705111854634023985e+02 2.712251843066243850e+02
2.665536225899886063e+02 2.662006985207067942e+02 2.666740614461736527e+02 2.664791981302581689e+02
2.644358099405207554e+02 2.643303269451876076e+02 2.642601339517185579e+02 2.642540633702882928e+02
2.756635788627303896e+02 2.755834872293769990e+02 2.728274643407751796e+02 2.761468775585668709e+02
2.626118457444031833e+02 2.630475046561131194e+02 2.628967347111063191e+02 2.631539254547619748e+02
2.893072357351042569e+02 2.903020393885401518e+02 2.883974611513728519e+02 2.905765084615152887e+02
2.647381176780056649e+02 2.654892597826017209e+02 2.655035718433152852e+02 2.649275315648805531e+02
2.632567550962734799e+02 2.634934497804221678e+02 2.635486595388570095e+02 2.635043392090728389e+02
2.772758786259775547e+02 2.778891482750796058e+02 2.772093218555259568e+02 2.777864182048180623e+02
2.632248566267675187e+02 2.633848510990812883e+02 2.626707041615471212e+02 2.634638192523767657e+02
2.854535563287485616e+02 2.863104846357151132e+02 2.844782839961923742e+02 2.859534186219334515e+02
3.023131550443964670e+02 3.033034385154834354e+02 3.015942357364741611e+02 3.025624912725100444e+02
2.708798226953705921e+02 2.709360982270540035e+02 2.701284034584667779e+02 2.715011547424143714e+02
2.765820233464091871e+02 2.764025358835225461e+02 2.758212916203042369e+02 2.766492392548068437e+02
2.943955875065398118e+02 2.937941922924127880e+02 2.937318849806268872e+02 2.943472906783902090e+02
2.606575082119852027e+02 2.605444239010455476e+02 2.599513893054772211e+02 2.602836998181225567e+02
3.084914862364770443e+02 3.084185839836505352e+02 3.085797962649705255e+02 3.067498622100549142e+02
2.604267333288520945e+02 2.617430881210484586e+02 2.617132035416631197e+02 2.614224921982908540e+02
2.698978260597820054e+02 2.702317474127682999e+02 2.696309876134929482e+02 2.705038128463954763e+02
2.675779004600652229e+02 2.681070503399485574e+02 2.682665774480895493e+02 2.669473672720471882e+02
2.708741086301380392e+02 2.710329510378375062e+02 2.701320005465896656e+02 2.713804997611397312e+02
2.635365504958754741e+02 2.630772079141723907e+02 2.631635903064342301e+02 2.633032506689278875e+02
2.663061421682911600e+02 2.657095698332978486e+02 2.666042261046892463e+02 2.669008625719660586e+02
2.683831010143251774e+02 2.681311892832422927e+02 2.678062808644339725e+02 2.684651505020422064e+02
2.642697303052845541e+02 2.645849974697349580e+02 2.641819546317346408e+02 2.655311725704550554e+02
2.836967955198539926e+02 2.836171628630262944e+02 2.818980741019677225e+02 2.837232854025246525e+02
2.612955993963861943e+02 2.620124688696803332e+02 2.620324696604411656e+02 2.616523410910192524e+02
2.652802751195210362e+02 2.655948648813320574e+02 2.652402447676849420e+02 2.647799858546012501e+02
2.641921059837696930e+02 2.641785999104234861e+02 2.642731145904469940e+02 2.641588754466823161e+02
2.652172773780737884e+02 2.657460423525778310e+02 2.653233226549390906e+02 2.652912892910583196e+02
2.947533473760387324e+02 2.949072750750987097e+02 2.934565078648851113e+02 2.945048625415053039e+02
2.617405509658865981e+02 2.619289756893365961e+02 2.614721525523412424e+02 2.616871791017452438e+02
2.954306756367984690e+02 2.957945057932138297e+02 2.943837195775275859e+02 2.952194742700849588e+02
2.637726922290019616e+02 2.634905549421873729e+02 2.634067607759754424e+02 2.639295160540016809e+02
2.801029231006479563e+02 2.804697011424174207e+02 2.778739473252678636e+02 2.803322444131333100e+02
2.598512059267054042e+02 2.601789529855515184e+02 2.599188346491977768e+02 2.606520862201301725e+02
2.727929677152189356e+02 2.731591000927101049e+02 2.715855219410516952e+02 2.731656462124489622e+02
2.991463134646484150e+02 2.996190315848927526e+02 2.983860567814230080e+02 2.987374733152288968e+02
2.665371715921561417e+02 2.667699412105158672e+02 2.668349789311454288e+02 2.670403301481990184e+02
2.760142068141411755e+02 2.765793244934735640e+02 2.751176822177619670e+02 2.765373595838850065e+02
3.050306577716256129e+02 3.057437417802523782e+02 3.047521756293411386e+02 3.048219728554253152e+02
2.654315165327986392e+02 2.653495500592492817e+02 2.656230279183766356e+02 2.657033416203831280e+02
2.875835241831866256e+02 2.877910410913613077e+02 2.858582520145495209e+02 2.875481982269863579e+02
2.647963295479439694e+02 2.647384317634002855e+02 2.646488917303515791e+02 2.645991004523326637e+02
2.686283828151440503e+02 2.690137489033386373e+02 2.680242090341506014e+02 2.685942118583448632e+02
2.711650287549577456e+02 2.707564363025202283e+02 2.703715583982904036e+02 2.711051476992974472e+02
2.662851741774455832e+02 2.666486374324902044e+02 2.659349828617932303e+02 2.664230832711833159e+02
2.648359989399601204e+02 2.648854856540785363e+02 2.641529622453928141e+02 2.645649401013832858e+02
2.650948883763836079e+02 2.657432122208920759e+02 2.661156657854774039e+02 2.652663282395656097e+02
2.659036873880749567e+02 2.664930658922938278e+02 2.664085990546043945e+02 2.655054415988377627e+02
2.637098520758893301e+02 2.641778000228349015e+02 2.635025104123196229e+02 2.643677134728994247e+02
2.758715876871963815e+02 2.764910712164123652e+02 2.750537741960197309e+02 2.762400233851565190e+02
2.786528849393686755e+02 2.781971592641230018e+02 2.766134742602865231e+02 2.790147517657336493e+02
2.644259733549759517e+02 2.647022413208252942e+02 2.644413801492410130e+02 2.647324091053757229e+02
2.646490764127699435e+02 2.648193349011365285e+02 2.650251685564504101e+02 2.646762800045486870e+02
2.611804913243310011e+02 2.606829909434242154e+02 2.607619919782558213e+02 2.608071750685100483e+02
2.620030576444231087e+02 2.627095490361170960e+02 2.617888922631275364e+02 2.626892993242576040e+02
2.803658847481485168e+02 2.814302609779114164e+02 2.796452363275298580e+02 2.808809845306613511e+02
2.600816570810097232e+02 2.601704340437246969e+02 2.605482260195506683e+02 2.600223840850794659e+02
2.757883533344354987e+02 2.760438213924653610e+02 2.750770204484053352e+02 2.756679323974126987e+02
2.691303262040758000e+02 2.695177861180576429e+02 2.681199478533329170e+02 2.689306331965644858e+02
2.658372015873722489e+02 2.656766735168267246e+02 2.656276880677378927e+02 2.650761297997398174e+02
2.696770819001226869e+02 2.701494174163457274e+02 2.695697519458302054e+02 2.700055751515454858e+02
2.814694685113828427e+02 2.819620337500523419e+02 2.806428357432380949e+02 2.826207639241380321e+02
2.806037932360677019e+02 2.817048567783097042e+02 2.790262948288365124e+02 2.810296035948137501e+02
2.626711492963237333e+02 2.632438906351645755e+02 2.630490874048247179e+02 2.630658087936291167e+02
2.633912540176817743e+02 2.636872308926299979e+02 2.631751933152956440e+02 2.635688916627188405e+02
2.686882721210254203e+02 2.686666723063508471e+02 2.676603424047902990e+02 2.687061524834074930e+02
3.038673941177465281e+02 3.037203204272014432e+02 3.033325499066633029e+02 3.026165756464729384e+02
3.088605593104337572e+02 3.088463960671966220e+02 3.098175739244091460e+02 3.079233043420626927e+02
2.664600288576936578e+02 2.668984988607995774e+02 2.671136585696638122e+02 2.668001784913830647e+02
2.668948660205840042e+02 2.675528802821410750e+02 2.669133855424607304e+02 2.672909997903409476e+02
2.694561079397770413e+02 2.694346151230893724e+02 2.690032737152914706e+02 2.695204733532069667e+02
2.695070496111543434e+02 2.699909771631477042e+02 2.695418843871116223e+02 2.704278293763662759e+02
2.716431303881548729e+02 2.717581360823679120e+02 2.703644449929157645e+02 2.718472091264245591e+02
2.622329745458022217e+02 2.630603218531144307e+02 2.623567432246757676e+02 2.628310903962226917e+02
2.830629161411315522e+02 2.827344848003199900e+02 2.818695122557269883e+02 2.839205492972191678e+02
2.615142949075736283e+02 2.615322993707462160e+02 2.615364414803360091e+02 2.616732989848693478e+02
2.664208476575797135e+02 2.667702030725695295e+02 2.663423649831650550e+02 2.665868571608775710e+02
2.625717612277614990e+02 2.630498274812460977e+02 2.625845789999163458e+02 2.629862226445825968e+02
2.600369296643154371e+02 2.598834426209193680e+02 2.593965915647968927e+02 2.597294280441698220e+02
2.666230929892352606e+02 2.663384297221784323e+02 2.664532385972005386e+02 2.669212462041736558e+02
2.873239270775206933e+02 2.878852905517869090e+02 2.861649838106065999e+02 2.872799049840689918e+02
2.696892389810143413e+02 2.694342597983539349e+02 2.684041075991177081e+02 2.691598875005152536e+02
2.732072517555807849e+02 2.729868387470874040e+02 2.721728673309007149e+02 2.731757000350830253e+02
2.654562333443464581e+02 2.650973139333287349e+02 2.653262721955744610e+02 2.645879499327903659e+02
2.669519772709643917e+02 2.662769278195684706e+02 2.674168183547444642e+02 2.667010106966490639e+02
2.638366034598969918e+02 2.646758529708878882e+02 2.638544162762303245e+02 2.643903199608099612e+02
2.644717985648740068e+02 2.642489126153788561e+02 2.651159835851860862e+02 2.645756095519444671e+02
2.653818659617851949e+02 2.646702169352818714e+02 2.644113226039625033e+02 2.645672011226652671e+02
2.966232852422493238e+02 2.967459966566250387e+02 2.954781581045389203e+02 2.970568293832693598e+02
2.610874716848616117e+02 2.608751562137990732e+02 2.612315582630952804e+02 2.615984188372189010e+02
2.725521092873115094e+02 2.727214163228946973e+02 2.715369719182169774e+02 2.728611626526384839e+02
2.874663146178107240e+02 2.877674107385211073e+02 2.853464046507201033e+02 2.879153406992856503e+02
2.809960962702729717e+02 2.810040397318194891e+02 2.801434307436392146e+02 2.811234881954599132e+02
2.919171562191835392e+02 2.918134334917547790e+02 2.895735868396089927e+02 2.908867106093495067e+02
2.698386137457708855e+02 2.696969046180169585e+02 2.696104205682894985e+02 2.701837131377631067e+02
2.819387538950880980e+02 2.820595012470427037e+02 2.801772174185688868e+02 2.816304279987851942e+02
2.641042086524500405e+02 2.638708344893368576e+02 2.642124725908141158e+02 2.635571285335141738e+02
2.734113870336806826e+02 2.739420728753578373e+02 2.722797663437009419e+02 2.740045627596266513e+02
2.672919559165624150e+02 2.680395493582456083e+02 2.675405324694601177e+02 2.673221987280102212e+02
2.697852778658235593e+02 2.697763632813678782e+02 2.696113119832425014e+02 2.698450926723684802e+02
2.658165582189491261e+02 2.658804673229384434e+02 2.658353571163032143e+02 2.657314811486752433e+02
2.741082132584984379e+02 2.745041680323150786e+02 2.725270334604470577e+02 2.745060146195667130e+02
2.825467751007507786e+02 2.824551464588423073e+02 2.805947674244315522e+02 2.824506615159256171e+02
2.852702492936512044e+02 2.857766037952771967e+02 2.841066980459873434e+02 2.854100525489283200e+02
2.611082201846901967e+02 2.607013940268268470e+02 2.610763940220110726e+02 2.609035058606536950e+02
3.059605272781529379e+02 3.060252110124544060e+02 3.054817901050990940e+02 3.053322188505092072e+02
2.543848978452242875e+02 2.542884362145586294e+02 2.541134085609613180e+02 2.544113308904617554e+02
2.837400068243069882e+02 2.841867109170707408e+02 2.821581929995847418e+02 2.841483675794974602e+02
2.736971286539072139e+02 2.738913317550079114e+02 2.728974068038816085e+02 2.745620123106032793e+02
2.662242290479084090e+02 2.660109813161230932e+02 2.662638731160892007e+02 2.663836714139221726e+02
2.618556324692741555e+02 2.627181932603181735e+02 2.631778651601164825e+02 2.625587495302070806e+02
2.764155722933996344e+02 2.763205135838731508e+02 2.758290662798769404e+02 2.766467178202278205e+02
2.607556152756637289e+02 2.609094747411749040e+02 2.614686917256990455e+02 2.612796344315057695e+02
2.646977411913603646e+02 2.649939385678096642e+02 2.640079205698738178e+02 2.650737301535249344e+02
2.653751417317155870e+02 2.653298803033442255e+02 2.646122103211802141e+02 2.655430504402125393e+02
2.617577907153489036e+02 2.618767733984054189e+02 2.616661813307861166e+02 2.623890880246083839e+02
2.620584197329872609e+02 2.620996127807611629e+02 2.620826727316297138e+02 2.618506533064030464e+02
2.681928547413987758e+02 2.685640068185296059e+02 2.681484749393524112e+02 2.677893828231715929e+02
2.612677412665760812e+02 2.617558042202907700e+02 2.608439524875911957e+02 2.615967753665868827e+02
3.063528519497197635e+02 3.057245117631766789e+02 3.056392584837773256e+02 3.056404204962101403e+02
2.662188346949081392e+02 2.667505404323735547e+02 2.662165835909925136e+02 2.671731608117496535e+02
2.755548881215590882e+02 2.766783858117775026e+02 2.737250402371707878e+02 2.757730269354971142e+02
2.635271730919109814e+02 2.635558446881644841e+02 2.641844719529141230e+02 2.630603444146025254e+02
2.699288155456001164e+02 2.701510787275561256e+02 2.691148766134649009e+02 2.698540294329512221e+02
2.623756957956096016e+02 2.626717333946597250e+02 2.625573139510954661e+02 2.624650357239132745e+02
2.749422054094645205e+02 2.749200710925458111e+02 2.736456964698351157e+02 2.752321654744775969e+02
2.734675492180322749e+02 2.731662876209135788e+02 2.726456131414219044e+02 2.728097054344627281e+02
2.774468830440223428e+02 2.778105624930616386e+02 2.765792302826737910e+02 2.784469177187298783e+02
2.724318694551078011e+02 2.722489895143405079e+02 2.714011255817248980e+02 2.726849122251165340e+02
2.753860670835276778e+02 2.757482195993124492e+02 2.749621748782759028e+02 2.758662996531717226e+02
2.688231652294289233e+02 2.692230531263786588e+02 2.681034803928974952e+02 2.694660623674345743e+02
2.590213118269108463e+02 2.594472219354620393e+02 2.593028149781786169e+02 2.596650891781935684e+02
2.599891492586081654e+02 2.603827750946360879e+02 2.603272353955661060e+02 2.598122427443486799e+02
2.661317746495708434e+02 2.662721889356986935e+02 2.660177623128840878e+02 2.663691876280958581e+02
2.842620497490670459e+02 2.847839446166336757e+02 2.830459824007664338e+02 2.841172431837936188e+02
2.755135586752315930e+02 2.756750918513338888e+02 2.742146729869216983e+02 2.748232001979321808e+02
2.742199143486121216e+02 2.737188925763367706e+02 2.728299150610416177e+02 2.736180234579819057e+02
2.619215234166219375e+02 2.617124078317378917e+02 2.609345745723699110e+02 2.616921319546983682e+02
2.705131904577332875e+02 2.704406430115443527e+02 2.702562072966508708e+02 2.701948106844262156e+02
2.673351361686385417e+02 2.670418592830592956e+02 2.668269288008827971e+02 2.669867295451198856e+02
2.658299453382130082e+02 2.660915721755162622e+02 2.663249329503964873e+02 2.659222620650597264e+02
2.627029651218253434e+02 2.625169783377313024e+02 2.631949169198507548e+02 2.627262226237884306e+02
2.757200232055076867e+02 2.755592391771018015e+02 2.740911295396087439e+02 2.764921517143029064e+02
2.660252876271962350e+02 2.662396325562614834e+02 2.655584084253443962e+02 2.659391688508218863e+02
2.982758759595073457e+02 2.983868417977457170e+02 2.971393883841688535e+02 2.979114505017713554e+02
2.927594468196491562e+02 2.921942463747661236e+02 2.909576884629243523e+02 2.912616577501685242e+02
2.726840460557774009e+02 2.734348042968366030e+02 2.732552848352959245e+02 2.730964921349652741e+02
2.755126256526878024e+02 2.753754427350424976e+02 2.744265108768144046e+02 2.759287644100422199e+02
2.689142774770684809e+02 2.692262670304503445e+02 2.687674804195107185e+02 2.691568334420948077e+02
2.740615254127866365e+02 2.744228781625815827e+02 2.730369910383508909e+02 2.742047990374999245e+02
2.900049141310184950e+02 2.899805926490233787e+02 2.884152814013457373e+02 2.893372623332235207e+02
2.684445878997370869e+02 2.687591564789262293e+02 2.681146015466843551e+02 2.685067396841882896e+02
2.703512447134698959e+02 2.708134126672657658e+02 2.699135128964031765e+02 2.707456488761977198e+02
2.698152275142104486e+02 2.699211173478913679e+02 2.705567901608152965e+02 2.697786669812467721e+02
2.684415793321484784e+02 2.685367837160083582e+02 2.678692506885535067e+02 2.687317773342511487e+02
2.633839245408925649e+02 2.629039307596958679e+02 2.633908928819657262e+02 2.626005747715116740e+02
2.582333085360251062e+02 2.582204519578287432e+02 2.585200514777419585e+02 2.580152291162004303e+02
2.919666015862391077e+02 2.921749053331895993e+02 2.913806942164735005e+02 2.913261562154631861e+02
2.586514049001676199e+02 2.586009773446096460e+02 2.581191673661238042e+02 2.586828082527287052e+02
2.714709667027411797e+02 2.706483786164631056e+02 2.701396895371522646e+02 2.708838890619922495e+02
2.826235732300635846e+02 2.831853311336393517e+02 2.810038715056415981e+02 2.826997824503536663e+02
2.649616198739535093e+02 2.649266142120029599e+02 2.645739033464686827e+02 2.652152764560638047e+02
2.654870431284029451e+02 2.666297677179959464e+02 2.645473666845381899e+02 2.656478996443053120e+02
2.740939076673043928e+02 2.746975775158483657e+02 2.740142080262941704e+02 2.747560685560886782e+02
2.671778745724885766e+02 2.665766690613378387e+02 2.673878370822688453e+02 2.669431403886227940e+02
2.635331165614538804e+02 2.633642331793573703e+02 2.631753783689307511e+02 2.633616732560339528e+02
2.716187455062358254e+02 2.711130420462062602e+02 2.703626159690608119e+02 2.719379577329129916e+02
2.736144385882526535e+02 2.739717642221360734e+02 2.725264461084248637e+02 2.736104118588605161e+02
2.641746692624390676e+02 2.647172861725015878e+02 2.643048736659867473e+02 2.644826180540424048e+02
2.658700117087820445e+02 2.666814151564241229e+02 2.663309741590027784e+02 2.659605045400019208e+02
2.725627452062051930e+02 2.724309358144328144e+02 2.706106206891460033e+02 2.723915286419908739e+02
2.669852017449448454e+02 2.677615207205215029e+02 2.676512392783608902e+02 2.674029456778301892e+02
2.756624563750744414e+02 2.754003147384848376e+02 2.747079534797072142e+02 2.755036153777966206e+02
2.615307203191177905e+02 2.619848563821161065e+02 2.624162027953556731e+02 2.620983595563690187e+02
2.660894071275147326e+02 2.663830737406541402e+02 2.648720319304240434e+02 2.665204970025550324e+02
2.640017057346093452e+02 2.634878811177218267e+02 2.635382090342311017e+02 2.641299837493242535e+02
2.676976245582672504e+02 2.677182274621616216e+02 2.676024309170080642e+02 2.677201164612495745e+02
2.783907153928130924e+02 2.774302368826440102e+02 2.767247365825467114e+02 2.781705864998368725e+02
2.678970867850019317e+02 2.678681590865840008e+02 2.679411708925419475e+02 2.678761987972328598e+02
2.700835539705727228e+02 2.690933735907131563e+02 2.686761690172536419e+02 2.702730764625144957e+02
2.646500817683960918e+02 2.643841513132848604e+02 2.650783732755577375e+02 2.648948800065534215e+02
2.619338596650420641e+02 2.615800464500165390e+02 2.615029835894843018e+02 2.623595763862084596e+02
2.711728386340772659e+02 2.719643831817803061e+02 2.707830627644894435e+02 2.718456294073780555e+02
2.649330483053519742e+02 2.646431277177691186e+02 2.651488217165670562e+02 2.652471793641163913e+02
2.634541777547861443e+02 2.635305497837698567e+02 2.636940373940126960e+02 2.632994201374271483e+02
2.745409623594052846e+02 2.748686782215312405e+02 2.732119982984411308e+02 2.745728050541319476e+02
2.648764254424451110e+02 2.645591678416629975e+02 2.653478041567921650e+02 2.648723744506579578e+02
2.607623119656819881e+02 2.605562255332524728e+02 2.610299115277734359e+02 2.608853945885268217e+02
2.886533865142781679e+02 2.889569880256115084e+02 2.873123229209816714e+02 2.890687735501177258e+02
2.657340433125109485e+02 2.656924580462223844e+02 2.650777621075648653e+02 2.658895022865567626e+02
2.587240874295697495e+02 2.586755461768364626e+02 2.586536752336943437e+02 2.588702589757072019e+02
2.893610529002601197e+02 2.892003583859369087e+02 2.876953548133753316e+02 2.896261016389955785e+02
2.609091856858767073e+02 2.618266384452313673e+02 2.607192404930731300e+02 2.618199591004081412e+02
2.648016457759546256e+02 2.647696629275711189e+02 2.637997328197649267e+02 2.642537856024733856e+02
2.664716083044689867e+02 2.665409904452301930e+02 2.658887708087138435e+02 2.667852739514323162e+02
2.648077185511767766e+02 2.658404231193416081e+02 2.647006381476412002e+02 2.650956657310208016e+02
2.678388421363613361e+02 2.677970783153652405e+02 2.667735022995315148e+02 2.685219892827645367e+02
2.659023940644398749e+02 2.658117259165378528e+02 2.657944469609193447e+02 2.657852068289234921e+02
2.758363208618105773e+02 2.762055169258845808e+02 2.753882172050094823e+02 2.761741450884869664e+02
2.626126854244859032e+02 2.625496639557619005e+02 2.625848820649170534e+02 2.628952721734480633e+02
2.639390303163007161e+02 2.642070235936911331e+02 2.630277461908360124e+02 2.642910551431505723e+02
2.626677552759175001e+02 2.628243893375640710e+02 2.628349637671565802e+02 2.626827199089349847e+02
2.628305029177103620e+02 2.633290619617430934e+02 2.621867551000019603e+02 2.630623912813411494e+02
2.638760425074683553e+02 2.647390423504575097e+02 2.642051141606352189e+02 2.648063021551530483e+02
3.033110597115174869e+02 3.030470782170505686e+02 3.032209221210048327e+02 3.023281252806366410e+02
2.582167584111745100e+02 2.581966630948391526e+02 2.581913387241136206e+02 2.587142088549868504e+02
2.663693460243308664e+02 2.665296122722622272e+02 2.660783433489008871e+02 2.665388451869765163e+02
2.866019207003643601e+02 2.862527432886500947e+02 2.860044197340657774e+02 2.867630790389008553e+02
2.594394230697412809e+02 2.592173497045670842e+02 2.593817566966408776e+02 2.596162134835226993e+02
2.676630134405789363e+02 2.674663538537571981e+02 2.678236292096467537e+02 2.674709373941872741e+02
2.574332439919433000e+02 2.574352793595056710e+02 2.575213745485741015e+02 2.577043904646612873e+02
2.662825401670920087e+02 2.658480781271943556e+02 2.659739760823571260e+02 2.662907158022057956e+02
2.629501004818781098e+02 2.632647609501197508e+02 2.637426756968634436e+02 2.631325630030120237e+02
2.957024024934203226e+02 2.948263747129802823e+02 2.933601117395991196e+02 2.941969369792618636e+02
2.719866071500266003e+02 2.724720703039869250e+02 2.707741380022076783e+02 2.721355276658711091e+02
2.643904268164891960e+02 2.650622935246927341e+02 2.645416039858492354e+02 2.648266178319743176e+02
2.620002062316800107e+02 2.619291390265917698e+02 2.624469094855033404e+02 2.622136055134746471e+02
2.629647913499100014e+02 2.635424414706109246e+02 2.635441464494184629e+02 2.631165569041581307e+02
2.664418562158444956e+02 2.662550202588113848e+02 2.660985337496700254e+02 2.663617773984470318e+02
2.682201645099286793e+02 2.681532223091392098e+02 2.680176004843116857e+02 2.681182234057218352e+02
2.625582042837037307e+02 2.622613384694777210e+02 2.623334058728750051e+02 2.616893122925188209e+02
2.689354166100839052e+02 2.697962483531901512e+02 2.679112402540332596e+02 2.698502187217330857e+02
2.696807599859111519e+02 2.696606858906853859e+02 2.689336858045474514e+02 2.692763653510033350e+02
3.017807499017824284e+02 3.016954420085986044e+02 3.003420736948674516e+02 3.015182038794706045e+02
2.647843168380836687e+02 2.653365978843717130e+02 2.650667627346210793e+02 2.648253237867319285e+02
2.634932359586180723e+02 2.633430702079825210e+02 2.628585265240050717e+02 2.639005959489903148e+02
2.647476955440135953e+02 2.652196702492295799e+02 2.657970164374656292e+02 2.652643672834467452e+02
2.733493028285391802e+02 2.731646633094331378e+02 2.726313530496166777e+02 2.736193974720076199e+02
2.663167721575379119e+02 2.666313758214350287e+02 2.665152360742944779e+02 2.666419588262804723e+02
2.644799549231012179e+02 2.643905158353836669e+02 2.644328498788641468e+02 2.644202761029375210e+02
2.597598642736950865e+02 2.598486944561431073e+02 2.592949336604073665e+02 2.600146504449325562e+02
2.983585367232560657e+02 2.985388578060333771e+02 2.977192098216362410e+02 2.975558880674441298e+02
2.850659978681592293e+02 2.849885175341161698e+02 2.841178289335990144e+02 2.855338707447439219e+02
2.635111396743305363e+02 2.628862592550335080e+02 2.635782209248160370e+02 2.626945920663408742e+02
2.610414936391538845e+02 2.608510553440254967e+02 2.607394588697019344e+02 2.610094118804084928e+02
2.622653187485792046e+02 2.624557062469318112e+02 2.616603527799030644e+02 2.617332439205132459e+02
2.669714599633919647e+02 2.668387801660899754e+02 2.663679876310025065e+02 2.671491800834057244e+02
2.750525322870244054e+02 2.745241514094041690e+02 2.729091571208584242e+02 2.748878768158837147e+02
2.742347814478912369e+02 2.739057081051953446e+02 2.733097302145022809e+02 2.748235533516228202e+02
2.779126077550860714e+02 2.783065093269117369e+02 2.775670104044571076e+02 2.787135002940636355e+02
2.743837626294367169e+02 2.748100968214701538e+02 2.732906329195639046e+02 2.748367564329915353e+02
2.609605220797689071e+02 2.614309229322636838e+02 2.612215651597459214e+02 2.612017440948299623e+02
2.675761473143965077e+02 2.674021309702876579e+02 2.676620690971922158e+02 2.673529404608440814e+02
2.656470467415487064e+02 2.651251337475508194e+02 2.662902603115145439e+02 2.654878916331032315e+02
2.682054545570827599e+02 2.686357232550559502e+02 2.684167366552075009e+02 2.681261071019930569e+02
2.705540555993104590e+02 2.707764914964548097e+02 2.698909415531564946e+02 2.708011523945185104e+02
2.667375089667326620e+02 2.664650618220288152e+02 2.663049563260568107e+02 2.663283725942210367e+02
2.622580443203278264e+02 2.625814020715314427e+02 2.621299774482126850e+02 2.622848628890084228e+02
2.831785462899923687e+02 2.836807543091714479e+02 2.820287145632048578e+02 2.833348926051662033e+02
2.616987842882770678e+02 2.621040731721994916e+02 2.625655421282056068e+02 2.616833536818062953e+02
2.896996426419501063e+02 2.895278186566751515e+02 2.880020947824276618e+02 2.895132129018165870e+02
2.647496408496593858e+02 2.648616354092464462e+02 2.640660329818530840e+02 2.653633785687927684e+02
2.682527049421432821e+02 2.681790142013269929e+02 2.667756618528896979e+02 2.678257300164706294e+02
2.946561354689830523e+02 2.940759829186845877e+02 2.917874106737200464e+02 2.936277812115841925e+02
2.701444902062867754e+02 2.705188177784309573e+02 2.699229044988654209e+02 2.707456047172603348e+02
2.661774271852511333e+02 2.658702402948864574e+02 2.651634730573055663e+02 2.663268207406873671e+02
2.623547888626456484e+02 2.624597997863385217e+02 2.626548293390177378e+02 2.622447386993256941e+02
2.792956493606824324e+02 2.804357689392669499e+02 2.779016029487051469e+02 2.799202603560181615e+02
3.029600170075737537e+02 3.027607268852297011e+02 3.030185209868167249e+02 3.023433128827422252e+02
2.677693024879817472e+02 2.677694956882392034e+02 2.670200009506341985e+02 2.679377129295021405e+02
2.712712548984547425e+02 2.717695161319807653e+02 2.705429124930429907e+02 2.717440292833687181e+02
2.628118295095633812e+02 2.633495438749270647e+02 2.635843986721901615e+02 2.630742986639065180e+02
2.625154116972711904e+02 2.627934658439914415e+02 2.614151229849292122e+02 2.627045638450051683e+02
3.092356780800573119e+02 3.092765326736891325e+02 3.087289486340027338e+02 3.075399449751383258e+02
2.718814977568210907e+02 2.717292886608070148e+02 2.711720522250184899e+02 2.724114106803355639e+02
2.660083927105783346e+02 2.661138690677507270e+02 2.664847439338660706e+02 2.655590397067870754e+02
2.698344949166709057e+02 2.704892215531148736e+02 2.699484958100416634e+02 2.703499248214654358e+02
2.878215012552164467e+02 2.879397458638204625e+02 2.864528272550279553e+02 2.879333594792328768e+02
2.628674463328414390e+02 2.620851113747089585e+02 2.625833555982707139e+02 2.625456589742091751e+02
2.652226734295553001e+02 2.654359580188368000e+02 2.654591520118354424e+02 2.655265800240569547e+02
2.837731114132112680e+02 2.843010325300734848e+02 2.825020714190467856e+02 2.836234460851782160e+02
2.646815205140780449e+02 2.634166359199366525e+02 2.643105569225505178e+02 2.638941748042051358e+02
3.037401196646507060e+02 3.024471959212636989e+02 3.025186255710877958e+02 3.024837849724326588e+02
2.642843690768345368e+02 2.643420016771765972e+02 2.639867749752842769e+02 2.640244986500307505e+02
2.620101663697172967e+02 2.621476822287883124e+02 2.617023381394811281e+02 2.625806783151766126e+02
2.928231342893058127e+02 2.928010158982676217e+02 2.916639328475995967e+02 2.930911902613020743e+02
2.944106559773977665e+02 2.956610812882016148e+02 2.940065252542748340e+02 2.947846433963228492e+02
2.722678217643929202e+02 2.719736863160582629e+02 2.711086699602231533e+02 2.727303657328320696e+02
2.736699382266137945e+02 2.737433563081353896e+02 2.730426125414116996e+02 2.737637827235284362e+02
2.739917146924939857e+02 2.739562843253273741e+02 2.727583718964726245e+02 2.747483733048591148e+02
2.653822113554220437e+02 2.651006300947109366e+02 2.658220345653053869e+02 2.646963993156905985e+02
2.887014273086848561e+02 2.890982945285495020e+02 2.865510498309938612e+02 2.883515589674279909e+02
2.651748140691984190e+02 2.646877514378301726e+02 2.650154219990442357e+02 2.648020063302747076e+02
2.673530028543082153e+02 2.675935120362773887e+02 2.669926082357574728e+02 2.672204166181661549e+02
2.651640599258857378e+02 2.654416555723565807e+02 2.647916898538252326e+02 2.651029137361762764e+02
2.757931924004809048e+02 2.752987321914519612e+02 2.738070554208873091e+02 2.756180613056562834e+02
2.655321399931347628e+02 2.655131963210665162e+02 2.660375121805656704e+02 2.652532504893754890e+02
2.706527249353142111e+02 2.715216858947333094e+02 2.705052474389958093e+02 2.708546150790577371e+02
2.741212873328872774e+02 2.740820390723446849e+02 2.729670280576125947e+02 2.743662297808350559e+02
2.696769133779743015e+02 2.698563028907075250e+02 2.686345231608003701e+02 2.698681708334444806e+02
2.707487178751088095e+02 2.708254341755363725e+02 2.713666720234525656e+02 2.713712286834308998e+02
2.674426356801387215e+02 2.668206710726241226e+02 2.671184508986212336e+02 2.673072612431805055e+02
2.692193154582784018e+02 2.686318135614347398e+02 2.687234533785710369e+02 2.689731851112675827e+02
2.658229724118164654e+02 2.660002747080134782e+02 2.646625502405267412e+02 2.663278633494580845e+02
2.649812271086104261e+02 2.648506157160823591e+02 2.641713383345388024e+02 2.652269850622438412e+02
2.677874452761496400e+02 2.674856604466419867e+02 2.670893087754500357e+02 2.675030897023074203e+02
2.649503893328313779e+02 2.652933670763077885e+02 2.652979130023853713e+02 2.658860371346210059e+02
2.607769234349769931e+02 2.610850180419105300e+02 2.611955552240430052e+02 2.609427288775459033e+02
2.652673622307237906e+02 2.647782206514280574e+02 2.640244462880758647e+02 2.655564792536345635e+02
2.948932540558737401e+02 2.955939374759494740e+02 2.936341380232956908e+02 2.943128259379026872e+02
2.661514094143098532e+02 2.667189377567166275e+02 2.656074393916388772e+02 2.661837222377729404e+02
2.671398938384141388e+02 2.668907778560843553e+02 2.677678230895600109e+02 2.668695763415881856e+02
2.691826033528575408e+02 2.702834690612965574e+02 2.681731349901055523e+02 2.702131993316961598e+02
2.711394325597443640e+02 2.713520817553548454e+02 2.708914007392912708e+02 2.712936788190553443e+02
2.631450012722720544e+02 2.629670325657313583e+02 2.631147516564603848e+02 2.633158730873819877e+02
2.700379730487101142e+02 2.708453307231724239e+02 2.688604151573693457e+02 2.698214995374006548e+02
2.695991458103283094e+02 2.697634993808244417e+02 2.695942930463468201e+02 2.693707756186536812e+02
2.759962132452346850e+02 2.766412220729622504e+02 2.753001990665151197e+02 2.769167084275518391e+02
3.011324143778588791e+02 3.005456424974455558e+02 3.006004055331175664e+02 3.006558635948932192e+02
2.941142207716350185e+02 2.946737648148121593e+02 2.927380318651240714e+02 2.942229446148878083e+02
2.690116303587001880e+02 2.686649308838278216e+02 2.692294298714997467e+02 2.688813415739658694e+02
2.615748835916791109e+02 2.611569749917837271e+02 2.619040955495351568e+02 2.618709037521180107e+02
2.625068823341838993e+02 2.624398538371248151e+02 2.619702050669311575e+02 2.624639898672969025e+02
2.685932001793498216e+02 2.682189179723046095e+02 2.689757244747070786e+02 2.678972117757913338e+02
2.621932378564530381e+02 2.626299761135784365e+02 2.619459807354380700e+02 2.623535038291234969e+02
2.761680274718625583e+02 2.764578776918984317e+02 2.752258988751755169e+02 2.764401253038701043e+02
2.764643796442198891e+02 2.763306665133297884e+02 2.750969698063525470e+02 2.764082461973624163e+02
2.672633233337584784e+02 2.671594264936532568e+02 2.677034945430086736e+02 2.678473598376942846e+02
2.704652554545650105e+02 2.697386637553856303e+02 2.694860310217593451e+02 2.701996558178130385e+02
2.589267810463598494e+02 2.591594256004449335e+02 2.580267375309829276e+02 2.594417405172115991e+02
2.768878071450913012e+02 2.769433284159586606e+02 2.755956229658315806e+02 2.772744743867328339e+02
2.682665378076366665e+02 2.679663792386528485e+02 2.676054163934545613e+02 2.681632207397029219e+02
2.660541770652623654e+02 2.663929173628736180e+02 2.663331913411946061e+02 2.671310789228479052e+02
2.624151270301591694e+02 2.621501344825079514e+02 2.624735581285856370e+02 2.623177557395022177e+02
2.709046131840490261e+02 2.712495771113879641e+02 2.702370233768591561e+02 2.711142536257499387e+02
2.977743101412523288e+02 2.975372326479339335e+02 2.975221498141957568e+02 2.967472063042662853e+02
2.752310903605131784e+02 2.752044266479513226e+02 2.742633965851361495e+02 2.754622415295929727e+02
2.788572464543206593e+02 2.784726823316829609e+02 2.771497537721456297e+02 2.779237649466861626e+02
2.666938843758331359e+02 2.669483112712309207e+02 2.671064686865482258e+02 2.669122238240857428e+02
2.710907901199141747e+02 2.709774432851532993e+02 2.709105311606260216e+02 2.710800858744553352e+02
2.701980653109014838e+02 2.706465290061333349e+02 2.692916521055300905e+02 2.703166424672554626e+02
2.632656058084046435e+02 2.628385475924385446e+02 2.634511835064859611e+02 2.630063778288119352e+02
2.591566856595181321e+02 2.590020238501381300e+02 2.588606768966874938e+02 2.589442195821507653e+02
2.640534540230009384e+02 2.637580692364594483e+02 2.637558532765312975e+02 2.638159295448988928e+02
2.687521171041121875e+02 2.682407986505019721e+02 2.676203845966377344e+02 2.688980438430510844e+02
2.640201755915405784e+02 2.638930085160336034e+02 2.634768781945090268e+02 2.638126215179369183e+02
2.711480039895639038e+02 2.713033385063789069e+02 2.703979405702311283e+02 2.715486258858018118e+02
2.604191662000704355e+02 2.607658383199328682e+02 2.602223291732855728e+02 2.604068751272673126e+02
2.751683509017274218e+02 2.758748511848348812e+02 2.728869082766864267e+02 2.751009283374070264e+02
2.630535927501566675e+02 2.624485496532873867e+02 2.627994041633714346e+02 2.622536003466369152e+02
2.636809634216754716e+02 2.641580446965324995e+02 2.639064342603481919e+02 2.641607755355641984e+02
2.635457139791645318e+02 2.635585511823613842e+02 2.634247228325631909e+02 2.637674129662487417e+02
2.642090800582968200e+02 2.639222060882835876e+02 2.640788292576801268e+02 2.637845481571070536e+02
2.657098500988122964e+02 2.655459977959208686e+02 2.653817506077609778e+02 2.660490953641890428e+02
2.700938161804926949e+02 2.716892655761280366e+02 2.687270666428156005e+02 2.711625834629537053e+02
3.020884243256160175e+02 3.018221922730638767e+02 3.010375748305674506e+02 3.009077022127553391e+02
2.655005140147001157e+02 2.654335963887888283e+02 2.649712082489778595e+02 2.648401643862228525e+02
3.012928740983526836e+02 3.008688293154073108e+02 3.002883289505646758e+02 3.005348176500800150e+02
2.746943749934345647e+02 2.752018892477263421e+02 2.738175592554526929e+02 2.745804029647019888e+02
2.686303640502318899e+02 2.685573659806012188e+02 2.683516291791562480e+02 2.685877317176187944e+02
2.767996407217492560e+02 2.771054589961723309e+02 2.761883471746442069e+02 2.770934149946089633e+02
2.800535646777684633e+02 2.809513345844304695e+02 2.793494820935408711e+02 2.809291898000489596e+02
2.686338254632759117e+02 2.695550877859616321e+02 2.692537877712201180e+02 2.697060647165675391e+02
2.660781171422211742e+02 2.663768761744036055e+02 2.662535962711288562e+02 2.656803452184286130e+02
2.659720987789769993e+02 2.655245063460953929e+02 2.660872058772944229e+02 2.656171051245771650e+02
2.879812004350681036e+02 2.882101358369681066e+02 2.862028220244653767e+02 2.877207019824822964e+02
2.741028958501580064e+02 2.742136182528062704e+02 2.723606707404007921e+02 2.746498628165267064e+02
2.636257966249347078e+02 2.633927628459161951e+02 2.629974853589914119e+02 2.641559458188989993e+02
2.710629414422431296e+02 2.713536260475845552e+02 2.711927685910126797e+02 2.719276496320628667e+02
2.775598930236848219e+02 2.776500291376644896e+02 2.769762593785252420e+02 2.781183957309947914e+02
2.781507368093372179e+02 2.777868484141113186e+02 2.769936175666454119e+02 2.779260542709121182e+02
2.704471114666271774e+02 2.708953715413286432e+02 2.695922577010543364e+02 2.705523273643771631e+02
2.933489497011921117e+02 2.939856124401542274e+02 2.922113461406550527e+02 2.934195489527845666e+02
2.751553017106859329e+02 2.762582579181235474e+02 2.746021809013451502e+02 2.762142722770004752e+02
2.644905766498727075e+02 2.638068933639790998e+02 2.642050254299480798e+02 2.644273463044634696e+02
2.677322542764208606e+02 2.674378833222563117e+02 2.685491441745250540e+02 2.677283514509236966e+02
2.646983007424020116e+02 2.650403139462901549e+02 2.646423377768024920e+02 2.651248367086824942e+02
2.690349407293292074e+02 2.694568129203311173e+02 2.682217842829996357e+02 2.695239794490934742e+02
2.593289040639629661e+02 2.591430700362998891e+02 2.597694215143191627e+02 2.593898219685368645e+02
2.700216111209919632e+02 2.708725934305768988e+02 2.712771449160946418e+02 2.702572701636228203e+02
2.690047920346493697e+02 2.690635578965184322e+02 2.680124817595100808e+02 2.685601991703885005e+02
2.671740521998109443e+02 2.669306106991551246e+02 2.663376563221751780e+02 2.674355344095378655e+02
2.972881778202527698e+02 2.975843254667819906e+02 2.959838855769668271e+02 2.961067949952516187e+02
2.681373819496322994e+02 2.684856929366410441e+02 2.666849395314956723e+02 2.683378548630752789e+02
2.623695907333303126e+02 2.622252211192076743e+02 2.623412464075315143e+02 2.630778474957245407e+02
2.722635536154043621e+02 2.727847796183793889e+02 2.715412183357384492e+02 2.721146597482594984e+02
3.058684799902480904e+02 3.048007279361603992e+02 3.050893738214238624e+02 3.040677686098269419e+02
2.633099637683455967e+02 2.636906449934793955e+02 2.630959963669408239e+02 2.639724977854425561e+02
2.647295181053477791e+02 2.646187562051700297e+02 2.642890094024712084e+02 2.653531948239386224e+02
2.685092549845971348e+02 2.682568852972848390e+02 2.675184010975686988e+02 2.685296317464698177e+02
2.704691181561844360e+02 2.708874937810807637e+02 2.708836663627764665e+02 2.706745302532771689e+02
2.695763939389294706e+02 2.701864120147448034e+02 2.687946109091586209e+02 2.700866108277308513e+02
2.632738024947908002e+02 2.630080928878262512e+02 2.623383607435662270e+02 2.635191927415594932e+02
2.628491975836457755e+02 2.626305920525954889e+02 2.620002010616958046e+02 2.630730173119397932e+02
2.728615747957589406e+02 2.722620837564817862e+02 2.718909062656103401e+02 2.724857826946463888e+02
2.682532595781653413e+02 2.683460559605671847e+02 2.676292211237633296e+02 2.673109028458334819e+02
2.621431977425447712e+02 2.628376754298783453e+02 2.624071569188496369e+02 2.627377437228847725e+02
2.821379806562748058e+02 2.819657785955732834e+02 2.811935098438299292e+02 2.816312742034803591e+02
2.642289168714119683e+02 2.644617294043554807e+02 2.643751048153260967e+02 2.637243567921012186e+02
2.941052131237570961e+02 2.941534618926614826e+02 2.931193609055167144e+02 2.926834835134133641e+02
2.705458656428803010e+02 2.704474233581766498e+02 2.704992161144840566e+02 2.700923083984272921e+02
2.626541891137290463e+02 2.624797079177311048e+02 2.623510894101962663e+02 2.619349246734476537e+02
2.718825325404704927e+02 2.725174714609070747e+02 2.717836001278300273e+02 2.720434372150617719e+02
2.643248592096914535e+02 2.641606139108949947e+02 2.641526641801432334e+02 2.647148805463794474e+02
2.647440956201671156e+02 2.642605708999167291e+02 2.636618255960194688e+02 2.648769269844949577e+02
3.057158236851010429e+02 3.060540710147895425e+02 3.061414945787899455e+02 3.044858834743877765e+02
3.067267340347204367e+02 3.064583498833704311e+02 3.068037277134525311e+02 3.054854961661479820e+02
2.614191299057943638e+02 2.614944790964271419e+02 2.612319181642603780e+02 2.611484517265323575e+02
2.758972842132622532e+02 2.757008201283443896e+02 2.745927243644439386e+02 2.759251915918607097e+02
2.612901342536465563e+02 2.613024585900442958e+02 2.621264326505147437e+02 2.612993447806711060e+02
2.630854649877774136e+02 2.634313140780570279e+02 2.634653468020090941e+02 2.632817466819211631e+02
2.764504733822557796e+02 2.766783921238006769e+02 2.755918578277270399e+02 2.767032250638803816e+02
2.737242415830461368e+02 2.736142782251329777e+02 2.726075061814415790e+02 2.741424023968279471e+02
2.712322993740121433e+02 2.713157450996239390e+02 2.701544750644050623e+02 2.715987094649310620e+02
2.738151975018743656e+02 2.742033155839674805e+02 2.730467067261945431e+02 2.741807798778307870e+02
2.686787559917980275e+02 2.689733167306035853e+02 2.685751642678997655e+02 2.689609240481580059e+02
2.704033585545614642e+02 2.709239923596693416e+02 2.697809049091741258e+02 2.708525325224234734e+02
2.688259589123151727e+02 2.683320255192211334e+02 2.686831394993065487e+02 2.687615136896727677e+02
2.855932178999193525e+02 2.860155428589428084e+02 2.842734010170074725e+02 2.850567266832987912e+02
2.682542932648538567e+02 2.685153993250427220e+02 2.681767196124555426e+02 2.689189030723836709e+02
2.571576903841875037e+02 2.583381538044842500e+02 2.582967511865132337e+02 2.581183070640969390e+02
2.697313491568339714e+02 2.698395672728225350e+02 2.692728065120675751e+02 2.707284006775057037e+02
2.699622272344758471e+02 2.688555844242864623e+02 2.696444707221269823e+02 2.693753815221571131e+02
2.710439862524415275e+02 2.705914286804753033e+02 2.697676825832658096e+02 2.709964986567514984e+02
2.659816817401643902e+02 2.663354939311078624e+02 2.655083530880856983e+02 2.663856141811334055e+02
2.724861045355663123e+02 2.731406177613537238e+02 2.717886216426546753e+02 2.725891378070626274e+02
2.673329323990477633e+02 2.676601698582657036e+02 2.685224689129420881e+02 2.672364814816112357e+02
