2.562665157485737950e+02 2.562760173013430745e+02 2.558942838243065978e+02 2.566340702341250335e+02
2.611795607289752184e+02 2.620538730118890385e+02 2.608499154221475465e+02 2.617015893649859777e+02
2.592507993474965247e+02 2.588155168691674248e+02 2.587153316022059926e+02 2.596798738804369009e+02
2.547781453007063135e+02 2.551284543085604923e+02 2.542336507263659371e+02 2.555511874625414919e+02
2.690564091914980054e+02 2.692473205604459281e+02 2.679446528139569637e+02 2.690277964038541541e+02
2.537288857435447653e+02 2.541582255579543244e+02 2.531811149791518858e+02 2.544696622557525814e+02
2.595247766986431657e+02 2.599939641640369814e+02 2.581285519614386317e+02 2.599475681871255119e+02
2.578079244125623291e+02 2.584370204502116621e+02 2.576175959655114980e+02 2.583492224684399048e+02
2.601624408967834370e+02 2.594902946221133675e+02 2.582964714982625196e+02 2.600306309205911361e+02
2.574248335337218805e+02 2.578719747599178049e+02 2.574130532692425390e+02 2.585413211541500687e+02
2.546747492271138356e+02 2.545349228053589457e+02 2.546206148153251263e+02 2.551518793221739259e+02
2.763049835326469861e+02 2.776317312451866428e+02 2.739261412323261879e+02 2.773955263728607292e+02
2.671962698271266277e+02 2.669263541465402341e+02 2.656922253270685701e+02 2.677821485894433522e+02
2.557058281530573538e+02 2.555256855023579305e+02 2.545947247874457844e+02 2.558274535034453550e+02
2.551184728078984278e+02 2.553748212098490171e+02 2.544992110008422230e+02 2.559166190106463148e+02
2.628191340254281272e+02 2.632564499934543960e+02 2.620269180129361075e+02 2.637765830787254799e+02
2.801319776405025550e+02 2.806758794481963264e+02 2.781981271078586815e+02 2.801697401204465905e+02
2.561550900479641086e+02 2.569566552379939708e+02 2.551691479701268577e+02 2.569158965390298590e+02
2.633911581929826866e+02 2.637157945974733479e+02 2.622158003705799842e+02 2.642522887006732049e+02
2.597211468064205064e+02 2.604029400035288404e+02 2.577443973349983821e+02 2.610794676259755533e+02
2.595444597665916717e+02 2.595050304099468690e+02 2.577658653242907576e+02 2.598641615832048046e+02
2.738369923535263979e+02 2.743633220534316024e+02 2.715785686264043761e+02 2.746666065288474670e+02
2.580004102332527509e+02 2.576497037271186059e+02 2.575337736916683298e+02 2.586865605523131535e+02
2.668646281102554667e+02 2.667456311685093624e+02 2.656138226079904712e+02 2.668842611568740608e+02
2.614936519523836864e+02 2.613290956433394285e+02 2.600424165433096277e+02 2.613438592041109700e+02
2.597349567128524086e+02 2.593588594365166387e+02 2.584276985194347844e+02 2.599114418375395985e+02
2.888872054612293141e+02 2.891597966570606104e+02 2.875079982622185071e+02 2.902883420347412198e+02
2.655915467801121395e+02 2.666980232891524452e+02 2.643398512135769352e+02 2.664279318601235218e+02
2.524248311436581105e+02 2.525294712326806916e+02 2.516692446692746330e+02 2.525821841838463797e+02
2.542727071181751342e+02 2.542272354550292732e+02 2.534915302777870636e+02 2.547165320480820583e+02
2.560498057243844414e+02 2.559540570881096073e+02 2.543045211820106033e+02 2.566917842073945621e+02
2.570400342371778493e+02 2.573038704273294002e+02 2.565326239287267072e+02 2.576213233109855310e+02
2.765462309187408891e+02 2.772127652440644852e+02 2.743818344307576353e+02 2.766195337831369443e+02
2.551894158455668276e+02 2.559623715654152818e+02 2.547067807235222290e+02 2.558570861410227621e+02
2.742333895139213382e+02 2.734135760435021893e+02 2.705288097117602319e+02 2.752895982844170248e+02
2.604748959628894340e+02 2.603533345067326650e+02 2.597546769104186524e+02 2.603568181328463993e+02
2.612075846352306030e+02 2.613797542981469633e+02 2.600182843388849960e+02 2.614565329605030115e+02
2.695706740787395574e+02 2.703450553674765615e+02 2.670023470864437627e+02 2.693836868947335574e+02
2.631415123590660414e+02 2.631808031644732750e+02 2.613901358363702911e+02 2.637586462688622646e+02
2.642007840147675211e+02 2.645453811911622779e+02 2.640130950644434051e+02 2.645051858923404779e+02
2.825397845452565662e+02 2.833638061799139223e+02 2.813442260126426504e+02 2.839127977720588660e+02
2.699448829388717854e+02 2.704446695372965905e+02 2.675398124373269297e+02 2.697479532015299810e+02
2.618041582422532088e+02 2.614355348379882003e+02 2.598129002072762432e+02 2.616455724721075171e+02
2.583015168536963415e+02 2.584936709291866350e+02 2.567328773847023626e+02 2.585226231518028612e+02
2.534621157704064274e+02 2.532794323866527293e+02 2.526245926524932202e+02 2.541321459681307147e+02
2.960854924005131465e+02 2.967194683100240695e+02 2.955532801524965407e+02 2.959080646572232922e+02
2.682356389303425885e+02 2.692569402490105404e+02 2.664494499647454404e+02 2.681507945071504651e+02
2.601324927530874334e+02 2.597315828999540486e+02 2.594033765405324630e+02 2.601530992382949421e+02
2.559547777820090175e+02 2.553995300585768007e+02 2.553171241151196398e+02 2.558733020417926696e+02
2.600197114116451758e+02 2.600826648340962493e+02 2.584906265878633462e+02 2.598541422303607646e+02
2.560059514677716948e+02 2.561224994534134680e+02 2.542991893193543547e+02 2.566065637213069976e+02
2.599650862504059319e+02 2.605029146653294561e+02 2.595105873428062182e+02 2.611832575547990700e+02
2.573404307113928553e+02 2.571402224695009409e+02 2.563001027471961493e+02 2.570447310567871568e+02
2.581369786015690124e+02 2.584636365575780701e+02 2.577706835419639333e+02 2.588607238707341480e+02
2.581453128146916356e+02 2.584376624977974757e+02 2.579088380602569828e+02 2.578612211670729266e+02
2.566256458701764132e+02 2.567921544509120508e+02 2.557210267622157573e+02 2.567296220592779719e+02
2.532867304220384312e+02 2.537356163740209922e+02 2.521267521495892936e+02 2.547337534386948050e+02
2.702675283028769400e+02 2.707843415112060370e+02 2.684976065874792539e+02 2.710584852468734880e+02
2.707220761145187566e+02 2.701853393119819771e+02 2.685230615010051451e+02 2.709366377988633872e+02
2.586406418834721990e+02 2.588546657868915304e+02 2.580217736583643386e+02 2.593768715584522511e+02
2.542739957001937796e+02 2.546985154242202896e+02 2.539357797297923014e+02 2.552671274129704102e+02
2.540142935460341960e+02 2.541644352158648417e+02 2.529911054508013422e+02 2.541281989172278486e+02
2.570916118725708657e+02 2.581486790522989168e+02 2.561531202112418555e+02 2.580670578936842503e+02
2.597585459881619272e+02 2.603398240732131512e+02 2.594944088158858904e+02 2.607681119359621107e+02
2.562968458362420279e+02 2.562789461818929908e+02 2.554957662780618080e+02 2.563128821833262236e+02
2.574577217534005626e+02 2.565511405875853370e+02 2.564314042370860989e+02 2.571418641214062291e+02
2.552843013348659724e+02 2.560722324754714236e+02 2.550469318956792790e+02 2.565519926175190335e+02
2.559939367597094133e+02 2.562729508858060967e+02 2.555170672092270365e+02 2.566816883267194953e+02
2.658275858753151510e+02 2.664923146237108540e+02 2.649592294104762118e+02 2.665673923915399541e+02
2.522815771463258443e+02 2.526320750001181636e+02 2.509795766573437561e+02 2.531851663138094466e+02
2.622689144035251729e+02 2.628453409492640844e+02 2.618101319197522798e+02 2.629691225035250568e+02
2.558519413687543533e+02 2.562492350287298564e+02 2.544442114474803986e+02 2.564355860758016661e+02
2.755985479879093987e+02 2.749000769832645688e+02 2.715433145731701643e+02 2.751053390242183241e+02
2.531701151673505024e+02 2.529790816324689047e+02 2.526268129835071363e+02 2.536352480149690223e+02
2.524727934782612238e+02 2.530486636601766008e+02 2.523915698262896399e+02 2.532528529354395346e+02
2.565453259514911224e+02 2.575489013580200321e+02 2.569002953001512992e+02 2.584663394447326823e+02
2.793002627884250728e+02 2.784780896674022301e+02 2.758740264603501373e+02 2.784004927455185907e+02
2.525661023801203839e+02 2.526364665407423331e+02 2.519845195074900630e+02 2.528104021394920551e+02
2.574914821489032875e+02 2.572861960317434296e+02 2.575475528499143252e+02 2.573244318123425955e+02
2.574819956222692099e+02 2.573206560021957898e+02 2.566776652636458493e+02 2.580275478907483944e+02
2.661484204480495350e+02 2.659156834092250961e+02 2.649058297853401882e+02 2.669544493090760966e+02
2.979168085039329981e+02 2.971810393576256502e+02 2.956793108067651588e+02 2.974256823214759038e+02
2.527731023968886745e+02 2.534345503777262820e+02 2.527296286084343535e+02 2.535022252724458838e+02
2.580221639428673939e+02 2.583003568556425193e+02 2.567943809455956625e+02 2.583117785392629457e+02
2.612939528942002312e+02 2.613610522316596985e+02 2.596568044277959189e+02 2.612262984029923700e+02
2.529353084121950701e+02 2.532803491669372420e+02 2.518331253841527371e+02 2.532180869154837524e+02
2.528378967594060498e+02 2.535158696439477808e+02 2.523560435188742872e+02 2.537995966014323983e+02
2.565476764297542900e+02 2.572231682368402517e+02 2.561386216016178423e+02 2.570217298419821077e+02
2.538227810887494797e+02 2.537662494998047293e+02 2.533176699124007314e+02 2.537688753852371235e+02
2.505861589974805668e+02 2.511403026670914187e+02 2.500887799199863650e+02 2.513186437243683145e+02
2.569459518326096941e+02 2.579456845690424416e+02 2.559187085371025319e+02 2.574902373439920211e+02
2.569762341072005825e+02 2.575031904297682672e+02 2.566241528531687663e+02 2.571805767460868992e+02
2.760752474591936902e+02 2.760931403359218166e+02 2.738216507043121624e+02 2.757915985101581668e+02
2.714379976446930414e+02 2.722148973276790116e+02 2.697870729163886949e+02 2.721394709981261144e+02
2.541985208278915138e+02 2.544296620254589811e+02 2.536117932574283316e+02 2.546138499180138126e+02
2.753005642488648732e+02 2.761586886154395870e+02 2.734763701409989949e+02 2.758221163373296463e+02
2.793953752271302164e+02 2.800549799182726929e+02 2.772463517276289622e+02 2.796124404423352985e+02
2.600854684667834249e+02 2.601971009515530682e+02 2.586337578650223463e+02 2.606326829659007558e+02
2.793008741165371589e+02 2.798858290896354788e+02 2.778975496280012862e+02 2.808050169771976243e+02
2.679271814212617642e+02 2.674895593260279725e+02 2.666491411681112140e+02 2.682813718192600163e+02
2.556656687203512490e+02 2.558171852495627547e+02 2.550834646245771182e+02 2.565193103119793250e+02
2.588459759672375071e+02 2.592648439009302592e+02 2.588108801478210808e+02 2.592963787371948001e+02
2.634542024554694422e+02 2.641789782674707112e+02 2.619538043005111945e+02 2.642399650113836742e+02
2.520013282990940695e+02 2.523616752357557687e+02 2.518848648915208912e+02 2.526875456234629951e+02
2.592052251557721547e+02 2.592576707925890105e+02 2.580460530342199945e+02 2.592108880661979811e+02
2.828804827676227092e+02 2.839091576755207598e+02 2.808684491355527371e+02 2.843927417092672272e+02
2.697360402090714615e+02 2.710480884376609652e+02 2.677722615279116667e+02 2.708558505087664798e+02
2.555663279608392315e+02 2.561092370514559207e+02 2.544179554881258127e+02 2.558940909502306909e+02
2.585044823586500797e+02 2.578276850184576574e+02 2.575892315309958462e+02 2.588494861461826986e+02
2.543306719253533004e+02 2.545087897515581119e+02 2.541284362559188992e+02 2.547378953405745960e+02
2.611696203758450565e+02 2.610733257893002701e+02 2.596635003289442807e+02 2.613142073789961159e+02
2.627387853683276262e+02 2.633334114197907070e+02 2.613068715065974175e+02 2.634505413796805442e+02
2.550434990612191086e+02 2.556681454311577113e+02 2.549877272694038481e+02 2.555207480383745349e+02
2.572982091089066330e+02 2.578933711787581160e+02 2.563780001113465232e+02 2.582021874080567727e+02
2.628017614987977026e+02 2.637188865661702266e+02 2.609271857342330350e+02 2.641557836918129851e+02
2.536359213146262164e+02 2.534761128964315162e+02 2.525355320263835779e+02 2.538770578210318831e+02
2.523179832589165699e+02 2.520627602955234750e+02 2.514401409211100997e+02 2.520278485379014626e+02
2.621254815280564117e+02 2.628457449639910806e+02 2.604565273294905410e+02 2.626203489143550769e+02
2.658810858164298452e+02 2.668153394725510452e+02 2.638537574835995656e+02 2.662039806227040231e+02
2.521541274491244167e+02 2.520632043352737242e+02 2.515392200884446083e+02 2.525813840468541116e+02
2.640555954218252168e+02 2.642175775137346818e+02 2.620180002592617825e+02 2.646230121984192465e+02
2.562652302670820177e+02 2.563848194892607353e+02 2.549086455849996184e+02 2.566601985822521783e+02
2.590199082919306193e+02 2.597004261038849222e+02 2.590235375443363068e+02 2.595714272813700063e+02
2.679008180201737446e+02 2.682231606328050475e+02 2.661624093489909342e+02 2.689874519916657505e+02
2.753781261649970702e+02 2.753262145861792192e+02 2.737030806907692408e+02 2.757038297872715020e+02
2.921337095120110803e+02 2.928935026199183653e+02 2.912187629761136805e+02 2.925003844900346621e+02
2.628382856056210244e+02 2.633607230351358908e+02 2.617135218788444035e+02 2.631709851781827751e+02
2.611252765672826399e+02 2.616060396811506052e+02 2.603541257769815616e+02 2.611675896241733312e+02
2.585207190769589829e+02 2.591208927174622545e+02 2.579239831640370539e+02 2.588316950359784414e+02
3.022848690234700371e+02 3.031610298262548895e+02 3.013876444631754907e+02 3.021597722318563797e+02
2.533098165048048145e+02 2.531631725084666584e+02 2.526998460529383408e+02 2.535036787035085979e+02
2.663428428988738688e+02 2.663077210924059841e+02 2.638714577009460527e+02 2.660642846812036169e+02
2.590965203131691510e+02 2.595113054288182752e+02 2.577347866854896665e+02 2.595584063087333107e+02
2.603119452802735623e+02 2.601164745647238306e+02 2.575477146805316124e+02 2.606854007658612886e+02
2.520309106794378238e+02 2.521242955255682432e+02 2.507984593621171427e+02 2.521184843933631328e+02
2.710361064020708000e+02 2.723172763854725531e+02 2.690375521590007679e+02 2.724416857006270902e+02
2.673923538215488520e+02 2.665760369429559660e+02 2.635569252129404845e+02 2.670167727395213433e+02
2.536485717648814386e+02 2.539044149024090302e+02 2.527466284812834374e+02 2.541427415590804060e+02
2.645312000944679767e+02 2.642400928198518955e+02 2.642670941939751970e+02 2.650086602971859975e+02
2.633772112572173683e+02 2.639353788224066193e+02 2.634962537103058935e+02 2.640556870667457474e+02
2.614389188812602356e+02 2.613948971892195914e+02 2.609433759295953905e+02 2.617738823931107959e+02
2.577442967802342650e+02 2.579032244531227320e+02 2.569870142809857612e+02 2.581860710423072192e+02
2.560035001251856670e+02 2.569162295063001693e+02 2.554846605013811427e+02 2.567808561583209439e+02
2.570408310522770421e+02 2.580020832495655441e+02 2.569028125581612017e+02 2.581933695873110537e+02
2.560424666620633047e+02 2.556502526156356225e+02 2.559190889846532002e+02 2.560389076643439239e+02
2.552279800418378670e+02 2.558623297340660940e+02 2.550644929204244420e+02 2.557556069200758770e+02
2.528784800516208406e+02 2.529719218076741072e+02 2.517494098715448843e+02 2.529014840362895029e+02
2.563368396235221098e+02 2.567524527282122335e+02 2.555536436855183808e+02 2.565885768155278583e+02
2.525352618795053559e+02 2.528716836672491866e+02 2.518399215848382369e+02 2.529858143197324978e+02
2.532329411351261683e+02 2.539403020735345251e+02 2.530848379302615854e+02 2.536937984843627021e+02
2.591351985507337758e+02 2.590596115029902649e+02 2.590819936740420530e+02 2.592013260744047898e+02
2.537498093009564002e+02 2.542105976299297083e+02 2.536417750133888092e+02 2.548561221721801360e+02
2.572922355920828181e+02 2.572149031695338408e+02 2.565069344191313121e+02 2.571792509815514904e+02
2.989258644357698813e+02 2.990981563720558256e+02 2.970577045046950388e+02 2.980050138868650720e+02
2.568753420357726327e+02 2.572205369436954356e+02 2.565162842502283524e+02 2.572328168387234086e+02
2.863444218921123934e+02 2.866230518980605098e+02 2.841414023720379873e+02 2.862203631157120753e+02
2.581290593136626512e+02 2.580713690078345053e+02 2.578281895905672059e+02 2.579990339318820816e+02
2.853909899188403756e+02 2.844019777847352088e+02 2.823066753899302626e+02 2.843600705681547538e+02
2.737729126144429301e+02 2.755310174840431614e+02 2.716039118255203562e+02 2.743729523474209486e+02
2.844005412782952362e+02 2.844182273946843793e+02 2.808228282234753692e+02 2.832049331542602886e+02
2.608021556528349834e+02 2.615734828742861282e+02 2.597986259755905394e+02 2.621704583196286649e+02
2.546966019183857952e+02 2.552892759585473073e+02 2.544338730780353615e+02 2.552154132588325979e+02
2.800102659223037449e+02 2.793524814536650069e+02 2.777084023459738091e+02 2.795685598962087965e+02
2.588542854119856429e+02 2.581958894611801156e+02 2.576492673456834837e+02 2.584475732820345684e+02
2.666386006433750140e+02 2.673799498415596076e+02 2.651749134193348709e+02 2.674299062600376828e+02
2.586849924261902061e+02 2.594797064908409538e+02 2.579179300320755601e+02 2.597949299252136939e+02
2.950718669295622476e+02 2.950558147402217060e+02 2.931078021084395004e+02 2.936201527609286472e+02
2.582603241073197182e+02 2.584414659276052930e+02 2.575184875874005002e+02 2.586528989365514235e+02
2.673890359558008640e+02 2.684388381531068148e+02 2.660349389651561296e+02 2.686415454182674125e+02
2.563780652257165116e+02 2.566974451618769990e+02 2.552884858684605263e+02 2.569121141698444717e+02
2.562735657283830051e+02 2.568490833870257575e+02 2.560409661881043917e+02 2.568463968133954722e+02
2.525516056615458069e+02 2.523003073954742206e+02 2.518856224577810394e+02 2.530563336319233088e+02
2.567957914936844759e+02 2.574251503127384808e+02 2.566543354118614957e+02 2.578157907061459468e+02
2.558332487092962708e+02 2.556832253464771725e+02 2.555469808862918057e+02 2.561860637890836756e+02
3.001427866055953473e+02 3.013674749864000546e+02 2.999309144190664256e+02 3.000654674031541731e+02
2.633702394276038490e+02 2.630852932415655800e+02 2.618762086693317883e+02 2.637396298415739011e+02
2.596661761466968414e+02 2.597081809754582764e+02 2.594816128443329148e+02 2.595424811406958838e+02
2.659822814089630469e+02 2.658100885270879985e+02 2.630246526324457932e+02 2.662948323532395420e+02
2.734715693664595619e+02 2.736060175616200922e+02 2.710831364195790343e+02 2.730869880129461649e+02
2.567335234604352650e+02 2.568795631389698997e+02 2.555472685709282246e+02 2.576567487820217366e+02
2.535778046982568696e+02 2.537356585565609635e+02 2.527920603261144947e+02 2.538110571159280084e+02
2.489765194536576587e+02 2.493235163067678570e+02 2.482769491614184574e+02 2.497205301734775560e+02
2.604783921214096836e+02 2.610602556009331465e+02 2.592804594034121806e+02 2.613866183437642121e+02
2.584335748210425550e+02 2.590701481147438585e+02 2.586788537516610518e+02 2.587023543484585275e+02
2.540435704387624014e+02 2.545465907086783375e+02 2.536956896447871372e+02 2.546360370808316702e+02
2.750239774176346259e+02 2.749734322834166278e+02 2.729380902180690782e+02 2.747428579544658191e+02
2.639923064809779589e+02 2.640772484764531782e+02 2.633494949919694363e+02 2.651228736847675123e+02
2.841979877199663633e+02 2.846980456529169601e+02 2.818061672728790086e+02 2.837612187626222067e+02
2.623481533245425226e+02 2.630633220468563422e+02 2.608400610177596946e+02 2.637076220817761509e+02
2.604749775768059976e+02 2.609638705419779399e+02 2.590632040306082331e+02 2.614380700816114995e+02
2.552478398491312532e+02 2.556357680679626299e+02 2.548151558544979025e+02 2.563842839540383238e+02
2.625819410786160120e+02 2.631240302950815249e+02 2.615674509572843363e+02 2.634835297551206850e+02
2.609814723135095278e+02 2.603431943839316887e+02 2.588576063796782591e+02 2.611473058324842782e+02
2.775870182016888634e+02 2.785010410777002221e+02 2.770825314356086437e+02 2.783060441653983617e+02
2.569638303387995961e+02 2.575499375275256284e+02 2.564286840875825533e+02 2.577790442909163175e+02
2.579678930982781822e+02 2.581902387494932896e+02 2.574314150162280725e+02 2.585337586194102073e+02
2.559161851121952509e+02 2.567752594757060365e+02 2.542449857881705384e+02 2.566554357580162105e+02
2.560669889929955048e+02 2.561874537544624673e+02 2.561195028887189551e+02 2.562060350786429694e+02
2.679520764704453200e+02 2.683259083892261856e+02 2.664100783412250735e+02 2.690450913565683777e+02
2.721796931794409034e+02 2.718525642907237625e+02 2.698288760280638030e+02 2.719225799841804019e+02
2.551404336213958004e+02 2.549761625903754805e+02 2.544512066147461553e+02 2.555701379708832519e+02
2.527129512970902567e+02 2.525389055464706018e+02 2.518011798439386553e+02 2.529593892725037847e+02
2.592359587119823345e+02 2.600647142486188841e+02 2.594473067401053754e+02 2.598052838038651089e+02
2.627717125824501068e+02 2.624195112923129614e+02 2.629280740933919560e+02 2.626722444062205568e+02
2.520594273287800888e+02 2.522118867057988609e+02 2.512106124768138784e+02 2.522093573894633494e+02
2.667589537592656370e+02 2.672733914398714319e+02 2.646997179231843802e+02 2.673409162006439033e+02
2.561815327911925806e+02 2.562952170968700329e+02 2.560406117126445338e+02 2.572291583570657281e+02
2.568995435267380003e+02 2.572890656775546177e+02 2.570206303173791866e+02 2.572742137161561118e+02
2.772641187757990906e+02 2.787528244144803011e+02 2.757678417142246872e+02 2.777604848580795078e+02
2.636110369064588212e+02 2.634784612989391803e+02 2.632174744573320595e+02 2.639736629502629626e+02
2.799282846330995085e+02 2.809507168667275323e+02 2.782749524720308045e+02 2.808275893533214571e+02
2.655234591940890709e+02 2.649780630595983553e+02 2.633120593079246987e+02 2.654206297256553739e+02
2.683034806315071705e+02 2.687073608291131563e+02 2.666487282873297318e+02 2.685987517643947626e+02
2.675610948913248990e+02 2.689038542032471355e+02 2.664223864451415693e+02 2.688039969992358920e+02
2.604173595705090634e+02 2.611688410839984158e+02 2.597891307545025370e+02 2.609405500619113809e+02
2.593329115373997524e+02 2.602488137799351762e+02 2.581850434632040105e+02 2.597189149689823466e+02
2.689772422718951361e+02 2.684441498070051466e+02 2.665844922179137484e+02 2.694058994959068514e+02
2.544752138156857200e+02 2.545285809812442039e+02 2.541149819531822232e+02 2.549647224141791924e+02
2.543891539497414556e+02 2.551528460240322715e+02 2.537754949151618575e+02 2.547823585326078728e+02
2.858882204370651152e+02 2.859551182864423140e+02 2.830072843676616117e+02 2.860474775091520314e+02
2.605478752614108657e+02 2.608843434030753201e+02 2.598667653177913621e+02 2.609956096915918238e+02
2.534935060601574150e+02 2.534200723675538143e+02 2.524669252610924559e+02 2.537665700151542580e+02
2.583285318674462587e+02 2.586709537706989863e+02 2.566896855688936512e+02 2.591234683451971250e+02
2.682688323681833822e+02 2.687337118071571354e+02 2.659620212511360364e+02 2.696376700525048022e+02
2.603342621338605909e+02 2.611630622871803666e+02 2.599081588785119266e+02 2.608129279354800474e+02
2.700613035916128410e+02 2.703634143913438379e+02 2.678851138059309847e+02 2.706784582450983976e+02
2.570503453843085708e+02 2.570974411961765327e+02 2.560483968435499378e+02 2.574113337345361288e+02
2.532595107139775337e+02 2.532825583996649073e+02 2.519020791994772139e+02 2.536188814736703137e+02
2.555008486618374661e+02 2.559084566689344626e+02 2.547590549276562513e+02 2.557994317603117906e+02
2.649828782051580447e+02 2.652176095961872875e+02 2.632072285371634166e+02 2.650155042467259818e+02
2.570420518657115281e+02 2.577488446690130672e+02 2.568325435856660874e+02 2.581933401875950267e+02
2.704135683544135418e+02 2.710977035698179520e+02 2.677423659119461945e+02 2.715078516606243397e+02
2.749024507773641517e+02 2.753785729666992097e+02 2.727838726237018818e+02 2.759695536031866823e+02
2.626874397368112000e+02 2.627220707320259976e+02 2.611726970584590504e+02 2.632115413787847729e+02
2.549767224884393784e+02 2.559087965226162282e+02 2.545861284168927909e+02 2.554343427118963348e+02
2.787724431742385036e+02 2.795555820447925157e+02 2.761438613368005690e+02 2.796563993586457855e+02
2.644554636568942101e+02 2.657119150616574075e+02 2.627077342012814825e+02 2.651622088107557715e+02
2.627832484359445289e+02 2.634391577697738285e+02 2.613689528019880868e+02 2.641645786118486399e+02
2.733393469216532594e+02 2.728817739624988690e+02 2.707255847995346585e+02 2.733627783896300230e+02
2.790090184047430171e+02 2.800167354731121918e+02 2.761998307729472231e+02 2.793029807526453396e+02
2.683766491739831395e+02 2.691679241400076421e+02 2.664150051722079979e+02 2.693914298530554561e+02
2.658582248062459712e+02 2.664964012921087715e+02 2.640867813779333346e+02 2.672944589485969686e+02
2.542652648694891866e+02 2.546521241363764716e+02 2.529736899273385973e+02 2.552396487553694726e+02
2.934087044735350673e+02 2.931862628984194430e+02 2.915799891435723907e+02 2.929763831386213155e+02
2.498357627956485203e+02 2.505506786103482284e+02 2.495085233137701550e+02 2.506801763958219738e+02
2.550936974323189474e+02 2.550943436084008340e+02 2.541139895251283178e+02 2.554188293136972163e+02
2.617976406004692080e+02 2.616251951608318791e+02 2.609979179393278628e+02 2.620160373766167368e+02
2.581817697575172588e+02 2.582933069487389730e+02 2.583122142714757956e+02 2.587191420824452734e+02
2.558084181993107222e+02 2.560020155352971187e+02 2.546132704335319659e+02 2.565014861669848756e+02
2.599212798183882569e+02 2.595096788686455511e+02 2.597193697284691893e+02 2.596559982949967775e+02
2.833565011234312578e+02 2.830643726428772311e+02 2.801886604921708681e+02 2.824036568469134068e+02
2.999301516987432592e+02 2.990657339130220862e+02 2.982476023502394469e+02 2.992887602670155616e+02
2.569946366497395616e+02 2.569654908953230574e+02 2.567295377853098444e+02 2.575271311209827445e+02
2.546662196777025429e+02 2.547793068637467968e+02 2.533523063683296073e+02 2.558026907754683350e+02
2.840124837542126670e+02 2.842491296080797269e+02 2.825655930423241671e+02 2.848532542879290759e+02
2.508359941915041418e+02 2.511441526131697799e+02 2.497625535263784684e+02 2.514006681059506434e+02
2.748473662838979976e+02 2.749368507159389310e+02 2.727226098027318244e+02 2.754230969173515859e+02
2.754903121668230028e+02 2.754544432041593609e+02 2.739120937544230969e+02 2.758591429842227285e+02
2.714250223809163458e+02 2.720859866878571438e+02 2.699006485224237508e+02 2.720883453843119355e+02
2.561598013981886197e+02 2.568695498543772260e+02 2.562680213617190930e+02 2.568570451777077324e+02
2.594654449104181708e+02 2.596262375478390254e+02 2.588500269732686547e+02 2.594020725886807099e+02
2.584516667535773422e+02 2.587443394149422602e+02 2.580555693853482353e+02 2.593785962442960340e+02
2.593931459282860601e+02 2.599003713545016012e+02 2.586668405476930275e+02 2.605278444716412309e+02
2.631081747160702662e+02 2.639588434662446730e+02 2.607428583995080658e+02 2.632694835460155218e+02
2.856300993713791740e+02 2.842787320939979168e+02 2.835639711617553189e+02 2.848144530354329618e+02
2.640871508504700387e+02 2.648873571309524664e+02 2.633075274863730897e+02 2.652782567886908396e+02
2.566659397712386408e+02 2.566866287308818642e+02 2.558998629074073961e+02 2.564955318818125534e+02
2.854561528692847219e+02 2.852354088585208274e+02 2.831628276541692344e+02 2.839594056400530917e+02
2.943424432974138085e+02 2.943461552705410895e+02 2.930508826507947902e+02 2.942911375691917897e+02
2.859667959399608321e+02 2.853881339640937540e+02 2.841853740106591317e+02 2.858707557642909478e+02
2.584794934206617540e+02 2.588021182632514297e+02 2.586702609574393250e+02 2.589264957588931679e+02
2.581920724059968961e+02 2.591316796106500533e+02 2.561677313669223963e+02 2.590606341741706160e+02
2.505621112937207045e+02 2.500795501959622982e+02 2.490916854702003889e+02 2.511069703660609207e+02
2.602128449720277672e+02 2.609113302802341536e+02 2.600461295534637998e+02 2.609859400615250706e+02
2.536332172682531905e+02 2.537303449572304999e+02 2.528718787209648156e+02 2.533403262706507917e+02
2.623686763242339453e+02 2.621022247165117278e+02 2.600313021185335174e+02 2.625931469489945584e+02
2.607220281532653416e+02 2.609049698378498761e+02 2.605106432252366062e+02 2.612583122127651336e+02
2.573257165452610593e+02 2.582902070255029798e+02 2.563958826811347080e+02 2.576955277367603117e+02
2.570458860869144928e+02 2.567901981371944657e+02 2.564279978642795186e+02 2.568049370166773997e+02
2.704257225263964983e+02 2.713914066549210133e+02 2.682895312783541613e+02 2.718408473493797715e+02
2.569165610529229298e+02 2.572542484482162877e+02 2.568638868432357754e+02 2.578185343756121597e+02
2.652350256490562970e+02 2.655254399545808610e+02 2.635816002323847442e+02 2.658035272394895401e+02
2.564178543954812994e+02 2.559752499884576196e+02 2.551027588801636057e+02 2.559687015094144158e+02
2.627517849921100037e+02 2.632759078585640395e+02 2.614456071893483227e+02 2.632089918639073289e+02
2.620157084472820657e+02 2.617844529842867018e+02 2.607392289083496166e+02 2.619330257500684525e+02
2.581881359622982473e+02 2.590448676065733480e+02 2.576014513762540901e+02 2.592613632426754862e+02
2.901237674232935433e+02 2.902302741227598517e+02 2.868910233519998201e+02 2.898076680747404339e+02
2.517198326790020246e+02 2.518841429483949241e+02 2.509253493180776218e+02 2.524686118324736981e+02
2.735556783290512044e+02 2.739401681421398393e+02 2.714263837610909604e+02 2.744989013606896719e+02
2.818702186753394017e+02 2.823691048093270979e+02 2.802340711260564490e+02 2.819188019014669067e+02
2.632929949409461869e+02 2.634310674122287992e+02 2.616493910309902731e+02 2.629369594014621612e+02
2.558796390273969337e+02 2.555063761190869513e+02 2.551686785425276867e+02 2.558275347334146659e+02
2.540373323104128929e+02 2.538214082426747780e+02 2.531909021257786208e+02 2.544745710595809953e+02
2.642299395942444562e+02 2.643166103941340452e+02 2.628390470524711873e+02 2.653359854730937855e+02
2.515829861867714783e+02 2.524282777237219477e+02 2.503714274192474250e+02 2.521029749219003122e+02
2.586958247444770791e+02 2.589979193665549815e+02 2.574548525622723787e+02 2.589326656398734485e+02
2.578782342772049105e+02 2.583059674826003516e+02 2.567397126148138113e+02 2.578339803325334287e+02
2.712083898960340775e+02 2.722694517161838235e+02 2.701831623131433275e+02 2.723476551591886619e+02
2.857251788378217725e+02 2.862907033204375580e+02 2.832878702219683191e+02 2.852287349627414414e+02
2.705233070265259130e+02 2.713748676753866107e+02 2.683785311988366402e+02 2.706204702617832822e+02
2.660899596421758133e+02 2.666122995649115524e+02 2.648735022521775591e+02 2.661723248960068418e+02
2.576324583026574260e+02 2.581900882279946359e+02 2.568962108325623035e+02 2.587229977446094153e+02
2.703462014827614439e+02 2.692504893151071315e+02 2.675784274923246358e+02 2.701180054278407852e+02
3.013134175939845250e+02 2.999466713775766493e+02 2.996407729363264139e+02 2.998040682821610403e+02
2.534491541478020338e+02 2.535718931911999618e+02 2.530381577255238028e+02 2.540740463379413541e+02
2.525440002439763987e+02 2.522691758721064730e+02 2.519300772277938734e+02 2.526387990578060396e+02
2.553832349105505273e+02 2.556582256629135941e+02 2.556664350591634047e+02 2.562284321160499303e+02
2.739968461270570970e+02 2.739546983069972725e+02 2.716305275684296134e+02 2.745278881975231116e+02
2.575362422653217322e+02 2.584768365116889299e+02 2.563964170811573240e+02 2.581788383865061292e+02
2.534481458770121094e+02 2.534347087733905255e+02 2.531809714637552986e+02 2.534800326380591002e+02
2.573302029967694580e+02 2.575272148164031591e+02 2.568855345980496168e+02 2.578640178796005671e+02
2.627459299798296684e+02 2.628289112113790225e+02 2.613072019968850555e+02 2.630032115826702466e+02
2.581632820090855489e+02 2.578616817368987881e+02 2.573035308086734858e+02 2.580728716932090379e+02
2.582129162108661831e+02 2.580509617213949696e+02 2.570990403551294889e+02 2.583516183717696322e+02
2.603745394849703985e+02 2.605107451833859500e+02 2.592709823848191490e+02 2.609260265389194728e+02
2.577788962351298778e+02 2.579511990115831281e+02 2.572010099164057806e+02 2.577875305394182988e+02
2.630418038114530646e+02 2.642086257201930835e+02 2.621651972644185662e+02 2.637837437397328699e+02
2.763937274327400360e+02 2.768635247608648342e+02 2.742952889967924648e+02 2.763344374506800136e+02
2.895799437167655128e+02 2.899296063660958112e+02 2.878886029952622607e+02 2.901615344273928372e+02
2.564326422208421832e+02 2.565152060203836868e+02 2.548792753846962000e+02 2.565443804197243480e+02
2.980860686615408781e+02 2.979466745533697463e+02 2.972437395295291935e+02 2.976246523917323543e+02
2.799558446913417242e+02 2.798565312960507754e+02 2.778146882323774207e+02 2.801848463730151479e+02
2.554569628097291911e+02 2.561282890922803404e+02 2.544757769289157920e+02 2.558904439694249220e+02
2.751322555752593644e+02 2.752780954726526943e+02 2.725257257660976506e+02 2.749713369796779716e+02
2.514393449458332839e+02 2.523422173840895084e+02 2.510806652185839880e+02 2.522374714953976422e+02
2.616457304537980235e+02 2.613852419353420942e+02 2.612452721536860736e+02 2.621338994296534111e+02
2.876387698964997526e+02 2.882017524102272432e+02 2.860369042216883599e+02 2.879567557348682385e+02
2.529029947552979252e+02 2.536089294573604320e+02 2.525414318033128040e+02 2.530932360478030319e+02
2.674303990556680333e+02 2.671738021127763432e+02 2.652080119942720557e+02 2.668284500944797060e+02
2.985291492310769854e+02 2.983039157782248481e+02 2.981427193185875240e+02 2.981363914772466046e+02
2.600135921722691137e+02 2.603069241957725239e+02 2.594563354598944329e+02 2.604054190408625686e+02
2.546789297921193906e+02 2.545635724831982998e+02 2.540444697282232198e+02 2.551820627704167350e+02
2.746083564312672820e+02 2.756636087201582086e+02 2.728030371797123053e+02 2.755988901569155587e+02
2.704988303823819251e+02 2.705871892681070108e+02 2.696171418620660347e+02 2.706932622908872759e+02
2.515368971268069629e+02 2.518479267703469873e+02 2.509251560657756954e+02 2.522362093993796748e+02
2.542089058937944799e+02 2.545580257504470580e+02 2.534627921015882066e+02 2.545813443670604670e+02
2.610868054554877062e+02 2.619076908503018331e+02 2.600958875324424753e+02 2.614203074850432245e+02
2.538152078704236487e+02 2.545992885345187631e+02 2.527800991374487865e+02 2.544949830423511514e+02
2.702925793248581385e+02 2.710520973764474775e+02 2.681782892872953425e+02 2.719020550322147756e+02
2.763596451065195083e+02 2.765500637868867102e+02 2.737704462742303235e+02 2.755364864418246498e+02
2.630584906179071254e+02 2.635035983482715665e+02 2.616360706549362476e+02 2.637959093818018914e+02
2.867007695361220385e+02 2.868086046689453497e+02 2.851274771690514740e+02 2.868212977919407081e+02
2.559787318265598230e+02 2.563550105181614072e+02 2.546431999138843878e+02 2.566374542567720027e+02
2.965353608793685112e+02 2.970073234226629779e+02 2.955011602175265466e+02 2.959146488032850471e+02
2.739793473367025172e+02 2.740582651920845478e+02 2.705399419934085472e+02 2.738100674842784770e+02
2.564545016763982517e+02 2.567827585704457647e+02 2.560520669528988833e+02 2.566684346778627059e+02
2.700754871030019899e+02 2.695238241968798434e+02 2.672419211344405312e+02 2.701382855935838165e+02
2.533103620422125744e+02 2.532517318552763186e+02 2.523224611496126784e+02 2.538686057545372421e+02
2.764119513618344399e+02 2.770765048018095627e+02 2.742328966986310093e+02 2.773047253895505833e+02
2.580773879404168270e+02 2.584384535215066308e+02 2.575000794652238483e+02 2.585120286932379372e+02
2.596298873869356498e+02 2.596307796226318487e+02 2.590086697028057188e+02 2.595851452290934276e+02
2.625502453561579728e+02 2.620943964825157764e+02 2.604533536940662657e+02 2.629149520654748926e+02
2.830447771017836658e+02 2.828010432735807740e+02 2.811892180852308911e+02 2.839094702978161422e+02
2.643410539516229960e+02 2.643103468886992573e+02 2.622630042490455367e+02 2.649866422357256965e+02
2.582709891940222633e+02 2.577557319290961573e+02 2.577436494935029145e+02 2.580720306972509093e+02
2.866668885296413691e+02 2.881564226459761358e+02 2.847296897727205192e+02 2.878601469079260369e+02
2.773762199461257865e+02 2.791877996457073436e+02 2.750672052297006189e+02 2.783417875454477439e+02
2.652780852102474682e+02 2.654093358289762818e+02 2.642155491895127284e+02 2.652016307551182308e+02
2.745276398465371699e+02 2.737845186992690856e+02 2.714789261731682473e+02 2.734868877907114211e+02
2.637905146976600577e+02 2.644784421995215098e+02 2.625605112157223857e+02 2.645356489450807658e+02
2.586802173856939362e+02 2.589113620269457670e+02 2.583147913278994565e+02 2.588214709315337814e+02
2.620346480249294245e+02 2.627864619700658864e+02 2.615369736553687403e+02 2.627687959104089259e+02
2.765668544875827024e+02 2.766435889631505916e+02 2.748042875303927985e+02 2.770049885269877450e+02
2.578850050608030529e+02 2.581517141293269333e+02 2.574605978685417540e+02 2.585449362511658364e+02
2.880426307314538121e+02 2.884844944968969003e+02 2.862482904885238781e+02 2.881605099335958471e+02
2.575263086877753267e+02 2.572211790066911590e+02 2.557234420973627209e+02 2.585890600775654207e+02
2.596742708945111531e+02 2.600032558906466420e+02 2.588813219257673381e+02 2.598308833690383040e+02
2.827596887997869430e+02 2.813529001588068468e+02 2.801826128467996568e+02 2.814709018454086049e+02
2.746915244453809350e+02 2.755313498731676418e+02 2.719966520223880480e+02 2.749937274598456725e+02
2.626860386511177694e+02 2.629710253925156280e+02 2.613547110838248955e+02 2.634433834465680775e+02
2.620905242667930111e+02 2.621269785698771670e+02 2.615255094470719541e+02 2.615156268311070562e+02
2.541674077261486389e+02 2.541302902571517848e+02 2.532088798632552198e+02 2.545813991986505584e+02
2.890106527386035964e+02 2.894499969137719404e+02 2.874337682854584841e+02 2.888515553462138996e+02
2.668151999203986406e+02 2.670395035311300376e+02 2.650306833174198573e+02 2.674879564622001453e+02
2.571605963210642471e+02 2.575567694051724175e+02 2.563912330301614020e+02 2.576933616139217520e+02
2.590754067386468478e+02 2.590917978566171769e+02 2.578342184514787050e+02 2.599603341950073627e+02
2.597132052785245833e+02 2.604530405404144062e+02 2.587395143231522070e+02 2.607764625668331746e+02
2.509981287327593407e+02 2.511746416070844248e+02 2.504857240400031344e+02 2.515922746483984156e+02
2.635396525641142489e+02 2.644919569989591537e+02 2.628182008729087329e+02 2.645084346516728715e+02
2.569133650589369608e+02 2.567616493693619191e+02 2.563980029798500482e+02 2.567615170646606657e+02
2.604328396973841109e+02 2.608524218174810017e+02 2.597137541981399522e+02 2.613901493731289634e+02
2.602694866743206603e+02 2.609642987966666965e+02 2.602500424634739602e+02 2.606478674750366054e+02
2.572233058647835833e+02 2.579799089826145178e+02 2.569531098721066655e+02 2.580674402479671699e+02
2.612558499507190959e+02 2.613206056572109901e+02 2.604331007832601017e+02 2.612374677723798300e+02
2.536074638142438289e+02 2.537660291650971374e+02 2.527734788102552841e+02 2.542207322475775015e+02
2.639704984149910842e+02 2.636848087599205428e+02 2.632594493908354707e+02 2.642473316351702692e+02
2.545402592675904714e+02 2.545088449048933512e+02 2.540373211171535388e+02 2.547728794394071485e+02
2.641100276119245223e+02 2.636959076196976071e+02 2.632961955971577481e+02 2.647462645328547524e+02
2.636190216275973057e+02 2.642080829510675812e+02 2.624661698410790791e+02 2.637374038032047565e+02
2.602903623253379806e+02 2.612501113421522518e+02 2.581448833261738969e+02 2.605121983619679327e+02
2.661809518833318862e+02 2.663383647989614929e+02 2.656634355916432924e+02 2.663651732226311424e+02
2.619115756251565585e+02 2.617991263871040246e+02 2.606241000419186662e+02 2.620824205729303458e+02
2.831133839364155733e+02 2.833687879558685268e+02 2.805450464735702099e+02 2.832159818934156874e+02
2.924563520694777594e+02 2.931697875096257917e+02 2.910456769465166644e+02 2.930299245275214730e+02
2.584276573929512324e+02 2.587200892709612390e+02 2.579216820164872388e+02 2.589268474980549968e+02
2.720963136651755576e+02 2.727546696838283538e+02 2.698893928174969687e+02 2.729131550739520549e+02
2.545276297967137111e+02 2.544786883214779891e+02 2.539524667508489983e+02 2.547657131988478909e+02
2.555732860081537865e+02 2.555768788698466096e+02 2.553679207703264353e+02 2.559472176776796459e+02
2.574971555594842698e+02 2.569921910149901123e+02 2.551943286920249818e+02 2.579912820667300366e+02
2.571933965749109916e+02 2.574329583796865677e+02 2.569033126055217053e+02 2.576389212528185340e+02
2.588717180029172482e+02 2.588698174720954057e+02 2.582525629203860831e+02 2.589573554796442636e+02
2.528883557990623103e+02 2.534374203571935027e+02 2.520577432272612839e+02 2.536326932685157090e+02
2.781200030807172539e+02 2.784431240010506485e+02 2.756695741155141377e+02 2.784955260707944262e+02
2.579394890355516736e+02 2.581799311425388055e+02 2.574425513632030516e+02 2.585228424855289973e+02
2.580783371702458453e+02 2.579704550267850891e+02 2.571192056484224508e+02 2.578598669173732105e+02
2.621370417174816794e+02 2.625503506035658461e+02 2.613176247344242142e+02 2.631592786323882365e+02
2.899099297640646000e+02 2.888061031184359990e+02 2.865011539083654952e+02 2.884060801235996223e+02
2.809340463243329395e+02 2.811560334703315220e+02 2.781671015854853408e+02 2.806608041327117462e+02
2.637846805022822423e+02 2.636881241260516049e+02 2.624076893745261145e+02 2.646320924556367800e+02
2.577395430251522157e+02 2.578007101276103299e+02 2.570413731970187428e+02 2.576237382306098880e+02
2.647472420636995025e+02 2.650369356187244421e+02 2.631087602627374622e+02 2.654527245041624042e+02
2.699012524633443491e+02 2.706351683293970041e+02 2.682527422488066122e+02 2.706969631929749767e+02
2.568467921793408095e+02 2.573455397518289374e+02 2.560887018394228107e+02 2.572001822728116167e+02
2.661571109928954115e+02 2.665067956845961135e+02 2.647579360823121419e+02 2.672282630744995231e+02
2.526748768997699983e+02 2.529496967809925820e+02 2.514129545390132705e+02 2.528715782860706440e+02
2.604907045808780595e+02 2.605875327303815538e+02 2.607217343683409467e+02 2.603143415237016711e+02
2.574233750229287239e+02 2.574696766327350588e+02 2.559336779277475387e+02 2.574003334834802672e+02
2.939796497195753773e+02 2.948593627258919128e+02 2.918799144861034165e+02 2.944945256631572192e+02
2.545176850865537119e+02 2.542951823449691346e+02 2.536985965061500394e+02 2.544845948095386632e+02
2.571348675096336365e+02 2.574392285091458916e+02 2.566058570352886932e+02 2.578626416429606252e+02
2.717166654668101273e+02 2.708464224902189699e+02 2.689582974402002833e+02 2.712950496686240740e+02
2.648877612926387997e+02 2.648861986570503859e+02 2.635201279238581265e+02 2.651602826789849132e+02
2.583621222991056925e+02 2.588882248111946183e+02 2.580205763410662598e+02 2.587020541947415495e+02
2.637375957441790888e+02 2.636359003771702874e+02 2.622237179070973525e+02 2.641599040591235052e+02
2.570563848530716768e+02 2.572957371928187058e+02 2.563030152608043295e+02 2.570992552117358514e+02
2.599777916356601963e+02 2.607263038055526749e+02 2.589101531604494539e+02 2.611498018833892729e+02
2.711326084436116162e+02 2.710891441290178250e+02 2.690260681082539236e+02 2.722710404664717885e+02
2.616366180598644178e+02 2.615152563138112214e+02 2.605051194137961375e+02 2.626775728549591236e+02
2.781397973211122689e+02 2.797130942854834643e+02 2.760078328481968128e+02 2.783638269543018282e+02
2.571031927036819411e+02 2.572074913321269491e+02 2.562398745979005525e+02 2.577185554186478385e+02
2.521574366714498865e+02 2.525996578012865541e+02 2.519484282218134865e+02 2.531099541092325467e+02
2.531211765940435896e+02 2.534586448448665692e+02 2.517396187961294913e+02 2.534211424858782777e+02
2.614424305142666753e+02 2.614001562040455156e+02 2.601161690846363967e+02 2.615104882693240711e+02
2.572575659978327280e+02 2.569286936056831223e+02 2.562493585278220394e+02 2.577414007184709135e+02
2.488073772987513621e+02 2.492038412430026142e+02 2.481067346333008743e+02 2.494606789290621123e+02
2.579163802283852647e+02 2.577979346309257949e+02 2.571791370731458528e+02 2.574218631888085156e+02
2.670992900783893447e+02 2.669387439203463259e+02 2.658128220912349207e+02 2.674922020221064258e+02
2.626569806386171422e+02 2.627243265375024066e+02 2.614271895118619682e+02 2.621883103348511099e+02
2.611792799154789009e+02 2.611445300930710687e+02 2.610317175033945887e+02 2.607897641201010970e+02
2.585371488032168372e+02 2.584860585645932929e+02 2.570278777023052044e+02 2.581168980219168247e+02
2.584816436909271715e+02 2.582132598840943274e+02 2.575624609308629829e+02 2.585201227330067013e+02
2.532427429937130796e+02 2.530347518654960481e+02 2.524905902118467793e+02 2.535060916188908777e+02
2.872656428709248644e+02 2.892311092335628473e+02 2.872795360929748654e+02 2.897939499505844196e+02
2.564807243610875958e+02 2.566450337341600516e+02 2.560523838369873602e+02 2.568026499876070261e+02
2.617254399774419085e+02 2.621451357592688964e+02 2.605625180517209856e+02 2.622357398912090503e+02
2.593184303566262656e+02 2.595167697568538756e+02 2.586984062269388005e+02 2.605828266361150440e+02
2.567777159995137026e+02 2.572507152346047405e+02 2.571605393543262608e+02 2.569464880412743355e+02
2.600571927870371383e+02 2.598855015744094885e+02 2.593432061531212298e+02 2.596148843118694458e+02
2.789305453244891737e+02 2.794466277646517938e+02 2.780912054011906775e+02 2.807178572107339960e+02
2.584816380531272557e+02 2.585884677529106739e+02 2.571228221038487050e+02 2.591790906695343892e+02
2.529939037679048397e+02 2.531236806137456199e+02 2.521167311956747312e+02 2.534610148517205346e+02
2.738128230231848192e+02 2.742270766372987509e+02 2.700476248894590867e+02 2.739819982471539106e+02
2.543095222962151638e+02 2.538727928669673588e+02 2.537468595455752336e+02 2.547087947217001727e+02
2.535916685492549618e+02 2.535000137355809784e+02 2.525030103655554967e+02 2.538963472336101006e+02
2.619860070783159927e+02 2.616292293468385992e+02 2.608200070572518143e+02 2.613600353905929978e+02
2.758151992305766953e+02 2.754717562334789136e+02 2.730953594454591098e+02 2.752827785879046019e+02
2.772908195938800873e+02 2.770374408398752166e+02 2.754480291001729597e+02 2.776200494302139532e+02
2.551349652915562274e+02 2.554477824072077965e+02 2.542287968729684451e+02 2.558334086805805896e+02
2.618404674516782507e+02 2.621004596259269306e+02 2.618495442678502627e+02 2.620902861621052011e+02
2.657195321017677543e+02 2.671530943503576623e+02 2.637832190800410217e+02 2.662258156231715702e+02
2.522036001244894408e+02 2.526744375748168068e+02 2.513736969201015938e+02 2.529835586024797180e+02
2.602532847431732534e+02 2.606124600550260766e+02 2.589344373369717118e+02 2.604382963862741462e+02
2.683483281249871766e+02 2.682366584601426212e+02 2.664135525018605222e+02 2.683874091670331268e+02
2.603257584942674043e+02 2.607949487039767860e+02 2.582623229586196771e+02 2.608735607737474993e+02
2.555935516959375491e+02 2.552403411907976079e+02 2.541177144698751533e+02 2.556823943362431919e+02
2.804099030951456371e+02 2.814019550478803353e+02 2.784904016628177033e+02 2.800055153487223265e+02
2.823628317972189734e+02 2.827767364982135518e+02 2.802465721421164062e+02 2.820044381480185507e+02
2.809077921763649783e+02 2.819817727237601162e+02 2.786238389955869366e+02 2.812131980949783383e+02
2.593118960703971538e+02 2.594848385927870140e+02 2.581987278543513753e+02 2.596010600316923842e+02
2.536896441795875603e+02 2.541956634035057334e+02 2.523895177142660202e+02 2.542767987607708164e+02
2.600370030290663976e+02 2.610345214964037837e+02 2.591720624791045680e+02 2.608708059557948786e+02
2.516334904769242939e+02 2.516320986814320122e+02 2.510205751091702382e+02 2.515555835447060815e+02
2.594378386259328977e+02 2.590782159138402676e+02 2.586673653039603664e+02 2.603846005809240296e+02
2.829392701407140294e+02 2.832147468600697380e+02 2.806736193059724087e+02 2.831639480588006563e+02
2.627957188560484383e+02 2.640154985736382969e+02 2.632991613972861273e+02 2.639787185668661778e+02
2.614496311317085429e+02 2.609380941783103935e+02 2.599611526466493387e+02 2.616091353159953883e+02
2.627340655537627185e+02 2.628283398906306729e+02 2.611240015468150659e+02 2.638463762496314757e+02
2.778849990821860274e+02 2.792151221597776498e+02 2.762095667992128369e+02 2.783404454074619707e+02
2.557937427044465721e+02 2.556803828572684267e+02 2.554202731496911554e+02 2.557512896631329511e+02
2.844927967625369547e+02 2.862899612025478291e+02 2.826693022296532263e+02 2.857889796406529967e+02
2.591819142868878885e+02 2.596705596505145763e+02 2.592262600317848751e+02 2.593495007054422672e+02
2.599997029737179446e+02 2.604847807638552695e+02 2.583510768830200277e+02 2.608942701888935289e+02
2.589167870819158566e+02 2.590020063046476366e+02 2.582995498178368052e+02 2.587744898220913115e+02
2.732711094983026783e+02 2.745319413587956205e+02 2.708379353985318971e+02 2.733550692968729550e+02
2.607129490568895562e+02 2.619964914993066145e+02 2.596363748562075671e+02 2.622067171208788068e+02
2.590988980551313148e+02 2.596635988405871558e+02 2.594468286981206120e+02 2.595239566675907099e+02
2.759917014949476766e+02 2.750571767905757383e+02 2.728905223909007418e+02 2.748719563923627334e+02
2.578604151068380474e+02 2.584914415045491296e+02 2.571221209762975946e+02 2.582784725874246874e+02
2.633465007876814070e+02 2.635728154017012912e+02 2.625101044355929503e+02 2.636989660737016266e+02
2.558604613079494072e+02 2.563457127645107789e+02 2.545170969125378235e+02 2.561014914124542088e+02
2.531535425589782164e+02 2.536317556640032365e+02 2.528115365779291892e+02 2.536381425061633763e+02
2.924315521804124955e+02 2.924137418195839473e+02 2.914461380583176719e+02 2.929918845433633692e+02
2.605987978637529068e+02 2.600643595193686224e+02 2.593311028115989529e+02 2.609257284742830620e+02
2.561268547470982071e+02 2.566163895940733255e+02 2.554766589550360720e+02 2.566746298939289659e+02
2.600447563995829228e+02 2.601838655019211615e+02 2.591758212680477982e+02 2.610981053319517287e+02
2.601269365178816315e+02 2.604715042792225859e+02 2.588538215884134956e+02 2.604516832139036637e+02
2.619156539947723559e+02 2.620564049196138399e+02 2.610517493486364629e+02 2.620943521145836144e+02
2.537444165902421389e+02 2.543250607069193450e+02 2.531447047628569180e+02 2.541356587613062175e+02
2.613894706204382601e+02 2.621382656258182351e+02 2.612031777741768224e+02 2.627412799076149668e+02
2.541254325156898233e+02 2.542049494962722918e+02 2.534467346326060238e+02 2.544928297826730841e+02
