2.746126790605371752e+02 2.751166371605661425e+02 2.729736418311438229e+02 2.752938912595334386e+02
2.929794426768589233e+02 2.942616045494633568e+02 2.922729352875127233e+02 2.941169068481620457e+02
2.892245016225766108e+02 2.903198895058582139e+02 2.880535675637034387e+02 2.893808804882557411e+02
2.613767575125275471e+02 2.620967189302686506e+02 2.612826451683606024e+02 2.611477571956960446e+02
3.083730104094421449e+02 3.088690144963284183e+02 3.077475948596236321e+02 3.073358741280588902e+02
2.792647279248419636e+02 2.801682450866000522e+02 2.765840137200657978e+02 2.803456516584635096e+02
2.671122268496703782e+02 2.673456350001985697e+02 2.653365239812231380e+02 2.678586180616680963e+02
2.582219085424932814e+02 2.586686040588925266e+02 2.582932005371729929e+02 2.585544216713006449e+02
2.600724667475737988e+02 2.606934411043445721e+02 2.599000397452968514e+02 2.604747702006222880e+02
2.637280920634732411e+02 2.643448845421114015e+02 2.632801852208436912e+02 2.640173480004761473e+02
2.830750187693685689e+02 2.831009913737647139e+02 2.811323073666247865e+02 2.820925625867872100e+02
2.635254510808066470e+02 2.634763777920171606e+02 2.627153484516421713e+02 2.635954294183057982e+02
2.578810565952695129e+02 2.578695514808757139e+02 2.578019678299808675e+02 2.583346847420746712e+02
2.778627592929902903e+02 2.787652463368133340e+02 2.767861787033760379e+02 2.788694380482165798e+02
2.772642878885285995e+02 2.777072210215767996e+02 2.757206352790987580e+02 2.777397675074938661e+02
2.655368564692785753e+02 2.659751682818556446e+02 2.644953416946206630e+02 2.660304902495643660e+02
2.614516898641508078e+02 2.618528117029767941e+02 2.610021073367681765e+02 2.617201340986464970e+02
2.672330199515595837e+02 2.675855413088711998e+02 2.662561346772084221e+02 2.677354068473547386e+02
2.715351620963208461e+02 2.726240177509174600e+02 2.686469975238333632e+02 2.720791892646151950e+02
2.577743805126903567e+02 2.586360260653767114e+02 2.574415254614631863e+02 2.586863160440022966e+02
2.811187048389882648e+02 2.814659412665563423e+02 2.789419152391894841e+02 2.808252741268298678e+02
2.810657920974924195e+02 2.819977529067584214e+02 2.789050177089317231e+02 2.808891208470062111e+02
2.560868913419200226e+02 2.571231446105367127e+02 2.559989023104639614e+02 2.563755591509121246e+02
2.976016648738207664e+02 2.976232898104500464e+02 2.961740944839793315e+02 2.974297738623485543e+02
2.565353360124502728e+02 2.572026427174473611e+02 2.564422578270147142e+02 2.571250111248311327e+02
2.551820131510255578e+02 2.555817352267423530e+02 2.551288179504871891e+02 2.553985936898055797e+02
2.786464459454681446e+02 2.789482226574331207e+02 2.766194956134745553e+02 2.792006223457860301e+02
2.638846354587572023e+02 2.638798083797051390e+02 2.627744966767443771e+02 2.641179805938205050e+02
2.627700898343392737e+02 2.630250878510041161e+02 2.629873782069141726e+02 2.634303832966428445e+02
2.626330668589690731e+02 2.619962196201572056e+02 2.612655147609650044e+02 2.622061396819068477e+02
2.615857311160331165e+02 2.616062468982423752e+02 2.606745875358929538e+02 2.614930955277292810e+02
3.019207847743971342e+02 3.018107269582445724e+02 3.013508280055755790e+02 3.007210863777988834e+02
2.585297641604160503e+02 2.593973347353284566e+02 2.589245488203204104e+02 2.588039412625979594e+02
2.559651167724368577e+02 2.562728028873618769e+02 2.555572671706917447e+02 2.562459057008012451e+02
2.624473084152882620e+02 2.624796111878661691e+02 2.613523546872308998e+02 2.628347005128560454e+02
3.019496268717331304e+02 3.006706452942091801e+02 2.996809511836992783e+02 2.999098795999750564e+02
2.601192896397769800e+02 2.599838648765732501e+02 2.594321749974281488e+02 2.605009928351460076e+02
2.896231932204520945e+02 2.901731839818198182e+02 2.888400699738369894e+02 2.898626350010198962e+02
2.775326964559623093e+02 2.783629321969879129e+02 2.752296040941839124e+02 2.772418405767989498e+02
2.557857385403054877e+02 2.560524701331103756e+02 2.558501799871681612e+02 2.564150098969865894e+02
2.596524345364727537e+02 2.594663446378833669e+02 2.597178511974323101e+02 2.600246737432143505e+02
2.653755706378408945e+02 2.657941381627734359e+02 2.645393860556606569e+02 2.662130697908878574e+02
2.807876515485382924e+02 2.804876470435627880e+02 2.788679586793715544e+02 2.808092174327505290e+02
2.660269158562056191e+02 2.669560553191575423e+02 2.652931904854149820e+02 2.668830601596055772e+02
2.731671504968163617e+02 2.739060772958272878e+02 2.711417026715933503e+02 2.741007086729529192e+02
2.615268812965811662e+02 2.623051518487831117e+02 2.609699814301509946e+02 2.614954846326461393e+02
2.726531130567062746e+02 2.730618539180651396e+02 2.718418743474193775e+02 2.732197862057319071e+02
2.746059169118585714e+02 2.743370700797352129e+02 2.725668126516061989e+02 2.751608421293830702e+02
2.591658655529545854e+02 2.588771840407531499e+02 2.583558948095060259e+02 2.596509503604788733e+02
2.562464083708048861e+02 2.561663596856972163e+02 2.547965172996796639e+02 2.565644054344657548e+02
2.620458620928287132e+02 2.621397295139699395e+02 2.604138691870372782e+02 2.631022376975657835e+02
2.720486395417734116e+02 2.722670562397929075e+02 2.699372009291686254e+02 2.716304807239931733e+02
2.588836847767404947e+02 2.592126602013454999e+02 2.588597474009889083e+02 2.590613048758390278e+02
2.599064268565043108e+02 2.601022171185886123e+02 2.595961144805901313e+02 2.605832832298131621e+02
2.877786505029155251e+02 2.872877520109055922e+02 2.849232563509826832e+02 2.874978323306773405e+02
2.967787834515552845e+02 2.976674167051870086e+02 2.944807627266722534e+02 2.959222854967056833e+02
2.691890578817188953e+02 2.698749275816323916e+02 2.673151694876218585e+02 2.699171432498986292e+02
2.544145157008565548e+02 2.543720556066240590e+02 2.539444616185982113e+02 2.547996301068859850e+02
2.614592241082465307e+02 2.614760985801550532e+02 2.603940696907751544e+02 2.620428779404071520e+02
2.584297016803465112e+02 2.587406319599463131e+02 2.576992929185442449e+02 2.588988617634875027e+02
2.779271271742391605e+02 2.786964303572559061e+02 2.758329684267775406e+02 2.778988462561474648e+02
2.631535638368574155e+02 2.631776290821250655e+02 2.625266588595723078e+02 2.632461153829523823e+02
2.645507008754991602e+02 2.647738659322691319e+02 2.640970187736932644e+02 2.650892943375988011e+02
2.612648389133207729e+02 2.616846792443274126e+02 2.608996849949096486e+02 2.616954989658931936e+02
2.891121527092027463e+02 2.909933513757108585e+02 2.885282949928046037e+02 2.903875657246762785e+02
2.584878255414909631e+02 2.586655113023512627e+02 2.577609675213652167e+02 2.589775727130483460e+02
2.578371458102777183e+02 2.581779841905714648e+02 2.582321297473096138e+02 2.580864091400471239e+02
2.611025275925151163e+02 2.611565363366391352e+02 2.598040739792349427e+02 2.616803492430231017e+02
2.674851653793239166e+02 2.667737538543172491e+02 2.668278555484379240e+02 2.674931242538903007e+02
2.703350382237128997e+02 2.712807402817847446e+02 2.686506630703266296e+02 2.703977952501529671e+02
2.666708050900870717e+02 2.670581850706963110e+02 2.656378077850694694e+02 2.672217515548299502e+02
2.550024161364078736e+02 2.554668149268439663e+02 2.543161724945344702e+02 2.552956103686713050e+02
2.663967524676208427e+02 2.668921565219717422e+02 2.654668919282675006e+02 2.670469222172392278e+02
2.680368802937705937e+02 2.684520370436305257e+02 2.668102539807185281e+02 2.684063948673850746e+02
2.608581233758249596e+02 2.611811839318198736e+02 2.593781392749745009e+02 2.613684284898426995e+02
2.586063878350165055e+02 2.587692991884669595e+02 2.576717815502673830e+02 2.585233470604140962e+02
2.687396937286960110e+02 2.689556702911662569e+02 2.669442778025425014e+02 2.692205713748513745e+02
2.657605907385557771e+02 2.663055123727839941e+02 2.655390680798454923e+02 2.666088829007006211e+02
2.593715443531297069e+02 2.596781833530798735e+02 2.587810928387307285e+02 2.591382185030474261e+02
2.541067964642570303e+02 2.540480303983643466e+02 2.531332777291409286e+02 2.542038494453931889e+02
2.731925633849951964e+02 2.736335677128349744e+02 2.707931809458573298e+02 2.737573454830348396e+02
2.771625198229635316e+02 2.781124433615849512e+02 2.734437738690558035e+02 2.783098991121973995e+02
2.554265867592515349e+02 2.560126635985920984e+02 2.544701967536095992e+02 2.560037722032419651e+02
2.594088305564076791e+02 2.593971780250878396e+02 2.593832562529220809e+02 2.592793160180551695e+02
2.783077663399003541e+02 2.792288840781007480e+02 2.768485717788720422e+02 2.786969603041588357e+02
2.624609750351859248e+02 2.631017609941625892e+02 2.621786228267112620e+02 2.633318008557055805e+02
2.654581243245689279e+02 2.651465839849714712e+02 2.645888646609977854e+02 2.651808815688141294e+02
2.550597134679168221e+02 2.551050042473866881e+02 2.543548887956316662e+02 2.550762721140896190e+02
2.622218578947022252e+02 2.629475979673169945e+02 2.614609431229520169e+02 2.628470398843393241e+02
2.755919813900706004e+02 2.765937797558626130e+02 2.736952620771415923e+02 2.765119262528702393e+02
2.584470105415929879e+02 2.582784464503999970e+02 2.585630656268377834e+02 2.585071198368656269e+02
2.537238139820666731e+02 2.538257658666559564e+02 2.533505836803434192e+02 2.536177397275166356e+02
2.817108862129848603e+02 2.813663587057101267e+02 2.798735877380884745e+02 2.826446142595900710e+02
2.688810941700074864e+02 2.694952611827969235e+02 2.674197390374141037e+02 2.685993089662968032e+02
2.671874862722506236e+02 2.671941691290184622e+02 2.657119833072182473e+02 2.674266408624204132e+02
2.794934191867333197e+02 2.793871851252462193e+02 2.772472339169614770e+02 2.788036307383010808e+02
2.604759872232075963e+02 2.612512953172885659e+02 2.605683487545427965e+02 2.606970702857095716e+02
2.725625433633190937e+02 2.729334420737214373e+02 2.719002163746644669e+02 2.733766193344367821e+02
2.605410101834221450e+02 2.603117468760297584e+02 2.596195967130731219e+02 2.605294054600253162e+02
2.550884398265859261e+02 2.549974250022280842e+02 2.544327289010330730e+02 2.556595893206601886e+02
2.644477210257620072e+02 2.644768636387259448e+02 2.636708950590756899e+02 2.646982711987056973e+02
2.599346722252853965e+02 2.597454817916748766e+02 2.591307820533659765e+02 2.602441121872319627e+02
2.965678198898743290e+02 2.964941581042687631e+02 2.946342438955769012e+02 2.963717176832009272e+02
2.724970510316874197e+02 2.730819428329309630e+02 2.709751547732115000e+02 2.733662659491223508e+02
3.055496240818820866e+02 3.050878621878797503e+02 3.047936682679301725e+02 3.042460026480290480e+02
2.586446220557847937e+02 2.584511854254463969e+02 2.581369374762488178e+02 2.581188067254070688e+02
2.679493506116451726e+02 2.691724211519816663e+02 2.669337152821542531e+02 2.692403935515228000e+02
2.656655810952625529e+02 2.660442822441356725e+02 2.644194309117575017e+02 2.664174047949238684e+02
2.610197223588142492e+02 2.614652819692022945e+02 2.603986675088664811e+02 2.618780539920078354e+02
2.579791206723079426e+02 2.584873479306355080e+02 2.572765033512455943e+02 2.585531218212183262e+02
2.591042135622528804e+02 2.595021551500757369e+02 2.588005518417778603e+02 2.597081140177470502e+02
2.628802491877264060e+02 2.626130024784721400e+02 2.615261141109622258e+02 2.627559902847565922e+02
2.589350678347850589e+02 2.589583779895347107e+02 2.580457464294447050e+02 2.587337938555539836e+02
2.599834129287806377e+02 2.600446058911959994e+02 2.601364547986198659e+02 2.605124324698164173e+02
2.591900280209551966e+02 2.595210232688211818e+02 2.582423280557236467e+02 2.590579010078124611e+02
2.596530530930514260e+02 2.595918007732310571e+02 2.593180561941910014e+02 2.599653254087290861e+02
2.614691317397581543e+02 2.617976059172846703e+02 2.614638431395606517e+02 2.625383488893865547e+02
2.581807472394411320e+02 2.586689977422781794e+02 2.578035840045971554e+02 2.590688347196091286e+02
2.687366878447757017e+02 2.695901848516037376e+02 2.669546338041420768e+02 2.692109282392990508e+02
2.673629112320991226e+02 2.674504709326512852e+02 2.660816513940245613e+02 2.678134879398127168e+02
2.593438340705147880e+02 2.595456453108022856e+02 2.589344829577657379e+02 2.597307876430966189e+02
2.834551209351228067e+02 2.839424523101811246e+02 2.816500503610467945e+02 2.830519447992395499e+02
2.631834408159219265e+02 2.633989054920205035e+02 2.622148299468459527e+02 2.633463198713346856e+02
2.609137659272832366e+02 2.614996577573625700e+02 2.614971586901208411e+02 2.620740933848293821e+02
2.584380854781184667e+02 2.587067862245870060e+02 2.582444925373400224e+02 2.587610887087443530e+02
2.581215121996080484e+02 2.584374927309903001e+02 2.574620069858843294e+02 2.585485268329194355e+02
2.635837287816071353e+02 2.626333769857060929e+02 2.625908725511815760e+02 2.628962214612350863e+02
2.648727395919322021e+02 2.648040606943096691e+02 2.634240618838423984e+02 2.653763589088723620e+02
2.629606238672540144e+02 2.629681667886994205e+02 2.614683037833613071e+02 2.629825678557192532e+02
2.617199448591716191e+02 2.619777922001943011e+02 2.609426944721776067e+02 2.618236448230123870e+02
2.606831030799109499e+02 2.608465734670839993e+02 2.603990147248173912e+02 2.605018427913939263e+02
2.677981392182977061e+02 2.679933104514190063e+02 2.664477089750279220e+02 2.680322470994638593e+02
2.754315339979561941e+02 2.748449128062466684e+02 2.725948313417503641e+02 2.753641035422743357e+02
2.903149647250955923e+02 2.911204851292421836e+02 2.882317519813007607e+02 2.901917063982742775e+02
2.793706589533922511e+02 2.797897281649982801e+02 2.777376541601783515e+02 2.790691481846940860e+02
2.733353447373468157e+02 2.737689435563682991e+02 2.720209676289246090e+02 2.743045704898369763e+02
2.783844877577275838e+02 2.786698996250356117e+02 2.763827987562514181e+02 2.794457286218208765e+02
2.577038613210903009e+02 2.576061050968193626e+02 2.574383283917289873e+02 2.577198340329658208e+02
2.700588420875320708e+02 2.698976603834937009e+02 2.687967882642694235e+02 2.701671748909568009e+02
2.805538504480536517e+02 2.819583823352626268e+02 2.786122570681770299e+02 2.809997693535155463e+02
2.620491910374526583e+02 2.618189384060472094e+02 2.620850801689815626e+02 2.625750298770794302e+02
2.613779234027055622e+02 2.614533435306304909e+02 2.621320497649137451e+02 2.615675244522950038e+02
2.955075102873847186e+02 2.947741304168708893e+02 2.930158783040383810e+02 2.944752694937976685e+02
2.589648701004751956e+02 2.592270331561469447e+02 2.588044883627815693e+02 2.596000671774983175e+02
2.687707866772124703e+02 2.706835868248185193e+02 2.671652761895140884e+02 2.699749956562483248e+02
2.586305708282446858e+02 2.589000307789415274e+02 2.586408374032805568e+02 2.590377048943526574e+02
2.607638435153933756e+02 2.614329964975647727e+02 2.603231779094051603e+02 2.611338361066607945e+02
2.637997890031969064e+02 2.648967281485363401e+02 2.632176406344591442e+02 2.647595911896299299e+02
3.055432850651400827e+02 3.054082530405569855e+02 3.051421460709939311e+02 3.034949650869947959e+02
2.785276060092011789e+02 2.785828519398427261e+02 2.772220652238959815e+02 2.784354730100418465e+02
2.581079921035667439e+02 2.582947463097970626e+02 2.577190523542583946e+02 2.586537700396136188e+02
2.692660760838267606e+02 2.702907901893946132e+02 2.682605341420405125e+02 2.699083123963970934e+02
2.602716445160854732e+02 2.605237807581537481e+02 2.592500135394279823e+02 2.600560898345982537e+02
2.570291416264424811e+02 2.571215966094096643e+02 2.562436778263823385e+02 2.570308592235028300e+02
2.557690219950291350e+02 2.554808803143858711e+02 2.548234141424217114e+02 2.556149480431387246e+02
2.626289188983530494e+02 2.625564276053173671e+02 2.619959137891700038e+02 2.630254319112046346e+02
2.903276222895606224e+02 2.908256738958613710e+02 2.888932480686670488e+02 2.903356163765957376e+02
2.817763562138325142e+02 2.826729427083183168e+02 2.796913270867513575e+02 2.821503661229099862e+02
2.602922557351934643e+02 2.608291439169302635e+02 2.596239303001758003e+02 2.606837912370856998e+02
2.767492125028166470e+02 2.769577446366931213e+02 2.754600207498575628e+02 2.771020344005156062e+02
2.990062960640862002e+02 2.992579047233348319e+02 2.970962450681399787e+02 2.979783458921751844e+02
3.015621703942628073e+02 3.022880014428002369e+02 3.001933397091117399e+02 3.012615700987301466e+02
2.688298668196034100e+02 2.691686492343817463e+02 2.677041356416759754e+02 2.693469366314710669e+02
2.693363371003712246e+02 2.700956995733744179e+02 2.686897329300739443e+02 2.705012045244339447e+02
2.780508268344767089e+02 2.787944061659257500e+02 2.753597915168014083e+02 2.778822315242935019e+02
2.889741541976337089e+02 2.908106209643755165e+02 2.879725214838292686e+02 2.899691922124766279e+02
2.980858626080773206e+02 2.986554745180092141e+02 2.972298633752508294e+02 2.989115805756069904e+02
2.615513825939037247e+02 2.617197191817282942e+02 2.613993517783655420e+02 2.622407665689495957e+02
2.592343344075015352e+02 2.594100016577495467e+02 2.595787819136698431e+02 2.595469244161755000e+02
2.654596598406150179e+02 2.653052033154004903e+02 2.648587891127796752e+02 2.662220359830684515e+02
3.007210868429630750e+02 3.006073456389500507e+02 2.991355665323678181e+02 2.992231152195699337e+02
2.580961184473240451e+02 2.581782703149434042e+02 2.578936375585849987e+02 2.583138778987454316e+02
2.576323618525468078e+02 2.571374581957395549e+02 2.564797604683663508e+02 2.584922326807310924e+02
2.575138751742059071e+02 2.577079631632952328e+02 2.573359670170304980e+02 2.571692171116958434e+02
2.584694609570269677e+02 2.585670197642273251e+02 2.585621174462081626e+02 2.586865600434554153e+02
2.722423653401277761e+02 2.724715733543285978e+02 2.698728718974312528e+02 2.726357725549041788e+02
2.639213650896310810e+02 2.640261587008859010e+02 2.628179932559137342e+02 2.648224425552933781e+02
2.597368602223937728e+02 2.605579266952709645e+02 2.592068518452563808e+02 2.603469582774748687e+02
2.607718164254239355e+02 2.606230974596321062e+02 2.601455743126738298e+02 2.604793253302031530e+02
2.698560168929526526e+02 2.713817679447825526e+02 2.678754079302024138e+02 2.703593375120528322e+02
2.563010649075628749e+02 2.560888520850807026e+02 2.555224411508008018e+02 2.562848165802527092e+02
2.714616990928827818e+02 2.715846688812653156e+02 2.687695752228063384e+02 2.719442751501785551e+02
2.663144578290801974e+02 2.667464832069038607e+02 2.648761053520807423e+02 2.665180273124877317e+02
2.600211423688529067e+02 2.601397062820595352e+02 2.594409468702228878e+02 2.597211749667787331e+02
2.883043603797067931e+02 2.878026084542875083e+02 2.860975349849355212e+02 2.885122421521635943e+02
2.631495746203944464e+02 2.631184432851044335e+02 2.625731670397203743e+02 2.630683312777644005e+02
2.627726327857502042e+02 2.632336174907040913e+02 2.622340984092889471e+02 2.634086380001233465e+02
2.769731880153684642e+02 2.769973000963591971e+02 2.755636662921922380e+02 2.773296882199067568e+02
2.633660364315828701e+02 2.625283279448450457e+02 2.617754939336986126e+02 2.631379087242813171e+02
2.577724132183969914e+02 2.577623387424188195e+02 2.577120833438661407e+02 2.583442467035294499e+02
2.659949753122722882e+02 2.662734433282689110e+02 2.650919402233946016e+02 2.660989174975716764e+02
2.655427916932910080e+02 2.658954081779222633e+02 2.642501728131039727e+02 2.661529789525416732e+02
2.584259461558767725e+02 2.581787761813085922e+02 2.576955555173231005e+02 2.585159384156212923e+02
2.606818955358750713e+02 2.604321039112157905e+02 2.597081195651520034e+02 2.603248684208326722e+02
2.864156859617325495e+02 2.874534387929982131e+02 2.843120329293520854e+02 2.865567040820032503e+02
2.601817153320346279e+02 2.601053382744997293e+02 2.594314132985794572e+02 2.602900599007741107e+02
2.584556447994864357e+02 2.587891390883298186e+02 2.578173738004928168e+02 2.591624714449236535e+02
2.614713295239210993e+02 2.612142433148149507e+02 2.609812429590779743e+02 2.605676384278301612e+02
2.756549636592081924e+02 2.756767827888403986e+02 2.741301882789057913e+02 2.756938443515682025e+02
2.565956437893250950e+02 2.567197077302860180e+02 2.555920133690907221e+02 2.568029482724674608e+02
2.741934334857872955e+02 2.764967530059768706e+02 2.728540422553359690e+02 2.750767681852651663e+02
2.661524675808293523e+02 2.663633201978891520e+02 2.650599646081100218e+02 2.658674697777134384e+02
2.780598445896045519e+02 2.783930928689877078e+02 2.763464696797701663e+02 2.777318352714077037e+02
2.775990168289826556e+02 2.771467117613483992e+02 2.747172935767562194e+02 2.767109672619386060e+02
2.603217299448731410e+02 2.607874256661830259e+02 2.599239012562397306e+02 2.606097351259606398e+02
2.673212212808440427e+02 2.668862910489937690e+02 2.655727220095326402e+02 2.671543462020463267e+02
2.672258517125838466e+02 2.678001397247782052e+02 2.667250219864757810e+02 2.678097830535452317e+02
2.657907647306585659e+02 2.671154616270351880e+02 2.651821875251798133e+02 2.664312091786687802e+02
2.884991566670474867e+02 2.886305060063986616e+02 2.864239573462869544e+02 2.879939411264793989e+02
2.581028904622271511e+02 2.586686395039273521e+02 2.571317357885690740e+02 2.586920964819623237e+02
2.635846578784752978e+02 2.639884932552558325e+02 2.629967018030733357e+02 2.639031455802726214e+02
2.916349975330720099e+02 2.910240535329490399e+02 2.887587765650022789e+02 2.898808692150416277e+02
2.605832313517238958e+02 2.607280524611948067e+02 2.597585066572690380e+02 2.612386322325744459e+02
2.586747584525976436e+02 2.588718225434982401e+02 2.575304706715863858e+02 2.588291815299967311e+02
2.965536262238582026e+02 2.973299728982951251e+02 2.952990491841674157e+02 2.966639851032520028e+02
2.601605385173236868e+02 2.600629993308857593e+02 2.603004268622568134e+02 2.606895385755580605e+02
2.676117714874067133e+02 2.672400137332081727e+02 2.658275158998176266e+02 2.671300353780056298e+02
2.737819316300430046e+02 2.741442846038180505e+02 2.710957204593936467e+02 2.741201237583160832e+02
2.659744307217567894e+02 2.663600148384535373e+02 2.650046039410770504e+02 2.669076475377278825e+02
2.563130398280571853e+02 2.566041840413069508e+02 2.558906226623823272e+02 2.565375953507630129e+02
2.822346224984784726e+02 2.831659719283303502e+02 2.807458635142641015e+02 2.828711837097438320e+02
2.659742404781291043e+02 2.659972530434642408e+02 2.641222148933932203e+02 2.656193385399894282e+02
2.576645798926891189e+02 2.579622022353826196e+02 2.575247418083011439e+02 2.580868381881189180e+02
2.543769395576892407e+02 2.545045246271234021e+02 2.537113252655624933e+02 2.537343438301257947e+02
2.617963640950503645e+02 2.619796308765685922e+02 2.613463079984708770e+02 2.621325981913076930e+02
2.625079280511487809e+02 2.631283753582845861e+02 2.613083861712410680e+02 2.635204886855184441e+02
2.605577913546224522e+02 2.603262747609231269e+02 2.600285744665875427e+02 2.607522513397604484e+02
2.570516199906802512e+02 2.576595135978525946e+02 2.565503043197024908e+02 2.576972125940672527e+02
2.795394616803899339e+02 2.797738994605468861e+02 2.768574414115324771e+02 2.788760031328989726e+02
2.586726361469605990e+02 2.581192078766916325e+02 2.577732270807595683e+02 2.588874821025931965e+02
2.666648621746737717e+02 2.671134055325803729e+02 2.651970528802679610e+02 2.674782002462466721e+02
2.597373012269829360e+02 2.602968457244106162e+02 2.592460169388087934e+02 2.602700102681616272e+02
2.707063582916264863e+02 2.712313276881519641e+02 2.690221147777702413e+02 2.713667920028378830e+02
2.689836185420704737e+02 2.695635576681953012e+02 2.679275349916550795e+02 2.698824456154575842e+02
2.608597285525898428e+02 2.610562247246269862e+02 2.601933408139491917e+02 2.616314751549904827e+02
2.788677642908476173e+02 2.806590966020900737e+02 2.769467606802692217e+02 2.801045997426256804e+02
2.711237069120947467e+02 2.716233470828697136e+02 2.679416481798542122e+02 2.713655681679013583e+02
2.756029336996671191e+02 2.756673066738558759e+02 2.720109500579879409e+02 2.743254219255812245e+02
2.795822509524652446e+02 2.807954435665940878e+02 2.772599922695741839e+02 2.806748130329074797e+02
2.611041386709283074e+02 2.605758290062872220e+02 2.605939557750028257e+02 2.614780023993569671e+02
2.611426992697740843e+02 2.608886146723631896e+02 2.612090933217246516e+02 2.612664560561594271e+02
2.641247822656908397e+02 2.644811229938507040e+02 2.636238215895492658e+02 2.647369436424131663e+02
2.691455213714347110e+02 2.697475871602738948e+02 2.686121931263888314e+02 2.697132921779252683e+02
2.647921609676018306e+02 2.651692922838046229e+02 2.643672783961322921e+02 2.651420034000809665e+02
2.714528989400658361e+02 2.728250207040319424e+02 2.697474165014667733e+02 2.729563757784850964e+02
2.595930038943238856e+02 2.593374725275928085e+02 2.595528711457476447e+02 2.594582669074137584e+02
2.593049504563704204e+02 2.601106588338631127e+02 2.591218000971974220e+02 2.595399655879750753e+02
2.985163885931905270e+02 2.988814130756226177e+02 2.971757562244071664e+02 2.978283092224938287e+02
2.591619164459197577e+02 2.593588387659748378e+02 2.584502053963625485e+02 2.591115501292684939e+02
2.609585307299279862e+02 2.609495471443272550e+02 2.606640627106421562e+02 2.605395102776682279e+02
2.591828375912521665e+02 2.591836524465163052e+02 2.585181791465135461e+02 2.591969128238897611e+02
2.604099952801522022e+02 2.599521530458656002e+02 2.600677827730685294e+02 2.603326525673276706e+02
2.834616299740755494e+02 2.830213716016272656e+02 2.823070143777364933e+02 2.853560311243363685e+02
2.986147449996739738e+02 2.994122294891727734e+02 2.979396145495218775e+02 2.983975130801661066e+02
2.612785537457760938e+02 2.616524450920724121e+02 2.597342955081062428e+02 2.615638203614045096e+02
2.715350260549632821e+02 2.732859014545730361e+02 2.712123093011300057e+02 2.730959596757550685e+02
2.659954749987085165e+02 2.664837285314479232e+02 2.643728291354400426e+02 2.667732736838522101e+02
2.574385253891515504e+02 2.577754724111163682e+02 2.560513733461122001e+02 2.575639878924758364e+02
2.593530320904117161e+02 2.598728492145551172e+02 2.592919229659172515e+02 2.599756180948693896e+02
2.609031181985230887e+02 2.611958567579481496e+02 2.599285131870474288e+02 2.610386275304579158e+02
2.576956686502365415e+02 2.580054300511069982e+02 2.577269738823584362e+02 2.582491769852776429e+02
3.011382463829838230e+02 3.012813757955581195e+02 2.992526010041005406e+02 3.002918785902305672e+02
2.588809920207717141e+02 2.596595554291826033e+02 2.590112109033838692e+02 2.592599123715973519e+02
2.574490575811778967e+02 2.581784504650407825e+02 2.574680901567475075e+02 2.578967269945182466e+02
2.699137433992142405e+02 2.702914894267201475e+02 2.679966395124411065e+02 2.704670690682856957e+02
2.795030263583742567e+02 2.798264881516575429e+02 2.778589941145718285e+02 2.798771095803337516e+02
2.700366619294010775e+02 2.697735189369333284e+02 2.687775551056006407e+02 2.700527912502197410e+02
2.947936333047690027e+02 2.951941028703641905e+02 2.938887211844850640e+02 2.951136087128218151e+02
2.669361335455081417e+02 2.666433914951438737e+02 2.652398187067543063e+02 2.671104853464790381e+02
2.984339842516087629e+02 2.992886898368915354e+02 2.958766784826188996e+02 2.983473786651414912e+02
2.608262530831082131e+02 2.612709806822456358e+02 2.606241041925091508e+02 2.619812800235789609e+02
2.601321419462041717e+02 2.604817924056937954e+02 2.602674876084548146e+02 2.599314021232627283e+02
2.592875410770099052e+02 2.601982820507167276e+02 2.590899081908630137e+02 2.599209014127121122e+02
2.834929750342323018e+02 2.834599800557224967e+02 2.817148729936297400e+02 2.831593201235058928e+02
2.712994806454584023e+02 2.713764654417765314e+02 2.698290284010780624e+02 2.714420102507232286e+02
2.591324547581781985e+02 2.589449212451213498e+02 2.576233426503565624e+02 2.593815607689371063e+02
2.603210472525316845e+02 2.605678222268192030e+02 2.591562893339888092e+02 2.608485214671719064e+02
2.607392926559176090e+02 2.610876968991406670e+02 2.611429141809677503e+02 2.615421585480418685e+02
2.606786132403973397e+02 2.605556495829123946e+02 2.600584958109856757e+02 2.613490697630350610e+02
2.679144536515657933e+02 2.678184791986005848e+02 2.668266035723628420e+02 2.683614073593719240e+02
2.734949573372172722e+02 2.743308348889129888e+02 2.714147756757836305e+02 2.749022368110889829e+02
2.717450400081064004e+02 2.721524866359833368e+02 2.707834159486257022e+02 2.724295044630054576e+02
2.597080883755855893e+02 2.601648870966932350e+02 2.592304982368273158e+02 2.601269046149453175e+02
2.598735363274515180e+02 2.600959825367844473e+02 2.594910749977132696e+02 2.603502729845521912e+02
2.868943537205237249e+02 2.871283095342068350e+02 2.845226677314823291e+02 2.862505205280523342e+02
2.576995995554325987e+02 2.580624744090582112e+02 2.575931728627198822e+02 2.581906855427203027e+02
2.607798094854472879e+02 2.618622074726630444e+02 2.610501055092854017e+02 2.610509552512793334e+02
2.639197174094665570e+02 2.641873514935318212e+02 2.635702607687196632e+02 2.638259647365921410e+02
2.716547609280106030e+02 2.722983707963649636e+02 2.707252051922974374e+02 2.725361286577709734e+02
2.845345984510907442e+02 2.848974254251464231e+02 2.823160320100279250e+02 2.854628155424958891e+02
2.605375864242190005e+02 2.606430982203374356e+02 2.597092704188568177e+02 2.614026285358792165e+02
2.598974799632046597e+02 2.602192280560450968e+02 2.599411332786978619e+02 2.595327923562279011e+02
2.566542072113276731e+02 2.575408424221778887e+02 2.567345005252321357e+02 2.571946488146409706e+02
2.564341841045580850e+02 2.564996353820978925e+02 2.559713854121765166e+02 2.570453488151960642e+02
2.569052179123334554e+02 2.571013232685401704e+02 2.571886332326902789e+02 2.571935921362779709e+02
2.658138637706256304e+02 2.663443969466393355e+02 2.652194151374200146e+02 2.665227402723392061e+02
2.570316376525725559e+02 2.567307474260593949e+02 2.560940194470613847e+02 2.571671324323598924e+02
2.623939717145453301e+02 2.627865895898091821e+02 2.627971306393339432e+02 2.631746051427297743e+02
2.766672761554978024e+02 2.769317734865430793e+02 2.756902721778823775e+02 2.775522100731610067e+02
2.591241395425635687e+02 2.590380676728468075e+02 2.581065763590646611e+02 2.593528196760094033e+02
2.672769726552237444e+02 2.677951895713346744e+02 2.662298194227293493e+02 2.683943010330447123e+02
2.695600730280211224e+02 2.696898356794743563e+02 2.681344957429877240e+02 2.698421859017706765e+02
2.778408426709293053e+02 2.787371795987399992e+02 2.771275973099928933e+02 2.790009500760915557e+02
2.549453527314517487e+02 2.552543335957017803e+02 2.549797820531779848e+02 2.553799910547080003e+02
2.604437101132008365e+02 2.605559634888318783e+02 2.599504646007495694e+02 2.611425146123032732e+02
2.642839829733989632e+02 2.647071658856206682e+02 2.632130825590406857e+02 2.650054582440700983e+02
2.802249384575164868e+02 2.802746187188224098e+02 2.778147766981589939e+02 2.803008170623743922e+02
2.770698278301654227e+02 2.770405123703627623e+02 2.750010861217466527e+02 2.778084067770405454e+02
2.571289076242337046e+02 2.570141289667467959e+02 2.557949989138552098e+02 2.573960024430696194e+02
2.673080624627208977e+02 2.679863203048670357e+02 2.660167243687535574e+02 2.681462736511030585e+02
2.594411468182404406e+02 2.597192523085874996e+02 2.590371303203680213e+02 2.595374533679497517e+02
2.648844662249694579e+02 2.651491444948079561e+02 2.639689106774724792e+02 2.655387176871494148e+02
2.753750930230693257e+02 2.759267202362988201e+02 2.736896467045605164e+02 2.750024888163884498e+02
2.569830038574124274e+02 2.577613895291859762e+02 2.571352500654011237e+02 2.576012017473159403e+02
2.585849147222835995e+02 2.590867570107062079e+02 2.586973704331901445e+02 2.591050407183262791e+02
3.001120506107686765e+02 3.006879553781008099e+02 2.998545078951681830e+02 2.995391888036753585e+02
2.717518738072906217e+02 2.717707308125325198e+02 2.704806507169352585e+02 2.716291354335936603e+02
2.644424295632753115e+02 2.646821553571995196e+02 2.636086864081584054e+02 2.645777374363488548e+02
2.592013713121500587e+02 2.588222849832866359e+02 2.585759744642726901e+02 2.589584462146156625e+02
2.600968676441158891e+02 2.598678258287092149e+02 2.598402109798801121e+02 2.596959947458262263e+02
2.553979517614709778e+02 2.553815766569630910e+02 2.541311820415409954e+02 2.557446604272635966e+02
2.613600378495577274e+02 2.611802079602700815e+02 2.609819347785079344e+02 2.609951595868684535e+02
2.838141343841352864e+02 2.846366025098236605e+02 2.823211484941400613e+02 2.847038042943623282e+02
2.686227065830937590e+02 2.689397509560367894e+02 2.664304990588661326e+02 2.683809222848223612e+02
2.528321521215642065e+02 2.530130416495853467e+02 2.523032760578522016e+02 2.532065786499553610e+02
2.628668497448590529e+02 2.632773390148519752e+02 2.621353160871900627e+02 2.637966846860779810e+02
2.577232978118078677e+02 2.573027295210588932e+02 2.570332038107203516e+02 2.578683392990771495e+02
2.619869727100623322e+02 2.622373912894767614e+02 2.607037938679408171e+02 2.625834747263817235e+02
2.897545959447618316e+02 2.901508823702218933e+02 2.873795065740044379e+02 2.884135900961663879e+02
2.623279964117045893e+02 2.622982826773711054e+02 2.618777318380870724e+02 2.621294977498702110e+02
2.828910726872788928e+02 2.830486048958852052e+02 2.808495112790219537e+02 2.834979275035940987e+02
2.552689343313909944e+02 2.552959488919797764e+02 2.548788255577711936e+02 2.555257923822960606e+02
2.648857404092159982e+02 2.649646322932520093e+02 2.650575514286939551e+02 2.648837471020038947e+02
2.608297076647826884e+02 2.614610484425518280e+02 2.607676425046632289e+02 2.612532389998571034e+02
2.723418058696024104e+02 2.728920004360429061e+02 2.707565060677408724e+02 2.721587991529602277e+02
2.663703617144345230e+02 2.670781112447558598e+02 2.652570650457408306e+02 2.669028961111272338e+02
2.975642112360721967e+02 2.979287339181174730e+02 2.962935658910064376e+02 2.971163387727721101e+02
2.673632489749477372e+02 2.675893643448870307e+02 2.657688507164670568e+02 2.674007692233321336e+02
2.637348509414993600e+02 2.635600330974455119e+02 2.623129239633981342e+02 2.635531826356956913e+02
2.625495878432909649e+02 2.626861804173190649e+02 2.621388886684397335e+02 2.632152218965719044e+02
2.576191765664633522e+02 2.578593266798658874e+02 2.573612567881298787e+02 2.580927190341296296e+02
2.737379510903915047e+02 2.742867286244716638e+02 2.717049640330933471e+02 2.738325993454938612e+02
2.658615139136726384e+02 2.665531994737753507e+02 2.649532946159832250e+02 2.665926273656868943e+02
2.586161350631924734e+02 2.598720542158097260e+02 2.581263919312861503e+02 2.597871057936950479e+02
2.604729178204250388e+02 2.601794198655347827e+02 2.590619913029613599e+02 2.605383748657267233e+02
2.608405426766740902e+02 2.606108791904406985e+02 2.602036758006261152e+02 2.603795431809565457e+02
2.626770460498436250e+02 2.629109715627816968e+02 2.625362895539424244e+02 2.627711839699209122e+02
2.617142592543078763e+02 2.616975155173682310e+02 2.600759502484747827e+02 2.620851354525045735e+02
2.567132691950412209e+02 2.562991155570402952e+02 2.561622967745932442e+02 2.568748491890040100e+02
2.705745495352094849e+02 2.729845424281639907e+02 2.696370281601764418e+02 2.720917638731883699e+02
2.843584516554527681e+02 2.847670530927696859e+02 2.829131101068800831e+02 2.844383868112862501e+02
2.767502967663830304e+02 2.778953375661871519e+02 2.751055113305932878e+02 2.774307688411464028e+02
2.830320072944205094e+02 2.843198416313544499e+02 2.814447381071822178e+02 2.837488365382850475e+02
2.538991768586603257e+02 2.543492068430880124e+02 2.536788194834820160e+02 2.547624857407614059e+02
2.888140935996286203e+02 2.889162232189193560e+02 2.864810070834992075e+02 2.887390141972168180e+02
2.567212467508423970e+02 2.570722929847364071e+02 2.564516337876996204e+02 2.571431487095461534e+02
2.636493703197635909e+02 2.633264502084764445e+02 2.633991355355252040e+02 2.636121770742511217e+02
2.695680459836491991e+02 2.694611435523725618e+02 2.676605062341971006e+02 2.696310251064799104e+02
2.918606762226022511e+02 2.912225587123103310e+02 2.888429704545181380e+02 2.906791126347984573e+02
2.594891466903270612e+02 2.591962932993299091e+02 2.581678787753601227e+02 2.594613924586546432e+02
2.772392596585341948e+02 2.772088347421380377e+02 2.748021547916501390e+02 2.783707716181397700e+02
2.591185699862326715e+02 2.591950203961313832e+02 2.587047307451873621e+02 2.596061296586033222e+02
2.937711279005727079e+02 2.937232202404325676e+02 2.915654288943043184e+02 2.931082527621587133e+02
2.578872272848235525e+02 2.574798001658277826e+02 2.572252449905898857e+02 2.580686116030265680e+02
2.794082228595409561e+02 2.796477145754099070e+02 2.774668045863559769e+02 2.807299583234400302e+02
2.861130783207737522e+02 2.869730644379105797e+02 2.846064951319700072e+02 2.865580394107718121e+02
2.642490357724385603e+02 2.648666406071222923e+02 2.627718696156178453e+02 2.657444595075623397e+02
2.856137724964856375e+02 2.857998674127344998e+02 2.835200259890866050e+02 2.844617118161571625e+02
2.629284866910704181e+02 2.627415853094647105e+02 2.617060078719450757e+02 2.631661170730448021e+02
2.583168851376448742e+02 2.582651437554151244e+02 2.578519722395629969e+02 2.586400464286035117e+02
2.635999300514109791e+02 2.635352285539659078e+02 2.619432680072733888e+02 2.636497661820582152e+02
2.528336913261357211e+02 2.537387465214523559e+02 2.520631284771306468e+02 2.536004525479177403e+02
2.622564538937514840e+02 2.617275796748606922e+02 2.611882217933731454e+02 2.624490053896155359e+02
2.571769920875333924e+02 2.567361755586146046e+02 2.563124613896426354e+02 2.568686792406902555e+02
2.986821551734177547e+02 2.980018941090335147e+02 2.969138400490198251e+02 2.972491286513850923e+02
2.564781501736840141e+02 2.565298609430229817e+02 2.554984253279542941e+02 2.567219411693903339e+02
2.671479895095544066e+02 2.679669891729558913e+02 2.663428713550680982e+02 2.680842087866437851e+02
2.614773579224585660e+02 2.618815640518338341e+02 2.616594893009832958e+02 2.622642059588184225e+02
2.683925895483977229e+02 2.673073993037091327e+02 2.667566109567410990e+02 2.685009108750276710e+02
2.611742454926974233e+02 2.610720257200622996e+02 2.607720340154302789e+02 2.619151467126395119e+02
2.546752798455207767e+02 2.548714354518096172e+02 2.540914713453470881e+02 2.550026510643639881e+02
2.688450059413489726e+02 2.694936728721451686e+02 2.676502647274945730e+02 2.699228375534885345e+02
2.536100649777103513e+02 2.541525192416623327e+02 2.528994003096487972e+02 2.538209092182368636e+02
2.596758398893956610e+02 2.596835869375384505e+02 2.586141900477790045e+02 2.598721618699815963e+02
2.640583780725339125e+02 2.633063199500156202e+02 2.637892753959600327e+02 2.642604102030340982e+02
2.751205617861495512e+02 2.764097568822879225e+02 2.733151748532361580e+02 2.758977689104745536e+02
2.622358738510756098e+02 2.621078722797625460e+02 2.621791682600118065e+02 2.619272873756834201e+02
2.621398288374111303e+02 2.619451748681116783e+02 2.606678739751626495e+02 2.623227564690373015e+02
2.588617965110615842e+02 2.589803513130596571e+02 2.585187206732434220e+02 2.584319265728028654e+02
2.585086469035558707e+02 2.587277208911242496e+02 2.583948371319754074e+02 2.589665388566182855e+02
2.594439401293720948e+02 2.597379438192004386e+02 2.585826332067433668e+02 2.601641990015231727e+02
2.630027208678969828e+02 2.633566314844955514e+02 2.626403050469030518e+02 2.637099824033316509e+02
2.592722298688408955e+02 2.599667626525022683e+02 2.582830314218535932e+02 2.596571673450266644e+02
2.771013202957810790e+02 2.773648622233882293e+02 2.751332743077512077e+02 2.777294338732347114e+02
2.577106523951075019e+02 2.576968964684170373e+02 2.570854350949696823e+02 2.580859984436814329e+02
2.606589620518676043e+02 2.613504943280803445e+02 2.595447532777929496e+02 2.610520307690064215e+02
2.558508991719561720e+02 2.559433246142627070e+02 2.557066108889169413e+02 2.565086826331626071e+02
2.636040700751310055e+02 2.638680158403690257e+02 2.627477177109198578e+02 2.638734352115591832e+02
2.609375976005775328e+02 2.616097067857200500e+02 2.603282599533141592e+02 2.620137519302715532e+02
2.845804846672768917e+02 2.849955065062023891e+02 2.830712473575344461e+02 2.854051806294973517e+02
2.587085469867529355e+02 2.579550767194601804e+02 2.580226236078080433e+02 2.582152296127111981e+02
2.817139102088483469e+02 2.817550884356010670e+02 2.794033560677559080e+02 2.821632287033783086e+02
2.605473612505393817e+02 2.610178263303649828e+02 2.600611259364156922e+02 2.612388105009997048e+02
2.564315041433257534e+02 2.564752310869919256e+02 2.560940612617767442e+02 2.570315321488147333e+02
2.583799349869322555e+02 2.584090964109564652e+02 2.577648823736456620e+02 2.585187816443044539e+02
2.642690156128569470e+02 2.636931277604764432e+02 2.632831012767152856e+02 2.645133983491896856e+02
2.668755510071089816e+02 2.672957884135096265e+02 2.642137625988742684e+02 2.671193303917429489e+02
2.670662811102791352e+02 2.669308972727172318e+02 2.663497688258262315e+02 2.673455243130796362e+02
2.968401619992383758e+02 2.973549770052784993e+02 2.952855190492618931e+02 2.964204504345391342e+02
2.607178971165569692e+02 2.602420960097836655e+02 2.605144600456634976e+02 2.604382504496061301e+02
2.646125820207647621e+02 2.650641277782578982e+02 2.635822828321993825e+02 2.655733823271906999e+02
2.595387577072952467e+02 2.595776461718069754e+02 2.592979280388684060e+02 2.593919272712290081e+02
2.792789732140574870e+02 2.792191585504984346e+02 2.781623515553393418e+02 2.796531893725773443e+02
2.591037084873102572e+02 2.586996652600652169e+02 2.590439056308758268e+02 2.591372875898675261e+02
2.838257829852863097e+02 2.836984149405662379e+02 2.816831992963259381e+02 2.842062513926634324e+02
2.737119120395067284e+02 2.736657669373337285e+02 2.717186428128598550e+02 2.739142250736024380e+02
2.604423600574189663e+02 2.604181835071939872e+02 2.607631427980620629e+02 2.612043407367069676e+02
2.681644201047995466e+02 2.684435606013561255e+02 2.667831257421782993e+02 2.681446750386147073e+02
2.895764513984034352e+02 2.901279166337549213e+02 2.877816597316987099e+02 2.897899661395717317e+02
2.622730278442085137e+02 2.622288409484698377e+02 2.615904646293906239e+02 2.620785969452400082e+02
2.712962992894346144e+02 2.708189236240120863e+02 2.681965846250013215e+02 2.717731291539259928e+02
2.595300469598127506e+02 2.597850062152593864e+02 2.593726847790777583e+02 2.597264124918543189e+02
2.636871207121254770e+02 2.636491533141474406e+02 2.623880686189877451e+02 2.640097375407843288e+02
2.650005779514366964e+02 2.656953961167212128e+02 2.646285183837634918e+02 2.646053077580188528e+02
2.812437197569194041e+02 2.820339529556068214e+02 2.793516490055933446e+02 2.810531291283357973e+02
2.665291010853148919e+02 2.665478421006361600e+02 2.653363021722468034e+02 2.671075135061661854e+02
2.949328032008162950e+02 2.957371738955279739e+02 2.930410868688758228e+02 2.933441649076171416e+02
2.663572717072563023e+02 2.672614988291665554e+02 2.655994823731521137e+02 2.670017759743229249e+02
2.666829242114560543e+02 2.669402983421094291e+02 2.653950438589457690e+02 2.673956835921097763e+02
2.763380743370088908e+02 2.763224603489202309e+02 2.744320508615259087e+02 2.770060647068183357e+02
2.604920127169108355e+02 2.597538688122091344e+02 2.594376590463593288e+02 2.596469082452606472e+02
2.560356261714971993e+02 2.566711692810999921e+02 2.556645737402779446e+02 2.567848444496860338e+02
2.615271822756600955e+02 2.615139466532702386e+02 2.605769417348755042e+02 2.620249913329702736e+02
2.763459495149130589e+02 2.763210193519478821e+02 2.740011891092635778e+02 2.777776441269955399e+02
2.817241604488794451e+02 2.829092612768221784e+02 2.799728360655969936e+02 2.823489502239750664e+02
2.710417473049949990e+02 2.714239156384142007e+02 2.698465815389077420e+02 2.719715008779671166e+02
2.618622524589894169e+02 2.618802551732342181e+02 2.609719258916235276e+02 2.620886147305612326e+02
2.643368465079166185e+02 2.640637108234340076e+02 2.638664476725493842e+02 2.642263600212380084e+02
2.606193120790894682e+02 2.608957818421463344e+02 2.597873018138976704e+02 2.612330922773348902e+02
2.650813902555534582e+02 2.651746051480383244e+02 2.652460044164364490e+02 2.654624393147710748e+02
2.558800124256876529e+02 2.560448547918991267e+02 2.555190700611038892e+02 2.565389471000831918e+02
2.859089502827279148e+02 2.862881706167502216e+02 2.837440969843551670e+02 2.845586969752421282e+02
2.599025846140152112e+02 2.597804876055964201e+02 2.586380344692090603e+02 2.603512291205977363e+02
2.585952121392047047e+02 2.587971450659573520e+02 2.586435381176540886e+02 2.585009441817931020e+02
2.802627586713939536e+02 2.809325446029565114e+02 2.782241068845656287e+02 2.801575980965255326e+02
2.616240183134704580e+02 2.616649535455991327e+02 2.610534427954331136e+02 2.621254686720387781e+02
2.823930175344815439e+02 2.823417927492891408e+02 2.802713163374643273e+02 2.822617681762583288e+02
2.682058845852416198e+02 2.678496684979550650e+02 2.663908613073519405e+02 2.678256176688069559e+02
2.794989211433141350e+02 2.796397442665092399e+02 2.771398266157648322e+02 2.794520488403242666e+02
2.725874677433214401e+02 2.726509857937306833e+02 2.709992488763919596e+02 2.726374631669961559e+02
2.626793378901192000e+02 2.628848177395734638e+02 2.620798510005254798e+02 2.633082611110076527e+02
2.850540511709334623e+02 2.852164329829271310e+02 2.837187154422447861e+02 2.851293380478405197e+02
2.597570441986245555e+02 2.599012783981200982e+02 2.596960759908631644e+02 2.596902172171338634e+02
2.669130800166685731e+02 2.670523299456025370e+02 2.651620644359836660e+02 2.671854733136513005e+02
2.666502302647029978e+02 2.666197584644098129e+02 2.654210210894534043e+02 2.662374664326262064e+02
2.741558340345284250e+02 2.747859757983948725e+02 2.727452525390275468e+02 2.750905810839093419e+02
2.628442708719377947e+02 2.628908090348673454e+02 2.631815623719116957e+02 2.629489605846379163e+02
2.739674518254659574e+02 2.746852065864765677e+02 2.719760564950500452e+02 2.748560318255616721e+02
2.559995733499951598e+02 2.566737116639469605e+02 2.559586490353913462e+02 2.560494781270124349e+02
2.789723811170342174e+02 2.799725073982710910e+02 2.775450109490828936e+02 2.799967609630516563e+02
2.584446982114513389e+02 2.584962170701764990e+02 2.579057172302216259e+02 2.585877854022724591e+02
2.601684486262259952e+02 2.593469206007268326e+02 2.590720364147203441e+02 2.602283030217983537e+02
2.574197799559127589e+02 2.581661262648588036e+02 2.571143212330968026e+02 2.577735271197666407e+02
2.557056684899798711e+02 2.557329120417962827e+02 2.550901278884437602e+02 2.562517238977673628e+02
2.816331814483109497e+02 2.819089228984414603e+02 2.797786416499941993e+02 2.804143044755986693e+02
2.623559272494067613e+02 2.632092105123136889e+02 2.619998589342753803e+02 2.634533215283692584e+02
2.649959776783511529e+02 2.652400879658174517e+02 2.638323018973106855e+02 2.655261975202598705e+02
2.579076722488214273e+02 2.574948677360880538e+02 2.576900980411608089e+02 2.576217725315331677e+02
2.774606482879637497e+02 2.778268406371807941e+02 2.762797984591087470e+02 2.783137571930529361e+02
2.576851986352442054e+02 2.583302682652680460e+02 2.572228413394130939e+02 2.574624146672061897e+02
2.544200684678766606e+02 2.541996294011254633e+02 2.535152027870844336e+02 2.542669443252270582e+02
2.591083537350787651e+02 2.595303426671536613e+02 2.591711389544648227e+02 2.597737370543446218e+02
2.851720506808463824e+02 2.850464613368116034e+02 2.824186477369259478e+02 2.840059457010795541e+02
2.594332930415271790e+02 2.597600999750980009e+02 2.583568387920341820e+02 2.603278414335257480e+02
2.599971965982587108e+02 2.593981221846179324e+02 2.592731806237052865e+02 2.602465737609463190e+02
2.592612195173487635e+02 2.592513314849886115e+02 2.584274888958125871e+02 2.592716044346176432e+02
2.795296884494737242e+02 2.801787813485158836e+02 2.770027029022180614e+02 2.789218732722456480e+02
2.579968164178289953e+02 2.578404076467721779e+02 2.576708092767868266e+02 2.587151625754933661e+02
2.622089238860860974e+02 2.616445151842808059e+02 2.610996202398488890e+02 2.624892948880907397e+02
2.968549605131860858e+02 2.970419432634308805e+02 2.948696089127858500e+02 2.967159693261776283e+02
2.600070081772270214e+02 2.605861805698458511e+02 2.603748243414974013e+02 2.600611624507623674e+02
2.562593272907239452e+02 2.558508860256415005e+02 2.556294995932146890e+02 2.565590821297634534e+02
2.826677238272864088e+02 2.830434545394509769e+02 2.807289341263261235e+02 2.839640135131857051e+02
2.803363830256761844e+02 2.804195407573853913e+02 2.778973524833033935e+02 2.804189794636454849e+02
2.736077353083563821e+02 2.731248153455304646e+02 2.715632555069102523e+02 2.730960841704460904e+02
2.575332445499408891e+02 2.578838283129707065e+02 2.567794606496801180e+02 2.582516186766232522e+02
2.592354692507137202e+02 2.593326266373780413e+02 2.581804890652683753e+02 2.592084126604830203e+02
2.614600991541988151e+02 2.618075162107795677e+02 2.606919456012361707e+02 2.619423276508280765e+02
3.000319125786929817e+02 3.010511062376442624e+02 2.995953128305407631e+02 2.991881058713752850e+02
2.581182416388228944e+02 2.579606287689398414e+02 2.576213667775352292e+02 2.579351669969267391e+02
2.603017364934742659e+02 2.603573398247326054e+02 2.591695978346019160e+02 2.597829964329441736e+02
2.631080953931646036e+02 2.628298972770588762e+02 2.618701033665685145e+02 2.625618811455409514e+02
2.677038888699888730e+02 2.674873126537776216e+02 2.658707558314479797e+02 2.675585385835488523e+02
2.779955101088149831e+02 2.788669476305911417e+02 2.764952411873185270e+02 2.788493420338528495e+02
2.577737815174565412e+02 2.570008710364014632e+02 2.568860891759736660e+02 2.574499050458219926e+02
2.573184429919999161e+02 2.575134339872910232e+02 2.569951091016291116e+02 2.577639323645998388e+02
2.598580063472648476e+02 2.600086406096813789e+02 2.593476324524601750e+02 2.597427041730362021e+02
2.753030862561408298e+02 2.753902923303820671e+02 2.733428726727087223e+02 2.759927146633762050e+02
2.787828835390760105e+02 2.787096559114867205e+02 2.771553963988075679e+02 2.789307658406962673e+02
2.586383759208084143e+02 2.588892075636186973e+02 2.581429989245904153e+02 2.583207461221585390e+02
