2.470820041780451390e+02 2.472101115985117872e+02 2.466224446804457671e+02 2.476949151620844987e+02
2.462505436962681813e+02 2.464131935607749426e+02 2.456782464242810988e+02 2.465599189388596244e+02
2.639535406341635735e+02 2.641576714011210925e+02 2.622045485167823813e+02 2.650245084094081562e+02
2.479191216596640004e+02 2.482258915947077753e+02 2.470538316846881912e+02 2.486115169137701173e+02
2.680772890709542935e+02 2.697946767315672787e+02 2.656764090210439235e+02 2.696598346380220050e+02
2.504252783920893819e+02 2.509066224697521079e+02 2.501550458539094279e+02 2.512261813445509233e+02
2.525436875326207655e+02 2.533131091675806488e+02 2.517566934103872711e+02 2.537467025983439726e+02
2.553396239915998365e+02 2.554560722290526940e+02 2.539439650063328315e+02 2.562058044351750254e+02
2.479947778545398194e+02 2.480915822812049498e+02 2.473133370801747049e+02 2.483419294485709372e+02
2.532904412546460264e+02 2.551533264883181573e+02 2.514617287769337679e+02 2.557778214784903241e+02
2.495148285388627301e+02 2.496564358085919366e+02 2.484727282030209778e+02 2.501176092661406756e+02
2.590937098264501515e+02 2.588264477432130093e+02 2.574253438347782321e+02 2.596078858377564416e+02
2.670218334605726795e+02 2.673036717703793670e+02 2.639672968979761549e+02 2.671036636704351963e+02
2.542514507013497678e+02 2.534913704233333647e+02 2.525897149076793937e+02 2.547507015388866876e+02
2.516797288886262152e+02 2.524422267964583853e+02 2.503601711830231409e+02 2.530714014011875577e+02
2.514567565595539520e+02 2.522762871331611620e+02 2.513551831000919208e+02 2.529952376001444065e+02
2.495762653690427442e+02 2.497397221384767079e+02 2.481558638172158169e+02 2.504768643359669227e+02
2.553165686852117915e+02 2.554497497258395242e+02 2.537759336287263636e+02 2.560301625174800506e+02
2.533623777540487367e+02 2.541122211833192921e+02 2.519976207935008006e+02 2.542965223733264395e+02
2.782846899148313469e+02 2.784979647246810259e+02 2.769238294634649833e+02 2.786857074407471941e+02
2.462343821322494364e+02 2.467463147929996694e+02 2.457663290074836482e+02 2.466437875297385176e+02
2.778332094359736288e+02 2.791530196354641475e+02 2.739742402547630604e+02 2.777944080451608784e+02
2.557400222947950397e+02 2.559102261460523948e+02 2.539195247455632227e+02 2.565174402454858296e+02
2.501305289666580052e+02 2.506184650384393819e+02 2.485661171920023662e+02 2.511092776642977640e+02
2.502508990836463454e+02 2.513447382458940353e+02 2.498977839202653399e+02 2.516073752444458478e+02
2.497525802683688880e+02 2.499486897449524179e+02 2.486115384302729581e+02 2.504846562722923409e+02
2.476076185479853109e+02 2.483337709647926204e+02 2.469077891793968718e+02 2.490746609664797120e+02
2.482005608997243371e+02 2.487608247287557504e+02 2.479226590651794311e+02 2.489889210253792271e+02
2.522149504175346522e+02 2.523584815392276823e+02 2.517567165600007968e+02 2.527312165569318836e+02
2.832555331289617584e+02 2.846809397120396739e+02 2.817560362024219671e+02 2.843413995912096084e+02
2.581127083458353582e+02 2.578031270641891410e+02 2.566346709061054412e+02 2.586122769117009739e+02
2.638970430801328462e+02 2.639643459642952052e+02 2.618750056816033407e+02 2.652845251709301806e+02
2.647162159719023293e+02 2.638540255376141772e+02 2.617287147567754459e+02 2.649184857139899236e+02
2.503253982324592641e+02 2.507571306716815513e+02 2.492985536949302627e+02 2.511187918968732333e+02
2.477831329680740851e+02 2.484508018743065634e+02 2.469185407989084240e+02 2.483015914683760741e+02
2.979828889173272728e+02 2.994221541954671011e+02 2.963712710916621518e+02 2.982064497818748237e+02
2.469103771051028104e+02 2.474684368770123513e+02 2.464724018919594641e+02 2.483129113105730426e+02
2.663304864114000452e+02 2.677142217438183707e+02 2.646286300968522482e+02 2.663997153912072804e+02
2.495962497132059070e+02 2.493743558327828396e+02 2.486734160244911891e+02 2.506001944321806718e+02
2.478301493841728984e+02 2.483503482029989300e+02 2.473222678558184384e+02 2.485560085031097231e+02
2.623036675726020235e+02 2.629615586649857164e+02 2.606376360532620424e+02 2.637100017019766938e+02
2.527648823630994457e+02 2.531879556192460541e+02 2.510685539681078922e+02 2.538224125923646284e+02
2.476712024521634987e+02 2.476341225860928716e+02 2.475643680460320581e+02 2.483924576538534552e+02
2.472205227202797175e+02 2.472824658196360303e+02 2.465078157546955708e+02 2.482133318903267138e+02
2.467716557791610796e+02 2.474371144175173356e+02 2.459268721029514779e+02 2.476704450428638040e+02
2.461355679224851372e+02 2.458563163455458493e+02 2.447433212105911196e+02 2.465887170751675512e+02
2.464857509557348294e+02 2.462833499226783545e+02 2.458060094616686797e+02 2.467789256077681728e+02
2.547796794890513752e+02 2.542565512810603252e+02 2.524400576536133372e+02 2.549617733395269852e+02
2.484229513372422389e+02 2.486339749319068062e+02 2.481395892816263995e+02 2.489622893929126519e+02
2.447839384949656392e+02 2.443125854267294983e+02 2.433528051915890842e+02 2.458400677446957729e+02
2.495099768272658594e+02 2.499031482323577222e+02 2.485811240231479644e+02 2.502185005728422880e+02
2.479574729790657841e+02 2.481753306968636537e+02 2.473111224245558049e+02 2.486190567896096013e+02
2.475585030684014214e+02 2.474111329439080578e+02 2.462895119255224472e+02 2.481774175816933905e+02
2.493392556360624326e+02 2.492297434119655009e+02 2.483571348087538979e+02 2.507304498699689930e+02
2.470275557614839954e+02 2.476543649489778716e+02 2.464014151906656309e+02 2.476457195834845493e+02
2.741700466023302170e+02 2.731591263362258815e+02 2.716825930300009873e+02 2.753245651156904046e+02
2.490648744202309501e+02 2.490861003935581266e+02 2.482638229690850551e+02 2.489956528970287764e+02
2.488035316465425808e+02 2.492906347742258788e+02 2.483879168642393722e+02 2.504445107002124757e+02
2.516172730536233360e+02 2.517276721825327286e+02 2.509432650121533470e+02 2.521304251934740535e+02
2.611492282380345387e+02 2.616716649896999343e+02 2.584344038267446422e+02 2.622600072878624360e+02
2.749308148803073095e+02 2.744728168740965089e+02 2.713654287976940509e+02 2.746584640718052697e+02
2.627082713254681607e+02 2.635272358391550256e+02 2.606566296233707476e+02 2.638854220848712657e+02
2.627077720919537001e+02 2.628071085356904746e+02 2.602754889819397022e+02 2.639356024767863005e+02
2.488430583932773743e+02 2.490886231517004319e+02 2.484774344934376415e+02 2.497277533627045614e+02
2.531167260655271889e+02 2.541054605925490364e+02 2.520061010537224320e+02 2.552086399337667615e+02
2.449987272935516955e+02 2.451669447040914633e+02 2.445644747425413641e+02 2.453990480509317536e+02
2.478713648981414508e+02 2.485591429537596468e+02 2.472036354788271808e+02 2.486681612839052207e+02
2.774293516262381445e+02 2.790059302352088366e+02 2.746137375841278754e+02 2.776473331861649854e+02
2.510873638696691899e+02 2.516713113328434872e+02 2.501119991983354964e+02 2.522642322473916465e+02
2.506288175332797721e+02 2.512713250324046612e+02 2.496959492370601197e+02 2.518271226418704316e+02
2.489693226137621593e+02 2.496623392453857946e+02 2.478551646454821764e+02 2.503428371168915305e+02
2.522809104023331486e+02 2.524835300759326913e+02 2.512404960323728176e+02 2.530363142567485681e+02
2.497841714082883300e+02 2.504276419266846858e+02 2.491467513799163100e+02 2.503014849419278676e+02
2.443797716923115786e+02 2.448675393307942727e+02 2.437418579318874379e+02 2.449059379415779745e+02
2.488029322373733692e+02 2.490542667056533901e+02 2.481771575502019118e+02 2.496189239371048245e+02
2.790617687030091361e+02 2.790728000826705966e+02 2.758288218010312676e+02 2.786851816782449305e+02
2.512938695062466081e+02 2.504792826456021828e+02 2.487370347788062190e+02 2.520964683398769353e+02
2.730659473367605301e+02 2.730085644263775748e+02 2.706429922572764895e+02 2.735954566746494834e+02
2.529010908127584969e+02 2.527419612266204751e+02 2.520972075905512781e+02 2.535266457293791120e+02
2.524906833533625559e+02 2.525575494083408614e+02 2.519362635440730287e+02 2.531510053816239179e+02
2.475508976262603937e+02 2.480915779921980118e+02 2.453751796409723909e+02 2.486149978878058278e+02
2.494254225964451450e+02 2.498177647856336137e+02 2.482177231133960049e+02 2.504807887348647739e+02
2.498615340570262049e+02 2.508789104170824942e+02 2.495084689639637361e+02 2.510561699667304936e+02
2.463579800210046358e+02 2.472183710334890634e+02 2.457898471100734241e+02 2.467637270204504603e+02
2.695013723699105981e+02 2.688372917597934020e+02 2.665598221200033890e+02 2.708738944357991727e+02
2.742086950688915863e+02 2.753775901722208346e+02 2.716491423179082858e+02 2.758459562229641051e+02
2.539327650638953742e+02 2.540067538083439160e+02 2.525822634340872810e+02 2.544404176710436616e+02
2.522602225248309082e+02 2.526573700896326216e+02 2.511783023665511791e+02 2.531695812765809137e+02
2.750710320950425398e+02 2.752892278247634863e+02 2.719962279543266277e+02 2.754624293372293664e+02
2.618043323618089175e+02 2.617533680813797332e+02 2.597753755285663715e+02 2.624630801349939020e+02
2.503022039254380502e+02 2.504922001378218113e+02 2.495359326356857821e+02 2.507368172783632190e+02
2.584770126425287344e+02 2.589815402871609535e+02 2.565651041341422456e+02 2.596168130266640901e+02
2.605445165295487868e+02 2.608427718853484976e+02 2.587625202373659477e+02 2.620491158758131860e+02
2.559911165709901013e+02 2.564265342280907021e+02 2.541286454151167220e+02 2.572062833949144647e+02
2.480707851781009197e+02 2.477578942954855279e+02 2.470049601254071945e+02 2.486800352155755149e+02
2.759246241888824329e+02 2.758346960402242871e+02 2.728385112599844433e+02 2.757936701932031838e+02
2.781685388635357299e+02 2.790312898347569330e+02 2.746681601637071708e+02 2.776908540615092420e+02
2.488236081579566985e+02 2.491666683205588129e+02 2.484224074876258612e+02 2.494346182671473855e+02
2.453712788295952691e+02 2.449008481170626226e+02 2.442420540250185184e+02 2.457117473278208308e+02
2.499844708870143108e+02 2.502342688739364007e+02 2.484229808726924205e+02 2.507674649198180248e+02
2.507504617201435337e+02 2.512489565614535252e+02 2.494238380391592784e+02 2.521058433198265050e+02
2.480527352129093686e+02 2.483519413553026141e+02 2.469389973195256403e+02 2.488563711695585710e+02
2.520707377066426602e+02 2.527434310398406296e+02 2.512779810238178300e+02 2.529029158601726692e+02
2.473140125263210791e+02 2.478930482166152842e+02 2.471591703725537172e+02 2.480270945140209164e+02
2.503266145374039695e+02 2.505015526210409291e+02 2.494466778514943428e+02 2.511811231099891302e+02
2.485519213505788230e+02 2.486126381552645057e+02 2.479102672030751648e+02 2.495824770809475979e+02
2.566462059790889612e+02 2.565356442050834289e+02 2.540422121858436242e+02 2.574618715844351868e+02
2.506952639948539172e+02 2.510005814397353276e+02 2.499628752450897480e+02 2.518180758626354816e+02
2.515622225175826543e+02 2.521143385525673750e+02 2.504931737660621138e+02 2.529652884685889376e+02
2.496835170874854555e+02 2.497890187499130832e+02 2.494272074171589963e+02 2.500759884634252899e+02
2.474095469406602490e+02 2.469778584925826408e+02 2.461491576092938089e+02 2.479170773250405944e+02
2.536839888997261312e+02 2.535610238601330764e+02 2.514705798620407222e+02 2.549949935536202474e+02
2.914471400314513971e+02 2.926386564718719683e+02 2.892656185647161919e+02 2.920365998972695820e+02
2.541030390828913994e+02 2.541397739674921752e+02 2.520649557769621367e+02 2.548077720619552338e+02
2.622544383867593751e+02 2.619942141576158861e+02 2.586272166830912056e+02 2.629231784032161272e+02
2.478997481488730728e+02 2.479516704534871678e+02 2.476639476853993074e+02 2.487401903753898864e+02
2.445939364997776977e+02 2.446482293410350337e+02 2.438773052050761976e+02 2.450645705715575673e+02
2.488576491023549977e+02 2.486880283557894984e+02 2.481311923821777725e+02 2.490478312886516221e+02
2.596246164861066745e+02 2.605593700836948301e+02 2.578109181999042221e+02 2.609539336142978527e+02
2.892168130442666438e+02 2.905296793213382784e+02 2.879027014294223363e+02 2.903817363527873567e+02
2.464401596744468748e+02 2.466068073614413265e+02 2.459460610106311833e+02 2.470358956179117342e+02
2.805355830349424764e+02 2.815068177237680516e+02 2.774712185235508741e+02 2.809377819245617047e+02
2.472113432917237787e+02 2.476661981736069436e+02 2.468942593202177989e+02 2.480993074827308078e+02
2.492353768415406137e+02 2.488625326580046249e+02 2.487027487219577893e+02 2.496071791723555293e+02
2.473083219327489246e+02 2.472837168255558709e+02 2.467785843281557732e+02 2.476895849353849997e+02
2.666625017954134478e+02 2.675865477758514999e+02 2.641799115637988393e+02 2.677005992044549316e+02
2.605529995668906054e+02 2.607896827409387015e+02 2.576691880727976240e+02 2.606595978802907894e+02
2.490492828293317302e+02 2.499372895527004061e+02 2.481216950982345395e+02 2.504240740003470762e+02
2.471349452124942161e+02 2.473018110564938752e+02 2.471609038547840953e+02 2.478758765873173786e+02
2.663292964650312342e+02 2.678833787236019930e+02 2.645226944745833748e+02 2.683896651658113797e+02
2.642391357477235942e+02 2.635793219667814355e+02 2.605096310240755884e+02 2.646808637278087417e+02
2.467574152663896712e+02 2.468271176893270820e+02 2.455458437748662277e+02 2.477391406593810643e+02
2.484561002597806691e+02 2.483990260378610628e+02 2.484625106646182360e+02 2.495368819085346104e+02
2.477277181557130632e+02 2.474608541294076929e+02 2.471106450096477829e+02 2.479737435058391668e+02
2.537826053658284593e+02 2.550610311702058368e+02 2.527252036870349912e+02 2.553900397003123999e+02
2.530241274304575825e+02 2.523842932950349223e+02 2.508087419459235434e+02 2.532452422373631009e+02
2.452012376275081635e+02 2.453114946713615723e+02 2.447517333954037611e+02 2.458131216720092311e+02
2.543214577361892168e+02 2.551967946658956237e+02 2.532973254570905226e+02 2.560186057209600108e+02
2.527921058177757061e+02 2.529370473621490021e+02 2.521039699996552486e+02 2.538671084090843237e+02
2.597557459775335360e+02 2.592279859719802744e+02 2.571922363980289674e+02 2.606872098597154377e+02
2.464119679844620521e+02 2.465287941454084546e+02 2.460167483659184882e+02 2.470597118235356504e+02
2.501654817196187821e+02 2.505740614073087045e+02 2.489156186635690915e+02 2.514321478866652626e+02
2.488095899171574956e+02 2.488172578657683971e+02 2.481052413071259082e+02 2.496262846669110615e+02
2.493637034032823294e+02 2.493640893684133175e+02 2.482963851512842552e+02 2.498185652547512916e+02
2.478632775398920671e+02 2.478612875083028371e+02 2.471927125630263049e+02 2.486350167876635737e+02
2.690242482059796885e+02 2.690275010126067059e+02 2.652174489384070171e+02 2.691539371449848090e+02
2.443944606978633374e+02 2.449449439216092514e+02 2.439660245605511761e+02 2.456262343955711742e+02
2.499298141753320408e+02 2.504577805291281720e+02 2.489179501114699917e+02 2.506480239225993216e+02
2.750162156892164376e+02 2.760203508190368211e+02 2.716624076956550766e+02 2.760341082908704493e+02
2.606681538239387237e+02 2.614647264063438001e+02 2.579084432987824584e+02 2.613215918002036915e+02
2.545990950372552106e+02 2.547863737601311129e+02 2.531111125802218282e+02 2.556459165096098332e+02
2.708486224115123946e+02 2.729195964464810800e+02 2.681411798963544015e+02 2.712918898504160552e+02
2.512831253384756280e+02 2.517475450820898857e+02 2.505584421709509968e+02 2.521331130660447570e+02
2.544992521529869975e+02 2.542615156649871722e+02 2.525558215954750665e+02 2.551311772786218057e+02
2.495815317567474665e+02 2.498795473647985261e+02 2.490628187894275243e+02 2.501383024555341876e+02
2.606803763757813499e+02 2.628062815842836812e+02 2.587443963941807965e+02 2.623248179227136347e+02
2.512573192632239341e+02 2.511991269457797387e+02 2.500914750830846742e+02 2.515087102878632095e+02
2.500010255439689786e+02 2.499516479418090853e+02 2.493955980787517035e+02 2.503580253704672316e+02
2.439676581807778746e+02 2.439121942125798626e+02 2.437161453430448717e+02 2.446477191951783823e+02
2.504566147431656020e+02 2.507092237756143618e+02 2.492381943240798137e+02 2.505124575651810517e+02
2.730432141907398886e+02 2.735460741959620350e+02 2.704505668538897680e+02 2.735313162840566861e+02
2.574384833088730034e+02 2.585071304380593915e+02 2.547403270623483706e+02 2.589131633530223553e+02
2.464781422123638208e+02 2.465758338452390603e+02 2.461827490565711400e+02 2.470515845439954887e+02
2.466387077894495974e+02 2.470989326856316666e+02 2.460097584071924643e+02 2.476509621864225892e+02
2.884633799577825357e+02 2.898689632863482188e+02 2.859979180329914357e+02 2.889655179283301436e+02
2.740623298784643680e+02 2.751684181892828178e+02 2.715227460417566476e+02 2.753508530861724921e+02
2.591381634880096385e+02 2.606160431779638884e+02 2.576163341177291386e+02 2.598023646902657333e+02
2.692914918498966586e+02 2.704410701258108247e+02 2.669072901178479924e+02 2.711038756910991765e+02
2.932134601148065940e+02 2.926262863498694742e+02 2.915794316069273577e+02 2.924776403031008272e+02
2.460171570545248301e+02 2.469103924931075937e+02 2.458304361990062716e+02 2.470876127950936905e+02
2.551175524121196361e+02 2.554794340881800281e+02 2.535731497963426762e+02 2.561405298357220772e+02
2.722264520059883353e+02 2.741886874840123482e+02 2.700495019839096358e+02 2.732625834332750401e+02
2.456634659142161183e+02 2.462302208698816628e+02 2.452412403093172770e+02 2.468246030421939849e+02
2.504169503068530673e+02 2.508753938749506460e+02 2.490016686153244052e+02 2.515278512279432164e+02
2.762900141731926738e+02 2.781107461542368355e+02 2.744859915362351330e+02 2.771898985353039961e+02
2.507157921350216441e+02 2.510422984922700209e+02 2.503304032534741168e+02 2.515711816775321381e+02
2.785852813844722391e+02 2.794892583202457104e+02 2.772673899197075684e+02 2.796143306576085479e+02
2.484351294053889205e+02 2.483290812875211486e+02 2.478121654276150991e+02 2.488788514367054177e+02
2.557635629225678429e+02 2.563313610793238126e+02 2.537119786487068325e+02 2.572518775726087483e+02
2.540115930065673808e+02 2.542849128532568557e+02 2.524294875007788335e+02 2.545806926738457321e+02
2.455347845731729706e+02 2.457459392243612797e+02 2.452615009844344343e+02 2.466114973550197931e+02
2.723271167553732539e+02 2.725665147374221533e+02 2.700788595395779907e+02 2.724500984352602586e+02
2.471782234999036802e+02 2.464519247759817233e+02 2.462734403646093142e+02 2.475061539878683732e+02
2.459663850811836596e+02 2.462016261708625393e+02 2.450120937895370048e+02 2.461952624047114000e+02
2.514925487234549450e+02 2.512898400309135525e+02 2.500546953895485274e+02 2.516817046643638491e+02
2.466452399369510999e+02 2.465964357433374232e+02 2.447826434609538921e+02 2.472949419303131151e+02
2.872812271604024090e+02 2.878107140289226891e+02 2.860441978919176336e+02 2.865228884907480165e+02
2.491769745012803980e+02 2.491785939763026931e+02 2.486882194461748554e+02 2.500225504041652016e+02
2.495865345309925374e+02 2.499788078775600297e+02 2.492337872890012136e+02 2.501723517048239103e+02
2.438708968700088633e+02 2.445704122512232459e+02 2.438509001913159864e+02 2.452759673748150817e+02
2.527882965564126607e+02 2.530527546560199426e+02 2.517082441910584123e+02 2.531383606594076241e+02
2.682502950037388700e+02 2.686359395377645001e+02 2.658159781559418207e+02 2.697958151247092360e+02
2.442188119063786189e+02 2.442541974535840836e+02 2.436956824299254833e+02 2.452495058001980226e+02
2.682094753745043931e+02 2.677263845667998226e+02 2.641156675493699595e+02 2.681718150690959419e+02
2.462276793267421340e+02 2.461016632903163952e+02 2.455034494906662133e+02 2.468862517363173481e+02
2.459821330045706986e+02 2.461844443217916023e+02 2.458614799959963477e+02 2.464346293890694142e+02
2.531871661699664742e+02 2.536683205223183393e+02 2.522058101053286236e+02 2.541739782351287715e+02
2.554258114141490523e+02 2.558569065801379452e+02 2.537523230401742751e+02 2.564424508202515085e+02
2.471770339833799710e+02 2.469335865746668048e+02 2.467030287778611637e+02 2.476253367404299865e+02
2.512408725266782312e+02 2.514164639591687944e+02 2.499472372741971924e+02 2.521873080405142105e+02
2.618309098494702312e+02 2.613065929142645132e+02 2.571559707330408173e+02 2.618022207479912140e+02
2.495863200157816095e+02 2.493601364788596015e+02 2.484478686330165829e+02 2.501647392745163927e+02
2.570533788624036902e+02 2.570077486556510848e+02 2.549531606818230784e+02 2.584322158560821663e+02
2.547925130735369521e+02 2.559416963328293662e+02 2.536350518363744584e+02 2.555218980636343531e+02
2.483779167969445894e+02 2.482662673848652446e+02 2.471116299933547111e+02 2.485085913587507491e+02
2.622936251573649429e+02 2.631335634972178923e+02 2.606114449715607861e+02 2.641733472782996728e+02
2.476270894789292640e+02 2.471329179875835393e+02 2.469865006523793340e+02 2.478816134722090965e+02
2.524824766391631954e+02 2.524332166438246361e+02 2.519582552622902654e+02 2.532511064788854753e+02
2.517313659094358229e+02 2.524171714403063334e+02 2.507544940936770956e+02 2.528310589358037817e+02
2.661540917577440268e+02 2.670571409176011457e+02 2.636332750052648066e+02 2.679055342731729752e+02
2.930326428595341781e+02 2.923671280619361710e+02 2.916311126122346309e+02 2.916576803975290773e+02
2.495573708682852896e+02 2.495155855388933333e+02 2.492168400659495546e+02 2.499819179761130670e+02
2.475957593152003255e+02 2.473867180555604079e+02 2.470582141601600767e+02 2.483894099741095545e+02
2.894784938505011951e+02 2.917208743376008897e+02 2.894983814991720124e+02 2.903356178277991830e+02
2.463924875261138823e+02 2.471707654271464207e+02 2.458418888259500079e+02 2.472627073668527089e+02
2.755583238076511634e+02 2.763842988404223320e+02 2.731526059563652211e+02 2.781602155442300841e+02
2.416419568456726950e+02 2.416977983083756101e+02 2.408333767975255171e+02 2.423885148022249894e+02
2.488319634905221562e+02 2.491171044457572634e+02 2.474318372255266070e+02 2.506024091028639305e+02
2.534862312219705984e+02 2.541738029696193735e+02 2.523303996273960479e+02 2.547509331200409690e+02
2.546915102674359161e+02 2.546078212321142189e+02 2.529196387543994717e+02 2.562454297527653466e+02
2.546547976966598412e+02 2.547756774506881072e+02 2.527799935889627534e+02 2.548685312026880752e+02
2.528950618045967929e+02 2.525257041573323988e+02 2.517113330970325080e+02 2.536922989369435584e+02
2.735159890343618372e+02 2.746652136922210161e+02 2.705591448058639230e+02 2.737354803575095161e+02
2.465127618587784184e+02 2.468338945094316728e+02 2.464067208969495937e+02 2.473950683641347155e+02
2.900686875094925199e+02 2.904145215198723236e+02 2.891766640118379428e+02 2.909256288203212648e+02
2.467753335228069318e+02 2.474576845588926233e+02 2.467865510353050240e+02 2.478096407320911396e+02
2.572125344867710055e+02 2.582503280707466615e+02 2.555200356731812974e+02 2.583669347419516953e+02
2.492402241805042422e+02 2.493311442637444202e+02 2.483776325706793102e+02 2.504114572217967805e+02
2.504530127346256734e+02 2.515080175506139994e+02 2.503740312849928955e+02 2.516128623427555624e+02
2.718742556524226188e+02 2.731972034734325803e+02 2.696766718489366212e+02 2.721040778012308010e+02
2.462344582588309549e+02 2.467116799873340938e+02 2.459789150585558275e+02 2.472299616759799505e+02
2.658643472147522857e+02 2.655176946580899653e+02 2.626027946930572625e+02 2.671929800778248705e+02
2.631782133230780119e+02 2.632671779428450805e+02 2.610289735128162079e+02 2.645477332224094198e+02
2.688094963760835299e+02 2.686007607844452991e+02 2.654142444501780460e+02 2.695019972488135522e+02
2.453338380650419879e+02 2.452964554722301500e+02 2.447219449320918159e+02 2.454005453146986042e+02
2.572123230741984798e+02 2.571197415247390268e+02 2.548782995891232872e+02 2.576865822933530694e+02
2.590019802858728895e+02 2.592509763022966922e+02 2.574417987201380242e+02 2.603164172396759568e+02
2.536449222832907822e+02 2.530879362168887212e+02 2.511075695414898803e+02 2.534645863275589761e+02
2.502957034770528253e+02 2.501879366718482629e+02 2.500091361595718809e+02 2.508814691535686450e+02
2.508459670430591473e+02 2.510774316266559651e+02 2.502706631708880991e+02 2.517221689999313128e+02
2.602031697989213512e+02 2.609063832095209818e+02 2.580411331023198613e+02 2.621388319830404043e+02
2.481492306950461284e+02 2.480227534669620297e+02 2.477718707796254023e+02 2.484344180058224651e+02
2.466528427605948934e+02 2.467714479300436494e+02 2.460261158948064519e+02 2.465945218726703274e+02
2.833179235099884181e+02 2.834188067254749512e+02 2.803655398335623090e+02 2.844674683864054145e+02
2.615113201931919207e+02 2.610661510457460963e+02 2.591098074615177325e+02 2.615355511248850462e+02
2.659889691170423589e+02 2.654093001040262152e+02 2.622094214476520619e+02 2.676856941841705861e+02
2.506892372351406095e+02 2.504062926568539638e+02 2.503392255583506767e+02 2.510432138716723216e+02
2.468949761120981350e+02 2.470285997618649674e+02 2.463889918973863189e+02 2.478366572669697518e+02
2.531069354414963470e+02 2.534494648850444776e+02 2.513550867140807838e+02 2.542554841893346520e+02
2.503088449536488156e+02 2.502575489421387829e+02 2.497139440992523589e+02 2.509376472941319491e+02
2.545420519266387771e+02 2.553411656082946308e+02 2.539051155842529681e+02 2.562771518143952676e+02
2.510581597213695488e+02 2.519096001591432810e+02 2.495746410067205829e+02 2.516226763893836846e+02
2.464575367606918519e+02 2.469902401590531440e+02 2.463127265066902112e+02 2.472688308646085318e+02
2.738365603465252889e+02 2.741359633657114614e+02 2.703998392133036077e+02 2.735636898879959062e+02
2.931968798959028391e+02 2.922796529701318491e+02 2.921350956924705997e+02 2.925834924582533176e+02
2.684075310379496386e+02 2.688838960685058055e+02 2.663901524613681886e+02 2.688132351807104783e+02
2.473082701572541851e+02 2.475110355988120432e+02 2.468083313086106045e+02 2.481441352610764568e+02
2.490201260647566812e+02 2.500892078053922489e+02 2.477957483291034748e+02 2.499451707281259587e+02
2.505159796164620616e+02 2.499481585836155375e+02 2.500264103292861080e+02 2.505985684122664168e+02
2.539728817950138762e+02 2.539688303633845692e+02 2.532469412035170819e+02 2.545652267856225137e+02
2.645727311356526457e+02 2.646474354822682358e+02 2.627246893843021667e+02 2.663557301863673956e+02
2.752710198272616822e+02 2.766290737232142192e+02 2.735502962332579955e+02 2.766195172807025529e+02
2.492411894858092012e+02 2.494074344198671156e+02 2.480261278234305564e+02 2.506835445038487080e+02
2.458033602773189727e+02 2.459150855991609887e+02 2.453406228162035063e+02 2.462439803824971989e+02
2.512895388753837551e+02 2.517824871746287272e+02 2.498715252714196140e+02 2.519722418753587476e+02
2.540156797226036645e+02 2.542197490449562167e+02 2.513566563048247531e+02 2.551608509546784092e+02
2.465077210181268299e+02 2.469570049914589163e+02 2.461792217370245623e+02 2.470537070608172883e+02
2.435146280423293490e+02 2.436863286195799674e+02 2.430497199672525426e+02 2.438331451868850195e+02
2.498587731483428342e+02 2.499393685304488884e+02 2.492209289486720536e+02 2.504153897620440716e+02
2.531396336494707668e+02 2.536473885593554201e+02 2.514815730515416305e+02 2.536824244369761345e+02
2.592055379740146464e+02 2.600891228940917586e+02 2.574886440083433286e+02 2.609267762177238978e+02
2.492650682258628194e+02 2.493687944339016269e+02 2.482340433515377072e+02 2.498569744432356288e+02
2.486358861889524405e+02 2.490088605918625433e+02 2.473381752154862170e+02 2.491323661093649093e+02
2.852483436606557348e+02 2.849747734219784547e+02 2.830078346364950903e+02 2.863283581731943741e+02
2.556015623918579536e+02 2.564579818469769066e+02 2.528367727240777754e+02 2.556685554449828430e+02
2.515881812602033563e+02 2.514693025398666464e+02 2.500159526453076921e+02 2.521173501565050969e+02
2.464436555893775846e+02 2.464805256606856574e+02 2.460904937827970969e+02 2.470402995535517050e+02
2.853820001075539494e+02 2.851379578581991154e+02 2.803641283621583966e+02 2.839898382249465385e+02
2.682206310312726032e+02 2.699766820911581249e+02 2.664737357393877915e+02 2.702443019622525640e+02
2.698601357106913383e+02 2.696184734789077879e+02 2.669964276963394809e+02 2.703142204104893835e+02
2.480236707033186008e+02 2.479210570366537354e+02 2.478652972149500897e+02 2.483826357148363115e+02
2.462384628379239473e+02 2.462471371365987522e+02 2.453302773353224495e+02 2.473370382722149827e+02
2.656716449439792882e+02 2.655917519131673998e+02 2.632752144493809396e+02 2.671530199804276435e+02
2.476285304810692764e+02 2.472859295438193499e+02 2.470216926880095514e+02 2.479543349942259454e+02
2.540655900455637095e+02 2.546995434058498802e+02 2.527069330246621917e+02 2.544413640195855919e+02
2.558212318184535263e+02 2.565717048779135325e+02 2.543240999461653189e+02 2.574283387954532714e+02
2.703274146142388759e+02 2.703837576352354404e+02 2.680290384204929524e+02 2.710510838291665436e+02
2.711321347031376945e+02 2.711767631709105331e+02 2.682821703972215346e+02 2.711200758662816384e+02
2.479594771573017340e+02 2.483207811810557928e+02 2.471788449137770840e+02 2.493336469796565211e+02
2.560390489250001451e+02 2.562747808380816537e+02 2.542301298402196608e+02 2.570149455749917706e+02
2.510072503345374457e+02 2.511026278614670275e+02 2.492998841468444766e+02 2.520405308822729467e+02
2.530410830058781926e+02 2.525770630221441309e+02 2.518233375989659351e+02 2.536484466486446365e+02
2.594279646518385789e+02 2.600798144041797855e+02 2.579839212146458749e+02 2.593589087988671622e+02
2.532749837165597171e+02 2.533415101579297470e+02 2.528564567793131914e+02 2.533640383989131237e+02
2.695330727375807669e+02 2.706314681670838809e+02 2.672345723136185143e+02 2.709988933528823054e+02
2.552869706095150661e+02 2.568877034945338096e+02 2.545093184542884615e+02 2.571567428317550821e+02
2.735812159106982335e+02 2.739664382231834452e+02 2.715773350602956953e+02 2.760754362730033336e+02
2.735422725178806331e+02 2.752069136966376846e+02 2.716945701082497067e+02 2.755604817162625295e+02
2.500890137637127282e+02 2.503871228002777514e+02 2.495717888693924351e+02 2.508895913717158521e+02
2.528185245053165602e+02 2.521444924840802173e+02 2.512161009641394003e+02 2.542050276666639093e+02
2.574103038766306213e+02 2.579245070917677936e+02 2.562121533672678311e+02 2.585866232988752245e+02
2.481766031470311020e+02 2.483312373167669307e+02 2.474608564304598701e+02 2.495520020912497898e+02
2.793994679845869769e+02 2.796177226405035867e+02 2.760468208451088685e+02 2.799079058558138513e+02
2.577702698371948600e+02 2.581031782047037382e+02 2.563264953461325604e+02 2.590559036303412199e+02
2.471728303307423857e+02 2.470213203825578319e+02 2.458653902888628977e+02 2.475211171972565296e+02
2.824150712572184148e+02 2.817705708502030006e+02 2.803552349693927681e+02 2.839796428389580001e+02
2.559851890513660635e+02 2.561961724072856441e+02 2.543702741242425418e+02 2.569485229123249042e+02
2.480811434006049865e+02 2.488497977795780969e+02 2.470192298989492485e+02 2.488121809585620099e+02
2.458675397318567093e+02 2.461163919838811580e+02 2.451764943300368031e+02 2.467545800702798431e+02
2.547679887333993918e+02 2.549839860296202687e+02 2.535111854439532806e+02 2.557976455998029905e+02
2.516647362797280891e+02 2.515593332003874139e+02 2.503867902693556857e+02 2.522561427078098291e+02
2.468941177996094609e+02 2.476050192543272885e+02 2.467631960715731623e+02 2.478349983149124967e+02
2.926185798228405019e+02 2.928817093489787453e+02 2.902272848360773310e+02 2.910740733606187405e+02
2.542299281634134900e+02 2.547315414803599367e+02 2.528439025378625900e+02 2.554735011904333248e+02
2.629555924188140352e+02 2.638219086458388460e+02 2.611876109377769239e+02 2.636417177897171200e+02
2.574303645587201572e+02 2.576131987080051431e+02 2.551216081672227460e+02 2.581814032295471861e+02
2.501934094331697622e+02 2.506813470568831121e+02 2.494872254347952492e+02 2.510008677402740318e+02
2.846928365032376291e+02 2.844269821817021011e+02 2.819581370568237730e+02 2.838209576740146645e+02
2.924605207061312058e+02 2.935454476373398620e+02 2.934151601580541069e+02 2.940817260500628549e+02
2.706934605660792954e+02 2.715594357124652447e+02 2.679564280394925504e+02 2.720936050042133729e+02
2.588226641246354802e+02 2.588061110352271044e+02 2.570664901745760744e+02 2.593941687680056702e+02
2.561140537798024184e+02 2.558939216536520576e+02 2.546196518110939166e+02 2.564609393024243218e+02
2.550606348302266895e+02 2.552176821170239123e+02 2.530201968653345830e+02 2.561869601257787394e+02
2.500101366581241678e+02 2.499224864816376339e+02 2.495052380440106390e+02 2.508334649674569619e+02
2.547439642048012445e+02 2.554229777030724620e+02 2.534401537297929394e+02 2.554325539279176951e+02
2.496249528075005060e+02 2.492964456888280154e+02 2.481572563113476235e+02 2.501907240144166451e+02
2.495182419088270365e+02 2.495647859293854367e+02 2.488477066756263412e+02 2.497045791686886105e+02
2.495043770755867172e+02 2.494259703278899281e+02 2.488936203456297847e+02 2.504516894818339949e+02
2.539827588354016257e+02 2.540835386938879594e+02 2.524264503415897707e+02 2.541816798403650637e+02
2.506043836951117214e+02 2.508551164292139219e+02 2.495295935313498035e+02 2.513191245555112232e+02
2.475101199498348592e+02 2.475107841329227085e+02 2.463961694979627737e+02 2.489651198449935521e+02
2.554619693682915624e+02 2.558119183469156894e+02 2.541159248710010559e+02 2.563574252617893308e+02
2.503977228224272551e+02 2.506640525886079729e+02 2.499989001972358267e+02 2.505158314765029672e+02
2.474062558427155238e+02 2.482269003249237755e+02 2.466357091973582101e+02 2.485019995298595461e+02
2.840758357339277609e+02 2.831218689938464763e+02 2.822625564421288686e+02 2.843656177715749322e+02
2.521344309996538868e+02 2.519507528198387547e+02 2.508012519961859539e+02 2.529631512722635023e+02
2.674324096153034702e+02 2.680060273012107928e+02 2.648607637300364104e+02 2.681006609067160298e+02
2.569732738486312655e+02 2.572876440598042791e+02 2.546173997094702770e+02 2.575730002551013627e+02
2.601373991537386132e+02 2.602562966507406941e+02 2.575212668561640044e+02 2.605387318391632334e+02
2.562956571293666457e+02 2.564864677846140921e+02 2.546937400640285603e+02 2.571925280273687804e+02
2.641737554001058470e+02 2.653142641043194203e+02 2.611251299745283632e+02 2.657756815686139475e+02
2.818994999872463154e+02 2.820801069993527790e+02 2.780820667301385356e+02 2.830134026062103771e+02
2.742102554296845938e+02 2.755817820846853579e+02 2.719567343104608312e+02 2.755006223852051903e+02
2.464142832109273797e+02 2.466837980087464075e+02 2.457262747374996366e+02 2.476640952670481397e+02
2.453698464937300514e+02 2.457000235370446717e+02 2.446824414910928738e+02 2.463818114504678078e+02
2.633361586523801634e+02 2.636995631619540745e+02 2.601526866473970472e+02 2.631893877782376876e+02
2.558854876929767954e+02 2.565890301248803667e+02 2.536639108838466257e+02 2.565424944766849080e+02
2.577475401707510514e+02 2.576401796136213989e+02 2.564814044930915315e+02 2.586529564273034794e+02
2.510343881861716966e+02 2.512385224911228363e+02 2.500372515501321686e+02 2.519404924279862996e+02
2.680962817828839206e+02 2.685709616904343306e+02 2.646153461413426839e+02 2.699806112196193340e+02
2.524262557987859736e+02 2.524339843790905604e+02 2.515290013263584967e+02 2.536563763931099800e+02
2.483015025411876309e+02 2.482936452611821494e+02 2.473965027213124586e+02 2.494506814416387215e+02
2.476279676391508815e+02 2.477180753078466751e+02 2.469686350099346726e+02 2.484946401163826977e+02
2.716546692873088205e+02 2.713320059366643022e+02 2.682159667376839138e+02 2.715174360763859909e+02
2.706351075974295100e+02 2.703104661060500575e+02 2.666053069071727464e+02 2.702647458565599550e+02
2.539838731814864730e+02 2.542739301602095168e+02 2.529396478327172417e+02 2.545504635644153382e+02
2.473787647226127433e+02 2.478808670117624047e+02 2.462672876666182447e+02 2.477564780107227875e+02
2.500121182191361981e+02 2.501031657317052748e+02 2.495760017763058727e+02 2.506852861095895548e+02
2.635991578262427311e+02 2.639295016033751722e+02 2.607857662998155774e+02 2.640523679602314928e+02
2.490160090076912809e+02 2.494011742067555986e+02 2.480245710259720795e+02 2.502219093636383889e+02
2.769682630340024048e+02 2.771482594652160856e+02 2.739652788433006663e+02 2.764443204389471589e+02
2.795287898306710872e+02 2.806909373924329998e+02 2.765256399060241392e+02 2.807052323514205909e+02
2.501570053819521888e+02 2.504515794349933913e+02 2.495402661618393836e+02 2.506297281582087919e+02
2.509204859329965416e+02 2.507609471016514249e+02 2.497822660020202079e+02 2.513543062214245936e+02
2.485873164864828482e+02 2.484202033271789105e+02 2.476926277558667380e+02 2.492705790907007497e+02
2.642632931925905950e+02 2.649665426865581708e+02 2.623564761465429456e+02 2.647286840243455686e+02
2.528940049160242154e+02 2.534486503893703571e+02 2.521210112774157324e+02 2.531818503375023681e+02
2.493299231034374657e+02 2.498563346242356147e+02 2.491004742901883446e+02 2.495556140662648090e+02
2.781433401179928637e+02 2.778747847866203529e+02 2.738469251257474184e+02 2.782471363253109189e+02
2.607978057476334470e+02 2.613168818176471291e+02 2.586467834072789742e+02 2.619220255947174110e+02
2.667784405076436656e+02 2.674533864603370148e+02 2.641539931487808417e+02 2.673811611071926109e+02
2.749674321505229386e+02 2.745384119188053660e+02 2.722555459197874370e+02 2.754801999449670120e+02
2.469652519933502219e+02 2.469705655011367469e+02 2.463139694515844269e+02 2.473557924626163356e+02
2.527892722752943655e+02 2.535835498350055843e+02 2.523802411339924276e+02 2.542030037172889365e+02
2.474195995264420276e+02 2.479137689875836088e+02 2.468866849526378928e+02 2.483047344029116914e+02
2.512757154983989665e+02 2.520147405014157016e+02 2.503632543827157519e+02 2.523135913762368716e+02
2.499271629600266351e+02 2.504285461693345383e+02 2.487545210942219285e+02 2.509924191550167620e+02
2.934542965071402136e+02 2.931392759617763204e+02 2.924760166508738166e+02 2.939755050776512917e+02
2.745823451527712109e+02 2.757633692868855064e+02 2.729536564011483506e+02 2.761185880178737762e+02
2.451887569805583666e+02 2.453456394033698587e+02 2.447498605311414508e+02 2.462836835686938741e+02
2.459619506896827090e+02 2.465846939648122600e+02 2.447922513995630993e+02 2.474838148500047055e+02
2.554671062824064052e+02 2.562310187210267713e+02 2.543623048609034356e+02 2.569206870339113493e+02
2.485710778900638331e+02 2.491625257928655230e+02 2.475465604813542200e+02 2.490851003067027989e+02
2.612949395662222969e+02 2.613720834714386569e+02 2.591092670507411526e+02 2.623298182612481355e+02
2.461940139271867167e+02 2.462465897340548224e+02 2.450911583498753998e+02 2.467076427075845118e+02
2.523412990419215021e+02 2.530479747160999011e+02 2.503044862094882035e+02 2.527788815534642026e+02
2.693757602219515093e+02 2.721596210038120489e+02 2.676922670159639210e+02 2.701097828942905608e+02
2.708152882970296105e+02 2.699939611662669563e+02 2.673578150623825991e+02 2.707576359048549648e+02
2.526570779926261991e+02 2.526421706102887867e+02 2.511290889620944426e+02 2.530982817947389378e+02
2.519298025819926465e+02 2.518386404576338862e+02 2.510141771045056203e+02 2.522317503548638058e+02
2.662520242389405780e+02 2.674322869665378448e+02 2.645181673775378499e+02 2.677534519374169122e+02
2.495380678006237360e+02 2.501596911836342372e+02 2.488690328762694151e+02 2.501883216298036530e+02
2.557530900588453164e+02 2.570478295104262543e+02 2.532964990129505622e+02 2.577201963742576254e+02
2.467767224189508681e+02 2.467878122070441691e+02 2.457681961652240545e+02 2.473966599470559515e+02
2.552682658509145028e+02 2.552689309984241390e+02 2.530600819833705657e+02 2.563205509739167383e+02
2.735580982422591774e+02 2.747460602462566612e+02 2.704390681175380564e+02 2.743394348026345142e+02
2.492928889032105246e+02 2.498370392897030854e+02 2.481830934083553473e+02 2.497273138501143137e+02
2.475555461221190114e+02 2.472707006587390026e+02 2.471090849152916746e+02 2.477379731307411248e+02
2.630902225736919036e+02 2.636173806792398864e+02 2.603920525829068424e+02 2.633766564596728017e+02
2.661022273176407111e+02 2.666903797936168417e+02 2.640111511766480135e+02 2.673892402476366215e+02
2.504618061953086112e+02 2.508292901534499890e+02 2.499298394382600748e+02 2.510017741022783184e+02
2.700351807372328494e+02 2.694629493672067611e+02 2.670106786613706049e+02 2.702362365660816863e+02
2.476539498649683537e+02 2.473915733669124108e+02 2.460757051337181451e+02 2.484049516515526363e+02
2.663138532840180233e+02 2.668801328785072542e+02 2.639238712327300505e+02 2.673195865892447500e+02
2.470334813294081755e+02 2.468456141169060345e+02 2.460028340065576913e+02 2.473173039030643281e+02
2.529409309612333345e+02 2.536428237683928444e+02 2.520633565264722051e+02 2.540323495943885916e+02
2.491757704303892069e+02 2.495112346892350104e+02 2.491830001787113815e+02 2.499450236645342898e+02
2.485549015283343977e+02 2.490711372220717692e+02 2.479116948996541510e+02 2.492051457579403291e+02
2.530643042503947129e+02 2.535489626072786677e+02 2.524304892853454589e+02 2.542581032873342792e+02
2.428550987775825547e+02 2.428601209939111811e+02 2.421546834188374646e+02 2.432776935523856707e+02
2.471651649391297383e+02 2.476050689545567423e+02 2.463699699868797666e+02 2.476454316161966176e+02
2.582736007795012370e+02 2.571248061984410356e+02 2.555592382418958266e+02 2.585684002469829466e+02
2.454653891841914799e+02 2.456065725487918598e+02 2.443967786688021988e+02 2.463219526196440654e+02
2.617371383297680154e+02 2.620276584339049464e+02 2.597813090459144973e+02 2.622942253182096124e+02
2.488779715092671267e+02 2.489203223641193290e+02 2.483650512809164184e+02 2.497475574309656565e+02
2.518290741156075399e+02 2.525496912504185048e+02 2.506911544693706162e+02 2.526023443589272688e+02
2.473176417509975238e+02 2.479241417552836708e+02 2.472034742614213485e+02 2.481838562129607055e+02
2.486935137005272338e+02 2.491338361728726625e+02 2.480137441935399352e+02 2.494807416667412099e+02
2.714389441449609421e+02 2.719101084921517213e+02 2.680657013080214028e+02 2.716433466087204351e+02
2.500062482824455685e+02 2.498508987454783892e+02 2.494430684144884651e+02 2.502296306996819339e+02
2.509090127429239772e+02 2.513537947975544284e+02 2.501110279433032417e+02 2.514765739837108924e+02
2.931676343443336350e+02 2.930966897129032418e+02 2.897543644875302675e+02 2.934390071211496434e+02
2.577421997750002447e+02 2.579888857638020454e+02 2.560855476661056400e+02 2.588431772134102289e+02
2.631291994991104843e+02 2.633611610371063989e+02 2.601293207216673977e+02 2.640253946226927155e+02
2.453466328437062884e+02 2.451932284900697141e+02 2.446994445481404625e+02 2.454762237126410582e+02
2.552391259281679368e+02 2.554407361072202036e+02 2.545668545952209456e+02 2.561526035233653715e+02
2.463067147170476119e+02 2.468162940998853685e+02 2.457463289455090489e+02 2.472143634421175591e+02
2.717518779538293643e+02 2.709214030082145541e+02 2.680250897645895520e+02 2.725474557878145561e+02
2.673322794191579987e+02 2.673781209640737870e+02 2.644408943555035876e+02 2.670372334620174684e+02
2.610661561607993804e+02 2.599987048447755456e+02 2.578134801433818097e+02 2.612924348151161098e+02
2.578373636252396182e+02 2.586662371306908881e+02 2.560665424518113582e+02 2.596404963274446800e+02
2.716490247066365100e+02 2.721441346008297160e+02 2.693213291605472932e+02 2.724356676561491781e+02
2.823403135369234178e+02 2.837047532272122226e+02 2.805339474764186320e+02 2.824534198657084403e+02
2.477980176357230846e+02 2.478696731727650047e+02 2.468867679778631725e+02 2.484577620196243686e+02
2.538229033534837527e+02 2.537369386550513468e+02 2.528488249368111553e+02 2.547401562215293609e+02
2.504416125476281536e+02 2.501654378448066041e+02 2.495941887410544098e+02 2.510478625958052987e+02
2.920301268986279979e+02 2.927113459300422278e+02 2.904415858977534413e+02 2.927246092017093133e+02
2.451901746552668726e+02 2.454715797075114381e+02 2.450414511580614487e+02 2.462668729206404237e+02
2.802196384733724130e+02 2.795202018943191433e+02 2.767343677010212559e+02 2.796716330638558361e+02
2.497397801223167448e+02 2.497950189654876567e+02 2.491879579564437961e+02 2.503819718673551620e+02
2.577545704694281881e+02 2.577409896604759751e+02 2.555900613845575151e+02 2.585496566236118952e+02
2.544580160949261654e+02 2.541977936092041830e+02 2.526826506987193000e+02 2.556223259350503838e+02
2.565306551614357886e+02 2.569827595320048204e+02 2.547725372629724347e+02 2.578345480434641672e+02
2.563216801993523291e+02 2.560207560353153440e+02 2.542385798817389571e+02 2.564075794633186547e+02
2.492036222847151237e+02 2.498531681145262553e+02 2.480342404800898066e+02 2.503723200621400053e+02
2.492864124677252846e+02 2.497580626204479302e+02 2.484512469207068079e+02 2.504288895448370624e+02
2.491403732934082882e+02 2.490906607520941520e+02 2.478999610995074931e+02 2.499343714807465915e+02
2.494474523898607572e+02 2.500770558162034831e+02 2.485890222180552769e+02 2.500698243304764503e+02
2.743045486233087331e+02 2.751907643361608393e+02 2.708396766933143454e+02 2.755696918288564916e+02
2.789021236798044470e+02 2.790091741901778732e+02 2.758878673022423413e+02 2.792475349813308867e+02
2.585365307465335718e+02 2.588235661790093332e+02 2.552978048708850451e+02 2.588737641056605412e+02
2.500952817661695349e+02 2.501831078146819038e+02 2.497605177807110124e+02 2.504255596670126067e+02
2.722051424390460284e+02 2.737238000846006685e+02 2.705692772422854091e+02 2.738339995490625824e+02
2.513209617327521528e+02 2.508488906796591209e+02 2.498146210202937993e+02 2.518789575115391415e+02
2.657714674303765037e+02 2.659179548812613234e+02 2.634407912760007093e+02 2.666444251029427619e+02
2.564611512092188832e+02 2.574477846804034584e+02 2.542137991091000799e+02 2.567089732621755047e+02
2.495553501687039386e+02 2.493374402510814036e+02 2.489854705841839859e+02 2.502949160295189870e+02
2.656858550393168912e+02 2.665870871201857994e+02 2.628780731069338685e+02 2.667618762223136741e+02
2.526042688954055677e+02 2.529080498231190290e+02 2.519751026023349425e+02 2.537427553514942247e+02
2.487540448970935927e+02 2.486933512483762740e+02 2.484312497052843867e+02 2.493038878323646088e+02
2.543096145160799608e+02 2.543204979200452556e+02 2.533680939735644699e+02 2.556089619723596513e+02
2.717887098184047545e+02 2.717558800995711863e+02 2.681001697217629385e+02 2.724186934013225709e+02
2.489446210484479423e+02 2.497356974898707165e+02 2.485434748396363034e+02 2.505302418090705601e+02
2.931221707278921258e+02 2.937342562346550494e+02 2.910693482731887229e+02 2.922813483009916808e+02
2.662564264458546290e+02 2.664659196254601170e+02 2.629651177489918155e+02 2.669723803029415308e+02
2.479397289140692351e+02 2.478249087546205374e+02 2.472886069928802613e+02 2.483858756660189897e+02
2.581118645267064267e+02 2.578266008326598353e+02 2.555272077625394331e+02 2.594049138434913857e+02
2.525962037197514007e+02 2.531571638082128288e+02 2.511222366664901813e+02 2.534601955467565801e+02
2.859355256088197734e+02 2.855212247453150098e+02 2.827536147348160966e+02 2.857965910442256927e+02
2.820920754657761336e+02 2.817515423148087734e+02 2.776160996303008801e+02 2.809428123935307440e+02
2.516791409830520365e+02 2.516443806977756594e+02 2.494985017379083274e+02 2.524779830477567941e+02
2.808090017148817878e+02 2.807166530760783871e+02 2.777455900009767333e+02 2.812505875306813437e+02
2.508768372847984836e+02 2.512312175704409469e+02 2.497197776946027830e+02 2.514401401706429340e+02
2.463848397337782785e+02 2.466307162105352120e+02 2.458636844027415975e+02 2.468205739423551677e+02
2.507828003749542063e+02 2.517196518863256074e+02 2.498669800039207587e+02 2.513769702949967666e+02
2.509902472128704005e+02 2.513653914082059089e+02 2.506390413674000683e+02 2.514064957035971872e+02
2.721168042892354606e+02 2.723458556923644664e+02 2.694332133642775489e+02 2.732195784275925803e+02
2.536782483079781514e+02 2.537358005355495436e+02 2.526659493436619925e+02 2.543530703910078898e+02
2.918480291798044846e+02 2.931166542835302948e+02 2.907293902745341825e+02 2.922193890847111675e+02
2.477276180545660225e+02 2.479668782046146589e+02 2.468753167707353384e+02 2.483386422289908353e+02
2.774231649663995540e+02 2.776909535522312922e+02 2.759465459000299461e+02 2.776914895279957136e+02
2.460487615154630419e+02 2.462704454407574417e+02 2.458910324682393025e+02 2.466970394264871800e+02
2.511175693620379548e+02 2.519355830110584122e+02 2.499356178295248583e+02 2.527098954532251014e+02
2.915817210971757163e+02 2.902619264206069829e+02 2.883645850600929634e+02 2.901840483848686745e+02
2.609587792804414335e+02 2.613048855905161076e+02 2.592481170379421656e+02 2.619444054004967484e+02
2.568969584938052435e+02 2.576480308041751073e+02 2.548703309839665394e+02 2.579579294421118902e+02
2.465444718322738709e+02 2.472514141867873434e+02 2.462863530843796696e+02 2.474426205730504762e+02
2.445115352716938162e+02 2.444697870144098601e+02 2.438636956979156878e+02 2.450817348242246112e+02
2.698379039511063979e+02 2.692059536279296026e+02 2.668916450176078001e+02 2.703526885863502116e+02
2.556851179464149482e+02 2.559882090310459546e+02 2.533814291224794601e+02 2.562887333080344092e+02
2.505560920417217972e+02 2.509081859767291292e+02 2.492249929988267638e+02 2.518046875734413845e+02
2.559055458314054192e+02 2.564704146841483521e+02 2.544013368736774225e+02 2.571138099862953936e+02
2.491197235783525059e+02 2.495453772581502676e+02 2.486791127254793707e+02 2.501078950185213898e+02
2.474560067455989554e+02 2.478130585268969526e+02 2.471743677865984239e+02 2.483923055104421280e+02
2.537858250140447751e+02 2.543979898260341486e+02 2.530154269765401409e+02 2.552965723918191259e+02
2.794772379325153224e+02 2.791757806939078819e+02 2.760474990488024787e+02 2.786074892597196140e+02
2.495075168395417506e+02 2.498438788551530649e+02 2.482227686008819489e+02 2.501724113100423779e+02
2.513396827911880678e+02 2.518054807096039269e+02 2.501074846860462912e+02 2.521244258077619520e+02
2.778981453478164667e+02 2.801755142654050132e+02 2.764280030769084533e+02 2.808280765362829925e+02
2.449544837206388195e+02 2.454295424077507164e+02 2.440682080175785416e+02 2.454301183735194627e+02
