2.908745802736385144e+02 2.905324092582737308e+02 2.898773840173737995e+02 2.897713320000143540e+02
2.793162477680804159e+02 2.804593363431042121e+02 2.780268498807706123e+02 2.796426969037137269e+02
2.543674535078244503e+02 2.548681586290064445e+02 2.534584250386538997e+02 2.556234269211574883e+02
2.491740819456823601e+02 2.490622824153733461e+02 2.487472966482661150e+02 2.492096799927057873e+02
2.532280163878084522e+02 2.542422378305225266e+02 2.523032883112174716e+02 2.537928052531290462e+02
2.497468581398603931e+02 2.500079590207553224e+02 2.495624860332459320e+02 2.506558611961453380e+02
2.617739280934785597e+02 2.619881450876183635e+02 2.595651206893977587e+02 2.624874156417877202e+02
2.527853261591795899e+02 2.528045169154640632e+02 2.520116502086790149e+02 2.530031059316939661e+02
2.531833283876862595e+02 2.531296478371220644e+02 2.525878346177883600e+02 2.538932406588263291e+02
2.529753810768769995e+02 2.530275029443573374e+02 2.521456709313636679e+02 2.533842947166210990e+02
2.540467964878674252e+02 2.541898248513937233e+02 2.539373575889497943e+02 2.543411755436875126e+02
2.488234886365989098e+02 2.486406507737522702e+02 2.482800175224282100e+02 2.494001145036104674e+02
2.832070936515112862e+02 2.825020411743258251e+02 2.810623134094956868e+02 2.824731844052710699e+02
2.458547531253045122e+02 2.461938462807310088e+02 2.456185272212131849e+02 2.464649830319654882e+02
2.543957447376976120e+02 2.550276794959734730e+02 2.532266018780301806e+02 2.558907576277897817e+02
2.485264197957652641e+02 2.490899832300392802e+02 2.485055265989709596e+02 2.488437811408764162e+02
2.477542425021166821e+02 2.477009949541924243e+02 2.475584947716663464e+02 2.481953628308986026e+02
2.535822456918241414e+02 2.537390312687640801e+02 2.527807802632176788e+02 2.543636028832900138e+02
2.541987315021511620e+02 2.543749282482751255e+02 2.536430963643252881e+02 2.548112756661787159e+02
2.663894199138292720e+02 2.670539135740688153e+02 2.641059294362428318e+02 2.674848808245197915e+02
2.591861681380236178e+02 2.593813079749385793e+02 2.575206561435987282e+02 2.602355748833523990e+02
2.536012150819394151e+02 2.537685287482045169e+02 2.532444115358043462e+02 2.544369154060235303e+02
2.622381925268090299e+02 2.622371032512389206e+02 2.604929071340727091e+02 2.630572108592995733e+02
2.521488679710215308e+02 2.524730414217513328e+02 2.520207539217744284e+02 2.523397979222941387e+02
2.587374242751052975e+02 2.592408292820634301e+02 2.574250339862265378e+02 2.586102682362441669e+02
2.555452922274146488e+02 2.559429802166743286e+02 2.545320246643719315e+02 2.560368705271029057e+02
2.524302202707623053e+02 2.526467514624420687e+02 2.524409930020291029e+02 2.530500155023167963e+02
2.489856224653330798e+02 2.492232099802882033e+02 2.491012422202144592e+02 2.492713383960760609e+02
2.720006994273301189e+02 2.722853928193758293e+02 2.690232630476444342e+02 2.715662642036556349e+02
2.483002094948012939e+02 2.482394455744658615e+02 2.476322132040554891e+02 2.482003715786689497e+02
2.611622214389610690e+02 2.608415538680454802e+02 2.596651676071837187e+02 2.612715718508314922e+02
2.536269075408250728e+02 2.540472462996469289e+02 2.532559780806123797e+02 2.546674060686556516e+02
2.576274643417409038e+02 2.576288741542434764e+02 2.569839491904079409e+02 2.587226522536838047e+02
2.527157490971552818e+02 2.527401843363399792e+02 2.521762567220278015e+02 2.528839624581348460e+02
2.622015677976796155e+02 2.626612939895569525e+02 2.605841072206149533e+02 2.631637020906488829e+02
2.511942962861699300e+02 2.509989069095996115e+02 2.505585589759095910e+02 2.513197531232166000e+02
2.490882490954124080e+02 2.496879676036525666e+02 2.484748868258270420e+02 2.495606403872232022e+02
2.578123837270395029e+02 2.588983245114561669e+02 2.569208227501914621e+02 2.591801991164664400e+02
2.545357232848051012e+02 2.541667030090895594e+02 2.529806970172263334e+02 2.540479569817821357e+02
2.613308795441550956e+02 2.626417164383159388e+02 2.591912557791878839e+02 2.629026350603206197e+02
2.521940614929409321e+02 2.517921693218639518e+02 2.514104878812720756e+02 2.520364467758205649e+02
2.541364309074828896e+02 2.543185053986008484e+02 2.538259119459635542e+02 2.546666392602586768e+02
2.669337063273024455e+02 2.681698806600966805e+02 2.647997098924689112e+02 2.675559191263675416e+02
2.538177990610326447e+02 2.545739866344397910e+02 2.527278769765682966e+02 2.549084231450260631e+02
2.636605399787331976e+02 2.643588533752242711e+02 2.617418966518465595e+02 2.653161048530683388e+02
2.515532230516554648e+02 2.517814823125662826e+02 2.517628822990198785e+02 2.516726611721068707e+02
2.837563956156677136e+02 2.851025301618454932e+02 2.826916227611496311e+02 2.837280234637591434e+02
2.532774359395037891e+02 2.540002980258495313e+02 2.529296492899427165e+02 2.540561103575235506e+02
2.555078918607639480e+02 2.551082218500850445e+02 2.536119093629470171e+02 2.548737556104212842e+02
2.529110551310471919e+02 2.532663597548056487e+02 2.524421285495563438e+02 2.536226380862784993e+02
2.561118987979282338e+02 2.558520837872500806e+02 2.550207332217633507e+02 2.571147924712039412e+02
2.486678935944262321e+02 2.487335088599098185e+02 2.481517755708854338e+02 2.489829232172699562e+02
2.669744720727583740e+02 2.676908731239850567e+02 2.660442663881748331e+02 2.676547689908851453e+02
2.549520751434582735e+02 2.556163838151499306e+02 2.541875379523199854e+02 2.561066209349223755e+02
2.763487811596318124e+02 2.771282037938817098e+02 2.739126686570584184e+02 2.773009196702799386e+02
2.519672050433705977e+02 2.522864395691198354e+02 2.511884068276618507e+02 2.525298995551382575e+02
2.873503048197371186e+02 2.870495864671831896e+02 2.840580480369525276e+02 2.864779263579137591e+02
2.591745006102723892e+02 2.594862725666504275e+02 2.580396513354374406e+02 2.607508319503155008e+02
2.518286380924468233e+02 2.521350552154158606e+02 2.509077743646219574e+02 2.526178291979107371e+02
2.567714612842983684e+02 2.572812122629238161e+02 2.551059310936292945e+02 2.575888432705025934e+02
2.894108560393815424e+02 2.885119313068718725e+02 2.874639263178308397e+02 2.883048204673647774e+02
2.503661722942015331e+02 2.503574448570034576e+02 2.496410728173654832e+02 2.504530475669363341e+02
2.766187016575544817e+02 2.785574516453189062e+02 2.743067270825797550e+02 2.781295325924161830e+02
2.769216611964891968e+02 2.764113242541860131e+02 2.740272687086596193e+02 2.768882970597076110e+02
2.643173129882417243e+02 2.645643368642441260e+02 2.631308284568860927e+02 2.646287014201627130e+02
2.497810319327352602e+02 2.497054523412627987e+02 2.491506733413696111e+02 2.503634827585043183e+02
2.525773471150259297e+02 2.527375455214243232e+02 2.526261539483392085e+02 2.530268304698950885e+02
2.567416492830802213e+02 2.569707713985893633e+02 2.556570439403513717e+02 2.568934232198050154e+02
2.526317847069838365e+02 2.522397793148903986e+02 2.510587195948675117e+02 2.526779366458337677e+02
2.889867413564967933e+02 2.899950865526931238e+02 2.881297253143294483e+02 2.889007053661672444e+02
2.737323416949262764e+02 2.738074960041395229e+02 2.708431851151007663e+02 2.748116080178702987e+02
2.595355031783884669e+02 2.590372727485285509e+02 2.576361916276220541e+02 2.591866800583298414e+02
2.471145158023744273e+02 2.472982285353870680e+02 2.465208110457467114e+02 2.472029700856058980e+02
2.499154129660211652e+02 2.500628678190597611e+02 2.494805212813821811e+02 2.501137998403628728e+02
2.576226708454136087e+02 2.580513004718165462e+02 2.572679621598724111e+02 2.582585099768784858e+02
2.607050018885148575e+02 2.612776680834685408e+02 2.596586029711316996e+02 2.611711092303419264e+02
2.828676159426394179e+02 2.820726343454520588e+02 2.804443716159017299e+02 2.827424733585903027e+02
2.512641557356539295e+02 2.509818843834660242e+02 2.507711141635559500e+02 2.513947330087441117e+02
2.646430448079473194e+02 2.640486206256652508e+02 2.622267441067452864e+02 2.654843326437789415e+02
2.564902514071253563e+02 2.565423740332819307e+02 2.559630779602452719e+02 2.567385925686414794e+02
2.524870304708463493e+02 2.529229279035064621e+02 2.517490875801157983e+02 2.526170531864841564e+02
2.550157104391909400e+02 2.554484836854642253e+02 2.539693420897791327e+02 2.555995184212030722e+02
2.517907541051283715e+02 2.518202811623579862e+02 2.502846404670260085e+02 2.527700488341985761e+02
2.486009689541712078e+02 2.488374339285468864e+02 2.482193578841797432e+02 2.493448280367374821e+02
2.527524681292439084e+02 2.528570342524818955e+02 2.519039350746458297e+02 2.533362678266418300e+02
2.511776496168886297e+02 2.512763814809408132e+02 2.510712923313775775e+02 2.518262106843271226e+02
2.509755077831582639e+02 2.508951771285542236e+02 2.512584879034461665e+02 2.519832996468644524e+02
2.709836019699170606e+02 2.703223163740670998e+02 2.683756168295932412e+02 2.716107023481245051e+02
2.740308787907284795e+02 2.744533024012330316e+02 2.716940976983887026e+02 2.745954063107015486e+02
2.532262444658146592e+02 2.536968780258952734e+02 2.528679794479893417e+02 2.542773241838942795e+02
2.543049702873420017e+02 2.543678869670252425e+02 2.540347578901866257e+02 2.547109811374020012e+02
2.584479822547726826e+02 2.591308862465504603e+02 2.572912259409987996e+02 2.595016228074236437e+02
2.606006790494171810e+02 2.613370968888374932e+02 2.594750400777417667e+02 2.611803926832669163e+02
2.843688710947621985e+02 2.846858212798828731e+02 2.812642196381881377e+02 2.841130330971045055e+02
2.544094733519976614e+02 2.544473140259579793e+02 2.529554190262523150e+02 2.549161873737941733e+02
2.656495189805103792e+02 2.655785021540357320e+02 2.638790622650915907e+02 2.650171835178649076e+02
2.553374329030374668e+02 2.558173503547635619e+02 2.541672022639253612e+02 2.558159608312461160e+02
2.518087039949700454e+02 2.521480931595228299e+02 2.512550676216349359e+02 2.530963149850082630e+02
2.526995784390585413e+02 2.531845037390127686e+02 2.525848774371532386e+02 2.529857714781667255e+02
2.580233415152128487e+02 2.585519875826026350e+02 2.565402858961529091e+02 2.589930786156057252e+02
2.508606923994069291e+02 2.507357439703327202e+02 2.503775588936403835e+02 2.508511558014857314e+02
2.825466299043040976e+02 2.825522793598670432e+02 2.801154785647943868e+02 2.826776320660074475e+02
2.614291903456125397e+02 2.614500045659154921e+02 2.600001015545003611e+02 2.624551913211687975e+02
2.637067334391914528e+02 2.637938209882617571e+02 2.624071799742416715e+02 2.645015238106586821e+02
2.555629633785056001e+02 2.561338232598710078e+02 2.553118561653624567e+02 2.562520157218730787e+02
2.520248818045158714e+02 2.528399573215512532e+02 2.520521430307546780e+02 2.528011286778323665e+02
2.714698821384214398e+02 2.695636460206935112e+02 2.677991124548163384e+02 2.718896183456656672e+02
2.725302161356539727e+02 2.724260891221885004e+02 2.692467323953320602e+02 2.720436658154499128e+02
2.659965431043457897e+02 2.664192272610948180e+02 2.637026307073444400e+02 2.670745007184877977e+02
2.511434304468551204e+02 2.512229044674352281e+02 2.508787005183053793e+02 2.512756390129914905e+02
2.531779440827835401e+02 2.534364520952123598e+02 2.521267801147557748e+02 2.540243292844698999e+02
2.542862384233803823e+02 2.542860839927878658e+02 2.537380025176623803e+02 2.546464379135190086e+02
2.506155102701162320e+02 2.507663215618596553e+02 2.500952172890965244e+02 2.508450477613601777e+02
2.501818777370257862e+02 2.503239504692099899e+02 2.497971577197127431e+02 2.508355038028999218e+02
2.724395727815370947e+02 2.730759575122748402e+02 2.697759493599853613e+02 2.744063515995340481e+02
2.633541773953378424e+02 2.634237791541956426e+02 2.610641001853826424e+02 2.635150167732661544e+02
2.646557017887012080e+02 2.649684664860831163e+02 2.626556152331048679e+02 2.650674825262422019e+02
2.587310257980351480e+02 2.585856074550454196e+02 2.561595413462001716e+02 2.596762562747260290e+02
2.504843673448848449e+02 2.506312850819547862e+02 2.502659752117337746e+02 2.507487010308610991e+02
2.519775027823503990e+02 2.524655603986517747e+02 2.512916050446165457e+02 2.532132826044224885e+02
2.496864771226642574e+02 2.498159924024230349e+02 2.489935710096827393e+02 2.500014211386579177e+02
2.577910354037787783e+02 2.581604046680590159e+02 2.566580931068560858e+02 2.589092613161588474e+02
2.667002707548398917e+02 2.670160171918927290e+02 2.646894563089982171e+02 2.673501006230488315e+02
2.617077692032764276e+02 2.620084574675764202e+02 2.602039026055318800e+02 2.619693024596843998e+02
2.486289900709739698e+02 2.480786938472118948e+02 2.476365656314382875e+02 2.492037460388868055e+02
2.595458538111381586e+02 2.605663249605663623e+02 2.582050419583482608e+02 2.611551647843821797e+02
2.512500362171547295e+02 2.511405376794997437e+02 2.512434592356844121e+02 2.512992998428581188e+02
2.494732380769710289e+02 2.502221032104316407e+02 2.488441629896152278e+02 2.502805095063082774e+02
2.505728990960931810e+02 2.508874308916627172e+02 2.504180566570254314e+02 2.508415808136426790e+02
2.522767155715236527e+02 2.526778869673633494e+02 2.518766066504202854e+02 2.528995543841813571e+02
2.559131267547767266e+02 2.560944846855149422e+02 2.550747118040707448e+02 2.560434197792409918e+02
2.507596206204340490e+02 2.508621703118155324e+02 2.508468343668594116e+02 2.509942076923074126e+02
2.487690417764163726e+02 2.494688142535374027e+02 2.491201094783788790e+02 2.496059075993474892e+02
2.610125155958078267e+02 2.613787665901521109e+02 2.592632385076236119e+02 2.610005747197936898e+02
2.517423562185381343e+02 2.514555143923454352e+02 2.506386532552502047e+02 2.520718629625098970e+02
2.537880297579450826e+02 2.539747221433716504e+02 2.531151860992900993e+02 2.545985824434597475e+02
2.618236801793151471e+02 2.624064898039022751e+02 2.607065454666421829e+02 2.637130525843751343e+02
2.624500896228784654e+02 2.630693586928159675e+02 2.608201660009864895e+02 2.630843966528728401e+02
2.550743679955559173e+02 2.557024294334942169e+02 2.538912652789966273e+02 2.558786832892247673e+02
2.552763896126270424e+02 2.551704830036481155e+02 2.542594350717182010e+02 2.559651219805599567e+02
2.562581266762750829e+02 2.567904137239957549e+02 2.559986795564082627e+02 2.573416742902198848e+02
2.559509649770807584e+02 2.561603165606447874e+02 2.546536548404361895e+02 2.568617179067995266e+02
2.652268036861601672e+02 2.645756409150945956e+02 2.630870123334679533e+02 2.647851737821612232e+02
2.735748602322384500e+02 2.736675908878929704e+02 2.709893974984445890e+02 2.731206471772752593e+02
2.527376663348927650e+02 2.532077592246828033e+02 2.520430142719624484e+02 2.539232285763418133e+02
2.876324879176681293e+02 2.881185690015353202e+02 2.865013493819732275e+02 2.891945528932052412e+02
2.494926324993064100e+02 2.492712855377901633e+02 2.481564911967020919e+02 2.500694293769623755e+02
2.765873181081277039e+02 2.756864702429084559e+02 2.738724554670129123e+02 2.754379902074923052e+02
2.528429242803563000e+02 2.531359038471404119e+02 2.524073180456248338e+02 2.533699396486674686e+02
2.861623647436586566e+02 2.875190495321946855e+02 2.843925205710654041e+02 2.852921547101843771e+02
2.761815799187456832e+02 2.765815191520053986e+02 2.735885748420165555e+02 2.768457218843677197e+02
2.499273919136398945e+02 2.497130679368435153e+02 2.495955869301849930e+02 2.501976086082241295e+02
2.661731917456209544e+02 2.671270619009973757e+02 2.646120631162257837e+02 2.670301329669857751e+02
2.529612331853361695e+02 2.531819183810798108e+02 2.523741705007300880e+02 2.534748893994152468e+02
2.542717827628527232e+02 2.540160480020271905e+02 2.536176321508500564e+02 2.539834753041019724e+02
2.558296704704739284e+02 2.553954165882193195e+02 2.545932044136529271e+02 2.560281883670249954e+02
2.553427877588784725e+02 2.553753230350380079e+02 2.545273648377849725e+02 2.557194994980790455e+02
2.516353101653102158e+02 2.518571264244241092e+02 2.514011993159163012e+02 2.519042807954195382e+02
2.492918752290636064e+02 2.494599358423853630e+02 2.489435432388148399e+02 2.498234670074461974e+02
2.521580391576606246e+02 2.525165759966610324e+02 2.515212618533041677e+02 2.524766267997477769e+02
2.547638289381682739e+02 2.542712758746854433e+02 2.536260757557145666e+02 2.549179389111052103e+02
2.500782262359487618e+02 2.505682076321966179e+02 2.499486777947656719e+02 2.506771647032423118e+02
2.629022318303561292e+02 2.628178560258223229e+02 2.603260567482957981e+02 2.629183927369738285e+02
2.561535381998115781e+02 2.564154383071246457e+02 2.550161229423757732e+02 2.566700847745966030e+02
2.679347469604006164e+02 2.680429877025887890e+02 2.664575894061414942e+02 2.691097037561211209e+02
2.498286334981015102e+02 2.500371144764613689e+02 2.495399240495562765e+02 2.502881034552848405e+02
2.557206104431255937e+02 2.560368493638535483e+02 2.551523910336682945e+02 2.558275556855750494e+02
2.535528730500104757e+02 2.539639574701439528e+02 2.530917668546672701e+02 2.548432709370919440e+02
2.524060215617165284e+02 2.530987634991829509e+02 2.520465094836076503e+02 2.532926985942464739e+02
2.610527993181769943e+02 2.604189685673673580e+02 2.588672106142431630e+02 2.611949121243578134e+02
2.538279118501800724e+02 2.535650293869454117e+02 2.536295180512166496e+02 2.541308865532792822e+02
2.511817563678586964e+02 2.508053463691974798e+02 2.506443130049172794e+02 2.513656008417726468e+02
2.860438194253582083e+02 2.856319225831590529e+02 2.841402739484290123e+02 2.859378660486890453e+02
2.736373464905365154e+02 2.726391191908963378e+02 2.709378689975405905e+02 2.738292868120047956e+02
2.847510018015368587e+02 2.860126751917279080e+02 2.837381148440995844e+02 2.850841146538404587e+02
2.514737068000110582e+02 2.514515151962423829e+02 2.512069859770442974e+02 2.519932883730551509e+02
2.707257059493745714e+02 2.722820759696342634e+02 2.691093568393096689e+02 2.730945809368719210e+02
2.551628125803946432e+02 2.549811465029808346e+02 2.537628089512629970e+02 2.556838005267993594e+02
2.507208899977746341e+02 2.506296658889727382e+02 2.496935154995144615e+02 2.507405249483264811e+02
2.543004029079065162e+02 2.544722312482729762e+02 2.532595377332791315e+02 2.548538983545613803e+02
2.586595809235559500e+02 2.587604616843524354e+02 2.574821301441131141e+02 2.592594370739611236e+02
2.479351866717899497e+02 2.484050217503981628e+02 2.476920738162804412e+02 2.484797884137935853e+02
2.501657976510383037e+02 2.503514008706642073e+02 2.496758252534922633e+02 2.508159912328942482e+02
2.560097226731050455e+02 2.566609441774704692e+02 2.557157763052201460e+02 2.567593912906070273e+02
2.797022037721681045e+02 2.805287513678169375e+02 2.778169148694091177e+02 2.798517494103315926e+02
2.707869556395320387e+02 2.710535561509606737e+02 2.688643631449140798e+02 2.702648520412436142e+02
2.505460174558643587e+02 2.506637690108348409e+02 2.502885298296947383e+02 2.506107571426011020e+02
2.602434979025675261e+02 2.605545766304634299e+02 2.589108896555119941e+02 2.619091426346065532e+02
2.510067462974404293e+02 2.510552796185455691e+02 2.503488240227374035e+02 2.518012872248980614e+02
2.631277690679340253e+02 2.636139192738113479e+02 2.611603404672392799e+02 2.645136051859637973e+02
2.614100125743257763e+02 2.629380172720162250e+02 2.599697579698289474e+02 2.626262180105632069e+02
2.526069105385708156e+02 2.526590699500526966e+02 2.521806217649227051e+02 2.532203616723279822e+02
2.511035731446570480e+02 2.515814294274106260e+02 2.510946339332272998e+02 2.520506269161935506e+02
2.554264350166056659e+02 2.555013499030698654e+02 2.546542708137403395e+02 2.559626336537921247e+02
2.662774951300310136e+02 2.667570110991412093e+02 2.631438788388264243e+02 2.670586516520963301e+02
2.553436926069942388e+02 2.553430011262134940e+02 2.548577402984940363e+02 2.560201134447675031e+02
2.511490193042857584e+02 2.515531578440969440e+02 2.507841445071332203e+02 2.517239216924972141e+02
2.503421576616544826e+02 2.502218242445237593e+02 2.498881038174796458e+02 2.504062025484898584e+02
2.626569846508458568e+02 2.638516186524590807e+02 2.612577199069364724e+02 2.645826271087890973e+02
2.505891240224822525e+02 2.507830103655446692e+02 2.499244995245711607e+02 2.514251233424166969e+02
2.609970932870399452e+02 2.611186076090962160e+02 2.599476659296889807e+02 2.620299474060395255e+02
2.599532480473295095e+02 2.600110557745085771e+02 2.586353372719897834e+02 2.604504029695066265e+02
2.903354574364705627e+02 2.909162831443952655e+02 2.889499023151439019e+02 2.909894857747015635e+02
2.489171232008550589e+02 2.485245350125192658e+02 2.487456647072332032e+02 2.490638258944121901e+02
2.482818730592265979e+02 2.489121088613738664e+02 2.482162273561795587e+02 2.495670650846539331e+02
2.680528349265479164e+02 2.691260591375383342e+02 2.661188672004927867e+02 2.686794430676902721e+02
2.485662716157810053e+02 2.486963328479674544e+02 2.480712731012229426e+02 2.491913642713040815e+02
2.640693432875028179e+02 2.654250622948621299e+02 2.630477830064028808e+02 2.654758252532593588e+02
2.475166598675496061e+02 2.480749381339102229e+02 2.472826253867872310e+02 2.480419213596797476e+02
2.479949238388638832e+02 2.485833106791875480e+02 2.470434132654513917e+02 2.485939584212634088e+02
2.668234107114092239e+02 2.673842716193390743e+02 2.637033395295900959e+02 2.680568071707031663e+02
2.557657116799284722e+02 2.573003897117202428e+02 2.541135476779772091e+02 2.569013840108514160e+02
2.756684138398723576e+02 2.755432520394051608e+02 2.728534029081767471e+02 2.763404668868661815e+02
2.524989952843513663e+02 2.525972683675596500e+02 2.518467161127419160e+02 2.531445551728620273e+02
2.694311558534347455e+02 2.699523841223814884e+02 2.669563630295152734e+02 2.700335949183477169e+02
2.610254999154601023e+02 2.617903411838571515e+02 2.585843850431057263e+02 2.614800499715366300e+02
2.552365048830611727e+02 2.549741344241200522e+02 2.543448935422871671e+02 2.551022489619724070e+02
2.639072366365946891e+02 2.635931919126247749e+02 2.616256054142739913e+02 2.646404586846063580e+02
2.530216684441127484e+02 2.533673894172722498e+02 2.525744817271043416e+02 2.531831948524368272e+02
2.512531863740762219e+02 2.508177764663020071e+02 2.508898210535921010e+02 2.516823434797707080e+02
2.571780533980615360e+02 2.573627424187832275e+02 2.553568058567935850e+02 2.581590747895263576e+02
2.560187947446117960e+02 2.571420407999134454e+02 2.551922811328248031e+02 2.572216682125097122e+02
2.769232374146459961e+02 2.766552345680494795e+02 2.737217355292881393e+02 2.777671853708592380e+02
2.573771346689562165e+02 2.572583355274193764e+02 2.560625508390264145e+02 2.583177759492583050e+02
2.578595568683849137e+02 2.583275178093274462e+02 2.568446843858081365e+02 2.589011948688317375e+02
2.551538210821727546e+02 2.550208130378772466e+02 2.538321832986614766e+02 2.554559598027809955e+02
2.656701469450656532e+02 2.664243822454939163e+02 2.642504307102379357e+02 2.669564894525561272e+02
2.509739422165328619e+02 2.511581136680777604e+02 2.507097775735681182e+02 2.512233044283364052e+02
2.519657582709650399e+02 2.525222759182944117e+02 2.515678241020784753e+02 2.527702812491846771e+02
2.841668377151585787e+02 2.845946730454880935e+02 2.820342491610343814e+02 2.845835703805007597e+02
2.519337499447532309e+02 2.520600644664700098e+02 2.511820706061780299e+02 2.528644319287247413e+02
2.496911575040506648e+02 2.500380242979339300e+02 2.492494785400553212e+02 2.508220250389635737e+02
2.579376971543774175e+02 2.581472606949520241e+02 2.559026148191071854e+02 2.581331990657961342e+02
2.512230649926397064e+02 2.514391781248500592e+02 2.512638118094681658e+02 2.516510720555303067e+02
2.497743913386560166e+02 2.498653852547407155e+02 2.493019273081588096e+02 2.501009413962008239e+02
2.523653321235165947e+02 2.528619787809768695e+02 2.520758510203238814e+02 2.524223862021324294e+02
2.619878634213957866e+02 2.622829913441003669e+02 2.595766221206379214e+02 2.622547269632992197e+02
2.915436840444008908e+02 2.917738750635739962e+02 2.886625891024453949e+02 2.923380794177041935e+02
2.502089667604449801e+02 2.505770536504749941e+02 2.500113433814063626e+02 2.506689728199657168e+02
2.592451978007222806e+02 2.604303199204358066e+02 2.588143250608298445e+02 2.606160536691633638e+02
2.517801074895243687e+02 2.521787170296962586e+02 2.519127550367304877e+02 2.522749991144302442e+02
2.523747225802882213e+02 2.525553890550850724e+02 2.525452190371336201e+02 2.528699473499945611e+02
2.586871195930194745e+02 2.583948494514061167e+02 2.568912894036600960e+02 2.587639590868579376e+02
2.663812088877816677e+02 2.660284942334280913e+02 2.639447700622251887e+02 2.673662134433489541e+02
2.553205470282172485e+02 2.553103320574179520e+02 2.540953847752397223e+02 2.563187113285093233e+02
2.507153640294647516e+02 2.506491900494147558e+02 2.501983591884745408e+02 2.515210602999775347e+02
2.543866255478600635e+02 2.548920516492148352e+02 2.526073637824624427e+02 2.548987413507603890e+02
2.520238404028762602e+02 2.521864527941127108e+02 2.519748042155332826e+02 2.524455191976472292e+02
2.688303792664426055e+02 2.692107843193466010e+02 2.658637858440311561e+02 2.687768431469356756e+02
2.545939845597641806e+02 2.545411163430229351e+02 2.542601395027047886e+02 2.546432073186079208e+02
2.683467351174459736e+02 2.688682019558560228e+02 2.663944273734779813e+02 2.686238101821537043e+02
2.559059568520509913e+02 2.558569765385055064e+02 2.546684888595797247e+02 2.570002330264401849e+02
2.516005869103568955e+02 2.516881228615976624e+02 2.502581281902031662e+02 2.520688962653521230e+02
2.525150002021755142e+02 2.527789334508840966e+02 2.515539646080683838e+02 2.531984664668257494e+02
2.795786093772289860e+02 2.790990332154170233e+02 2.771258724481843387e+02 2.799315137814970171e+02
2.498956282577080685e+02 2.506704954362668616e+02 2.498368932702360041e+02 2.503881160471504472e+02
2.516687065065817990e+02 2.514720561621187471e+02 2.515690140641898154e+02 2.516778898243348976e+02
2.548202452256302024e+02 2.547935924237497716e+02 2.537615771019154067e+02 2.546218869807206033e+02
2.530944140944188234e+02 2.529176146693726821e+02 2.529268111127368854e+02 2.531704284816141239e+02
2.510757979173031913e+02 2.511470590712411592e+02 2.505303840567507052e+02 2.516364941173967793e+02
2.490900488320672821e+02 2.491874728967544570e+02 2.492508627382545114e+02 2.496288060521794989e+02
2.823385144369408977e+02 2.819263901143978615e+02 2.786663334402588248e+02 2.821569618468964222e+02
2.617799043291002477e+02 2.613394633793859043e+02 2.589809608829754666e+02 2.617051783978640174e+02
2.684285804112580536e+02 2.680996290613517772e+02 2.659702411884312596e+02 2.697386056236901481e+02
2.528492510936901283e+02 2.532184443875098054e+02 2.519712678989296535e+02 2.534892997846232845e+02
2.624238823040941497e+02 2.633805917321731158e+02 2.612613947335409534e+02 2.633313087803696249e+02
2.510314301887769659e+02 2.514963376710164482e+02 2.505262665811628437e+02 2.519442587991057110e+02
2.687473691025883795e+02 2.700467965312879528e+02 2.664420263750013760e+02 2.687700154099504743e+02
2.760539713284785535e+02 2.759616325489678843e+02 2.733547395703594134e+02 2.750945282220512240e+02
2.664949607313087654e+02 2.672595164742470502e+02 2.651491692177664845e+02 2.683745725437793226e+02
2.558982236316764443e+02 2.559818660025967461e+02 2.546998288182336125e+02 2.568492167743779646e+02
2.515346526585409492e+02 2.517752082439421599e+02 2.513889697711588553e+02 2.519249392626638553e+02
2.526873210548497468e+02 2.528633025866240587e+02 2.523903886128976524e+02 2.531325215309384760e+02
2.658236181668301015e+02 2.658350765083209239e+02 2.632804933144662414e+02 2.663273667711281405e+02
2.493318193244911072e+02 2.495722680686945978e+02 2.496225339463172475e+02 2.502607311799550871e+02
2.753424356263122377e+02 2.751005080822505988e+02 2.738391361023335548e+02 2.762876433754989876e+02
2.852062619341437539e+02 2.841936441294876090e+02 2.817668172758923220e+02 2.846472556405597061e+02
2.847256324277759063e+02 2.842089540277599440e+02 2.817143448698789143e+02 2.847108728823682213e+02
2.658740138622153495e+02 2.670486351875223363e+02 2.647586865292404354e+02 2.668014006278517058e+02
2.633246733057001734e+02 2.632794858718447131e+02 2.619829291679468497e+02 2.642147983747007061e+02
2.536834094727367699e+02 2.539224310349755172e+02 2.530117052541037594e+02 2.535133559116459878e+02
2.515977461826687431e+02 2.522350478889837007e+02 2.502050040830569344e+02 2.523890854888390436e+02
2.491077733154038185e+02 2.494886277368277092e+02 2.484848528846020486e+02 2.496469822225215296e+02
2.570928358262957545e+02 2.578560490571601349e+02 2.557110519897917982e+02 2.581640691552620410e+02
2.471085488611099947e+02 2.472280842511895003e+02 2.457567131439261914e+02 2.474403267233423946e+02
2.497606383848690825e+02 2.495194863820273952e+02 2.492509459419631241e+02 2.501564126313244856e+02
2.629861690512652217e+02 2.635252659770034711e+02 2.611871517367166575e+02 2.638719860089188955e+02
2.644604424915613095e+02 2.642356465484219257e+02 2.633937012737138730e+02 2.652853826708735028e+02
2.519158218714437680e+02 2.517990324123531707e+02 2.511418243451584260e+02 2.518368679322362880e+02
2.480605305325747736e+02 2.485012752040097155e+02 2.479966888067420427e+02 2.487573635792704181e+02
2.486822137457098449e+02 2.489010701898384070e+02 2.481974545738966924e+02 2.488204950884147308e+02
2.562924518875357194e+02 2.567545348015410127e+02 2.551888778959233264e+02 2.570986150984194865e+02
2.573822411205246681e+02 2.581909208507080393e+02 2.561884592133461638e+02 2.581725622452766515e+02
2.864175127866099047e+02 2.871803245466801400e+02 2.844564517339402414e+02 2.853935930775634802e+02
2.492740080579750668e+02 2.495869986968684771e+02 2.484920584948655176e+02 2.499512145373669227e+02
2.539736937400474801e+02 2.543109099882177873e+02 2.534483841456011248e+02 2.541673051396059577e+02
2.661819108510813976e+02 2.663143629159829970e+02 2.646334245386742623e+02 2.674731620170016413e+02
2.511351440795548342e+02 2.510338560682514242e+02 2.502349825783238089e+02 2.515705764388061141e+02
2.504321193890308734e+02 2.502408596814116208e+02 2.499937286623328134e+02 2.509239660331319612e+02
2.665220649266056512e+02 2.661903205056193542e+02 2.647379174328306135e+02 2.661276904070128921e+02
2.669117736259669300e+02 2.674673214137383184e+02 2.655612547565927457e+02 2.675493392980646377e+02
2.555667991237226033e+02 2.556338294773188693e+02 2.547811274186413186e+02 2.556641688890690887e+02
2.586260332710868397e+02 2.598104294063370503e+02 2.579046202539447563e+02 2.596660824609722908e+02
2.496968331848397611e+02 2.500999767077719582e+02 2.490421213154839677e+02 2.499293585029815858e+02
2.501271136501479191e+02 2.501849866948072929e+02 2.497430380876337495e+02 2.503628963624470316e+02
2.513525846961123591e+02 2.513387950046595734e+02 2.507582244219493930e+02 2.515739201350617975e+02
2.509051966007987176e+02 2.511422087956724738e+02 2.507070711140479204e+02 2.514264289386058238e+02
2.593188146364358317e+02 2.587951756663153446e+02 2.573466465936269856e+02 2.594306973027552772e+02
2.514499979396557592e+02 2.516112675263666176e+02 2.509879298398040248e+02 2.518389932788919907e+02
2.545955853102002493e+02 2.548794905526720527e+02 2.538322774188196433e+02 2.563258139640115019e+02
2.513773841077282327e+02 2.514763453662050949e+02 2.509049893436642833e+02 2.521928828888276541e+02
2.503751589518820424e+02 2.503202992592023008e+02 2.499453602479648850e+02 2.506446239257127502e+02
2.577886797202555158e+02 2.582413410930563487e+02 2.569672680060127732e+02 2.580886675695040253e+02
2.619513836850145481e+02 2.625973363648297436e+02 2.610501253389404042e+02 2.624722657975691504e+02
2.616682998251240519e+02 2.622998430119057502e+02 2.594923578326062739e+02 2.616998368648986570e+02
2.757691403677720814e+02 2.756689456647760608e+02 2.719759281180459993e+02 2.751394064620532163e+02
2.506527748432117733e+02 2.504233972008676972e+02 2.499237462877341329e+02 2.510611901307535163e+02
2.615576673903445908e+02 2.617083737083344204e+02 2.589940992183040862e+02 2.622973748840509529e+02
2.545466141729501430e+02 2.548054496321036027e+02 2.533583111407403976e+02 2.546912520303939118e+02
2.517316168947992878e+02 2.520496521690627958e+02 2.517172456368018061e+02 2.525269860408291436e+02
2.539695871828145641e+02 2.542012782334903136e+02 2.532710985578121665e+02 2.544576465393289482e+02
2.596139565498021966e+02 2.601290620871062629e+02 2.584140602586321620e+02 2.605000062886979322e+02
2.540525300116291589e+02 2.539617860618850500e+02 2.534564873081683629e+02 2.544863040853428231e+02
2.644721571109250249e+02 2.657560820748363994e+02 2.630663412495164266e+02 2.663670113606619338e+02
2.684568753231856704e+02 2.684223700936502155e+02 2.652929765704784018e+02 2.694569177791680090e+02
2.570637927576901802e+02 2.573306017501374754e+02 2.563471655993716922e+02 2.573540794709012971e+02
2.488644851097403148e+02 2.486365769257579643e+02 2.485218663039185287e+02 2.486172772077128457e+02
2.595577600551834507e+02 2.598801242195610826e+02 2.583356373057377482e+02 2.597098303830497343e+02
2.580966736661213758e+02 2.579843897025075421e+02 2.569311718376394538e+02 2.587768662455735011e+02
2.533096398870403334e+02 2.541256782993868342e+02 2.522442371691053893e+02 2.544673235072885973e+02
2.537671224258010625e+02 2.538619783019422584e+02 2.525866322093625627e+02 2.536492633406730874e+02
2.574799341361128313e+02 2.574838079149909049e+02 2.566883999080538956e+02 2.580566960774013410e+02
2.699844637888516559e+02 2.709084578392379967e+02 2.663431315225198546e+02 2.705377924986099742e+02
2.500543000561790166e+02 2.499677716110938945e+02 2.494374427851424230e+02 2.508077993404554036e+02
2.510054356893305965e+02 2.513953037411618254e+02 2.507779849381218753e+02 2.513653179554918324e+02
2.755716924041396965e+02 2.755482117074568009e+02 2.732572932245833499e+02 2.757722986152564317e+02
2.556326525043471634e+02 2.554745930039869961e+02 2.537445336661926945e+02 2.559850355951796530e+02
2.514857748781273585e+02 2.515485769586491074e+02 2.505820294189387027e+02 2.517430884428227387e+02
2.943563749043344160e+02 2.943920028740189423e+02 2.923254381856344821e+02 2.927071522600330127e+02
2.585045244608378425e+02 2.593785681127305907e+02 2.576548658069960425e+02 2.597909533964639195e+02
2.631001125500473563e+02 2.632135965841968641e+02 2.619169847666186683e+02 2.633710747897003444e+02
2.500239402411431229e+02 2.503223674539213732e+02 2.498067813085947364e+02 2.504132345496234109e+02
2.730861985207578186e+02 2.724849454448904567e+02 2.713055754226524527e+02 2.736267181079193165e+02
2.559664105745217455e+02 2.562971730925534644e+02 2.547935704261534511e+02 2.566781225847049086e+02
2.534584809118548492e+02 2.537205306596710841e+02 2.534246566856753304e+02 2.540459306737491829e+02
2.549615339522696331e+02 2.555616256548608760e+02 2.546592898467170869e+02 2.560590878102780152e+02
2.618287511480856438e+02 2.622540333635708407e+02 2.602545164238968027e+02 2.624162629311098840e+02
2.664345659413107228e+02 2.666612681585598921e+02 2.645151443936443911e+02 2.665563045390017010e+02
2.749136133910212720e+02 2.757582704849237416e+02 2.724076551627917411e+02 2.756913301029933905e+02
2.613731240812315377e+02 2.615769784262473081e+02 2.598676959823946504e+02 2.621707675373135089e+02
2.521380301941991036e+02 2.525802881241685043e+02 2.521291355229143392e+02 2.526102273024379485e+02
2.495501061375690881e+02 2.493938911651666501e+02 2.489797364572014260e+02 2.500637288675032721e+02
2.763052329772686448e+02 2.766146397827375267e+02 2.734994701797206176e+02 2.760127629971561873e+02
2.518752273771716261e+02 2.522914922155846114e+02 2.511975185767637981e+02 2.522647180583389570e+02
2.496873256464882616e+02 2.498036149419013157e+02 2.490381433702191316e+02 2.500427612650395304e+02
2.606185393340945780e+02 2.608778666715180634e+02 2.595664814461472361e+02 2.609216457441206103e+02
2.605842279799348375e+02 2.613857718667379686e+02 2.596736563819994785e+02 2.619967294991660651e+02
2.507667116668399672e+02 2.511824951889297495e+02 2.501974522019780238e+02 2.515675184878549544e+02
2.523394842829666800e+02 2.530220056718292199e+02 2.523104213538208285e+02 2.534887332834441338e+02
2.577316667775809265e+02 2.574909738706069788e+02 2.562752622018041961e+02 2.580623185472116461e+02
2.614084747071687502e+02 2.615664946944638700e+02 2.591774840024204991e+02 2.618514754845279526e+02
2.938037804263949511e+02 2.936176593523791780e+02 2.908751870993107786e+02 2.926031479366575923e+02
2.522058165886866732e+02 2.524625669480771251e+02 2.515939499585540489e+02 2.531464123021883097e+02
2.582044801964175917e+02 2.581330015600976253e+02 2.567796062508576256e+02 2.585823876896045022e+02
2.531577672020843011e+02 2.537609074340552695e+02 2.522720020529579017e+02 2.542287477753781104e+02
2.516879072675482121e+02 2.519517839826569059e+02 2.517178189137698041e+02 2.520014101103369057e+02
2.526614839245489463e+02 2.532238637824425780e+02 2.518622923414813215e+02 2.531787501486390966e+02
2.540553128046927043e+02 2.536356969687948606e+02 2.535448426283159904e+02 2.536692490702405678e+02
2.735044363546460886e+02 2.736270100258282696e+02 2.715746079638963693e+02 2.740542494048473827e+02
2.621563760556084617e+02 2.619606758153394708e+02 2.608151997282688512e+02 2.627395937140746014e+02
2.598018940246629427e+02 2.595305879607321913e+02 2.578833759625391622e+02 2.604949866771373763e+02
2.555196298356750901e+02 2.560679987167015383e+02 2.544759033883564427e+02 2.566792080087855084e+02
2.611901407209367107e+02 2.608662510846850751e+02 2.591645543241959331e+02 2.616310951297659813e+02
2.496563556430489541e+02 2.496571633507555532e+02 2.489551768885977197e+02 2.504446227373373404e+02
2.570241649972405185e+02 2.568617461029298283e+02 2.562433316879842664e+02 2.574361456985092786e+02
2.509996980427776805e+02 2.511372789780277230e+02 2.506163681247249713e+02 2.514306033423366955e+02
2.614238204467023934e+02 2.609691678249719757e+02 2.591317516332876494e+02 2.620252408577009646e+02
2.878485171565459382e+02 2.903631551664527137e+02 2.884465486319795104e+02 2.889876480779726649e+02
2.695901391737268114e+02 2.706635304416377608e+02 2.674261635021906613e+02 2.713981260843268615e+02
2.493066927014475311e+02 2.490119541357614992e+02 2.485032235751446876e+02 2.497515406230895394e+02
2.630837404826683041e+02 2.634647064303857746e+02 2.619181147472390307e+02 2.645841890301283570e+02
2.542002413393390725e+02 2.544774350442154116e+02 2.536036373180510850e+02 2.547892910629070400e+02
2.629933439903326757e+02 2.634942161916916916e+02 2.621408004556899414e+02 2.645016060898891510e+02
2.579557511047310072e+02 2.581411572284993099e+02 2.573111147959593836e+02 2.583225013024713235e+02
2.634811608266910525e+02 2.645385538968163814e+02 2.618033569551178061e+02 2.635249911023902314e+02
2.471890348309059675e+02 2.478835569224251287e+02 2.472359972071667471e+02 2.482544484591800540e+02
2.545041453240159512e+02 2.549705408681635959e+02 2.540041482551588388e+02 2.550951126574172747e+02
2.947134622412769431e+02 2.955396823886609354e+02 2.944508230785233991e+02 2.956537849652302157e+02
2.572155989373702596e+02 2.575712257565094205e+02 2.561436945297008947e+02 2.575278893887802951e+02
2.542022379979451614e+02 2.542393640638774457e+02 2.535342107148828745e+02 2.547087019596051505e+02
2.500884972814277205e+02 2.503583904297512959e+02 2.498572268327031907e+02 2.506923039826360764e+02
2.558506365513347021e+02 2.563902978673412463e+02 2.547433372516381382e+02 2.565780478423172895e+02
2.873018633944111002e+02 2.884091104350833916e+02 2.855354920119299322e+02 2.882876439210489821e+02
2.713502302369977883e+02 2.724029218262829772e+02 2.701899572151801294e+02 2.721033882878057284e+02
2.604624741073545806e+02 2.607131954775919667e+02 2.590345454356141772e+02 2.606948266155283136e+02
2.583830760977145928e+02 2.586273901359031129e+02 2.562779141773273750e+02 2.583707772628208659e+02
2.761872289135812366e+02 2.762804668171535809e+02 2.726907803262180323e+02 2.758423361826950782e+02
2.795524061306990120e+02 2.793406595707440943e+02 2.765400340912318597e+02 2.799938753782223557e+02
2.559197701907536953e+02 2.560092561560499007e+02 2.548076797374800435e+02 2.561968514770134107e+02
2.549609584973986784e+02 2.550640124828433670e+02 2.552833788454905743e+02 2.553988989446113180e+02
2.497469654180441125e+02 2.499975686344833719e+02 2.493454116595567882e+02 2.498305895688852445e+02
2.523569626547727012e+02 2.526497183014771508e+02 2.516711137935720615e+02 2.525218034615912757e+02
2.523756288251319688e+02 2.532438305368572173e+02 2.524923974490382079e+02 2.528284117104490747e+02
2.717799100661187595e+02 2.719935285429565965e+02 2.700198390692191310e+02 2.724395673965076412e+02
2.506411322262037231e+02 2.502967606806676599e+02 2.501466214114938680e+02 2.506762651959058132e+02
2.567250458738237171e+02 2.563044855938377395e+02 2.551837207155508054e+02 2.570251506260237875e+02
2.599198361382458984e+02 2.606066491332802570e+02 2.579513866638845911e+02 2.609217048015495948e+02
2.512430298350816429e+02 2.516226986584087797e+02 2.511392639456614404e+02 2.521815153712729511e+02
2.813700144165014194e+02 2.814170965823169013e+02 2.780340843000013820e+02 2.804335439505933891e+02
2.492939458844906824e+02 2.495424431262846667e+02 2.489939263431105019e+02 2.494911084842111961e+02
2.568799184417094352e+02 2.570290903505829192e+02 2.552201160428613491e+02 2.575454557324814573e+02
2.613509954092864405e+02 2.624068862050993971e+02 2.595783852038461532e+02 2.622462125657788192e+02
2.559222460540380553e+02 2.562170537499310967e+02 2.546887815266688335e+02 2.564508793131052471e+02
2.506410765373023537e+02 2.505908143339205196e+02 2.497152752624873813e+02 2.507898619888948701e+02
2.514588691662791007e+02 2.518765871813848491e+02 2.514715528714106370e+02 2.521270723615890574e+02
2.482839414733522005e+02 2.484081039680100673e+02 2.481452328822344384e+02 2.490282457769100972e+02
2.480870107449999580e+02 2.484665418437837161e+02 2.479075829905187334e+02 2.484209141323781864e+02
2.498446139910335830e+02 2.502005669533533023e+02 2.498611383107439678e+02 2.502647574843064717e+02
2.590842920312113051e+02 2.593091717989377685e+02 2.581258590256199454e+02 2.596675264673944525e+02
2.532977369098020972e+02 2.535823744768188703e+02 2.527657933684765794e+02 2.541685473412606768e+02
2.515564440283400813e+02 2.516375867884257786e+02 2.514759754526255051e+02 2.520483186673291129e+02
2.932820167493843542e+02 2.936551006532914698e+02 2.914353161518918682e+02 2.936623856837745166e+02
2.802763434471913229e+02 2.784513634385116347e+02 2.758590962283685144e+02 2.797844823574538395e+02
2.786394809190672959e+02 2.806964784985356687e+02 2.776880310298980135e+02 2.807896417442134975e+02
2.531306873122909735e+02 2.535964319684364625e+02 2.521298336323033595e+02 2.537130278105066736e+02
2.905750770981163669e+02 2.903792867017078265e+02 2.885177208615804716e+02 2.903623911797075152e+02
2.727087346109757959e+02 2.737608905934329755e+02 2.709630385128085095e+02 2.731905667052557192e+02
2.596052059947063526e+02 2.593456265357071402e+02 2.586944718326987527e+02 2.602771050848501204e+02
2.507276714960545689e+02 2.503439626694698177e+02 2.502451653552647315e+02 2.503720363941143034e+02
2.498571015032131868e+02 2.500633067615058280e+02 2.498832314602086342e+02 2.501380070862563514e+02
2.780134162935286213e+02 2.773547357875257262e+02 2.756466945552077163e+02 2.782942792173072348e+02
2.579122161940946967e+02 2.579438288436124367e+02 2.558620043275993510e+02 2.582150259806567192e+02
2.545896874936109100e+02 2.542179798163014652e+02 2.531319511088585443e+02 2.549016703407000932e+02
2.530498494776901452e+02 2.529712514105010541e+02 2.516452950729338909e+02 2.531847113797477959e+02
2.557309140483787644e+02 2.564420043277372656e+02 2.548785301073744449e+02 2.567378659678571466e+02
2.614738789728824599e+02 2.624754173050159807e+02 2.606828949946484499e+02 2.633520915492586596e+02
2.479294465481088139e+02 2.479082243612037075e+02 2.474756231109184341e+02 2.479389420349329214e+02
2.744323820121304038e+02 2.750484633999794823e+02 2.714704067536445677e+02 2.732162772430489781e+02
2.629597580790511415e+02 2.637452818678808057e+02 2.614737471880877138e+02 2.632136294856412064e+02
2.515441416587688934e+02 2.515711634420491123e+02 2.512992969715216418e+02 2.517053573077869828e+02
2.546798677400692270e+02 2.547488263125713104e+02 2.536087732730603648e+02 2.550066859552698304e+02
2.500147755058142707e+02 2.499633408632383009e+02 2.493812112638986775e+02 2.500985150702574344e+02
2.596492892336056570e+02 2.605475859160511618e+02 2.589936780707927255e+02 2.598513632994017826e+02
2.523172609633159595e+02 2.525163063533053958e+02 2.524047858074402200e+02 2.527182578458967726e+02
2.557441818363734569e+02 2.554613199069565610e+02 2.549302938997352328e+02 2.561950610881325474e+02
2.527135390126011600e+02 2.525191376708718565e+02 2.524448831167524361e+02 2.529962359453478769e+02
2.623126749135726641e+02 2.629758843925150700e+02 2.611068050014990831e+02 2.634089916593770226e+02
2.542056637958228862e+02 2.542861873371908246e+02 2.534082856379618534e+02 2.544784679185745233e+02
2.496349954357228285e+02 2.497304700126937576e+02 2.485761212627004682e+02 2.502309290266850041e+02
2.562660989663809801e+02 2.568186551967560831e+02 2.548001940052822363e+02 2.572152603140415295e+02
2.588822650061905506e+02 2.588855315772163976e+02 2.572870504697768297e+02 2.597714931465777113e+02
2.549346491183315209e+02 2.555593816527736237e+02 2.546900609542799998e+02 2.554073216455303736e+02
2.525472577389795106e+02 2.526233223495488573e+02 2.525305949689539204e+02 2.530627164195280727e+02
2.970496958674021926e+02 2.964866777402070284e+02 2.946462821868611854e+02 2.952864801397346355e+02
2.542150292569353383e+02 2.544664867690374592e+02 2.535756814769960670e+02 2.546327992409694900e+02
2.514355230843331981e+02 2.515528458747799050e+02 2.509692999420825572e+02 2.514731452310268764e+02
2.685769859500448433e+02 2.695295440296647485e+02 2.654784068811011366e+02 2.692564480733478831e+02
2.493390540087016234e+02 2.493500433396170592e+02 2.479840922819033722e+02 2.492775369065254552e+02
2.502982307923388419e+02 2.499591618838674663e+02 2.496956599802218477e+02 2.503411283628617241e+02
2.529443599765108672e+02 2.526329928827171898e+02 2.523933589177993326e+02 2.529854748720453017e+02
2.562282362367027417e+02 2.570088446694850290e+02 2.559441470180284455e+02 2.570419893458141587e+02
2.605462249180305889e+02 2.614357221045639790e+02 2.594066986235517334e+02 2.610693151219429069e+02
2.505656319491075124e+02 2.509839048262486187e+02 2.499061748674808996e+02 2.514527707582033145e+02
2.492092409582722325e+02 2.493093371398792328e+02 2.478131200143626813e+02 2.495235194167279928e+02
2.469745696367196501e+02 2.472881939206622235e+02 2.465171855548486235e+02 2.479579638118474918e+02
2.462811036392074016e+02 2.463038812143488201e+02 2.457982327383532493e+02 2.462754817873367017e+02
2.509640205675876530e+02 2.510865383372261306e+02 2.503457358786775160e+02 2.513987072776749585e+02
2.527315824726890412e+02 2.528921634956291484e+02 2.517410838891183005e+02 2.534816552899702629e+02
2.541248732296399453e+02 2.546196276751515200e+02 2.536574635831456987e+02 2.547710218154522863e+02
2.592578971235583367e+02 2.599341859082455812e+02 2.577433046269961210e+02 2.601130035019012325e+02
2.556376737617634376e+02 2.562105209947680464e+02 2.547111466228901975e+02 2.558882789718524009e+02
2.492059184566541603e+02 2.495040244982755837e+02 2.489154508956600580e+02 2.495547015653703227e+02
2.529700180741330087e+02 2.527046810937795840e+02 2.515102140807247793e+02 2.529348560170897997e+02
2.536819631521712211e+02 2.541239247616813657e+02 2.533562883034658171e+02 2.544344525829607733e+02
2.653621552325523112e+02 2.665088251731427818e+02 2.642954658939841011e+02 2.663407930312683334e+02
2.672175041140918665e+02 2.678371827495307684e+02 2.649049193904698427e+02 2.682408811194581517e+02
2.905675176047938066e+02 2.905292598742661312e+02 2.903123448857774633e+02 2.902684645129724572e+02
2.609010260081857950e+02 2.616298828646376933e+02 2.589553470424281727e+02 2.609722470579469018e+02
2.588043099533946361e+02 2.595335561534899398e+02 2.570945270070162110e+02 2.592805096536656606e+02
2.481627339304180566e+02 2.478800684254963187e+02 2.474733405121290275e+02 2.482767352608830151e+02
2.491411439355170501e+02 2.493259881877994815e+02 2.493947349267988045e+02 2.493153678383488909e+02
2.508970233139671393e+02 2.510599900942589784e+02 2.507486947980312095e+02 2.510303930707098914e+02
2.587962971496437490e+02 2.586435910729633747e+02 2.578252043670470357e+02 2.589212367964721011e+02
2.503104085863474211e+02 2.507258750234561546e+02 2.496211601012957146e+02 2.511844268801318094e+02
2.521476755805801133e+02 2.520565732157275534e+02 2.516235763725078129e+02 2.524008271075480536e+02
2.665149980903007645e+02 2.677055971159589944e+02 2.655288341078138501e+02 2.677396317958331906e+02
2.630312351664982771e+02 2.632747814877445762e+02 2.616204600047956887e+02 2.627434883620898631e+02
2.556427841445913316e+02 2.560058861718464414e+02 2.550299815021067786e+02 2.562284058908332440e+02
2.596548581124775410e+02 2.601440432357259738e+02 2.581428994843005853e+02 2.610580181552819568e+02
2.728986154319575235e+02 2.732360363331316648e+02 2.702348004068093701e+02 2.734734343289746334e+02
2.744217465463790404e+02 2.742840377941096790e+02 2.719369233387373583e+02 2.752662128098949665e+02
2.537456963191642672e+02 2.537247805803821166e+02 2.524987629943218508e+02 2.538455282834679281e+02
2.482941566658555814e+02 2.484717134604622402e+02 2.475512649215542353e+02 2.483924047747797772e+02
2.627025416172460837e+02 2.634898073462473462e+02 2.612300668676704163e+02 2.635597425563901766e+02
2.547982131609545320e+02 2.550533725850423252e+02 2.533375378709279460e+02 2.552800710860279310e+02
2.577344101970188035e+02 2.579797376124839161e+02 2.557848492746208819e+02 2.590678642131932747e+02
2.504366509796352602e+02 2.506655524836693587e+02 2.498849538259669032e+02 2.515567254226225771e+02
2.454806270338465310e+02 2.453600671373554292e+02 2.446418803628717171e+02 2.459389415638777336e+02
2.594343009281208197e+02 2.605031044509193521e+02 2.587587495747729918e+02 2.609015349645413835e+02
2.536150690820056184e+02 2.537870681424506358e+02 2.529610250633169244e+02 2.545325521666136126e+02
