2.526962727783837011e+02 2.526689784647586521e+02 2.512776541786026030e+02 2.532243813020044456e+02
2.736994626889955953e+02 2.738615724947864578e+02 2.710537705619973963e+02 2.739475138947026380e+02
2.523640311785214294e+02 2.522674368855524563e+02 2.512357670247212411e+02 2.528679498201897786e+02
2.487617738313411451e+02 2.490729171359260476e+02 2.485305535786022233e+02 2.488079979004587301e+02
2.684990054094696461e+02 2.677174641335852243e+02 2.657939239014707482e+02 2.684490163259048927e+02
2.463350781964028897e+02 2.465375337103449453e+02 2.456561891733546759e+02 2.465793761118188741e+02
2.462350241530803601e+02 2.458499435853590285e+02 2.455432286605351635e+02 2.464300490501295258e+02
2.502746928036270617e+02 2.510831501877965195e+02 2.498366749165498106e+02 2.513433016230339376e+02
2.591814353398997923e+02 2.596842256471711607e+02 2.572561475957044195e+02 2.597359283807070369e+02
2.629271409931560015e+02 2.642123315434282631e+02 2.614376168461656675e+02 2.641223943082003416e+02
2.517263067751124481e+02 2.518003317499129423e+02 2.499948465721192861e+02 2.518426453003574750e+02
2.640262230645034833e+02 2.651923195952680317e+02 2.622979617175155909e+02 2.647856897810773376e+02
2.916971212893392931e+02 2.918320775509506007e+02 2.910128223432194545e+02 2.915046750719908459e+02
2.487393326006706502e+02 2.487825008242469380e+02 2.481947680773262164e+02 2.486494935818328713e+02
2.464862545164579615e+02 2.467300931862387188e+02 2.457039708054198286e+02 2.467981006561680601e+02
2.540046515276654588e+02 2.541112136365881895e+02 2.527206666445480323e+02 2.543713899882244789e+02
2.812330851359220674e+02 2.809215944207895177e+02 2.791863519327771996e+02 2.812099200287425447e+02
2.581655929448285178e+02 2.586583089074593431e+02 2.569342721086743495e+02 2.600715718781304986e+02
2.604600748342963357e+02 2.608968637153397481e+02 2.589217864931051736e+02 2.613934288649201676e+02
2.744048166510664828e+02 2.746340747988017483e+02 2.729958435712758842e+02 2.740380030399772409e+02
2.889828829510730088e+02 2.891523144979549897e+02 2.870637785830220423e+02 2.884601242576733853e+02
2.575417998441165537e+02 2.578659168597977214e+02 2.567416357910672673e+02 2.580870276313525551e+02
2.688611299459218458e+02 2.704561411868677396e+02 2.669828411280906835e+02 2.700812272643046299e+02
2.615478839437011516e+02 2.618272948829947495e+02 2.597236246016948371e+02 2.620827118057577536e+02
2.498888801548137906e+02 2.504868179532907106e+02 2.492502833982272819e+02 2.507261962067835555e+02
2.521478375428467587e+02 2.526664498655905504e+02 2.515136676344829993e+02 2.528215665242470038e+02
2.545094924431311085e+02 2.552898291075470638e+02 2.539124083094177706e+02 2.559488754636133763e+02
2.496493891476801537e+02 2.496591206910993606e+02 2.485553567066984897e+02 2.498760081224197620e+02
2.509730073938910095e+02 2.508672568724735754e+02 2.506099731858408290e+02 2.510736106528912899e+02
2.833157982554774890e+02 2.840281477930706160e+02 2.823379408101736772e+02 2.839456242043569887e+02
2.523530219001609964e+02 2.527835512510924048e+02 2.516040605227172193e+02 2.529940476260821640e+02
2.522828204942874208e+02 2.524417374245534518e+02 2.509123449901183847e+02 2.525688060765072862e+02
2.482175205274612892e+02 2.484221696863627926e+02 2.482772331860612951e+02 2.485616653374973737e+02
2.500615786812570605e+02 2.499079841777768536e+02 2.498256243059055350e+02 2.499785087030822126e+02
2.541997392825626036e+02 2.548328624440508463e+02 2.532314739907656076e+02 2.553905928310987576e+02
2.601205115061814013e+02 2.605673940726273372e+02 2.588077183141294313e+02 2.604217017872547899e+02
2.614294102884385893e+02 2.612336015799209576e+02 2.592738282920844313e+02 2.618765014052719948e+02
2.498153383958608913e+02 2.501805093490161482e+02 2.496207144209527939e+02 2.504926102532006382e+02
2.502694409566259992e+02 2.500925946854742961e+02 2.499120392078294230e+02 2.505641577841631431e+02
2.632769452312210205e+02 2.636215619080434749e+02 2.614306615285113935e+02 2.646269363807583090e+02
2.794148560334056128e+02 2.796781629147537274e+02 2.762921776558691249e+02 2.795538285983279252e+02
2.466259761741971772e+02 2.467383636424675615e+02 2.464880681852048383e+02 2.470140744219007445e+02
2.747570421017992999e+02 2.744784289725540702e+02 2.717063440602963738e+02 2.741406543512771918e+02
2.746055957624158168e+02 2.764464612187172747e+02 2.731101503214471222e+02 2.756704494658964677e+02
2.501525439171473693e+02 2.505061113060684477e+02 2.495941165732778018e+02 2.506285104967631128e+02
2.625653969103728400e+02 2.628604526316225360e+02 2.612042165047870412e+02 2.631768420353526494e+02
2.489044334784689454e+02 2.489293781965994299e+02 2.483524846434591495e+02 2.494385634935783287e+02
2.583119868198702989e+02 2.588935813228099505e+02 2.568395603003125984e+02 2.587448318301052836e+02
2.508771168375764091e+02 2.515633697956927506e+02 2.507636476414954529e+02 2.517308442811629448e+02
2.533956001722933706e+02 2.536906791278100002e+02 2.524957261460311031e+02 2.538839853340853949e+02
2.484763222766325157e+02 2.487600578675751137e+02 2.485129069694449697e+02 2.487297951181628548e+02
2.506610663221555058e+02 2.511623684324282522e+02 2.502198249114740349e+02 2.513519018577014492e+02
2.488874954746081301e+02 2.490754068506702481e+02 2.485918609385265654e+02 2.489827957289263907e+02
2.489268241610663495e+02 2.488682744563064944e+02 2.488093720201640622e+02 2.491259147857290657e+02
2.738733247163983719e+02 2.736505716662705368e+02 2.708649486512045428e+02 2.736459737275931161e+02
2.511742371291455527e+02 2.511396033872380258e+02 2.504848731929358507e+02 2.515687956691202203e+02
2.804729471831191745e+02 2.818194676306693509e+02 2.783400206920733240e+02 2.814464388244191468e+02
2.490624210668314902e+02 2.493268684352350704e+02 2.483703117297711174e+02 2.491753352364106320e+02
2.765787767303845612e+02 2.772314426380413011e+02 2.738108316580140809e+02 2.767869592886897863e+02
2.500030687803909188e+02 2.504204202592923991e+02 2.496877779675851059e+02 2.506301735225009679e+02
2.498385816482008863e+02 2.500890067979410105e+02 2.486485991068533110e+02 2.499611154759389819e+02
2.593207294630308297e+02 2.600813364299023078e+02 2.578162219033276301e+02 2.603246718552398420e+02
2.554308839179469146e+02 2.549720794453660915e+02 2.542226547068531204e+02 2.556535380827465360e+02
2.522973649914877399e+02 2.529362449494805105e+02 2.519823465131619571e+02 2.533045572524850115e+02
2.558215532695447791e+02 2.561911250309562433e+02 2.540369200162407992e+02 2.560906981927725496e+02
2.524733477219599251e+02 2.523194877699727954e+02 2.518095940832046438e+02 2.530691110898092688e+02
2.466455719278640686e+02 2.471656768330543059e+02 2.462650366451060222e+02 2.475194929970155613e+02
2.729893958727549830e+02 2.725895826777500019e+02 2.702035323917443748e+02 2.735070579985303993e+02
2.885697509464569634e+02 2.882403464395675883e+02 2.854083707803171137e+02 2.889678953457500370e+02
2.536353340295556791e+02 2.539773919005311598e+02 2.526015282504519917e+02 2.544684743794211954e+02
2.473023637077463093e+02 2.472632959604526661e+02 2.468314613305948910e+02 2.476969816631965386e+02
2.665490609810607339e+02 2.683476512157405978e+02 2.648945604417846198e+02 2.686132413118678528e+02
2.499437333157746082e+02 2.500006947434968367e+02 2.498459903167339178e+02 2.504447374421477832e+02
2.640513361866466084e+02 2.637239880434032671e+02 2.611468115767680160e+02 2.640270821125545240e+02
2.534748715137282034e+02 2.542765907956275271e+02 2.529628769134879178e+02 2.540382310133455519e+02
2.806207525732472163e+02 2.815996788309194585e+02 2.783931028371192724e+02 2.816812766145088744e+02
2.502086804305561714e+02 2.506652016170120305e+02 2.502616766268988897e+02 2.510872377499557047e+02
2.645056055488832953e+02 2.650679360922987371e+02 2.626357522831940514e+02 2.657920913036290926e+02
2.493209683365447233e+02 2.494287073496308267e+02 2.490038908320236146e+02 2.496651773750954248e+02
2.594083642631267708e+02 2.602525437006136144e+02 2.586166346434480374e+02 2.608769833452761304e+02
2.586177824047468334e+02 2.591756679599214976e+02 2.573249617861908973e+02 2.597138665797009480e+02
2.464795687307242815e+02 2.467067276945469700e+02 2.452907644068771447e+02 2.469048083320772093e+02
2.702729286080857491e+02 2.707432389151906023e+02 2.673390424044856672e+02 2.708428498310968848e+02
2.645228286931205730e+02 2.649301541170268592e+02 2.624492589342000883e+02 2.652866757819430745e+02
2.748735746902517008e+02 2.753751150824411980e+02 2.709511719512076979e+02 2.756715918154757219e+02
2.481066685660230462e+02 2.483617833861588622e+02 2.480316314084111582e+02 2.483722422870875164e+02
2.565265526672888541e+02 2.562785510372265776e+02 2.552670930304820729e+02 2.573983425615916190e+02
2.488548561223352635e+02 2.489749656326642651e+02 2.483702409355062173e+02 2.491983864872442496e+02
2.723579353429183811e+02 2.725347335980023331e+02 2.705787500224051314e+02 2.721055138644081808e+02
2.497888884753312198e+02 2.502146566277605189e+02 2.492293953498169969e+02 2.498950431467969509e+02
2.615769298788563333e+02 2.625690322058725314e+02 2.600253993758414026e+02 2.623827325244268422e+02
2.726315829800003030e+02 2.731714834881626643e+02 2.696995868298222376e+02 2.733314127627003245e+02
2.480881726320824612e+02 2.478565319975448631e+02 2.473676999389890909e+02 2.482192825486099252e+02
2.492418170511424194e+02 2.496775120631919265e+02 2.486070081227091748e+02 2.502451757406710158e+02
2.505575461726509729e+02 2.505410583097597339e+02 2.505146599670748344e+02 2.507732014526282285e+02
2.478246966703551379e+02 2.475821489368116772e+02 2.473361333868845122e+02 2.482569681272638036e+02
2.616898787127390733e+02 2.613952765076721221e+02 2.595731329256275899e+02 2.623429778939682819e+02
2.501002543025639397e+02 2.506245210426087624e+02 2.494372431555353558e+02 2.506705958074510363e+02
2.689750679331049810e+02 2.694349011234428417e+02 2.665305471396345638e+02 2.686238947172123517e+02
2.785530682332228025e+02 2.792498138204515499e+02 2.757467674041834016e+02 2.779020408458132465e+02
2.533631833575016401e+02 2.536552377506641278e+02 2.521284321752447397e+02 2.544069512211641211e+02
2.684488317808365991e+02 2.694443393001608911e+02 2.668023449842176547e+02 2.700189985705974323e+02
2.524309969260876017e+02 2.528222128081983158e+02 2.508545775213572711e+02 2.534462718933077383e+02
2.475012323006161239e+02 2.476871349514713927e+02 2.463482400400118308e+02 2.477062594132049753e+02
2.542689744720197496e+02 2.546263213904320537e+02 2.532576951492735304e+02 2.551505345857304405e+02
2.489147198441102944e+02 2.489088394154986759e+02 2.487985452775618569e+02 2.489055702651370723e+02
2.512477568397976313e+02 2.512302939741076671e+02 2.502925730806995830e+02 2.517628966763200253e+02
2.518193742209411425e+02 2.518392328001803548e+02 2.506643006334678034e+02 2.523374855124678788e+02
2.523588924662736872e+02 2.521350960844128508e+02 2.517415953835956088e+02 2.525706015051180202e+02
2.527294387227309187e+02 2.531830995984252581e+02 2.515838057142585455e+02 2.532846899311596474e+02
2.950099974109847949e+02 2.941475773459591210e+02 2.926631594252418154e+02 2.936225100355474069e+02
2.576380554738622664e+02 2.576988009167836822e+02 2.563346926781463821e+02 2.579343235044051994e+02
2.552978543436744303e+02 2.556640561895626149e+02 2.539784580956001889e+02 2.564902765288159117e+02
2.744943382914951826e+02 2.743876831840188402e+02 2.723433660842187578e+02 2.749588892056565328e+02
2.461063813330627283e+02 2.460584306322679709e+02 2.456800773949617280e+02 2.467491996855333980e+02
2.507279596465785403e+02 2.512274738376119387e+02 2.504781107204647697e+02 2.510195376047630589e+02
2.469826085792007007e+02 2.471585661254665069e+02 2.461203946507007743e+02 2.472659007315906479e+02
2.552274497942237304e+02 2.553101376411867136e+02 2.534207430511181087e+02 2.554385803612845791e+02
2.532697920477416744e+02 2.534523241709889305e+02 2.519557484121684752e+02 2.538330129136451774e+02
2.649225926291920814e+02 2.653996575117565726e+02 2.630514216826078382e+02 2.653181096917628565e+02
2.513307563458450886e+02 2.513956142747262561e+02 2.505113090631084560e+02 2.520037988614939195e+02
2.476851468005999664e+02 2.477165905388262672e+02 2.469456221283102764e+02 2.482510255653796207e+02
2.634734252431806567e+02 2.639496814710495869e+02 2.608310105410480446e+02 2.647723825975239720e+02
2.536374912100375525e+02 2.539536703150174048e+02 2.519614168018914881e+02 2.541817356056062351e+02
2.514014258472853953e+02 2.518352921183729336e+02 2.508878193697150323e+02 2.519359750924682260e+02
2.498282829422223870e+02 2.502782030039258530e+02 2.495617937702332654e+02 2.502687579129806466e+02
2.521201069090258500e+02 2.530247686132688330e+02 2.516868446569576179e+02 2.529065998195185614e+02
2.865179186886957154e+02 2.873118938531239337e+02 2.837584105192499351e+02 2.864389566915523915e+02
2.503392717213751837e+02 2.507624438668890434e+02 2.495226233122065480e+02 2.509007553775445842e+02
2.516749719731514290e+02 2.515473488113620419e+02 2.511355714485293618e+02 2.522215549899196958e+02
2.620273648531689901e+02 2.620540543013177626e+02 2.598269108063050794e+02 2.624267214730737692e+02
2.496691740417446965e+02 2.503149300549651457e+02 2.493076722126039897e+02 2.504777017046232004e+02
2.481852492621587203e+02 2.477256204001203628e+02 2.474618302034209592e+02 2.478061875559158125e+02
2.729561667853408267e+02 2.736426660962837900e+02 2.706738239756328994e+02 2.737909723186180031e+02
2.531688632765929299e+02 2.530501324109744985e+02 2.522128631041867948e+02 2.534834396360473079e+02
2.492161916153796142e+02 2.495978830547982170e+02 2.490098784946326589e+02 2.501378298820920634e+02
2.479103268185079969e+02 2.482233053127339701e+02 2.474923083826896288e+02 2.484543126745658697e+02
2.595247201795843921e+02 2.601903335024014723e+02 2.582454086275806731e+02 2.602767750529815771e+02
2.532294876174272247e+02 2.529458028878335369e+02 2.520352409628409021e+02 2.534180618717392974e+02
2.534850409215579248e+02 2.537320258352318376e+02 2.522037374952530513e+02 2.541184134679567705e+02
2.512835308271936867e+02 2.516946984846856026e+02 2.508905960017036136e+02 2.517284502605411660e+02
2.505511283895729377e+02 2.509126205635502060e+02 2.498909186648969012e+02 2.510577119206074599e+02
2.864516149354340087e+02 2.880323997242502969e+02 2.852846498986168058e+02 2.875090869653241725e+02
2.523961186834880550e+02 2.524869671600635286e+02 2.517695287905406474e+02 2.528709003313281585e+02
2.575252494959639193e+02 2.578858295964950571e+02 2.560888396880579876e+02 2.584748651407513762e+02
2.531897591137745849e+02 2.530816171883559491e+02 2.518221800830968391e+02 2.533668639780311480e+02
2.602088297965372590e+02 2.594345843048087090e+02 2.574479042096672856e+02 2.604545620753781350e+02
2.532987981607597874e+02 2.532836095457666374e+02 2.527989439443135211e+02 2.540888319055874831e+02
2.526289671992703632e+02 2.527294778967291791e+02 2.520294192018213550e+02 2.537425333969710834e+02
2.641187303577316356e+02 2.637441491326973733e+02 2.619602838002476801e+02 2.645171024692306787e+02
2.490151067629495572e+02 2.488111524732565556e+02 2.487539776625764318e+02 2.492014535490066010e+02
2.482486361046275363e+02 2.485629633113532009e+02 2.475763420430905342e+02 2.488504502393501241e+02
2.686634759040894096e+02 2.699364343384757490e+02 2.672211045300151113e+02 2.704479318682343774e+02
2.549497166936093890e+02 2.561852846681923097e+02 2.536815549056431962e+02 2.560731255803021327e+02
2.562421024233516960e+02 2.564078059330906854e+02 2.549435851602465277e+02 2.569572673820619002e+02
2.475663718140652634e+02 2.477650125451181964e+02 2.472963052659544019e+02 2.481313361012518612e+02
2.480649636173818635e+02 2.484177745375062045e+02 2.480682342095995523e+02 2.486193595476259475e+02
2.716634760188705400e+02 2.726868412130985462e+02 2.694082462035968319e+02 2.735212089866688530e+02
2.645133993576907869e+02 2.643717114705946187e+02 2.627589590289343278e+02 2.655272511419176453e+02
2.627209610467890002e+02 2.628643350925879076e+02 2.611545086310172223e+02 2.635162430893169585e+02
2.803130842651016223e+02 2.801891057149762787e+02 2.786429572813423761e+02 2.807347571029314395e+02
2.504477382244932073e+02 2.507390429261020017e+02 2.494531301546226132e+02 2.511578251813615168e+02
2.557726947972445259e+02 2.559585196267653942e+02 2.543332414011136393e+02 2.563538986485375517e+02
2.524586518677272409e+02 2.523776552899181524e+02 2.505066687215598904e+02 2.525179129877939204e+02
2.648064548220306733e+02 2.652181908447660135e+02 2.625086809277016187e+02 2.650756449006024695e+02
2.734986703801184262e+02 2.750042609111488332e+02 2.725914653329967905e+02 2.751651903695553756e+02
2.485087872757265188e+02 2.486820658964221025e+02 2.481313783247888125e+02 2.487770270950563827e+02
2.697674514027908117e+02 2.690485117316012520e+02 2.666023359201631706e+02 2.692737493223842193e+02
2.590757222798682733e+02 2.594399173851494425e+02 2.576175806631298997e+02 2.607685440890820132e+02
2.501367316707859061e+02 2.498414177629421431e+02 2.493040825684934987e+02 2.500243072428046673e+02
2.560903285673887808e+02 2.564573227758128837e+02 2.544075638296522470e+02 2.567625397235806872e+02
2.466385920766142021e+02 2.466310445421535462e+02 2.457045392216884352e+02 2.473559641241213285e+02
2.521347406029913145e+02 2.519686103124383010e+02 2.515039718185281572e+02 2.522485415184486328e+02
2.781683485076409852e+02 2.784078369186236159e+02 2.754194951670669980e+02 2.777206527696204716e+02
2.517077343259146858e+02 2.521638976872774265e+02 2.518108834937891061e+02 2.524452949335411063e+02
2.521846986373276422e+02 2.521893949789455860e+02 2.512340010529327685e+02 2.523406118836179246e+02
2.498184253074646790e+02 2.500936957994986187e+02 2.493364831721621044e+02 2.504471101064697791e+02
2.605904657037030461e+02 2.602573081163200186e+02 2.587992195815118635e+02 2.613288225158216278e+02
2.497929051624286387e+02 2.498183900230043832e+02 2.495557721180838087e+02 2.501297067562688596e+02
2.566483959667129966e+02 2.563463582112942163e+02 2.553808270929940534e+02 2.569837891122827500e+02
2.514418808545307229e+02 2.511798823900629429e+02 2.506882461598575276e+02 2.517060567861263110e+02
2.578977573667912679e+02 2.583666254261884205e+02 2.567212885114548158e+02 2.579412243177508799e+02
2.510781137945400872e+02 2.510133270326089132e+02 2.508864603837416780e+02 2.515008894181065386e+02
2.494681283783290837e+02 2.491820303289207743e+02 2.487644632311556450e+02 2.495171994426642357e+02
2.505496016453829782e+02 2.509590054096893823e+02 2.500041579757316015e+02 2.514359146606792876e+02
2.974464745314019751e+02 2.979114003999351326e+02 2.962344736754197356e+02 2.961302369666157688e+02
2.564540687510879025e+02 2.564508050292465668e+02 2.552285812019744071e+02 2.570934829934972754e+02
2.510838413061836434e+02 2.519109055836957225e+02 2.500071659114491638e+02 2.516194749902857950e+02
2.546507255120466766e+02 2.548934788586356888e+02 2.538448841433431085e+02 2.546076756601600550e+02
2.801014416462829786e+02 2.808303920530522646e+02 2.773345538985440726e+02 2.802109019335621269e+02
2.690320711203040673e+02 2.696602105053962077e+02 2.667531427191510147e+02 2.704886174261164911e+02
2.792233690799708938e+02 2.797987222774795555e+02 2.767073864212974854e+02 2.795402960644615860e+02
2.697060250449679870e+02 2.706146013840793216e+02 2.668754413387293312e+02 2.710812851984825329e+02
2.473645880867800884e+02 2.475863846333835170e+02 2.465991184244553835e+02 2.477321020750511309e+02
2.494856090324516629e+02 2.496594432635182272e+02 2.488733372750891704e+02 2.499727744614627056e+02
2.868584033451060122e+02 2.868342833686349422e+02 2.840929849963110314e+02 2.862394710788186103e+02
2.521557597817211445e+02 2.519147775159332809e+02 2.513021042516120076e+02 2.523442812188295648e+02
2.765976132910349179e+02 2.776656778655441258e+02 2.731466181635359476e+02 2.766487304026141487e+02
2.761572040035188138e+02 2.757471192830626023e+02 2.713395249837849406e+02 2.749573199872756959e+02
2.686353960745596510e+02 2.684858374560356538e+02 2.655214675107167750e+02 2.680709215701127732e+02
2.475867977590650924e+02 2.470768491286204949e+02 2.466550303154131996e+02 2.477831321802233617e+02
2.489387399592036729e+02 2.495794536260778216e+02 2.485434820736374775e+02 2.491781001258986521e+02
2.611864788509930122e+02 2.621058206940988384e+02 2.597030943416799573e+02 2.623286222326442498e+02
2.531259705259018631e+02 2.531959344839213202e+02 2.520814658861507382e+02 2.532018736662683125e+02
2.590702818605395237e+02 2.587087065989043708e+02 2.571147407332606463e+02 2.598860952965581532e+02
2.520303749328861329e+02 2.526474216655628027e+02 2.512576908012721049e+02 2.530017872434951869e+02
2.749117577165422972e+02 2.769750949665529447e+02 2.725491493164464600e+02 2.765191443952995201e+02
2.588913470698939250e+02 2.595653446778862872e+02 2.581998477570418231e+02 2.594962230375617764e+02
2.460365189815395865e+02 2.464017158051257184e+02 2.459322381509801403e+02 2.466598147124906859e+02
2.671247114475813760e+02 2.685969587177767721e+02 2.650945854446017051e+02 2.675438711995466292e+02
2.824901823304049913e+02 2.830787776639095910e+02 2.809715616106697667e+02 2.830038702458867874e+02
2.632063155479775673e+02 2.630389280556938161e+02 2.621346364916714720e+02 2.637368836822076901e+02
2.519442073267860280e+02 2.521477120362247604e+02 2.510360511049674699e+02 2.526136771761320006e+02
2.480975215773662228e+02 2.479451891671108115e+02 2.473554726415372613e+02 2.488780157368464074e+02
2.508517092895779399e+02 2.508925314828903481e+02 2.510026340702593188e+02 2.511158201255958602e+02
2.616421187334368028e+02 2.620252415071893211e+02 2.603158868979793965e+02 2.623878280656307993e+02
2.687735042163336630e+02 2.693664463146514549e+02 2.659324417323890657e+02 2.689034701279445585e+02
2.594697866841935934e+02 2.602034389683152540e+02 2.583349697064680299e+02 2.605986372495797809e+02
2.495899219409648992e+02 2.500847111384026960e+02 2.491123266998964709e+02 2.499505259395649546e+02
2.733592766439067532e+02 2.746372455222786471e+02 2.719841427239081213e+02 2.746032964666697467e+02
2.795510274990870698e+02 2.807491681318877568e+02 2.782407975972182612e+02 2.803980964640753086e+02
2.582408075388229918e+02 2.589894634548765566e+02 2.566456529795234474e+02 2.594914431177334109e+02
2.788068074720845857e+02 2.790751968910865344e+02 2.767338198018989601e+02 2.786096218644246392e+02
2.546414273275882181e+02 2.547390454168200051e+02 2.534963814635523818e+02 2.555834185189757193e+02
2.748741304176897415e+02 2.762537003256601338e+02 2.742250255835378425e+02 2.755291064861918358e+02
2.501982085243186873e+02 2.499445946931164713e+02 2.495085943807403623e+02 2.500932678600145209e+02
2.470431584741222650e+02 2.473202892110561777e+02 2.465553934683750583e+02 2.477140368733091691e+02
2.504412086782863582e+02 2.507838907773310950e+02 2.497566015575807512e+02 2.516464479026909657e+02
2.798405834223936495e+02 2.794346869823421002e+02 2.778367766215096708e+02 2.795663989115283812e+02
2.518370718422843879e+02 2.527407536321661894e+02 2.514986479832372481e+02 2.533584910780881216e+02
2.581919336292876324e+02 2.591700536533981563e+02 2.567142842882098535e+02 2.588520317062245226e+02
2.679053598154354745e+02 2.678493519153723810e+02 2.661155195847697996e+02 2.681353433536322086e+02
2.477745021325295340e+02 2.474193193715686618e+02 2.471883684320631858e+02 2.487537155633116299e+02
2.625054739300666142e+02 2.630142337486272481e+02 2.603143747915315203e+02 2.639404995711352626e+02
2.509273870777171282e+02 2.506939185377925128e+02 2.497080638364606671e+02 2.509149565128334416e+02
2.572387059238253642e+02 2.574603937248277816e+02 2.559832402546248602e+02 2.572988852325299263e+02
2.696911285339687083e+02 2.700998224159451979e+02 2.672136039486431969e+02 2.699454129204073638e+02
2.504937564403678607e+02 2.503036380144760642e+02 2.499435369653164116e+02 2.505968521789136503e+02
2.556514093102044853e+02 2.558012527208801146e+02 2.543283008949966302e+02 2.567502866902126470e+02
2.730104858493381812e+02 2.747951320582222365e+02 2.717649435635760824e+02 2.740612655896726437e+02
2.512905435155790599e+02 2.518951745418685562e+02 2.502230943858254761e+02 2.518757060470244937e+02
2.899499516621959287e+02 2.906278198197622373e+02 2.870901718155282083e+02 2.902745093789407633e+02
2.535471780387533443e+02 2.537399321972036148e+02 2.521985886603027893e+02 2.535974239530802379e+02
2.613677714778983727e+02 2.615523357603277077e+02 2.590082652550353259e+02 2.614398169760154929e+02
2.478885916819328656e+02 2.481683808661142052e+02 2.474539831594851478e+02 2.487657694326964304e+02
2.733727260602157116e+02 2.732799156439756985e+02 2.690788955551315098e+02 2.733473111623508203e+02
2.587946873488368169e+02 2.593529252660838438e+02 2.575765822882066800e+02 2.596988828777919025e+02
2.522164819972419139e+02 2.521296841844986147e+02 2.519140261550984405e+02 2.527280818747565547e+02
2.769352994350043105e+02 2.764980897877512689e+02 2.752381410796555770e+02 2.774054370055326899e+02
2.547656330419664528e+02 2.555058939681769630e+02 2.539374713543389817e+02 2.549326102111387513e+02
2.493946701979928378e+02 2.495926442595572325e+02 2.492755167708529598e+02 2.498063924224923937e+02
2.543045344621441757e+02 2.546089801020043240e+02 2.530058233499055973e+02 2.550017026503068678e+02
2.501857966607962283e+02 2.495849098328272646e+02 2.492319591299420267e+02 2.503024519200807561e+02
2.947883560695587448e+02 2.960197914837743838e+02 2.948817943453302632e+02 2.944162637179018702e+02
2.625634495369176875e+02 2.621292857054162937e+02 2.605015625083282202e+02 2.630038285974511041e+02
2.513444072969098215e+02 2.512464671904180591e+02 2.514754442209284946e+02 2.515109315392925282e+02
2.523314821671637560e+02 2.528513246213396712e+02 2.526733913786836183e+02 2.528919184251519141e+02
2.549749650448206921e+02 2.554827767279715545e+02 2.542974086257057138e+02 2.557228776193638566e+02
2.720233544906729435e+02 2.729841494233240837e+02 2.692844188720084730e+02 2.726622002786219241e+02
2.540398427813121600e+02 2.537783003845143810e+02 2.532825933926085611e+02 2.541594754775264562e+02
2.543590520927934904e+02 2.544968758437457268e+02 2.527595534488361864e+02 2.545458657898973627e+02
2.489703375209901424e+02 2.493305406514614901e+02 2.487667852181905914e+02 2.493541508073417106e+02
2.662267626854331297e+02 2.675699968239771351e+02 2.642449740629224380e+02 2.676681286814190912e+02
2.739128593606999402e+02 2.749046928404821415e+02 2.715646360283614626e+02 2.744967585817082636e+02
2.561924582344736336e+02 2.566545206813696041e+02 2.553493904574732767e+02 2.572869166725628247e+02
2.462080601530520596e+02 2.461230880556429668e+02 2.453664704654821662e+02 2.464913887199155056e+02
2.536534170712505443e+02 2.540724036579724441e+02 2.526743428710063881e+02 2.541391774491842739e+02
2.673384903346785109e+02 2.676268031679222759e+02 2.638282546433046036e+02 2.674425719292501640e+02
2.691283568337272527e+02 2.703258792299367315e+02 2.672612755928475963e+02 2.696980336826203484e+02
2.549073475479841022e+02 2.543335682528149846e+02 2.539870479994103505e+02 2.547657124967023208e+02
2.523969739456519221e+02 2.523263118325347136e+02 2.516972218127266672e+02 2.529753564808853810e+02
2.560669268692138303e+02 2.563874421566445108e+02 2.550119155074748107e+02 2.567006104025939521e+02
2.622726938349039187e+02 2.619378720343065083e+02 2.594603916940111503e+02 2.625195123433828712e+02
2.542310368148405360e+02 2.548442106441813166e+02 2.532063419578586831e+02 2.551885270164321753e+02
2.504239039557432420e+02 2.506124418734174810e+02 2.497332883304733855e+02 2.509063143694317546e+02
2.490568261695705417e+02 2.494134962166259868e+02 2.484912041285216446e+02 2.494831597369829410e+02
2.488904983538187707e+02 2.492464466536839893e+02 2.489359922649342138e+02 2.494815133669770262e+02
2.496837883023326015e+02 2.496394767367471275e+02 2.492104798234164775e+02 2.499015964110808454e+02
2.477243785811292867e+02 2.478259169348797570e+02 2.469597459195087481e+02 2.483956814268269682e+02
2.490061532861979856e+02 2.487609379662115998e+02 2.484289383372470752e+02 2.489600786768596947e+02
2.713456696201957357e+02 2.730156944878599461e+02 2.700233183119831324e+02 2.714510469277121842e+02
2.553717507600521230e+02 2.563905442973414779e+02 2.548068515248674828e+02 2.568526296388725427e+02
2.697098583292519152e+02 2.716463529501124867e+02 2.679020709956022870e+02 2.713708810310299100e+02
2.530475175016852631e+02 2.531838246409558622e+02 2.524141627311522598e+02 2.544358815474952848e+02
2.734976654786199788e+02 2.740948179657217452e+02 2.694921308533392903e+02 2.729767699794739428e+02
2.539959072383990417e+02 2.540269435261289175e+02 2.530384324119166308e+02 2.541062611650963845e+02
2.477566093459207082e+02 2.484054905147629881e+02 2.476935213284949100e+02 2.484734636283837972e+02
2.991466223935383937e+02 2.988469336871060591e+02 2.982169739501617869e+02 2.976613194384146936e+02
2.539735478224795884e+02 2.538876458401993830e+02 2.526227489792257757e+02 2.540712861883174583e+02
2.469030874797192610e+02 2.472453266769844333e+02 2.467629552138344309e+02 2.473101942700796485e+02
2.492528140344721237e+02 2.492978821366004070e+02 2.488888555356297445e+02 2.496140902058136817e+02
2.655382488327804822e+02 2.658667793189864028e+02 2.636466193245697127e+02 2.666137630327485795e+02
2.537226395659865830e+02 2.539780370864814927e+02 2.531685449270174502e+02 2.545265752999239055e+02
2.508922646485426640e+02 2.510223446089121637e+02 2.504768925889757156e+02 2.514164383530501539e+02
2.534656155470694330e+02 2.533196648126228752e+02 2.526851318501275898e+02 2.541887558801406328e+02
2.495114292330312651e+02 2.496468756622908813e+02 2.490458518166659871e+02 2.499168024280729412e+02
2.560349360778619143e+02 2.563012185114098429e+02 2.545293583233346908e+02 2.560152105271043865e+02
2.494220207770806041e+02 2.494633116320821671e+02 2.489251729984624717e+02 2.502828664024889349e+02
2.612767852306071745e+02 2.620069908210054450e+02 2.597309110680080835e+02 2.620520003130826012e+02
2.562103656068176747e+02 2.561076908328471973e+02 2.546889817306106920e+02 2.568655515447844664e+02
2.497452609560606049e+02 2.502352140436487105e+02 2.497567431930482940e+02 2.503072883399368891e+02
2.791853466306916403e+02 2.801922229113508820e+02 2.764745152240802213e+02 2.801001238584179305e+02
2.474909161612564503e+02 2.477926069453000650e+02 2.473463298523147671e+02 2.481007903346776970e+02
2.502245078479394067e+02 2.497465199264202909e+02 2.491251249941166179e+02 2.502278624049720293e+02
2.618034452551394224e+02 2.626894790879771335e+02 2.602594043148111496e+02 2.622552729533880438e+02
2.499260484980665638e+02 2.498344698241188837e+02 2.492617015204161817e+02 2.502322377906743043e+02
2.569271581876885762e+02 2.568105058274707631e+02 2.551845613908689359e+02 2.570638439326317553e+02
2.616783221684637510e+02 2.618534911474334876e+02 2.602175111862114818e+02 2.622826869828052168e+02
2.516311901730082070e+02 2.513932182075210449e+02 2.515471984383739539e+02 2.515334423476260497e+02
2.546825475683585580e+02 2.548852049334935543e+02 2.540326444737227973e+02 2.555755553736089780e+02
2.525716456691066583e+02 2.527547260100655251e+02 2.520054667055059667e+02 2.524563582626034304e+02
2.509479196756663271e+02 2.511471669332838133e+02 2.505448974009406982e+02 2.513265553215510693e+02
2.569704393682717409e+02 2.569125708188054773e+02 2.560325577673345947e+02 2.570816089140552094e+02
2.492714299932264908e+02 2.496040583619979145e+02 2.495515273419500204e+02 2.499766133811775433e+02
2.506213200545286952e+02 2.505336552503101473e+02 2.501637118309434413e+02 2.511207793121940597e+02
2.711734085742914431e+02 2.714700171211578663e+02 2.685245664310949110e+02 2.729138041343044847e+02
2.563883557522538013e+02 2.573739694550049535e+02 2.554330158743277366e+02 2.573911741615547726e+02
2.654371348125845316e+02 2.664334856888636978e+02 2.633205879235615612e+02 2.663731986493990576e+02
2.515581761189241377e+02 2.516143699771651825e+02 2.511511272725666117e+02 2.521892611725489814e+02
2.480659050652257633e+02 2.481467067145366912e+02 2.477003616914575161e+02 2.484861793709904703e+02
2.669338574766958345e+02 2.672842418589432327e+02 2.656417233235839035e+02 2.679483326628501345e+02
2.932259890753197737e+02 2.928782447241468958e+02 2.915371371874752526e+02 2.916820941983071407e+02
2.826924654690453167e+02 2.834398002726835557e+02 2.805864679252827614e+02 2.827216140281125831e+02
2.610197940380015780e+02 2.615874787084695754e+02 2.594470584665551200e+02 2.615633472532881569e+02
2.897545345528794201e+02 2.895319886984268010e+02 2.880191463075043998e+02 2.902144696647386581e+02
2.578247365271477634e+02 2.580073999003699328e+02 2.556781732501807483e+02 2.581289379132878139e+02
2.908078066571209774e+02 2.908368524542320301e+02 2.894729998677808567e+02 2.907305663827625608e+02
2.714545237975932537e+02 2.721665741960571268e+02 2.703927780265247520e+02 2.726032275279870873e+02
2.736604249918980827e+02 2.747010387830488867e+02 2.712114785996800492e+02 2.742351165186992716e+02
2.508567561892450328e+02 2.508868306829572532e+02 2.499129612953419723e+02 2.515668693745535052e+02
2.555071135843646744e+02 2.560494373670956065e+02 2.543204921917144645e+02 2.560334141774370096e+02
2.510478975924576730e+02 2.511860598061915653e+02 2.506623488508774642e+02 2.507902399022073325e+02
2.471918971403300986e+02 2.476890932558227689e+02 2.470095478960987805e+02 2.477517315605278156e+02
2.467948068873769500e+02 2.465826455737425249e+02 2.461355764111725364e+02 2.466656356659572680e+02
2.620986770381412043e+02 2.623614076769781605e+02 2.598296777671541236e+02 2.633422629514921596e+02
2.642583449549020997e+02 2.644637674301086463e+02 2.621447075988046436e+02 2.646824124218983343e+02
2.529702049738124572e+02 2.528333359609354147e+02 2.508809351566532087e+02 2.531312603227354714e+02
2.536358914516517018e+02 2.535623151280889545e+02 2.520513665070335492e+02 2.546274917165271745e+02
2.518632481071803397e+02 2.522561753331169712e+02 2.523190597058598144e+02 2.527188670711173586e+02
2.513161683633987877e+02 2.516915763797162242e+02 2.506040262966480441e+02 2.519925132720339036e+02
2.517553791857750127e+02 2.520788041683632628e+02 2.504615679397403767e+02 2.519594334136225484e+02
2.542342603622470563e+02 2.544796268550393847e+02 2.532727874208318610e+02 2.544591127649109694e+02
2.530046665721510237e+02 2.531978608173127157e+02 2.521045521670459664e+02 2.531945008327923574e+02
2.769291654175129906e+02 2.786415276374119117e+02 2.744682339528915804e+02 2.778245604437224756e+02
2.611825374343065391e+02 2.611705092384933096e+02 2.597016276730182653e+02 2.621145883520175630e+02
2.577318114223756993e+02 2.578432356251433362e+02 2.562248385975913152e+02 2.592212747365173868e+02
2.794130193385221332e+02 2.781267030245293199e+02 2.754553049929045301e+02 2.795678818284198996e+02
2.509508523150796293e+02 2.513956599379644956e+02 2.505757695509783787e+02 2.512962384266575668e+02
2.900953387217770114e+02 2.896920101708396942e+02 2.876009120317818315e+02 2.892115231202711811e+02
2.606433853022190874e+02 2.612349877365277280e+02 2.589013537518010253e+02 2.613014372853302802e+02
2.514457069622674794e+02 2.517744532104255768e+02 2.506392552173959984e+02 2.518259565160372802e+02
2.924618376891972957e+02 2.922424985017958647e+02 2.895744192037453786e+02 2.908779470685832962e+02
2.521293835892959123e+02 2.522688223278406667e+02 2.521324489061825602e+02 2.524100124238158571e+02
2.500385596282262668e+02 2.503581553975240013e+02 2.496478040566951790e+02 2.505557319353163734e+02
2.730165917971100953e+02 2.726105102478465483e+02 2.701541940568989162e+02 2.731407673612558256e+02
2.831562534671080016e+02 2.833489528839752438e+02 2.802515632026048138e+02 2.821764575337143697e+02
2.926425675076550874e+02 2.913416926800982196e+02 2.914118467328594875e+02 2.927975682517558198e+02
2.639418944106034814e+02 2.647071927589426537e+02 2.620027282406641689e+02 2.661349990917895525e+02
2.514940735770244657e+02 2.517670654609712813e+02 2.505046794648036439e+02 2.520082559284985280e+02
2.471312425056131019e+02 2.473969310790207885e+02 2.467381410004645943e+02 2.474025998081689863e+02
2.613085567557430977e+02 2.623135154223351719e+02 2.597302318016843969e+02 2.624945327616989061e+02
2.596042541572877553e+02 2.594806397754081217e+02 2.577814070348690052e+02 2.609381736118837125e+02
2.542532483673707020e+02 2.540911412837169792e+02 2.530747512086636277e+02 2.543714224155982038e+02
2.552044954357827180e+02 2.554510338325644057e+02 2.537853348641775995e+02 2.557465422045581818e+02
2.603983185841635191e+02 2.602855276984432749e+02 2.589969595153136197e+02 2.607783860751603129e+02
2.505386129684302148e+02 2.506882530714730990e+02 2.494813255252892645e+02 2.510285408620912619e+02
2.490656289974841116e+02 2.493802550658493260e+02 2.485557588746523550e+02 2.497093157988924759e+02
2.518482789767821828e+02 2.522488529032951021e+02 2.511402659232107908e+02 2.525524784843389057e+02
2.727447956064881396e+02 2.736984648485978937e+02 2.710668214349889809e+02 2.733434149606835604e+02
2.572499950679724066e+02 2.577360295807465036e+02 2.551037071885278920e+02 2.583263333601249201e+02
2.705430393135304143e+02 2.710123236060970839e+02 2.683674549331214507e+02 2.717457926066621781e+02
2.509866631286959091e+02 2.504863520944087441e+02 2.496470956633302194e+02 2.511147422795103807e+02
2.501294716740194417e+02 2.501717363721872118e+02 2.496891403323960787e+02 2.504566057971771329e+02
2.833395991274424546e+02 2.834338268471761921e+02 2.820583501968234259e+02 2.839656112399646872e+02
2.482993794701971240e+02 2.475033277887520740e+02 2.471123187490560156e+02 2.479669078933815740e+02
2.557419913519130432e+02 2.559692578101604852e+02 2.547567355543356769e+02 2.563242338760423422e+02
2.603237689332819969e+02 2.614035474358050237e+02 2.584064104339830124e+02 2.612736517779743508e+02
2.494287444653332386e+02 2.493249097462256714e+02 2.487764466103118650e+02 2.493638686845321786e+02
2.492205980383275801e+02 2.490426817719765609e+02 2.488436412528182871e+02 2.495112848878058571e+02
2.655794835550135531e+02 2.657565614672758443e+02 2.631357346037074194e+02 2.655705720809575610e+02
2.842896174054369567e+02 2.845613026247200423e+02 2.829456418575703083e+02 2.850094211580768047e+02
2.519359246740175422e+02 2.519982676639414194e+02 2.516750816031153875e+02 2.524412565178492116e+02
2.503440856398750327e+02 2.502977588883161388e+02 2.493541551912773855e+02 2.505338466030132167e+02
2.577244413235074489e+02 2.586439028800941173e+02 2.571624738290655046e+02 2.584081833244816266e+02
2.520832288029106394e+02 2.521242033507723761e+02 2.512767280882274008e+02 2.526962189523192137e+02
2.758472921788640519e+02 2.767492426416144440e+02 2.734645268286972168e+02 2.755063660765121085e+02
2.508408000050968099e+02 2.507789457491186909e+02 2.503675733098081082e+02 2.513931212518376981e+02
2.493579158441460777e+02 2.495760377008712680e+02 2.487655115337767029e+02 2.496668689376533052e+02
2.475350699026604673e+02 2.479127909366445124e+02 2.471137086328425880e+02 2.481158179894654268e+02
2.626865013907536763e+02 2.624043027868631839e+02 2.599819434185821478e+02 2.627510579842669927e+02
2.503436239160060381e+02 2.506425054939404617e+02 2.498043166186228632e+02 2.507202263738667227e+02
2.518528624756056331e+02 2.520084215175358509e+02 2.513123631725540008e+02 2.526036694373451894e+02
2.499009390550831995e+02 2.499313020582146976e+02 2.496721564465351264e+02 2.504067037619761038e+02
2.889240304244784170e+02 2.894125851981751225e+02 2.869368050692361862e+02 2.876244664637833921e+02
2.839827681433145017e+02 2.847777452745964410e+02 2.804936030575773316e+02 2.836976596538167996e+02
2.519775772185437006e+02 2.517713517351614883e+02 2.509986134106684688e+02 2.520373089270741787e+02
2.527085503315985306e+02 2.532523306510733505e+02 2.521353707020662398e+02 2.541470765125027924e+02
2.618208595142747868e+02 2.619898492297369330e+02 2.599054374761083750e+02 2.623812074513937205e+02
2.491089902618713268e+02 2.493171056617193528e+02 2.481192781234966560e+02 2.500630793102885150e+02
2.484610887914243449e+02 2.485208376840483595e+02 2.479802866948158169e+02 2.489024666572316278e+02
2.809355426805238380e+02 2.827493069665042071e+02 2.792426799381800038e+02 2.819883900431481720e+02
2.583095197149364708e+02 2.589267047483886017e+02 2.569087972090806034e+02 2.589801168103120403e+02
2.490635654379742618e+02 2.494968059726182901e+02 2.485347389228592760e+02 2.501507261730993434e+02
2.785069962029006092e+02 2.791393579085548708e+02 2.763142005742705578e+02 2.791485932847165827e+02
2.517922042244915417e+02 2.516744078183943429e+02 2.513446570609750950e+02 2.520235787311935098e+02
2.673427991677233990e+02 2.679905890846548573e+02 2.655364605900930428e+02 2.674339360451897392e+02
2.542280369974000109e+02 2.540335207338434316e+02 2.529879767116912888e+02 2.543868483953021951e+02
2.487616737198685541e+02 2.489045811210335444e+02 2.486054530134427409e+02 2.493564074648145663e+02
2.643328605652614556e+02 2.651565089413305145e+02 2.632622897232562877e+02 2.662487744798894482e+02
2.497668046032176221e+02 2.501346138369358982e+02 2.496688565492159171e+02 2.504693442170978983e+02
2.514619620321290938e+02 2.511351360486398221e+02 2.500448556650332250e+02 2.517134214397420067e+02
2.796840093424723364e+02 2.802742447687237473e+02 2.770375918468321856e+02 2.801013543264381269e+02
2.630359441495965029e+02 2.640897939140406265e+02 2.610414768733552364e+02 2.647519116149289289e+02
2.515729338280319212e+02 2.518579963501779559e+02 2.513865271255165226e+02 2.520115527097348149e+02
2.630378508307519496e+02 2.640986091258542956e+02 2.611881329649340273e+02 2.637210569306899970e+02
2.549318826199989019e+02 2.564100898226499226e+02 2.534968621258859685e+02 2.567794931821152318e+02
2.481647441998547947e+02 2.481714339686850792e+02 2.478367134631404269e+02 2.484211996611617224e+02
2.490704720455341601e+02 2.493845628707119033e+02 2.489437607826126850e+02 2.497516174426307600e+02
2.787174520853446893e+02 2.787188136593829881e+02 2.759327855056271801e+02 2.783666111995649430e+02
2.522490594553733843e+02 2.528506599555660443e+02 2.515808243565308260e+02 2.531125383004979881e+02
2.489361514245098874e+02 2.492702176567463255e+02 2.485140642184510398e+02 2.494808036123957038e+02
2.544581986747656686e+02 2.553026398618308406e+02 2.532754126356304027e+02 2.553337767595618004e+02
2.487479209769608701e+02 2.494212928536115044e+02 2.480966444902719275e+02 2.496160506639122048e+02
2.484799830318048635e+02 2.485559351317813821e+02 2.482193847346975701e+02 2.488683811343530863e+02
2.846053198856201334e+02 2.856608870617266689e+02 2.840012363263508064e+02 2.864157017332004216e+02
2.747908717188344667e+02 2.757568046665880956e+02 2.735880007615551790e+02 2.753911764740705621e+02
2.476993875603524486e+02 2.480616103430558894e+02 2.472589796115755405e+02 2.484192709625907867e+02
2.503585045620152414e+02 2.509240661683181486e+02 2.496280742521335867e+02 2.506676447083032997e+02
2.524634850132337078e+02 2.526205489772609667e+02 2.520523210517127097e+02 2.527121225832658808e+02
2.487276119609672378e+02 2.490190412170384491e+02 2.481960777360751251e+02 2.491084453084567372e+02
2.559951601158508936e+02 2.551259744626221675e+02 2.539686953200861126e+02 2.568782546992674725e+02
2.483419896152971091e+02 2.489152162286957548e+02 2.482172188947374138e+02 2.491277927957345923e+02
2.580991592708991220e+02 2.584814080756345334e+02 2.572308167312085061e+02 2.591037450373338515e+02
2.524270696473641067e+02 2.528171286336516914e+02 2.514134639898247769e+02 2.537590256733960246e+02
2.515312095736489653e+02 2.515243264938413006e+02 2.506000975701224718e+02 2.517808454485852678e+02
2.589908198549216536e+02 2.598831595258660059e+02 2.579698968067574469e+02 2.611117877145792363e+02
2.516205967115111832e+02 2.517796572310191436e+02 2.510735158783742804e+02 2.519873547693155160e+02
2.756797905648617188e+02 2.750711195040895518e+02 2.723577280451026468e+02 2.771194916477558081e+02
2.525763356526984751e+02 2.528796643082859532e+02 2.514095971729612700e+02 2.526553196527520413e+02
2.504926943532225323e+02 2.503543229887531538e+02 2.501705507485735325e+02 2.509827931152855456e+02
2.697310293957851854e+02 2.701815714811017415e+02 2.679380622091313171e+02 2.702543137124138752e+02
2.680763044254039187e+02 2.687847979942071674e+02 2.656364372764129484e+02 2.687885561828326217e+02
2.498026959238675033e+02 2.498070813115741089e+02 2.492687413289409335e+02 2.497735794654681740e+02
2.498281586583965179e+02 2.499833716395830265e+02 2.492233849524715197e+02 2.508637519739064317e+02
2.640156426164114691e+02 2.650660366106590118e+02 2.615290924752405886e+02 2.635909626549971563e+02
2.446627647949766526e+02 2.450120865559239007e+02 2.446509203128736658e+02 2.457153863536310325e+02
2.478302416642628714e+02 2.476837736192959483e+02 2.470228679914470717e+02 2.484357967744213624e+02
2.476510407238050675e+02 2.476777815668766607e+02 2.475071001871284864e+02 2.474146778772231130e+02
2.577583807382768555e+02 2.584830265326088465e+02 2.547990214612339059e+02 2.578780228591247692e+02
2.481350033441201504e+02 2.479278543866326743e+02 2.480940792704327009e+02 2.484926001121986587e+02
2.492050989188417702e+02 2.496416574950815743e+02 2.480723001605036870e+02 2.492476262889627492e+02
2.490947373572658705e+02 2.497091387894845411e+02 2.496188267530446012e+02 2.496827049817208319e+02
2.487896155387792589e+02 2.488682923026420042e+02 2.478379102404556988e+02 2.493197064175448077e+02
2.445068414514065580e+02 2.450291488246541292e+02 2.441451401727584027e+02 2.450179816374715358e+02
2.521521617665363522e+02 2.520608061655508436e+02 2.515675350953433451e+02 2.525634074736774153e+02
2.498259180778779580e+02 2.499641667827938534e+02 2.493682332965930470e+02 2.502253888697565287e+02
2.629169805283581809e+02 2.636418448832145032e+02 2.606387660812557101e+02 2.643693664101306808e+02
2.690389949995583834e+02 2.704054776192459144e+02 2.665316877094049914e+02 2.711482832995113768e+02
2.945463684610556925e+02 2.928057815131107304e+02 2.923209478419944389e+02 2.940413511283337584e+02
2.650101450529616045e+02 2.651711845240854473e+02 2.633240485760874208e+02 2.658340462278547420e+02
2.665280836255251984e+02 2.671363141114844666e+02 2.651282550339432191e+02 2.688348616213465334e+02
2.628903601702888295e+02 2.630989871872252479e+02 2.613757584497483890e+02 2.636310206074156781e+02
2.486105964216291113e+02 2.489572174054968912e+02 2.485053243671395933e+02 2.493336793941123801e+02
2.537953824330068642e+02 2.544012025220068836e+02 2.533639976076867413e+02 2.547687244532432373e+02
2.753514257009081803e+02 2.750995342568249384e+02 2.726470356674669233e+02 2.756723715173019968e+02
2.474836765610299949e+02 2.476504206757851421e+02 2.471909825883760448e+02 2.479382531955849061e+02
2.516884255696855348e+02 2.516693091516978882e+02 2.510349007844359903e+02 2.521984358651836828e+02
2.492692495261020440e+02 2.496784725286937316e+02 2.489751325940469826e+02 2.504858542469065981e+02
2.497353153947981639e+02 2.490856777017377794e+02 2.489847745066850564e+02 2.499206148349130387e+02
2.547604242622697086e+02 2.548511208978510467e+02 2.537043148902203029e+02 2.545665951219483532e+02
2.489656462806658794e+02 2.492544553470187623e+02 2.485763336938887846e+02 2.496353184362481272e+02
2.575194918206602779e+02 2.590102499327977625e+02 2.560560847241159195e+02 2.589027801722658637e+02
2.556878727502806896e+02 2.557661443103986016e+02 2.536043292990033251e+02 2.561049108759254977e+02
2.748130230879116311e+02 2.742237511913898516e+02 2.722832836983392326e+02 2.744456114898205783e+02
2.551217404386667056e+02 2.550795013513863694e+02 2.534511353121070272e+02 2.545736882238093415e+02
2.487199970310543335e+02 2.488099962648350925e+02 2.484062512120764268e+02 2.488698488984521759e+02
2.601989354094478131e+02 2.610981910326875663e+02 2.588531183877026365e+02 2.613372723175330066e+02
2.488805616453120990e+02 2.489950974153743743e+02 2.490971029113645727e+02 2.495393837796443677e+02
2.626623277785907362e+02 2.623954937169355048e+02 2.604713044807373308e+02 2.636281061807346191e+02
2.467332485238384550e+02 2.467552307079588445e+02 2.461132442636378244e+02 2.471203447496012586e+02
2.478404571887074326e+02 2.483564070640798604e+02 2.476741765241112887e+02 2.484076467081270891e+02
2.507753308716373795e+02 2.510611048785074502e+02 2.506195149003298184e+02 2.515703820704308669e+02
2.590177454623952258e+02 2.599064547653708814e+02 2.577464674539219800e+02 2.606024200190439046e+02
2.481005371530580987e+02 2.479159580889667041e+02 2.474129852501860682e+02 2.482198560768765390e+02
2.499310648548875804e+02 2.503334200683187589e+02 2.492095714007984100e+02 2.510007138691429986e+02
2.950318068689064148e+02 2.944943877136516903e+02 2.932394950123483568e+02 2.943456470993049265e+02
2.723596583114683085e+02 2.721002215100587023e+02 2.696618853920733159e+02 2.723121038924626305e+02
2.606608176152782335e+02 2.613161890957026685e+02 2.587107845848780698e+02 2.615856705631351815e+02
2.503477146367559953e+02 2.502370502024556060e+02 2.498998617925928158e+02 2.504995506077902689e+02
2.542316178300967806e+02 2.540517534553804637e+02 2.533114524225385935e+02 2.547100261258923410e+02
2.512293303000284936e+02 2.511692800568938253e+02 2.508148224467914247e+02 2.519848619155758058e+02
2.930646995692223982e+02 2.942896253135978668e+02 2.926358138705102192e+02 2.934314536405894387e+02
2.733396735260967034e+02 2.727473858718468591e+02 2.706912744025941606e+02 2.742423694288814886e+02
2.555547835771854466e+02 2.557126568550787624e+02 2.543879565422336384e+02 2.558177311905833164e+02
2.531113874529972350e+02 2.530400592964051327e+02 2.515521556306024422e+02 2.536580014645473113e+02
2.674165461121777980e+02 2.678326226522703450e+02 2.660324074756603636e+02 2.687528702531819249e+02
2.501580676189792314e+02 2.502339505957107519e+02 2.497218892794657847e+02 2.503793845684743076e+02
2.508860249160631213e+02 2.510678206698071904e+02 2.504883175112459810e+02 2.514659191189198850e+02
2.586058480813607616e+02 2.596345159066265751e+02 2.569482692096186724e+02 2.599959476577118949e+02
2.799681740673360650e+02 2.795427168451483340e+02 2.773112319793443703e+02 2.809789872930290926e+02
